2.354610382470731858e-02
2.353653891323130229e-02
2.351744745479068463e-02
2.348890676049385923e-02
2.345103090927995806e-02
2.340397250405276339e-02
2.334791833746288278e-02
2.328309235115834722e-02
2.320974919139914133e-02
2.312817841804288427e-02
2.303869601464400216e-02
2.294164990874804008e-02
2.283740951681583267e-02
2.272637264900085469e-02
2.260895318042350013e-02
2.248558942135345934e-02
2.235673001249134303e-02
2.222284384515992722e-02
2.208440427913792997e-02
2.194190069715272126e-02
2.179582113955530823e-02
2.164666557348789155e-02
2.149492702970432975e-02
2.134110665986083816e-02
2.118569344773481994e-02
2.102918111897478237e-02
2.087204648269403578e-02
2.071476824764363275e-02
2.055780403160658437e-02
2.040161112730904530e-02
2.024662219719705267e-02
2.009326802242787646e-02
1.994195188039591532e-02
1.979307430172231458e-02
1.964700610813230330e-02
1.950411519620056169e-02
1.936473819452012163e-02
1.922920928962931070e-02
1.909783044430684446e-02
1.897090228096894732e-02
1.884869278764143494e-02
1.873147027736270578e-02
1.861947049498303627e-02
1.851293167777370158e-02
1.841205996457954269e-02
1.831706659283755326e-02
1.822813150150784725e-02
1.814544271288130034e-02
1.806915801179579881e-02
1.799944657677060578e-02
1.793644860986714704e-02
1.788031930066654243e-02
1.783118627332408099e-02
1.778919598860524698e-02
1.775446886680358619e-02
1.772714825747918194e-02
1.770735308859188589e-02
1.769522956092907384e-02
1.769090116474885885e-02
1.769452328652055401e-02
1.770623042439660108e-02
1.772619392945693970e-02
1.775456624036763839e-02
1.779154202080120151e-02
1.783729922182287694e-02
1.789206392293443693e-02
1.795604801843770498e-02
1.802951812357521041e-02
1.811272966907853318e-02
1.820600029888236673e-02
1.830964014653889416e-02
1.842403023076452304e-02
1.854954868047873490e-02
1.868665473437713248e-02
1.883581068141700066e-02
1.899757219841268288e-02
1.917250578528592944e-02
1.936128634162194093e-02
1.956460990976514880e-02
1.978329961418060640e-02
2.001821359490306429e-02
2.027036073809868402e-02
2.054080381123676857e-02
2.083078683959181665e-02
2.114163368261677903e-02
2.147488952359053599e-02
2.183221552187130168e-02
2.221554778741360522e-02
2.262698942361197896e-02
2.306899173408121645e-02
2.354424614399861296e-02
2.405589454347651507e-02
2.460742561467332834e-02
2.520292469728146675e-02
2.584698261639824940e-02
2.654500119192895399e-02
2.730312886622579538e-02
2.812864742097220816e-02
2.902995909156575946e-02
3.001709488540948295e-02
3.110179354852663641e-02
3.229819218239987633e-02
3.362305573361092786e-02
3.509672968166749341e-02
3.674358599806563930e-02
3.859331367533690854e-02
4.068161123678931679e-02
4.305182453720376307e-02
4.575579469113871811e-02
4.885569217848326901e-02
5.242471339202622871e-02
5.654873682949994318e-02
6.132632281354420678e-02
6.686963341469280564e-02
7.330301312229592359e-02
8.076248664400252630e-02
8.939197867024113731e-02
9.934043329066449823e-02
1.107542750428229944e-01
1.237707582272704054e-01
1.385045974913497180e-01
1.550344266997247811e-01
1.733741888022398148e-01
1.934240405312396271e-01
2.148440724336732888e-01
2.367918567093782733e-01
2.575342040111938124e-01
2.745607275325015473e-01
2.861024462310208238e-01
2.926180714262675009e-01
2.958635877475443987e-01
2.973159188627143568e-01
2.976897348879922744e-01
2.967277990442085400e-01
2.901715668537327431e-01
2.513983128531435129e-01
1.702116064203318124e-01
9.831165174214727409e-02
5.243132867005503156e-02
2.787189315046170388e-02
1.580748308050054785e-02
1.002018908802112217e-02
7.215009705640445907e-03
5.827308831140554611e-03
5.132941432355419067e-03
4.788947406705127037e-03
4.626058260193254695e-03
4.557445147370341870e-03
4.537800000898794747e-03
4.543395050240286309e-03
4.562059373869222292e-03
4.587625611790171164e-03
4.617124577686084093e-03
4.649119042054040973e-03
4.682999949130733398e-03
4.718481055135444018e-03
4.755493644296222670e-03
4.794003921997610010e-03
4.834054987569541724e-03
4.875666690670177154e-03
4.918905487618600338e-03
4.963806197038184674e-03
5.010442987665820157e-03
5.058859235792420063e-03
5.109134942582123882e-03
5.161321471913262772e-03
5.215505131514544535e-03
5.271745741439315749e-03
5.330136811115368523e-03
5.390747354682391516e-03
5.453679124165294705e-03
5.519011234054024308e-03
5.586854848837637805e-03
5.657300259232841445e-03
5.730469362021388749e-03
5.806464888573345008e-03
5.885420966190665383e-03
5.967454245464937079e-03
6.052712793723102891e-03
6.141328904874461536e-03
6.233466544938781606e-03
6.329275658531165888e-03
6.428938362128343298e-03
6.532624586774233265e-03
6.640537195443966742e-03
6.752868823089182293e-03
6.869846079249227605e-03
6.991687465086964502e-03
7.118646810554934111e-03
7.250972164280557533e-03
7.388948605566070596e-03
7.532858017383245799e-03
7.683021406814787534e-03
7.839759484384116114e-03
8.003434621820414846e-03
8.174412172715495375e-03
8.353102193286394972e-03
8.539921449984498245e-03
8.735335026729591085e-03
8.939818974443588737e-03
9.153901926337642755e-03
9.378128351940611535e-03
9.613100299392669801e-03
9.859441221449292969e-03
1.011783795877773361e-02
1.038900510595990728e-02
1.067372734000882235e-02
1.097282428777266762e-02
1.128719328537656705e-02
1.161777469010363308e-02
1.196559512312992714e-02
1.233173313173493296e-02
1.271736291011129824e-02
1.312372015040583553e-02
1.355214614013914437e-02
1.400405352590343433e-02
1.448097052925027307e-02
1.498450615899140498e-02
1.551639403807324007e-02
1.607845630134888820e-02
1.667264613744662977e-02
1.730100914464319933e-02
1.796572309963817560e-02
1.866905484200732240e-02
1.941339490246699051e-02
2.020120695654682025e-02
2.103505368211271848e-02
2.191753437299178917e-02
2.285129666649265978e-02
2.383895598639122065e-02
2.488308558495237743e-02
2.598610918407952622e-02
2.715025934200627350e-02
2.837743242485324391e-02
2.966910337563392897e-02
3.102613113521204141e-02
3.244861816358589335e-02
3.393565703962630326e-02
3.548512878134139209e-02
3.709339171311815120e-02
3.875502873282066912e-02
4.046250321930491833e-02
4.220589745276062676e-02
4.397260175167853891e-02
4.574713578113194512e-02
4.751099241067396894e-02
4.924268848002582438e-02
5.091793050419324285e-02
5.251006459946538918e-02
5.399071687351693349e-02
5.533074469125212613e-02
5.650137282977380632e-02
5.747555035952343905e-02
5.822935276536995997e-02
5.874337617605807776e-02
5.900392864477146254e-02
