1.116991790836378051e+01
1.117033537369773200e+01
1.117116963120953699e+01
1.117241931541061994e+01
1.117408241254739742e+01
1.117615620301921986e+01
1.117863734966102740e+01
1.118152180159446551e+01
1.118480492701646689e+01
1.118848137820721256e+01
1.119254526924939697e+01
1.119699000179010895e+01
1.120180848823662956e+01
1.120699293772808502e+01
1.121253512545829523e+01
1.121842613815423562e+01
1.122465669026295743e+01
1.123121682805641086e+01
1.123809629348605732e+01
1.124528418583764022e+01
1.125276937410499123e+01
1.126054011490539253e+01
1.126858451425496455e+01
1.127689010022974969e+01
1.128544433504288946e+01
1.129423414070386400e+01
1.130324646230819674e+01
1.131246774471497929e+01
1.132188454797033295e+01
1.133148297280022732e+01
1.134124932910762595e+01
1.135116950787321066e+01
1.136122970370207241e+01
1.137141573054860189e+01
1.138171379934971839e+01
1.139210977485057796e+01
1.140259000945467882e+01
1.141314053832973130e+01
1.142374797073549075e+01
1.143439862053695677e+01
1.144507945643966629e+01
1.145577716502925014e+01
1.146647916154915059e+01
1.147717258261598694e+01
1.148784535941043217e+01
1.149848513727702048e+01
1.150908041345670263e+01
1.151961938085463899e+01
1.153009113271139086e+01
1.154048442789784623e+01
1.155078896518927678e+01
1.156099406750625214e+01
1.157109002871095882e+01
1.158106671424103240e+01
1.159091498358090710e+01
1.160062520471865533e+01
1.161018875564989727e+01
1.161959645001454433e+01
1.162884012116470700e+01
1.163791095620040039e+01
1.164680116627579665e+01
1.165550222604579211e+01
1.166400663400065874e+01
1.167230605405490707e+01
1.168039316979455045e+01
1.168825972458393814e+01
1.169589847368820124e+01
1.170330111883942692e+01
1.171046036226505827e+01
1.171736773113598140e+01
1.172401573759251470e+01
1.173039558788326886e+01
1.173649945253219684e+01
1.174231805425110586e+01
1.174784305242535964e+01
1.175306450301707883e+01
1.175797336154497330e+01
1.176255880714740698e+01
1.176681086816007316e+01
1.177071760121492972e+01
1.177426784332246434e+01
1.177744823524971629e+01
1.178024610360164814e+01
1.178264631560570663e+01
1.178463429391470996e+01
1.178619268710800583e+01
1.178730451857097705e+01
1.178794965316133769e+01
1.178810807917607839e+01
1.178775614618614043e+01
1.178686997516546420e+01
1.178542143464116698e+01
1.178338166762676842e+01
1.178071676189408201e+01
1.177739137253237089e+01
1.177336402687615902e+01
1.176859080945668268e+01
1.176302022723418261e+01
1.175659692034115267e+01
1.174925602109933997e+01
1.174092690077358370e+01
1.173152705599277290e+01
1.172096610594227428e+01
1.170913958011516698e+01
1.169593391952603767e+01
1.168122128614516342e+01
1.166486726612857083e+01
1.164672881107520830e+01
1.162666712336073971e+01
1.160455094767075224e+01
1.158027603947174811e+01
1.155377324198985889e+01
1.152503134387146133e+01
1.149410343033150816e+01
1.146112401514080403e+01
1.142630319649732229e+01
1.138992905325696547e+01
1.135234439762681014e+01
1.131393540881112614e+01
1.127509804632146384e+01
1.123622513130117362e+01
1.119767645149061686e+01
1.115977786677731132e+01
1.112280562445171839e+01
1.108700593224931907e+01
1.105260165802311079e+01
1.101984572280634822e+01
1.098906784218728916e+01
1.096077518366307757e+01
1.093576398352109891e+01
1.091541830239647126e+01
1.090230221398223343e+01
1.090135552784386341e+01
1.092175495562930898e+01
1.097869798003446462e+01
1.109146200169378815e+01
1.127286082596883432e+01
1.151552604529638479e+01
1.179268870470059305e+01
1.207122058336833703e+01
1.232155187340606162e+01
1.252347706358288626e+01
1.266996354301534566e+01
1.276649490054110636e+01
1.282527704223471687e+01
1.285900653935503968e+01
1.287756321626929434e+01
1.288750812779084143e+01
1.289276778526023648e+01
1.289554672602779739e+01
1.289701139323907952e+01
1.289776234790343068e+01
1.289809006193815399e+01
1.289813739011121640e+01
1.289796586914125953e+01
1.289760695197003315e+01
1.289707043237568662e+01
1.289636378860063282e+01
1.289548656927329695e+01
1.289444145016040366e+01
1.289322621261648294e+01
1.289184245026283904e+01
1.289028768738050879e+01
1.288856309265315225e+01
1.288666615463072418e+01
1.288459773394401253e+01
1.288235529630353504e+01
1.287993942318744267e+01
1.287734754263929737e+01
1.287457997054868208e+01
1.287163408108023965e+01
1.286850993373097829e+01
1.286520483418231819e+01
1.286171859226851844e+01
1.285804843215056437e+01
1.285419391887461238e+01
1.285015218331431797e+01
1.284592254912846343e+01
1.284150204317390553e+01
1.283688974995705578e+01
1.283208258247646150e+01
1.282707938743102538e+01
1.282187695493567681e+01
1.281647389460392361e+01
1.281086686546139397e+01
1.280505424041644602e+01
1.279903254010207547e+01
1.279279990107624165e+01
1.278635269935042729e+01
1.277968883583820947e+01
1.277280453705387053e+01
1.276569746979028430e+01
1.275836370795290442e+01
1.275080068714773951e+01
1.274300432790253446e+01
1.273497183974524738e+01
1.272669899219476619e+01
1.271818277698205613e+01
1.270941881920042960e+01
1.270040390554521004e+01
1.269113352892765256e+01
1.268160428997068934e+01
1.267181156923844831e+01
1.266175180871781158e+01
1.265142030662255301e+01
1.264081338521210540e+01
1.262992630392246873e+01
1.261875531962871122e+01
1.260729571466272425e+01
1.259554375552617600e+01
1.258349483320955287e+01
1.257114532642501636e+01
1.255849085257855791e+01
1.254552804184280035e+01
1.253225289819453359e+01
1.251866249111720819e+01
1.250475342734364403e+01
1.249052346770121957e+01
1.247597011163606417e+01
1.246109214772019946e+01
1.244588835470902666e+01
1.243035899552758750e+01
1.241450464052055658e+01
1.239832761627916113e+01
1.238183095879587725e+01
1.236501983012483130e+01
1.234790061110393822e+01
1.233048230018131264e+01
1.231277575667130009e+01
1.229479509635525503e+01
1.227655709583776833e+01
1.225808259731599570e+01
1.223939608062196882e+01
1.222052708242594576e+01
1.220150993193711919e+01
1.218238517401308485e+01
1.216319944279021215e+01
1.214400684863657176e+01
1.212486892574455233e+01
1.210585589424694319e+01
1.208704655862923261e+01
1.206852928645273160e+01
1.205040165621421444e+01
1.203277091132669518e+01
1.201575307645426882e+01
1.199947257973501280e+01
1.198406052054764892e+01
1.196965316503456656e+01
1.195638912979239343e+01
1.194440662603924785e+01
1.193383959648343939e+01
1.192481395904277974e+01
1.191744319445552236e+01
1.191182434309392590e+01
1.190803402063566097e+01
1.190612529574746503e+01
