2.583798549673806400e-01
2.583859364107439216e-01
2.584054337888102570e-01
2.584319565711030164e-01
2.584687960910014293e-01
2.585133803189738622e-01
2.585674465958296975e-01
2.586292091039797958e-01
2.586997810212737225e-01
2.587777160930897491e-01
2.588637707738815075e-01
2.589566786990656899e-01
2.590569601411701894e-01
2.591634559164064933e-01
2.592765181398334340e-01
2.593950582083334733e-01
2.595193045323273551e-01
2.596482202478456180e-01
2.597819422255960298e-01
2.599194761238226570e-01
2.600608922074292839e-01
2.602052349020824162e-01
2.603525280417278709e-01
2.605018541561233691e-01
2.606532073436658714e-01
2.608057092060596660e-01
2.609593380157755327e-01
2.611132560987586282e-01
2.612674374236424457e-01
2.614210867489227264e-01
2.615741831258013295e-01
2.617259750953687125e-01
2.618764542269352846e-01
2.620249135751559488e-01
2.621713628723066902e-01
2.623151396520806422e-01
2.624562758209594837e-01
2.625941525318259417e-01
2.627288264061276024e-01
2.628597205358597089e-01
2.629869174987683467e-01
2.631098798777935510e-01
2.632287163254328766e-01
2.633429257831894632e-01
2.634526421513057604e-01
2.635573970158160417e-01
2.636573479249706975e-01
2.637520549238381307e-01
2.638416969988173211e-01
2.639258581057232766e-01
2.640047359966982699e-01
2.640779337271821903e-01
2.641456648087477932e-01
2.642075464082285219e-01
2.642638045631502952e-01
2.643140654539831158e-01
2.643585642665696733e-01
2.643969310344910228e-01
2.644294066282804057e-01
2.644556197357118554e-01
2.644758133953025170e-01
2.644896097127250600e-01
2.644972503322869373e-01
2.644983454810088674e-01
2.644931317835538809e-01
2.644812021841552729e-01
2.644627845558905621e-01
2.644374489758600788e-01
2.644054106575787766e-01
2.643662109471718313e-01
2.643200482172982091e-01
2.642664288115472160e-01
2.642055296796632646e-01
2.641368153229965987e-01
2.640604361242780973e-01
2.639758071378180415e-01
2.638830462735100024e-01
2.637815105298828566e-01
2.636712784330465520e-01
2.635516390270302156e-01
2.634226232462727468e-01
2.632834406547167605e-01
2.631340647489971429e-01
2.629736120755149509e-01
2.628019868268738346e-01
2.626181965679550978e-01
2.624220619117391129e-01
2.622124626612378218e-01
2.619891188535996007e-01
2.617507606979544987e-01
2.614969878963240291e-01
2.612263563695071955e-01
2.609383235501863130e-01
2.606312445714505377e-01
2.603044121541349676e-01
2.599559544783570098e-01
2.595849787453799462e-01
2.591893608902318680e-01
2.587679987588284991e-01
2.583184739910043826e-01
2.578394028071899768e-01
2.573279136894111030e-01
2.567820209438647083e-01
2.561977546267282801e-01
2.555713180325185907e-01
2.548954666017033688e-01
2.541608967866130220e-01
2.533510972084280777e-01
2.524420516227660061e-01
2.513945371954663943e-01
2.501512855555425019e-01
2.486262901789396962e-01
2.466999470437243880e-01
2.442072426085877546e-01
2.409346593822138394e-01
2.366129438150970377e-01
2.309232702348978372e-01
2.235026450487251903e-01
2.139666209806526109e-01
2.019314254198235348e-01
1.870526352264611780e-01
1.690569902658580481e-01
1.477844043221606118e-01
1.232124064903180882e-01
9.548486050811780257e-02
6.491739388442699377e-02
3.201089355548328297e-02
-2.564656169038392886e-03
-3.799233536131785272e-02
-7.333361616283379236e-02
-1.074094350910384521e-01
-1.384430035389653257e-01
-1.631205658052877761e-01
-1.745660072890635739e-01
-1.598153941467850281e-01
-1.035094226625781766e-01
-8.186029661991722772e-03
9.431086615396244710e-02
1.729537595888560875e-01
2.213441511202266232e-01
2.477194403513889309e-01
2.613824286110074668e-01
2.683837974356552691e-01
2.720207100355704899e-01
2.739300207861924963e-01
2.749448730134468333e-01
2.754725886703734417e-01
2.757449385320315249e-01
2.758724866073044568e-01
2.759299030239709127e-01
2.759443987252530039e-01
2.759427667128915851e-01
2.759272964195479405e-01
2.759099934918992081e-01
2.758864565315952699e-01
2.758643046327699522e-01
2.758377959664234935e-01
2.758131756769801046e-01
2.757847000537703153e-01
2.757580516042882346e-01
2.757277337788255345e-01
2.756990971342110908e-01
2.756668934627639067e-01
2.756362306646497062e-01
2.756020682398751531e-01
2.755693241415733685e-01
2.755331249880526023e-01
2.754982383658441392e-01
2.754599234435644028e-01
2.754228297706578510e-01
2.753823200730657894e-01
2.753429531527822327e-01
2.753001707246554575e-01
2.752584643829557032e-01
2.752133337155975301e-01
2.751692238214973885e-01
2.751216737597295126e-01
2.750751007264557457e-01
2.750250670092072025e-01
2.749759789378674602e-01
2.749234075286030032e-01
2.748717641908303144e-01
2.748166156021182860e-01
2.747623935071479839e-01
2.747046483844453602e-01
2.746478472411128524e-01
2.745875135477977569e-01
2.745281645166002260e-01
2.744652867609199132e-01
2.744034630013720832e-01
2.743381340723737294e-01
2.742739642334312555e-01
2.742063405761975270e-01
2.741400260618045426e-01
2.740703471323384099e-01
2.740021842127025598e-01
2.739307974240292043e-01
2.738612055704923165e-01
2.737885982904955107e-01
2.737181565074289780e-01
2.736449971168779527e-01
2.735744905510043012e-01
2.735016811422765204e-01
2.734321608944668691e-01
2.733609049163412408e-01
2.732937647943382009e-01
2.732256538554075354e-01
2.731627288152363997e-01
2.730998539743422215e-01
2.730435462244475420e-01
2.729886404294566415e-01
2.729420806085883777e-01
2.728987004673970040e-01
2.728659528926853928e-01
2.728387095631564230e-01
2.728250321054234151e-01
2.728198825083089640e-01
2.728320527999460454e-01
2.728566630403851945e-01
2.729033826883789371e-01
2.729675744585675634e-01
2.730599602847665897e-01
2.731762461899018279e-01
2.733284097111133293e-01
2.735126115738630292e-01
2.737423106440585174e-01
2.740142303852241001e-01
2.743435432027937493e-01
2.747276102320274638e-01
2.751835212922552065e-01
2.757092610746036399e-01
2.763239469285020955e-01
2.770259870223278353e-01
2.778364312911156264e-01
2.787535699675122713e-01
2.797999135809807192e-01
2.809725243579471732e-01
2.822942892991391339e-01
2.837590724586894209e-01
2.853881791966275672e-01
2.871691527491783691e-01
2.891187167910870270e-01
2.912136925122841835e-01
2.934623648621545455e-01
2.958254967885692865e-01
2.982991659258588668e-01
3.008229810980200258e-01
3.033792522181437135e-01
3.058836595231446687e-01
3.083087337003034278e-01
3.105478063995944504e-01
3.125771601400650912e-01
3.142724384065467280e-01
3.156425057723074024e-01
3.165356046245885735e-01
3.171003327461966448e-01
