2.541369155997245666e-01
2.541304172492198088e-01
2.541174167328018596e-01
2.540979046820690535e-01
2.540718696307518454e-01
2.540392928006994788e-01
2.540001550145211673e-01
2.539544280013631417e-01
2.539020847718430063e-01
2.538430874373098778e-01
2.537774010542565573e-01
2.537049779481833078e-01
2.536257750370806141e-01
2.535397346484600800e-01
2.534468053339182236e-01
2.533469191652495400e-01
2.532400160545760226e-01
2.531260175128002277e-01
2.530048544922242071e-01
2.528764375878827519e-01
2.527406884220999017e-01
2.525975062664304605e-01
2.524468029901453803e-01
2.522884660776432142e-01
2.521223971654286133e-01
2.519484714268991343e-01
2.517665797250078774e-01
2.515765843332748442e-01
2.513783647339893346e-01
2.511717696411373546e-01
2.509566664767152733e-01
2.507328896579683608e-01
2.505002937871773638e-01
2.502586981621653939e-01
2.500079437177409325e-01
2.497478337148474614e-01
2.494781944747428704e-01
2.491988121983899906e-01
2.489094975373818686e-01
2.486100184912125588e-01
2.483001688619621838e-01
2.479796971728541466e-01
2.476483790567793886e-01
2.473059421350635168e-01
2.469521423929792459e-01
2.465866849528849658e-01
2.462093044929605790e-01
2.458196818437384246e-01
2.454175285094147008e-01
2.450024990112305567e-01
2.445742795737692876e-01
2.441324961326344911e-01
2.436768072511138750e-01
2.432068077029937436e-01
2.427221256878352718e-01
2.422223218924834942e-01
2.417069910758048445e-01
2.411756565043681189e-01
2.406278759797921274e-01
2.400631315349805728e-01
2.394809399790020776e-01
2.388807377300108947e-01
2.382619959536471654e-01
2.376241003969650212e-01
2.369664711964434567e-01
2.362884375635626588e-01
2.355893623371795587e-01
2.348685113553122539e-01
2.341251828233454069e-01
2.333585711873902846e-01
2.325679013837354259e-01
2.317522870058855433e-01
2.309108694907797410e-01
2.300426703429212238e-01
2.291467352975583849e-01
2.282219803293112914e-01
2.272673408094605385e-01
2.262816109804525744e-01
2.252635980903539559e-01
2.242119549545514012e-01
2.231253390004125370e-01
2.220022374575330859e-01
2.208411311722876247e-01
2.196403118591286341e-01
2.183980504368183140e-01
2.171124056218747822e-01
2.157813963782239386e-01
2.144028009185022510e-01
2.129743326192738706e-01
2.114934281829093932e-01
2.099574260090976974e-01
2.083633418095212908e-01
2.067080478848184188e-01
2.049880338183824591e-01
2.031995843416785630e-01
2.013385218713603375e-01
1.994003797856082061e-01
1.973801229015160474e-01
1.952723128993883728e-01
1.930708040639655398e-01
1.907689012690552688e-01
1.883590362442557065e-01
1.858329329934913510e-01
1.831812935971678657e-01
1.803940209654341653e-01
1.774599898100710782e-01
1.743674303625129263e-01
1.711039101392630157e-01
1.676570082203938661e-01
1.640146086729310226e-01
1.601658910092976229e-01
1.561018387230958537e-01
1.518162953722750896e-01
1.473062979727032262e-01
1.425727379982706655e-01
1.376201194581189446e-01
1.324566274148589740e-01
1.270934268712319570e-01
1.215445685262910441e-01
1.158264646209480886e-01
1.099582644938139619e-01
1.039619354490636527e-01
9.786318434723333126e-02
9.169187018435899506e-02
8.548294602579177559e-02
7.927663439357973685e-02
7.311897418291671280e-02
6.706174135050706198e-02
6.116324481965331600e-02
5.548982232202717690e-02
5.012054435680378395e-02
4.515652591889428996e-02
4.073858425842187547e-02
3.707280250285893003e-02
3.444962723301725482e-02
3.320581847738794667e-02
3.357507117840864003e-02
3.551259895785221360e-02
3.868291439720311642e-02
4.258178909863899464e-02
4.663504516560547375e-02
5.029107698781086488e-02
5.316286017101618661e-02
5.513508666441092887e-02
5.632664980666997334e-02
5.695657617450117921e-02
5.723125272468388564e-02
5.730019521129552790e-02
5.725667930509954068e-02
5.715392608402466296e-02
5.702029518319535334e-02
5.687031318807513058e-02
5.671100938488386756e-02
5.654575990244661149e-02
5.637602615061672318e-02
5.620249251570906546e-02
5.602537373942335919e-02
5.584478504981254393e-02
5.566069807519610085e-02
5.547311948635388207e-02
5.528198107244128995e-02
5.508726926979645028e-02
5.488891220896279649e-02
5.468689149639716779e-02
5.448113718085518392e-02
5.427162877549460140e-02
5.405829890681702887e-02
5.384112573377074218e-02
5.362004446147475983e-02
5.339503232415329648e-02
5.316602706871874362e-02
5.293300537231978437e-02
5.269590752462002814e-02
5.245470999161337688e-02
5.220935564871719003e-02
5.195982108695086643e-02
5.170605185006815763e-02
5.144802498833252885e-02
5.118568883441459300e-02
5.091902123694179438e-02
5.064797347602083971e-02
5.037252454933849322e-02
5.009262888235379435e-02
4.980826699099255572e-02
4.951939668635490371e-02
4.922600039777121766e-02
4.892803960925030254e-02
4.862549909315282831e-02
4.831834434706083065e-02
4.800656296030477582e-02
4.769012484663216062e-02
4.736902094229968052e-02
4.704322605277420216e-02
4.671273506132193887e-02
4.637752822772195360e-02
4.603760506965061394e-02
4.569295196862889485e-02
4.534357387256555960e-02
4.498946407939078546e-02
4.463063389753660348e-02
4.426708449135814682e-02
4.389883462684417148e-02
4.352589447536681089e-02
4.314829156434552004e-02
4.276604644743288441e-02
4.237919697410195280e-02
4.198777574538049839e-02
4.159183281233290452e-02
4.119141484720360152e-02
4.078658637852256713e-02
4.037741061829688838e-02
3.996396934100496234e-02
3.954634531856130591e-02
3.912464095183158103e-02
3.869896227670606426e-02
3.826943645997801097e-02
3.783619735214067969e-02
3.739940196442880643e-02
3.695921755684530158e-02
3.651583721953090972e-02
3.606946849760347962e-02
3.562034820696410170e-02
3.516873260968970266e-02
3.471491160017580596e-02
3.425920045375739631e-02
3.380195352044875617e-02
3.334355757083878879e-02
3.288444512575348228e-02
3.242508940967756687e-02
3.196601741548717179e-02
3.150780643410324572e-02
3.105109688810277907e-02
3.059659031741647148e-02
3.014506189030531288e-02
2.969735956062217325e-02
2.925441594708727208e-02
2.881724810266363471e-02
2.838696810679143881e-02
2.796478246797556855e-02
2.755200027314779268e-02
2.715003067252482610e-02
2.676038679676666018e-02
2.638467911544592828e-02
2.602461269763790830e-02
2.568197370931476695e-02
2.535861727793741263e-02
2.505644443641549465e-02
2.477737840152909737e-02
2.452333050014062280e-02
2.429616469960929614e-02
2.409765395705473767e-02
2.392943655015731044e-02
2.379296860102490460e-02
2.368948023612838655e-02
2.361993411872585769e-02
2.358499243023183534e-02
