-3.121375989304005838e+00
-3.121134979162054179e+00
-3.120653138779821756e+00
-3.119930832969413093e+00
-3.118968600697956006e+00
-3.117767170117445197e+00
-3.116327437038238113e+00
-3.114650489990920867e+00
-3.112737577897814578e+00
-3.110590145186025168e+00
-3.108209788611757673e+00
-3.105598302453224768e+00
-3.102757624429500538e+00
-3.099689891013142518e+00
-3.096397372373747015e+00
-3.092882537863288483e+00
-3.089147979904433239e+00
-3.085196489716794943e+00
-3.081030970061555241e+00
-3.076654521293963551e+00
-3.072070342868525650e+00
-3.067281829822167794e+00
-3.062292462937911353e+00
-3.057105915783693284e+00
-3.051725933426674420e+00
-3.046156450174522412e+00
-3.040401456726744556e+00
-3.034465128787907862e+00
-3.028351682536075007e+00
-3.022065514300575906e+00
-3.015611044220346315e+00
-3.008992867202050281e+00
-3.002215584632297318e+00
-2.995283966854966451e+00
-2.988202772790524708e+00
-2.980976924194031596e+00
-2.973611313021756075e+00
-2.966110987753516337e+00
-2.958480948331167593e+00
-2.950726344850671090e+00
-2.942852259878712573e+00
-2.934863919841228075e+00
-2.926766464503280041e+00
-2.918565171401997560e+00
-2.910265212250787936e+00
-2.901871890786070551e+00
-2.893390385829975653e+00
-2.884826002942198375e+00
-2.876183903845492829e+00
-2.867469372296897134e+00
-2.858687529547662365e+00
-2.849843614872439090e+00
-2.840942686699588382e+00
-2.831989918263291717e+00
-2.822990284001597683e+00
-2.813948870825074167e+00
-2.804870549338316810e+00
-2.795760301250532986e+00
-2.786622874931153238e+00
-2.777463129523126462e+00
-2.768285674294721055e+00
-2.759095230055806702e+00
-2.749896251715448159e+00
-2.740693307645815757e+00
-2.731490684798278501e+00
-2.722292786709545442e+00
-2.713103720467096469e+00
-2.703927714108502300e+00
-2.694768684659492486e+00
-2.685630675741086382e+00
-2.676517405829537566e+00
-2.667432726958050893e+00
-2.658380152266287766e+00
-2.649363336765251375e+00
-2.640385583153928906e+00
-2.631450345708957528e+00
-2.622560713245857933e+00
-2.613719937301316687e+00
-2.604930891004817450e+00
-2.596196622843073065e+00
-2.587519790082895899e+00
-2.578903239547326365e+00
-2.570349414090388418e+00
-2.561860961976556883e+00
-2.553440114750239243e+00
-2.545089326999207646e+00
-2.536810623784032437e+00
-2.528606272788286091e+00
-2.520478099273398609e+00
-2.512428192882646183e+00
-2.504458187863341401e+00
-2.496570007110122003e+00
-2.488765105148825985e+00
-2.481045252395620349e+00
-2.473411738128434401e+00
-2.465866198429166101e+00
-2.458409776088478882e+00
-2.451043996329696384e+00
-2.443769880318913845e+00
-2.436588873598332317e+00
-2.429501909627875822e+00
-2.422510396944092204e+00
-2.415615228935508174e+00
-2.408817837102603665e+00
-2.402119142939579621e+00
-2.395520686136527910e+00
-2.389023513591998160e+00
-2.382629392471034002e+00
-2.376339629194883507e+00
-2.370156377156225069e+00
-2.364081374082463771e+00
-2.358117352410552314e+00
-2.352266676441588267e+00
-2.346532860572335899e+00
-2.340919079088844335e+00
-2.335429795222566440e+00
-2.330069106924589128e+00
-2.324842488241508409e+00
-2.319754922143056231e+00
-2.314812753541566348e+00
-2.310021543019451951e+00
-2.305388025306339017e+00
-2.300917574224111473e+00
-2.296616165301637924e+00
-2.292486993183950439e+00
-2.288531491020926012e+00
-2.284743119601427175e+00
-2.281106396983942020e+00
-2.277593556223322047e+00
-2.274176762119284323e+00
-2.270833452443358436e+00
-2.267552322295557143e+00
-2.264325280373419513e+00
-2.261148251631954764e+00
-2.258008358921600678e+00
-2.254834232035258790e+00
-2.251443445772385754e+00
-2.247771389769490202e+00
-2.243924249621398026e+00
-2.240007519700845773e+00
-2.236097251265681596e+00
-2.232228783238421777e+00
-2.228421719477142293e+00
-2.224681912997989564e+00
-2.221013830745503181e+00
-2.217417088649694445e+00
-2.213892720941069037e+00
-2.210439120367964971e+00
-2.207056366817302440e+00
-2.203742654881301721e+00
-2.200497727907759327e+00
-2.197319814861025566e+00
-2.194208509957930708e+00
-2.191162122075371865e+00
-2.188180162180470845e+00
-2.185261019159120632e+00
-2.182404149637206192e+00
-2.179608014450648668e+00
-2.176872032571090632e+00
-2.174194729247209690e+00
-2.171575497450797698e+00
-2.169012921071064692e+00
-2.166506375966578357e+00
-2.164054500377085688e+00
-2.161656660078326464e+00
-2.159311544432438890e+00
-2.157018514796630537e+00
-2.154776309166037240e+00
-2.152584289093061543e+00
-2.150441239230034274e+00
-2.148346525108349336e+00
-2.146298976419920734e+00
-2.144297965789791593e+00
-2.142342366581916568e+00
-2.140431561081261869e+00
-2.138564465130402770e+00
-2.136740472784993017e+00
-2.134958541293273004e+00
-2.133218078209870416e+00
-2.131518081198219505e+00
-2.129857972716235892e+00
-2.128236789907751003e+00
-2.126653971262042031e+00
-2.125108592505426941e+00
-2.123600109049881279e+00
-2.122127634330225110e+00
-2.120690641368831564e+00
-2.119288280450284834e+00
-2.117920042719472651e+00
-2.116585114461591033e+00
-2.115283005304627650e+00
-2.114012936691435751e+00
-2.112774436962820079e+00
-2.111566761880745879e+00
-2.110389458615592240e+00
-2.109241816413621962e+00
-2.108123401294192067e+00
-2.107033535156836113e+00
-2.105971802805458815e+00
-2.104937557966195527e+00
-2.103930404091003847e+00
-2.102949725911058110e+00
-2.101995145327991921e+00
-2.101066077262362164e+00
-2.100162161813906359e+00
-2.099282843283488464e+00
-2.098427779671473203e+00
-2.097596443856877713e+00
-2.096788511403258504e+00
-2.096003482972396803e+00
-2.095241051318184500e+00
-2.094500744095736611e+00
-2.093782270844043669e+00
-2.093085185426328376e+00
-2.092409213730537232e+00
-2.091753935044066814e+00
-2.091119091136348196e+00
-2.090504285931868544e+00
-2.089909276580283137e+00
-2.089333690846608249e+00
-2.088777300720708663e+00
-2.088239756993456542e+00
-2.087720845908402012e+00
-2.087220240438174113e+00
-2.086737740436089616e+00
-2.086273040168722837e+00
-2.085825952383798754e+00
-2.085396191693259293e+00
-2.084983582935759916e+00
-2.084587860040433505e+00
-2.084208859027727456e+00
-2.083846332018310932e+00
-2.083500125185209217e+00
-2.083170007606199192e+00
-2.082855834454180766e+00
-2.082557390426576394e+00
-2.082274538441109879e+00
-2.082007077414548046e+00
-2.081754876719300373e+00
-2.081517748128541623e+00
-2.081295566286955001e+00
-2.081088154690889702e+00
-2.080895392433176116e+00
-2.080717114142438096e+00
-2.080553203270119944e+00
-2.080403505960940258e+00
-2.080267911142529957e+00
-2.080146278315700759e+00
-2.080038504654476483e+00
-2.079944466659272795e+00
-2.079864074348774405e+00
-2.079797226593213200e+00
-2.079743852280836247e+00
-2.079703878972661624e+00
-2.079677260720535603e+00
-2.079663959558457620e+00
