1.302259357619251108e-02
1.302018485201669393e-02
1.301537053732923499e-02
1.300815694324796400e-02
1.299855343844151002e-02
1.298657258054964833e-02
1.297222987671290198e-02
1.295554400278019734e-02
1.293653644493997223e-02
1.291523180697836184e-02
1.289165733401100022e-02
1.286584330816447144e-02
1.283782245573119804e-02
1.280763043175834129e-02
1.277530511226056785e-02
1.274088716831238595e-02
1.270441924524819653e-02
1.266594662696228675e-02
1.262551630429746899e-02
1.258317773035618967e-02
1.253898178051870115e-02
1.249298159965523541e-02
1.244523145641470568e-02
1.239578768329391636e-02
1.234470742799093947e-02
1.229204968732870024e-02
1.223787395856626957e-02
1.218224136818667376e-02
1.212521322609882123e-02
1.206685225028055614e-02
1.200722102678185646e-02
1.194638333116288149e-02
1.188440249712390331e-02
1.182134283559698427e-02
1.175726791468201422e-02
1.169224207714296589e-02
1.162632863412640591e-02
1.155959148168547029e-02
1.149209321050282707e-02
1.142389682192507597e-02
1.135506375561474990e-02
1.128565570543279065e-02
1.121573256661164905e-02
1.114535435168385533e-02
1.107457905840931144e-02
1.100346468582267395e-02
1.093206702377123689e-02
1.086044176905172701e-02
1.078864223702799725e-02
1.071672157775684434e-02
1.064473040976454676e-02
1.057271913602808242e-02
1.050073549959983261e-02
1.042882699932153913e-02
1.035703836660243314e-02
1.028541408080054474e-02
1.021399576608248566e-02
1.014282480651545679e-02
1.007193966156567054e-02
1.000137858110578849e-02
9.931176837743839469e-03
9.861369542165191251e-03
9.791988790121379516e-03
9.723066578794238926e-03
9.654631865910170280e-03
9.586713588136943839e-03
9.519337629418650124e-03
9.452529942793162429e-03
9.386313424660256907e-03
9.320711141840761979e-03
9.255743108087985047e-03
9.191429618700086915e-03
9.127787925155535567e-03
9.064835680140201357e-03
9.002587505723396583e-03
8.941058552275173502e-03
8.880260955090439959e-03
8.820207511356949887e-03
8.760908019571394395e-03
8.702373079483226651e-03
8.644610308017726397e-03
8.587628267977036323e-03
8.531432553479880235e-03
8.476029854166410721e-03
8.421423902369142012e-03
8.367619680665211446e-03
8.314619222096681847e-03
8.262425970173615380e-03
8.211040422451812426e-03
8.160464653557299511e-03
8.110697791297867554e-03
8.061740715016547237e-03
8.013591352159900663e-03
7.966249566368793777e-03
7.919712261068813028e-03
7.873978474311116652e-03
7.829044274538527609e-03
7.784908082508115029e-03
7.741565343011836547e-03
7.699014098533601101e-03
7.657249419467637361e-03
7.616269259777797528e-03
7.576068627086694242e-03
7.536645757505218944e-03
7.497996005106186135e-03
7.460118380293645490e-03
7.423009133343074807e-03
7.386668705458370419e-03
7.351094968986043171e-03
7.316290638622178176e-03
7.282256106996827169e-03
7.248997353302547887e-03
7.216518276707297591e-03
7.184829125512425321e-03
7.153938188117675394e-03
7.123860756511790800e-03
7.094609988738888491e-03
7.066206416424566927e-03
7.038667733435450581e-03
7.012018849751545241e-03
6.986280276319116120e-03
6.961478702400994249e-03
6.937633422883999861e-03
6.914766916868259408e-03
6.892886935292374777e-03
6.871992139478801283e-03
6.852039589960850878e-03
6.832940243993831236e-03
6.814542050663570383e-03
6.796694419695585403e-03
6.779275882329838937e-03
6.762224701552294395e-03
6.745496436164100627e-03
6.729067853486308572e-03
6.712870616378831777e-03
6.696536408412793497e-03
6.679131166056482410e-03
6.660333157768601187e-03
6.640695605095225072e-03
6.620762314026226551e-03
6.600921592815301234e-03
6.581351475244815764e-03
6.562148641885508574e-03
6.543339608590467531e-03
6.524943678206109390e-03
6.506955748570714126e-03
6.489377878966113601e-03
6.472199027178594105e-03
6.455416668988506364e-03
6.439019030890409841e-03
6.423002134683061283e-03
6.407354634482519129e-03
6.392072031825210381e-03
6.377143618147315500e-03
6.362564692152136193e-03
6.348325164426114366e-03
6.334420262009556740e-03
6.320840457029143142e-03
6.307580974908112703e-03
6.294632795600703899e-03
6.281991188078591554e-03
6.269647596327259861e-03
6.257597364609235324e-03
6.245832365524462033e-03
6.234348041593654535e-03
6.223136664819211607e-03
6.212193792682894553e-03
6.201512071916496366e-03
6.191087187014605690e-03
6.180912138137974361e-03
6.170982745315539524e-03
6.161292343396100255e-03
6.151836893742604166e-03
6.142610049135752495e-03
6.133607915948935743e-03
6.124824449710162405e-03
6.116255903808677334e-03
6.107896522605210654e-03
6.099742707187070200e-03
6.091788977880015568e-03
6.084031883099876373e-03
6.076466207149426937e-03
6.069088644566718836e-03
6.061894232396256715e-03
6.054879809427322901e-03
6.048040654866151944e-03
6.041373749356543019e-03
6.034874604266264597e-03
6.028540339284372933e-03
6.022366688460092238e-03
6.016350907399044094e-03
6.010488943824473032e-03
6.004778185886817769e-03
5.999214786410140242e-03
5.993796262538065092e-03
5.988518964024732404e-03
5.983380533327795070e-03
5.978377509336401177e-03
5.973507656058430967e-03
5.968767694075637932e-03
5.964155505132891742e-03
5.959667984394128801e-03
5.955303127506938500e-03
5.951057997420011215e-03
5.946930699850513057e-03
5.942918459029258339e-03
5.939019486927567953e-03
5.935231162832190453e-03
5.931551801182065320e-03
5.927978930350862735e-03
5.924510963493130784e-03
5.921145572336674635e-03
5.917881265033829788e-03
5.914715851145969754e-03
5.911647930133052953e-03
5.908675444053608505e-03
5.905797079998442722e-03
5.903010907337141386e-03
5.900315697105357540e-03
5.897709640906696749e-03
5.895191589993365074e-03
5.892759853184361719e-03
5.890413358133029034e-03
5.888150525851818667e-03
5.885970356434505960e-03
5.883871377987556772e-03
5.881852658867527291e-03
5.879912829012121263e-03
5.878051020563282436e-03
5.876265959770776183e-03
5.874556837698640885e-03
5.872922471044995582e-03
5.871362104475216434e-03
5.869874638869477905e-03
5.868459366694422571e-03
5.867115266362210070e-03
5.865841671950028716e-03
5.864637632541838154e-03
5.863502517539681720e-03
5.862435440072125484e-03
5.861435799120083383e-03
5.860502766318989240e-03
5.859635766140441210e-03
5.858834025674642364e-03
5.858096994135813737e-03
5.857423955436291338e-03
5.856814388239462398e-03
5.856267641221613203e-03
5.855783234651410971e-03
5.855360598040778783e-03
5.854999313655413762e-03
5.854698915700656120e-03
5.854459075268936274e-03
5.854279459427133916e-03
5.854159856176849308e-03
5.854100091251705079e-03
