1.116991790836382492e+01
1.117033537369777640e+01
1.117116963120957962e+01
1.117241931541066613e+01
1.117408241254744006e+01
1.117615620301926960e+01
1.117863734966106648e+01
1.118152180159450992e+01
1.118480492701651485e+01
1.118848137820725697e+01
1.119254526924943427e+01
1.119699000179015513e+01
1.120180848823666864e+01
1.120699293772813476e+01
1.121253512545833253e+01
1.121842613815428358e+01
1.122465669026299473e+01
1.123121682805645705e+01
1.123809629348608752e+01
1.124528418583768641e+01
1.125276937410502676e+01
1.126054011490544227e+01
1.126858451425499474e+01
1.127689010022980476e+01
1.128544433504291078e+01
1.129423414070392084e+01
1.130324646230821273e+01
1.131246774471503613e+01
1.132188454797035071e+01
1.133148297280029482e+01
1.134124932910763839e+01
1.135116950787328172e+01
1.136122970370207419e+01
1.137141573054867827e+01
1.138171379934972016e+01
1.139210977485065790e+01
1.140259000945466639e+01
1.141314053832981656e+01
1.142374797073547477e+01
1.143439862053704736e+01
1.144507945643964320e+01
1.145577716502934784e+01
1.146647916154912039e+01
1.147717258261609174e+01
1.148784535941039664e+01
1.149848513727713950e+01
1.150908041345665289e+01
1.151961938085475978e+01
1.153009113271133756e+01
1.154048442789797768e+01
1.155078896518920750e+01
1.156099406750639780e+01
1.157109002871088066e+01
1.158106671424118694e+01
1.159091498358082006e+01
1.160062520471881697e+01
1.161018875564979247e+01
1.161959645001471841e+01
1.162884012116459509e+01
1.163791095620058691e+01
1.164680116627567052e+01
1.165550222604598751e+01
1.166400663400051840e+01
1.167230605405511845e+01
1.168039316979439945e+01
1.168825972458416373e+01
1.169589847368803248e+01
1.170330111883966140e+01
1.171046036226487885e+01
1.171736773113623009e+01
1.172401573759231574e+01
1.173039558788353354e+01
1.173649945253198901e+01
1.174231805425138297e+01
1.174784305242513405e+01
1.175306450301737016e+01
1.175797336154472994e+01
1.176255880714771429e+01
1.176681086815981203e+01
1.177071760121525301e+01
1.177426784332218723e+01
1.177744823525005913e+01
1.178024610360134972e+01
1.178264631560606546e+01
1.178463429391438844e+01
1.178619268710838242e+01
1.178730451857063244e+01
1.178794965316173560e+01
1.178810807917571069e+01
1.178775614618656320e+01
1.178686997516508050e+01
1.178542143464160752e+01
1.178338166762635275e+01
1.178071676189454919e+01
1.177739137253193036e+01
1.177336402687665284e+01
1.176859080945621372e+01
1.176302022723471197e+01
1.175659692034064463e+01
1.174925602109989597e+01
1.174092690077304191e+01
1.173152705599337153e+01
1.172096610594169519e+01
1.170913958011579403e+01
1.169593391952541950e+01
1.168122128614584021e+01
1.166486726612790115e+01
1.164672881107593483e+01
1.162666712336001673e+01
1.160455094767152673e+01
1.158027603947097361e+01
1.155377324199069200e+01
1.152503134387062289e+01
1.149410343033240167e+01
1.146112401513990697e+01
1.142630319649827086e+01
1.138992905325600624e+01
1.135234439762781555e+01
1.131393540881011184e+01
1.127509804632251011e+01
1.123622513130013090e+01
1.119767645149168267e+01
1.115977786677626327e+01
1.112280562445276111e+01
1.108700593224832431e+01
1.105260165802405758e+01
1.101984572280548669e+01
1.098906784218805655e+01
1.096077518366240611e+01
1.093576398352163537e+01
1.091541830239611244e+01
1.090230221398233290e+01
1.090135552784409967e+01
1.092175495562863752e+01
1.097869798003563879e+01
1.109146200169197449e+01
1.127286082597143491e+01
1.151552604529375401e+01
1.179268870470316344e+01
1.207122058336617521e+01
1.232155187340804758e+01
1.252347706358125379e+01
1.266996354301689642e+01
1.276649490053982205e+01
1.282527704223597986e+01
1.285900653935399696e+01
1.287756321627035661e+01
1.288750812778994614e+01
1.289276778526116907e+01
1.289554672602703000e+01
1.289701139323990198e+01
1.289776234790275211e+01
1.289809006193889118e+01
1.289813739011061067e+01
1.289796586914193455e+01
1.289760695196948959e+01
1.289707043237629946e+01
1.289636378860013899e+01
1.289548656927386183e+01
1.289444145015995957e+01
1.289322621261700696e+01
1.289184245026243225e+01
1.289028768738099195e+01
1.288856309265278277e+01
1.288666615463117715e+01
1.288459773394366970e+01
1.288235529630395959e+01
1.287993942318712826e+01
1.287734754263969705e+01
1.287457997054839254e+01
1.287163408108061802e+01
1.286850993373070828e+01
1.286520483418267702e+01
1.286171859226827330e+01
1.285804843215090365e+01
1.285419391887438145e+01
1.285015218331464126e+01
1.284592254912825204e+01
1.284150204317420751e+01
1.283688974995685683e+01
1.283208258247675282e+01
1.282707938743084775e+01
1.282187695493595037e+01
1.281647389460375841e+01
1.281086686546166042e+01
1.280505424041628970e+01
1.279903254010233127e+01
1.279279990107609777e+01
1.278635269935067598e+01
1.277968883583807269e+01
1.277280453705410679e+01
1.276569746979015818e+01
1.275836370795312824e+01
1.275080068714762582e+01
1.274300432790274940e+01
1.273497183974514613e+01
1.272669899219497225e+01
1.271818277698196198e+01
1.270941881920063388e+01
1.270040390554512300e+01
1.269113352892785329e+01
1.268160428997061118e+01
1.267181156923864194e+01
1.266175180871773875e+01
1.265142030662274131e+01
1.264081338521204145e+01
1.262992630392264992e+01
1.261875531962865438e+01
1.260729571466289833e+01
1.259554375552612804e+01
1.258349483320972695e+01
1.257114532642497551e+01
1.255849085257873377e+01
1.254552804184276482e+01
1.253225289819470056e+01
1.251866249111717977e+01
1.250475342734380924e+01
1.249052346770120359e+01
1.247597011163622582e+01
1.246109214772018525e+01
1.244588835470918831e+01
1.243035899552758572e+01
1.241450464052071823e+01
1.239832761627916646e+01
1.238183095879603890e+01
1.236501983012485084e+01
1.234790061110409809e+01
1.233048230018133751e+01
1.231277575667145818e+01
1.229479509635528878e+01
1.227655709583793175e+01
1.225808259731603655e+01
1.223939608062213225e+01
1.222052708242600438e+01
1.220150993193728794e+01
1.218238517401315413e+01
1.216319944279038268e+01
1.214400684863664814e+01
1.212486892574472819e+01
1.210585589424703734e+01
1.208704655862941912e+01
1.206852928645283818e+01
1.205040165621440629e+01
1.203277091132681420e+01
1.201575307645445889e+01
1.199947257973514780e+01
1.198406052054785143e+01
1.196965316503471932e+01
1.195638912979259771e+01
1.194440662603941306e+01
1.193383959648364545e+01
1.192481395904295738e+01
1.191744319445573197e+01
1.191182434309411597e+01
1.190803402063586525e+01
1.190612529574765865e+01
