-8.896221264698979780e+00
-8.896400625302069542e+00
-8.896758846786706698e+00
-8.897294918225773230e+00
-8.898007345574230342e+00
-8.898894117168881124e+00
-8.899952760027311172e+00
-8.901180282184915526e+00
-8.902573257448409549e+00
-8.904127744319412230e+00
-8.905839399557535785e+00
-8.907703373326032903e+00
-8.909714452019992237e+00
-8.911866929143375415e+00
-8.914154777943894103e+00
-8.916571497389705669e+00
-8.919110315222450680e+00
-8.921764008244945643e+00
-8.924525136455946139e+00
-8.927385836687539822e+00
-8.930338088520194617e+00
-8.933373480121732157e+00
-8.936483506660524156e+00
-8.939659307000660249e+00
-8.942891995338236200e+00
-8.946172367204793474e+00
-8.949491265051447542e+00
-8.952839251811958832e+00
-8.956207011158582532e+00
-8.959584986685465324e+00
-8.962963817566178548e+00
-8.966333941246658057e+00
-8.969686065255695340e+00
-8.973010731153317820e+00
-8.976298823289518225e+00
-8.979541091647210038e+00
-8.982728698417686175e+00
-8.985852697312637360e+00
-8.988904618931734092e+00
-8.991875904098460381e+00
-8.994758529136912983e+00
-8.997544390810398696e+00
-9.000225972798746810e+00
-9.002795679881653967e+00
-9.005246547108587407e+00
-9.007571520961342060e+00
-9.009764212927391824e+00
-9.011818125485500985e+00
-9.013727452018772013e+00
-9.015486245578937741e+00
-9.017089267295522959e+00
-9.018531095972752709e+00
-9.019807027355010831e+00
-9.020912122680101675e+00
-9.021842161338875954e+00
-9.022592626537159433e+00
-9.023159714031958600e+00
-9.023539253031255924e+00
-9.023727773797810769e+00
-9.023721361833697330e+00
-9.023516787215067225e+00
-9.023110289962822606e+00
-9.022498774010861311e+00
-9.021678521452784594e+00
-9.020646454057065000e+00
-9.019398773801158953e+00
-9.017932294834560381e+00
-9.016243007364154849e+00
-9.014327482934877622e+00
-9.012181358308904322e+00
-9.009800816885174868e+00
-9.007180988711478875e+00
-9.004317510795139867e+00
-9.001204838785660911e+00
-8.997837888829204545e+00
-8.994210255734838455e+00
-8.990315938874477553e+00
-8.986147460758775907e+00
-8.981697679246071431e+00
-8.976957799344795319e+00
-8.971919273611554502e+00
-8.966571698575510396e+00
-8.960904804584082228e+00
-8.954906226373381628e+00
-8.948563582612074185e+00
-8.941862107609217958e+00
-8.934786819173917038e+00
-8.927319994924918234e+00
-8.919443424440634871e+00
-8.911135708587249127e+00
-8.902374587663222982e+00
-8.893134034785909137e+00
-8.883386644932210530e+00
-8.873100482671404166e+00
-8.862241506782664757e+00
-8.850770118088940208e+00
-8.838643581859791709e+00
-8.825812207567130585e+00
-8.812221727509475855e+00
-8.797809049392849801e+00
-8.782504596071554204e+00
-8.766227673640138107e+00
-8.748888981071965887e+00
-8.730385978870234709e+00
-8.710606316063818966e+00
-8.689424333110036258e+00
-8.666707096866204552e+00
-8.642314162850174952e+00
-8.616108687641151676e+00
-8.587962683746749093e+00
-8.557774593136979746e+00
-8.525479481940818616e+00
-8.491069853294767711e+00
-8.454604278335954959e+00
-8.416222292643595893e+00
-8.376140998325238840e+00
-8.334654978673263770e+00
-8.292115665286663884e+00
-8.248917170207588967e+00
-8.205465480233671727e+00
-8.162162316797477501e+00
-8.119378178316376093e+00
-8.077447638686042097e+00
-8.036656602698267093e+00
-7.997256795277741581e+00
-7.959473976380042615e+00
-7.923551987721562107e+00
-7.889797990719311649e+00
-7.858678047998984617e+00
-7.830947034070946167e+00
-7.807955425563809726e+00
-7.792250522042289518e+00
-7.788760145531015588e+00
-7.806655032951827167e+00
-7.861113469872085702e+00
-7.971305769241559425e+00
-8.149771428432416087e+00
-8.389043786260133473e+00
-8.662512081105077755e+00
-8.937205862156522684e+00
-9.183669406703877769e+00
-9.381750501061180358e+00
-9.524446365942154102e+00
-9.617249861399262301e+00
-9.672374115058888222e+00
-9.702515658693114275e+00
-9.717556411089649515e+00
-9.724055563291541304e+00
-9.725940294236595562e+00
-9.725412981485355601e+00
-9.723640230137409191e+00
-9.721220490602929587e+00
-9.718444169620621409e+00
-9.715452126821604750e+00
-9.712305703694582348e+00
-9.709034472111891745e+00
-9.705647942516028692e+00
-9.702151812748027737e+00
-9.698545283793750471e+00
-9.694829339229489307e+00
-9.691001364858630396e+00
-9.687061340652689978e+00
-9.683006359814072539e+00
-9.678836048599176678e+00
-9.674547438673615218e+00
-9.670139913858376346e+00
-9.665610464963135584e+00
-9.660958257888887957e+00
-9.656180234083546310e+00
-9.651275351581848128e+00
-9.646240491435117193e+00
-9.641074410131009742e+00
-9.635773917985908099e+00
-9.630337574257097799e+00
-9.624762109017144240e+00
-9.619045887096875802e+00
-9.613185549480922631e+00
-9.607179268158407837e+00
-9.601023586716326719e+00
-9.594716484912140686e+00
-9.588254401091537815e+00
-9.581635122644515334e+00
-9.574854975291330561e+00
-9.567911553405926028e+00
-9.560801063215240703e+00
-9.553520905171383859e+00
-9.546067159783056866e+00
-9.538437032715467723e+00
-9.530626473385979125e+00
-9.522632492211682731e+00
-9.514450903307182017e+00
-9.506078522240587247e+00
-9.497511025211226254e+00
-9.488745034783066856e+00
-9.479776088827811975e+00
-9.470600620955478277e+00
-9.461214033312320026e+00
-9.451612577803485848e+00
-9.441791527559793451e+00
-9.431746964534818645e+00
-9.421474045121867036e+00
-9.410968699299935736e+00
-9.400225986513946808e+00
-9.389241711238426547e+00
-9.378010865850834321e+00
-9.366529167281845147e+00
-9.354791584236487267e+00
-9.342793799512961073e+00
-9.330530819584746283e+00
-9.317998367210572397e+00
-9.305191572111706222e+00
-9.292106298683769694e+00
-9.278737917321331352e+00
-9.265082572405249906e+00
-9.251136034779639417e+00
-9.236894915759140900e+00
-9.222355602393671248e+00
-9.207515424054486530e+00
-9.192371673470479010e+00
-9.176922733540587629e+00
-9.161167188720597210e+00
-9.145104921082239713e+00
-9.128736318463314348e+00
-9.112063350406447881e+00
-9.095088881470843489e+00
-9.077817739377385564e+00
-9.060256143768803838e+00
-9.042412780285166818e+00
-9.024298356305912705e+00
-9.005926695009440763e+00
-8.987314429178500319e+00
-8.968482127134764781e+00
-8.949454131662566425e+00
-8.930259722631449293e+00
-8.910933097440684847e+00
-8.891514559402251550e+00
-8.872050614377846145e+00
-8.852595144518256021e+00
-8.833209557508359566e+00
-8.813963856708223688e+00
-8.794936720243375916e+00
-8.776216308794621668e+00
-8.757900073551006415e+00
-8.740095060185280929e+00
-8.722917165099531189e+00
-8.706490628528850806e+00
-8.690946422426749862e+00
-8.676420637738049280e+00
-8.663051768727644486e+00
-8.650977869681288013e+00
-8.640332773053735593e+00
-8.631242266230717775e+00
-8.623819740884203000e+00
-8.618162142799290493e+00
-8.614346029269668747e+00
-8.612424419037314038e+00
