2.866062883664887373e+00
2.869738576829561350e+00
2.867620102089766920e+00
2.867829810838458560e+00
2.866004818712014846e+00
2.865260444665389983e+00
2.863156825011898388e+00
2.861704426881015895e+00
2.859194451855097352e+00
2.857114554709284882e+00
2.854150413029635569e+00
2.851481244079991484e+00
2.848041472071120683e+00
2.844805756428063326e+00
2.840880460176265387e+00
2.837094150173504747e+00
2.832679545027515733e+00
2.828355365896068285e+00
2.823451359156194496e+00
2.818600463194411265e+00
2.813209435143815274e+00
2.807842244309962876e+00
2.801968362542193614e+00
2.796095017122507187e+00
2.789743808854916907e+00
2.783374403950574560e+00
2.776552458384055733e+00
2.769697155106773057e+00
2.762411892427572013e+00
2.755080947787588386e+00
2.747340420605057343e+00
2.739544160766223868e+00
2.731356868793407333e+00
2.723105619484515127e+00
2.714480326480165129e+00
2.705784309456390258e+00
2.696729855756363037e+00
2.687599056537889552e+00
2.678124163621752540e+00
2.668568174554689421e+00
2.658681238883512155e+00
2.648709080222209966e+00
2.638417955195452969e+00
2.628037875853331595e+00
2.617349640834563118e+00
2.606568900094386354e+00
2.595489615579331222e+00
2.584314246356594236e+00
2.572848694417597670e+00
2.561283247923514139e+00
2.549434656597593829e+00
2.537481927931032999e+00
2.525251677872919487e+00
2.512912410838886501e+00
2.500299722095865373e+00
2.487572291251032297e+00
2.474573886891537455e+00
2.461453953550602591e+00
2.448063696384924715e+00
2.434543834279712993e+00
2.420752331491455411e+00
2.406821616572613287e+00
2.392615785680201945e+00
2.378259342876889448e+00
2.363621930955090100e+00
2.348820428675847172e+00
2.333729474263798398e+00
2.318458555019250245e+00
2.302886779567849374e+00
2.287116411890636414e+00
2.271030523809880908e+00
2.254724256279104999e+00
2.238084145858182605e+00
2.221198238633702804e+00
2.203956035580331374e+00
2.186438437028574100e+00
2.168537393492548038e+00
2.150326519281432258e+00
2.131699668848067830e+00
2.112722926112866162e+00
2.093291452168479783e+00
2.073463430912591221e+00
2.053134652973031216e+00
2.032354877305690088e+00
2.011019728407595242e+00
1.989169817142173891e+00
1.966699633137053205e+00
1.943639655560641444e+00
1.919882019317732613e+00
1.895445737274603193e+00
1.870219005911100796e+00
1.844207555687746636e+00
1.817293539669455837e+00
1.789466934951119637e+00
1.760601038414850716e+00
1.730666790489072460e+00
1.699525039072451227e+00
1.667123750831990714e+00
1.633307558693375849e+00
1.597998316853882050e+00
1.561023335496562137e+00
1.522280977595789730e+00
1.481590609959947624e+00
1.438846758238552459e+00
1.393895133879016424e+00
1.346679063495202389e+00
1.297143360788171940e+00
1.245371048276641801e+00
1.191506900829335081e+00
1.135871213914561695e+00
1.078884039872251233e+00
1.021139109966068936e+00
9.633144969014822978e-01
9.062058717835165256e-01
8.506304065362024769e-01
7.974408127850243222e-01
7.474450122063603930e-01
7.014313657493993492e-01
6.601312736703682793e-01
6.242964326491482474e-01
5.947681286102006748e-01
5.727633344618242583e-01
5.604870590476420666e-01
5.631325369677748771e-01
5.965461249935435362e-01
7.351516034573858382e-01
nan
nan
-5.886545431555259000e-01
-4.524746092956266064e-01
-4.902711349556062581e-01
-5.712133807589873102e-01
-6.750164209041904506e-01
-8.081959895603358923e-01
-1.113803203183571622e+00
nan
nan
nan
nan
nan
nan
nan
nan
nan
nan
nan
nan
nan
3.413191542473527296e+00
3.212098336050741576e+00
3.137007566809067782e+00
3.091384086127380026e+00
3.068523848744150850e+00
3.045873873431895529e+00
3.031920131956612252e+00
3.013633474175552607e+00
3.000730067506861776e+00
2.983129902756513463e+00
2.969798067151396381e+00
2.952146679882596381e+00
2.938154339717145902e+00
2.920283549122373756e+00
2.905616932621347015e+00
2.887464993791217349e+00
2.872140111065155210e+00
2.853668497571959062e+00
2.837701567215586529e+00
2.818880378844696111e+00
2.802284617084971785e+00
2.783089328960312692e+00
2.765875326037952053e+00
2.746285436921667600e+00
2.728461742920962330e+00
2.708459864050524857e+00
2.690033402703251753e+00
2.669604537348413853e+00
2.650580857258796996e+00
2.629711801386224845e+00
2.610095206469402296e+00
2.588774035541638430e+00
2.568567628567127947e+00
2.546783249419035222e+00
2.525988914141403363e+00
2.503730667567526602e+00
2.482349008588407013e+00
2.459606313847300108e+00
2.437636568247357527e+00
2.414398603802603738e+00
2.391838536617020061e+00
2.368093953449829758e+00
2.344939745853692692e+00
2.320676411601062306e+00
2.296922549920566325e+00
2.272127323773327934e+00
2.247766495901749817e+00
2.222425035303210894e+00
2.197448041724069601e+00
2.171544643330222790e+00
2.145940329988122119e+00
2.119457809299585271e+00
2.093213030719694334e+00
2.066132647463077454e+00
2.039232270403812386e+00
2.011533709151303029e+00
1.983960670968986095e+00
1.955622091134201712e+00
1.927357530187746804e+00
1.898355705295104334e+00
1.869379188009318016e+00
1.839689760961020104e+00
1.809979638231655308e+00
1.779577530011744013e+00
1.749111467170451961e+00
1.717971489978505018e+00
1.686727230188848736e+00
1.654824974011707139e+00
1.622781415973020502e+00
1.590094501895472634e+00
1.557233200912567117e+00
1.523743026816948509e+00
1.490050264481333153e+00
1.455744410707034087e+00
1.421214026662551921e+00
1.386089542890327042e+00
1.350726782258929504e+00
1.314794643997374113e+00
1.278621347467356895e+00
1.241912449227289272e+00
1.204973996068497533e+00
1.167547133107590174e+00
1.129921629647559822e+00
1.091873993682428878e+00
1.053684256186371293e+00
1.015164994665355369e+00
9.765938519233323678e-01
9.378211440104173846e-01
8.991303850008693921e-01
8.604121389871395298e-01
8.219648890537560870e-01
7.837223630720400180e-01
7.460075468778160079e-01
7.087996594915118020e-01
6.724552143054208786e-01
6.369987790546400852e-01
6.028272489504662435e-01
5.700048347236916779e-01
5.389712444268494052e-01
5.098146034693351591e-01
4.830136050190244612e-01
4.586487808843486280e-01
4.372294104782341595e-01
4.187729857914585518e-01
4.038208312041051129e-01
3.922235820941673001e-01
3.846455063462543844e-01
3.803035282337380307e-01
