2.273696643664801620e+00
2.273934748395662453e+00
2.274410784422831178e+00
2.275124397184848046e+00
2.276075066973166194e+00
2.277262085850338291e+00
2.278684589633717561e+00
2.280341519409550433e+00
2.282231669568057786e+00
2.284353633887800328e+00
2.286705869691862070e+00
2.289286628464076490e+00
2.292094036216636432e+00
2.295126008584710053e+00
2.298380347514400679e+00
2.301854640764530835e+00
2.305546375040507190e+00
2.309452819811463886e+00
2.313571157030111181e+00
2.317898349150099957e+00
2.322431285584796168e+00
2.327166634783659482e+00
2.332101007594439945e+00
2.337230793229088555e+00
2.342552339704653264e+00
2.348061773499071414e+00
2.353755197256750087e+00
2.359628492903020902e+00
2.365677536811750414e+00
2.371897986114761991e+00
2.378285511541447406e+00
2.384835566626553938e+00
2.391543638446377074e+00
2.398404999395284065e+00
2.405414976060200161e+00
2.412568683203367925e+00
2.419861311036992202e+00
2.427287841017093939e+00
2.434843351803756217e+00
2.442522716438496388e+00
2.450320927302753304e+00
2.458232774218851446e+00
2.466253188750404668e+00
2.474376902734332528e+00
2.482598812301844760e+00
2.490913616315678869e+00
2.499316200529311693e+00
2.507801255369138005e+00
2.516363680692617955e+00
2.524998182318908935e+00
2.533699697893754710e+00
2.542462971533499871e+00
2.551283001355947988e+00
2.560154591560930726e+00
2.569072822242031151e+00
2.578032578181495005e+00
2.587029041617936898e+00
2.596057196983288406e+00
2.605112347366896675e+00
2.614189594366703506e+00
2.623284379060730309e+00
2.632391936082969952e+00
2.641507859989799201e+00
2.650627532602122027e+00
2.659746715737486333e+00
2.668860950782780517e+00
2.677966178853641743e+00
2.687058111475272071e+00
2.696132879330181531e+00
2.705186372827075747e+00
2.714214920707340717e+00
2.723214599171790873e+00
2.732181941737056530e+00
2.741113215465444952e+00
2.750005163596154656e+00
2.758854247282239935e+00
2.767657422670495748e+00
2.776411346388630186e+00
2.785113188914002169e+00
2.793759801870133952e+00
2.802348569710909842e+00
2.810876536674205894e+00
2.819341299017566360e+00
2.827740089232325449e+00
2.836070711302636660e+00
2.844330579498786982e+00
2.852517699397060014e+00
2.860629658236419015e+00
2.868664654735441744e+00
2.876620437598891744e+00
2.884495387502241659e+00
2.892287399855258290e+00
2.899995022694557889e+00
2.907616279222678735e+00
2.915149865749704805e+00
2.922593908787218808e+00
2.929947227596890524e+00
2.937208019667051140e+00
2.944375192831676369e+00
2.951446971706490618e+00
2.958422304702030381e+00
2.965299382352636126e+00
2.972077124870308396e+00
2.978753601244933158e+00
2.985327603462219148e+00
2.991796953035128048e+00
2.998160169262366725e+00
3.004414648225033346e+00
3.010558435719588033e+00
3.016588263924004476e+00
3.022501446334768360e+00
3.028293760049040717e+00
3.033961490576694064e+00
3.039499151995553650e+00
3.044901722497207697e+00
3.050162198172082118e+00
3.055274074583703037e+00
3.060228732340146252e+00
3.065018238603537615e+00
3.069632566087791670e+00
3.074062814503696117e+00
3.078298273174241206e+00
3.082330228091268332e+00
3.086149021753452626e+00
3.089749136971577492e+00
3.093127681643069060e+00
3.096293735084786114e+00
3.099269851467977510e+00
3.102097135664091621e+00
3.104816949450152741e+00
3.107462876832661980e+00
3.110051691939944796e+00
3.112595382312847825e+00
3.115099922677481370e+00
3.117584510162379363e+00
3.120156232452228284e+00
3.123089397536417344e+00
3.126482259036252209e+00
3.130176623595515295e+00
3.134014721211814791e+00
3.137882466702185180e+00
3.141726562521706789e+00
3.145517177073190229e+00
3.149245039141844060e+00
3.152902927175828207e+00
3.156490880661924958e+00
3.160006805179645273e+00
3.163452564499300568e+00
3.166827491023642693e+00
3.170133744542441345e+00
3.173371163101670334e+00
3.176541857300501537e+00
3.179645892317532585e+00
3.182685263289612099e+00
3.185660165446678072e+00
3.188572479858141406e+00
3.191422489859658818e+00
3.194211975852604635e+00
3.196941285479546035e+00
3.199612110930913911e+00
3.202224847757853876e+00
3.204781109610149059e+00
3.207281327566436246e+00
3.209727044053976464e+00
3.212118715957109849e+00
3.214457820085635298e+00
3.216744831340399013e+00
3.218981165298555602e+00
3.221167308555751951e+00
3.223304618966834401e+00
3.225393589645122905e+00
3.227435523599967659e+00
3.229430916196409651e+00
3.231381018011421080e+00
3.233286323133418350e+00
3.235148031777736577e+00
3.236966633833395335e+00
3.238743280970054705e+00
3.240478456457578815e+00
3.242173265044914210e+00
3.243828181384924125e+00
3.245444264786510491e+00
3.247021979644345802e+00
3.248562341197998027e+00
3.250065802246153712e+00
3.251533335245061718e+00
3.252965380319019051e+00
3.254362868360773930e+00
3.255726225964447718e+00
3.257056343626526296e+00
3.258353633746687628e+00
3.259618947549697499e+00
3.260852682741678166e+00
3.262055652364671765e+00
3.263228239074722037e+00
3.264371218789767770e+00
3.265484958882444833e+00
3.266570199178570277e+00
3.267627291640636145e+00
3.268656941010392281e+00
3.269659483805786859e+00
3.270635590670753601e+00
3.271585582724500618e+00
3.272510097479385927e+00
3.273409440771719137e+00
3.274284217930260255e+00
3.275134719685980578e+00
3.275961520115750591e+00
3.276764895077977524e+00
3.277545388315604047e+00
3.278303261097846644e+00
3.279039027741245782e+00
3.279752935257226998e+00
3.280445469437549555e+00
3.281116863414894613e+00
3.281767575358066846e+00
3.282397824949972343e+00
3.283008043646733487e+00
3.283598438165586053e+00
3.284169414179612279e+00
3.284721165988429004e+00
3.285254074445348671e+00
3.285768322057241786e+00
3.286264265872712809e+00
3.286742077325034650e+00
3.287202090747445293e+00
3.287644467335133935e+00
3.288069519896145376e+00
3.288477400365386050e+00
3.288868401345814263e+00
3.289242666659267567e+00
3.289600470181231362e+00
3.289941948959403284e+00
3.290267359794496471e+00
3.290576834496434344e+00
3.290870614610834188e+00
3.291148828412365557e+00
3.291411704118315296e+00
3.291659368236193206e+00
3.291892037538720395e+00
3.292109838385858023e+00
3.292312977658109485e+00
3.292501582663207582e+00
3.292675851141414700e+00
3.292835911354737188e+00
3.292981951206161995e+00
3.293114098120899502e+00
3.293232527296518608e+00
3.293337361064748503e+00
3.293428756357960285e+00
3.293506823429702912e+00
3.293571692812061524e+00
3.293623453571319359e+00
3.293662200294636300e+00
3.293687991365992662e+00
3.293700876710149661e+00
