0.000000000000000000e+00
0.000000000000000000e+00
9.207020024763529875e+00
2.763974144769404262e+01
5.533558711318085699e+01
9.235084179117544068e+01
1.387608335084426869e+02
1.946601765395103882e+02
2.601630771092298460e+02
3.354037031297666545e+02
4.205366195790008987e+02
5.157372914125473926e+02
6.212026562061535060e+02
7.371517690317090228e+02
8.638265224018908839e+02
1.001492444452922655e+03
1.150439578901890854e+03
1.310983450685119578e+03
1.483466121594736478e+03
1.668257340644863234e+03
1.865755794363602490e+03
2.076390462675029084e+03
2.300622086565826066e+03
2.538944754264657604e+03
2.791887613272112503e+03
3.060016716191231808e+03
3.343937009013261559e+03
3.644294471221347067e+03
3.961778417891894605e+03
4.297123974797017581e+03
4.651114738463838876e+03
5.024585634107180340e+03
5.418425985468440558e+03
5.833582811718246376e+03
6.271064367892006885e+03
6.731943946651528677e+03
7.217363960711953041e+03
7.728540326834665393e+03
8.266767174118649564e+03
8.833421901169815101e+03
9.429970608903813627e+03
1.005797393793236552e+04
1.071909334207543907e+04
1.141509783215873904e+04
1.214787122735512094e+04
1.291941995446118199e+04
1.373188143921843402e+04
1.458753313755270938e+04
1.548880225908519969e+04
1.643827623980753560e+04
1.743871402623377071e+04
1.849305823884135680e+04
1.960444828919807333e+04
2.077623453186510596e+04
2.201199354020526152e+04
2.331554460341184313e+04
2.469096755193551508e+04
2.614262202855013311e+04
2.767516833446455348e+04
2.929358999232348651e+04
3.100321818303329928e+04
3.280975822880204214e+04
3.471931831361367222e+04
3.673844065166793735e+04
3.887413533794626710e+04
4.113391713932594575e+04
4.352584551447915146e+04
4.605856818142183329e+04
4.874136858938854857e+04
5.158421769052985474e+04
5.459783045510169177e+04
5.779372762319410685e+04
6.118430324776148336e+04
6.478289864694654534e+04
6.860388346388826903e+04
7.266274461556832830e+04
7.697618402271272498e+04
8.156222613761486718e+04
8.644033647599711549e+04
9.163155263456048851e+04
9.715862980821580277e+04
1.030462038805343327e+05
1.093209775674052653e+05
1.160119405294095632e+05
1.231506465612407192e+05
1.307715953611572913e+05
1.389128026950783096e+05
1.476166531162671454e+05
1.569310142088993744e+05
1.669103486543507897e+05
1.776165105438486789e+05
1.891192376990081975e+05
2.014966253990168043e+05
2.148357948641562543e+05
2.292338016721966560e+05
2.447987655127115140e+05
2.616512095145567728e+05
2.799256169228863437e+05
2.997722276495172991e+05
3.213591074706202489e+05
3.448745310503612272e+05
3.705297284373569419e+05
3.985620542655788013e+05
4.292386503027782310e+05
4.628606857579125208e+05
4.997682764661115943e+05
5.403462043157862499e+05
5.850305828487474937e+05
6.343166447174143977e+05
6.887678627758149523e+05
7.490266603211432230e+05
8.158270191301340237e+05
8.900093584579041926e+05
9.725381367427865043e+05
1.064522723492860561e+06
1.167242205782994395e+06
1.282174936743634753e+06
1.411033808550876100e+06
1.555808446993001504e+06
1.718815787923770025e+06
1.902760818582766689e+06
2.110809662233186886e+06
2.346677668053421192e+06
2.614735757817035541e+06
2.920138995938857086e+06
3.268982210655515548e+06
3.668488519217501860e+06
4.127237810252220370e+06
4.655443604467295110e+06
5.265288208507115953e+06
5.971327583984687924e+06
6.790978638754067943e+06
7.745102249384857714e+06
8.858694394898429513e+06
1.016169380846793018e+07
1.168990492273251899e+07
1.348601521074578539e+07
1.560064925223274529e+07
1.809333727864946052e+07
2.103316896438249573e+07
2.449873794776392356e+07
2.857675236774827540e+07
3.335842159434187785e+07
3.893254937820443511e+07
4.537444792559979856e+07
5.273077866212821752e+07
6.100257630082245916e+07
7.013160903654964268e+07
7.999700529833053052e+07
9.042711265718758106e+07
1.012252809161871672e+08
1.122013532762325555e+08
1.231983891440917999e+08
1.341079139057504833e+08
1.448731113430773616e+08
1.554835100383669734e+08
1.659655895292805433e+08
1.763726138969196081e+08
1.867754890792980492e+08
1.972553352170458734e+08
2.078978675528267920e+08
2.187894201370186210e+08
2.300143549640388489e+08
2.416535774885978997e+08
2.537838883164550364e+08
2.664779274940492511e+08
2.798045060898413658e+08
2.938291633912397623e+08
3.086148308490899205e+08
3.242225213846199512e+08
3.407119926487122774e+08
3.581423550619783998e+08
3.765726109028416872e+08
3.960621207597908974e+08
4.166709997375666499e+08
4.384604491194657683e+08
4.614930306722722650e+08
4.858328911219696403e+08
5.115459439943120480e+08
5.387000153241202831e+08
5.673649588872910738e+08
5.976127457300956249e+08
6.295175319279792309e+08
6.631557077450741529e+08
6.986059306967889071e+08
7.359491444506069422e+08
7.752685850240665674e+08
8.166497753516329527e+08
8.601805089767652750e+08
9.059508233780652285e+08
9.540529632414143085e+08
1.004581333841328144e+09
1.057632444578647494e+09
1.113304842638240576e+09
1.171699036666128635e+09
1.232917410322738886e+09
1.297064125535315037e+09
1.364245015253166914e+09
1.434567465491536140e+09
1.508140286440485477e+09
1.585073572402213812e+09
1.665478550310355902e+09
1.749467416566564322e+09
1.837153161909758806e+09
1.928649383999506712e+09
2.024070087353781223e+09
2.123529470219175339e+09
2.227141697874619007e+09
2.335020661762182236e+09
2.447279723705363750e+09
2.564031444298293114e+09
2.685387294330632687e+09
2.811457347830142975e+09
2.942349954957499027e+09
3.078171392545514584e+09
3.219025489531905651e+09
3.365013223851346493e+09
3.516232286511351585e+09
3.672776607525377274e+09
3.834735837078350067e+09
4.002194773681306839e+09
4.175232729065723419e+09
4.353922817065597534e+09
4.538331150620559692e+09
4.728515927137621880e+09
4.924526377578713417e+09
5.126401548527565002e+09
5.334168878811077118e+09
5.547842522573905945e+09
5.767421358502584457e+09
5.992886609466435432e+09
6.224198977328878403e+09
6.461295172975157738e+09
6.704083690346839905e+09
6.952439633789576530e+09
7.206198358332789421e+09
7.465147620365369797e+09
7.729017859202233315e+09
7.997470136209300995e+09
8.270081146598521233e+09
8.546324591691483498e+09
8.825548064251924515e+09
9.106944475612821579e+09
9.389516980502582550e+09
9.672036408768625259e+09
9.952990525225751877e+09
1.023052522943146896e+10
1.050237941381987190e+10
1.076581808504880142e+10
1.101757303926691818e+10
1.125380718366019058e+10
1.147012702423682404e+10
1.166167556897684669e+10
1.182333965731430626e+10
1.195009343613332748e+10
1.203746615170286560e+10
