-3.650576825252069835e+00
-3.650864766747122125e+00
-3.651440624042489702e+00
-3.652304345800843954e+00
-3.653455855019076548e+00
-3.654895049184861744e+00
-3.656621800230274832e+00
-3.658635954793123091e+00
-3.660937334147418731e+00
-3.663525734570057590e+00
-3.666400927248165242e+00
-3.669562658751971185e+00
-3.673010650919074749e+00
-3.676744601434598358e+00
-3.680764183692429192e+00
-3.685069047483979343e+00
-3.689658818836510257e+00
-3.694533100812059878e+00
-3.699691473322977764e+00
-3.705133494042885278e+00
-3.710858698199534178e+00
-3.716866599599958576e+00
-3.723156690400820423e+00
-3.729728442250197062e+00
-3.736581306035600125e+00
-3.743714713145177342e+00
-3.751128075193639777e+00
-3.758820785405960319e+00
-3.766792218321493024e+00
-3.775041731303661052e+00
-3.783568664222568323e+00
-3.792372341094536914e+00
-3.801452069743621820e+00
-3.810807143575248634e+00
-3.820436841217139001e+00
-3.830340428431727506e+00
-3.840517157737092457e+00
-3.850966270463354935e+00
-3.861686996354331658e+00
-3.872678555773580111e+00
-3.883940159287676774e+00
-3.895471010028196623e+00
-3.907270303257599053e+00
-3.919337228894029579e+00
-3.931670971061215436e+00
-3.944270710783480016e+00
-3.957135625521256195e+00
-3.970264892044586880e+00
-3.983657685956215833e+00
-3.997313184752477433e+00
-4.011230567336464325e+00
-4.025409017276031065e+00
-4.039847722310120126e+00
-4.054545877814348387e+00
-4.069502686304439010e+00
-4.084717361120706158e+00
-4.100189125933496825e+00
-4.115917218658659671e+00
-4.131900890971329510e+00
-4.148139412465097209e+00
-4.164632070182369361e+00
-4.181378173030299905e+00
-4.198377051338527011e+00
-4.215628061545015015e+00
-4.233130585795447764e+00
-4.250884036911359409e+00
-4.268887858050559814e+00
-4.287141527967953003e+00
-4.305644560763723483e+00
-4.324396511443223012e+00
-4.343396975790769332e+00
-4.362645596227849865e+00
-4.382142061868557370e+00
-4.401886114664593563e+00
-4.421877549732610824e+00
-4.442116221767093087e+00
-4.462602045815714291e+00
-4.483335003993336620e+00
-4.504315147188339807e+00
-4.525542602575305828e+00
-4.547017578186451914e+00
-4.568740374725629216e+00
-4.590711402905043315e+00
-4.612931221605594878e+00
-4.635400625021108389e+00
-4.658120844304203700e+00
-4.681094051614691054e+00
-4.704324578719266015e+00
-4.727821935004580922e+00
-4.751607866321129414e+00
-4.775731377605099581e+00
-4.800292322985142413e+00
-4.825453625588449036e+00
-4.851397656288299665e+00
-4.878240627606579949e+00
-4.905995464936441230e+00
-4.934599780208362318e+00
-4.963953985723785323e+00
-4.993944608655554340e+00
-5.024455456766135697e+00
-5.055373101900413779e+00
-5.086589726724624505e+00
-5.118004824379051243e+00
-5.149526091938040118e+00
-5.181069874979375101e+00
-5.212561179673756762e+00
-5.243933458883991428e+00
-5.275128164387572482e+00
-5.306094218068130530e+00
-5.336787381405443398e+00
-5.367169633865287892e+00
-5.397208526597356837e+00
-5.426876590391173316e+00
-5.456150756125803802e+00
-5.485011845549125020e+00
-5.513444087678577077e+00
-5.541434705554796558e+00
-5.568973529327943872e+00
-5.596052672506255377e+00
-5.622666229965542328e+00
-5.648810029716898384e+00
-5.674481400392660468e+00
-5.699678983319137693e+00
-5.724402554565442891e+00
-5.748652883621331533e+00
-5.772431597270938575e+00
-5.795741073586134107e+00
-5.818584337418251096e+00
-5.840964980850350763e+00
-5.862887082424957264e+00
-5.884355147308562906e+00
-5.905374044302763359e+00
-5.925948960672780430e+00
-5.946085352505905419e+00
-5.965788910466732098e+00
-5.985065520221169777e+00
-6.003921236367476766e+00
-6.022362250505763015e+00
-6.040394871324494375e+00
-6.058025498530904329e+00
-6.075260607608568897e+00
-6.092106728289615525e+00
-6.108570432889859347e+00
-6.124658318343383812e+00
-6.140376997306075779e+00
-6.155733083020781926e+00
-6.170733182586871202e+00
-6.185383884104714625e+00
-6.199691751659379690e+00
-6.213663314325271081e+00
-6.227305062521775625e+00
-6.240623438555829239e+00
-6.253624834087595730e+00
-6.266315581960200554e+00
-6.278701954572634136e+00
-6.290790156798775179e+00
-6.302586325108434195e+00
-6.314096521417416952e+00
-6.325326732830058418e+00
-6.336282866291951699e+00
-6.346970748851730626e+00
-6.357396123010722988e+00
-6.367564647420344670e+00
-6.377481892840347832e+00
-6.387153343202315980e+00
-6.396584392101870797e+00
-6.405780344169749618e+00
-6.414746412034046052e+00
-6.423487717949049269e+00
-6.432009291172215981e+00
-6.440316069807876076e+00
-6.448412898550647476e+00
-6.456304530706751699e+00
-6.463995626261391791e+00
-6.471490754045059468e+00
-6.478794390087297295e+00
-6.485910919899260385e+00
-6.492844637080428249e+00
-6.499599745692067998e+00
-6.506180359087000653e+00
-6.512590502351469191e+00
-6.518834111331255343e+00
-6.524915035121945373e+00
-6.530837035267472501e+00
-6.536603788280944016e+00
-6.542218884994188244e+00
-6.547685833093341401e+00
-6.553008056600066134e+00
-6.558188898407910195e+00
-6.563231619877917922e+00
-6.568139403363290718e+00
-6.572915351903918513e+00
-6.577562491728319749e+00
-6.582083772033242575e+00
-6.586482067453174771e+00
-6.590760177912608597e+00
-6.594920831054541743e+00
-6.598966682154398633e+00
-6.602900316500016409e+00
-6.606724249357331047e+00
-6.610440928295293617e+00
-6.614052733194554889e+00
-6.617561978511625753e+00
-6.620970913322729245e+00
-6.624281723522209120e+00
-6.627496531894688125e+00
-6.630617400243408177e+00
-6.633646329484543358e+00
-6.636585261701729799e+00
-6.639436080257151929e+00
-6.642200611769143670e+00
-6.644880626235155852e+00
-6.647477838929769511e+00
-6.649993910535452635e+00
-6.652430448958777554e+00
-6.654789009465363669e+00
-6.657071096412650490e+00
-6.659278163386242788e+00
-6.661411614848235629e+00
-6.663472806272880078e+00
-6.665463045710517953e+00
-6.667383593921877072e+00
-6.669235665858941786e+00
-6.671020430799227796e+00
-6.672739013747486680e+00
-6.674392495574533513e+00
-6.675981914347980606e+00
-6.677508265485941230e+00
-6.678972503032474251e+00
-6.680375539846605371e+00
-6.681718248851579389e+00
-6.683001463297630451e+00
-6.684225978038057292e+00
-6.685392549936430839e+00
-6.686501899265658189e+00
-6.687554710387924040e+00
-6.688551633449802303e+00
-6.689493285565638381e+00
-6.690380253116636311e+00
-6.691213093844425863e+00
-6.691992340287794327e+00
-6.692718503475014735e+00
-6.693392078368505693e+00
-6.694013550216730835e+00
-6.694583403228785201e+00
-6.695102130852095712e+00
-6.695570248710180472e+00
-6.695988309049647924e+00
-6.696356916413526150e+00
-6.696676741425694246e+00
-6.696948529041254261e+00
-6.697173094237165891e+00
-6.697351297782588198e+00
-6.697483995017948999e+00
-6.697571957367666862e+00
-6.697615776858361514e+00
