1.036767736293100128e+01
1.036538632555891581e+01
1.036080597384526136e+01
1.035393975108179809e+01
1.034479281630261482e+01
1.033337203599931264e+01
1.031968597512832808e+01
1.030374488337935546e+01
1.028556068179826788e+01
1.026514694372254510e+01
1.024251887715280418e+01
1.021769330051222191e+01
1.019068862094127326e+01
1.016152480507966871e+01
1.013022335349842429e+01
1.009680726674195483e+01
1.006130101614803429e+01
1.002373050542404265e+01
9.984123038139012252e+00
9.942507275140423317e+00
9.898913199033078314e+00
9.853372067771697829e+00
9.805916376467461504e+00
9.756579807516786218e+00
9.705397190098638660e+00
9.652404447220394701e+00
9.597638553286861551e+00
9.541137478460596455e+00
9.482940144696991425e+00
9.423086367827751886e+00
9.361616812465577198e+00
9.298572932226724319e+00
9.233996923912931365e+00
9.167931666291611492e+00
9.100420673962521079e+00
9.031508035112329580e+00
8.961238365469142764e+00
8.889656745441671504e+00
8.816808674556114056e+00
8.742740008380206262e+00
8.667496913824168203e+00
8.591125806235323736e+00
8.513673305929300383e+00
8.435186175823329080e+00
8.355711279542990866e+00
8.275295519942572398e+00
8.193985799110494739e+00
8.111828958100495868e+00
8.028871739133558449e+00
7.945160726838754961e+00
7.860742312921218833e+00
7.775662639183937408e+00
7.689967564901479591e+00
7.603702611865871930e+00
7.516912934673602997e+00
7.429643268009447077e+00
7.341937900021305197e+00
7.253840622026903162e+00
7.165394705115859963e+00
7.076642852436293651e+00
6.987627179126785215e+00
6.898389167314297410e+00
6.808969649440065552e+00
6.719408766076949924e+00
6.629745952672429610e+00
6.540019900275741094e+00
6.450268545675451826e+00
6.360529035116169183e+00
6.270837717755913587e+00
6.181230112452402281e+00
6.091740904401294010e+00
6.002403915087128894e+00
5.913252101875486666e+00
5.824317531255414515e+00
5.735631381012480823e+00
5.647223916909103636e+00
5.559124496727311460e+00
5.471361550325116951e+00
5.383962583677980973e+00
5.296954160511567977e+00
5.210361899149327236e+00
5.124210443059284970e+00
5.038523414999890093e+00
4.953323298977204026e+00
4.868631154060591548e+00
4.784465941223378316e+00
4.700842835851872792e+00
4.617769198185276203e+00
4.535234737411345307e+00
4.453188990274048464e+00
4.371494700674031897e+00
4.289858570554563322e+00
4.207807599038883239e+00
4.124847181870062940e+00
4.040733481866065624e+00
3.955565622423496741e+00
3.869669033014862869e+00
3.783459477803827298e+00
3.697364036134321186e+00
3.611785331460305670e+00
3.527085992456751473e+00
3.443582614525338315e+00
3.361544055134038977e+00
3.281192560083152188e+00
3.202706371633285087e+00
3.126223491735576232e+00
3.051845866755553693e+00
2.979643875416638554e+00
2.909660663640487588e+00
2.841916335092480761e+00
2.776411731647770331e+00
2.713131893209395962e+00
2.652049049082918053e+00
2.593125266141321106e+00
2.536314669677116385e+00
2.481565367638791209e+00
2.428821024537445972e+00
2.378022205617196239e+00
2.329107450404281465e+00
2.282014180452451413e+00
2.236679405168919388e+00
2.193040314344641306e+00
2.151034722941051580e+00
2.110601442380841686e+00
2.071680544733106810e+00
2.034213582104996032e+00
1.998143728520115792e+00
1.963415896995540200e+00
1.929976800279845861e+00
1.897775000335892193e+00
1.866760916488629185e+00
1.836886831264316733e+00
1.808106865480306080e+00
1.780376956770023611e+00
1.753654814823634611e+00
1.727899883616723864e+00
1.703073285633072365e+00
1.679137775151175349e+00
1.656057677276440598e+00
1.633798837130606474e+00
1.612328557473146740e+00
1.591615546930005287e+00
1.571629858596476081e+00
1.552342839284077902e+00
1.533727070562513894e+00
1.515756320223672349e+00
1.498405486595076219e+00
1.481650552898499340e+00
1.465468535253243720e+00
1.449837440261418919e+00
1.434736216848950363e+00
1.420144717184114391e+00
1.406043652331197658e+00
1.392414556464915742e+00
1.379239746204441897e+00
1.366502287997657161e+00
1.354185960940403000e+00
1.342275227152814221e+00
1.330755197855475025e+00
1.319611606533212189e+00
1.308830778026098374e+00
1.298399604265645824e+00
1.288305516137401296e+00
1.278536461574641292e+00
1.269080879956216101e+00
1.259927682349513800e+00
1.251066228218861598e+00
1.242486307620314090e+00
1.234178120010188007e+00
1.226132258207121906e+00
1.218339689105851109e+00
1.210791739235889120e+00
1.203480077201443343e+00
1.196396700680136371e+00
1.189533920425489999e+00
1.182884348562831311e+00
1.176440884005619525e+00
1.170196701918822857e+00
1.164145240414246718e+00
1.158280191064047671e+00
1.152595486753173359e+00
1.147085293137048767e+00
1.141743997541194267e+00
1.136566201267615872e+00
1.131546709442588172e+00
1.126680524085851953e+00
1.121962834817409105e+00
1.117389012612445054e+00
1.112954601286929579e+00
1.108655311869020110e+00
1.104487014791430077e+00
1.100445734817185439e+00
1.096527643874034785e+00
1.092729056478844107e+00
1.089046423155883625e+00
1.085476326309951611e+00
1.082015474176318381e+00
1.078660697097797661e+00
1.075408941959430598e+00
1.072257268829443611e+00
1.069202845836542570e+00
1.066242946138828085e+00
1.063374943205833700e+00
1.060596308083269435e+00
1.057904605045836943e+00
1.055297489128951938e+00
1.052772702121830495e+00
1.050328070340409647e+00
1.047961500933341616e+00
1.045670979872974637e+00
1.043454568549594397e+00
1.041310401959883558e+00
1.039236685567269891e+00
1.037231693669254717e+00
1.035293766503961432e+00
1.033421308779686187e+00
1.031612787009617005e+00
1.029866728188429947e+00
1.028181717338716883e+00
1.026556396320789100e+00
1.024989461575405159e+00
1.023479663053556088e+00
1.022025802140773987e+00
1.020626730693630524e+00
1.019281349130439107e+00
1.017988605560075532e+00
1.016747494021949860e+00
1.015557053689579492e+00
1.014416367238183403e+00
1.013324560098791904e+00
1.012280798922640779e+00
1.011284290848812439e+00
1.010334282017275598e+00
1.009430056789250685e+00
1.008570936228578629e+00
1.007756277170673842e+00
1.006985470533812821e+00
1.006257940054784861e+00
1.005573140189062187e+00
1.004930554196986403e+00
1.004329691219363774e+00
1.003770083182478290e+00
1.003251280378000265e+00
1.002772846369915927e+00
1.002334351137844859e+00
1.001935363010785451e+00
1.001575438576222110e+00
1.001254111447094752e+00
1.000970880098376536e+00
1.000725197159062718e+00
1.000516462947733665e+00
1.000344028633424864e+00
1.000207214659399213e+00
1.000105349850305414e+00
1.000037831418588041e+00
1.000004198009790457e+00
