5.252708137775638164e+00
5.251972523743633658e+00
5.250501354259742293e+00
5.248294746471962924e+00
5.245352875891756028e+00
5.241675976357248246e+00
5.237264339623875387e+00
5.232118315302718869e+00
5.226238310245157059e+00
5.219624788455841546e+00
5.212278270269813163e+00
5.204199332239336506e+00
5.195388606101460027e+00
5.185846778637698939e+00
5.175574590429442345e+00
5.164572835689321018e+00
5.152842360801211719e+00
5.140384064121936269e+00
5.127198894302083865e+00
5.113287850056337902e+00
5.098651978260789974e+00
5.083292373689991095e+00
5.067210176885697415e+00
5.050406573858474246e+00
5.032882793722282422e+00
5.014640108358083381e+00
4.995679829807914807e+00
4.976003309897762961e+00
4.955611937384066579e+00
4.934507137532693655e+00
4.912690369010083380e+00
4.890163123414875912e+00
4.866926921905084136e+00
4.842983314678548368e+00
4.818333877326692161e+00
4.792980210259643492e+00
4.766923934776258420e+00
4.740166692429370165e+00
4.712710140800828285e+00
4.684555952802006651e+00
4.655705812141786915e+00
4.626161412556957231e+00
4.595924452960301387e+00
4.564996636595251900e+00
4.533379665850199913e+00
4.501075241331745858e+00
4.468085056330762583e+00
4.434410795808200412e+00
4.400054130498066485e+00
4.365016715799986180e+00
4.329300185504047604e+00
4.292906150584767211e+00
4.255836192533227980e+00
4.218091862048130025e+00
4.179674671961933541e+00
4.140586095826399138e+00
4.100827560422146689e+00
4.060400444239030016e+00
4.019306069563172379e+00
3.977545700857221700e+00
3.935120536426388593e+00
3.892031706711028605e+00
3.848280265545251044e+00
3.803867188385130937e+00
3.758793363192167725e+00
3.713059588637026120e+00
3.666666564668533912e+00
3.619614890757372638e+00
3.571905056254752964e+00
3.523537438776692454e+00
3.474512294522698941e+00
3.424829756954970161e+00
3.374489827349663962e+00
3.323492374007082972e+00
3.271837123473275710e+00
3.219523660656070430e+00
3.166551421457120430e+00
3.112919694481812716e+00
3.058627616562441975e+00
3.003674177848157267e+00
2.948058224405539551e+00
2.891778473860632470e+00
2.834833542653365956e+00
2.777222010159847265e+00
2.718942565030218805e+00
2.659994342823690960e+00
2.600377755445660188e+00
2.540096488565996680e+00
2.479162424087905325e+00
2.417607221223148972e+00
2.355507401309453908e+00
2.293026366465633625e+00
2.230447873785330160e+00
2.168134115171266529e+00
2.106411679831579065e+00
2.045503975157298537e+00
1.985547237067780246e+00
1.926626961153802942e+00
1.868801245173604242e+00
1.812111732578821410e+00
1.756588943251594204e+00
1.702255213564750846e+00
1.649126838325464250e+00
1.597215653529800550e+00
1.546530375836614679e+00
1.497077599224872602e+00
1.448862619355907988e+00
1.401889998671891568e+00
1.356164012748757530e+00
1.311688910718010304e+00
1.268469105657460183e+00
1.226509236210703957e+00
1.185814193231504721e+00
1.146389056884448365e+00
1.108239020707600719e+00
1.071369251812465562e+00
1.035784751289765326e+00
1.001490168313580398e+00
9.684896233572061197e-01
9.367864987471435922e-01
9.063832458468612518e-01
8.772811717796469289e-01
8.494802503189695653e-01
8.229789240285919627e-01
7.977739382587196726e-01
7.738601774067238592e-01
7.512305401223977608e-01
7.298758261848837803e-01
7.097846676313083192e-01
6.909434782192557245e-01
6.733364495217282197e-01
6.569455683676503899e-01
6.417506796659045998e-01
6.277295696051814478e-01
6.148580893434005823e-01
6.031102945087005729e-01
5.924586173467685235e-01
5.828740475383668018e-01
5.743263360854320432e-01
5.667841995270708200e-01
5.602155373221930912e-01
5.545876414195776150e-01
5.498674100405889220e-01
5.460215468238942549e-01
5.430167570706683211e-01
5.408199245158082924e-01
5.393982803492293199e-01
5.387195501188197788e-01
5.387520902791858024e-01
5.394650019900669724e-01
5.408282338752796736e-01
5.428126629947501725e-01
5.453901655222640477e-01
5.485336676860137484e-01
5.522171880716990611e-01
5.564158628354154423e-01
5.611059643883482551e-01
5.662649058333713015e-01
5.718712410812850644e-01
5.779046534666492096e-01
5.843459421104217899e-01
5.911769992561108911e-01
5.983807871418548308e-01
6.059413079575315386e-01
6.138435747909660734e-01
6.220735773854838557e-01
6.306182500005400593e-01
6.394654354447799616e-01
6.486038520165088306e-01
6.580230576560999189e-01
6.677134175464066734e-01
6.776660696964256214e-01
6.878728943008673991e-01
6.983264816401512087e-01
7.090201039208055001e-01
7.199476860487497021e-01
7.311037803878467356e-01
7.424835407218711714e-01
7.540827001633663151e-01
7.658975484500250008e-01
7.779249130955996350e-01
7.901621400540468354e-01
8.026070781151175559e-01
8.152580629020721448e-01
8.281139044646279590e-01
8.411738745427788100e-01
8.544376972895079136e-01
8.679055397257700033e-01
8.815780055273667593e-01
8.954561286076919702e-01
9.095413699219873083e-01
9.238356141404210353e-01
9.383411694542403980e-01
9.530607673387576639e-01
9.679975653870575014e-01
9.831551502081128380e-01
9.985375433627113884e-01
1.014149207494676297e+00
1.029995055499202117e+00
1.046080460043874227e+00
1.062411266160557366e+00
1.078993804376330079e+00
1.095834906985029500e+00
1.112941925074768301e+00
1.130322748801948718e+00
1.147985828668406150e+00
1.165940200184925502e+00
1.184195509811587943e+00
1.202762044451674450e+00
1.221650762512647148e+00
1.240873328700122347e+00
1.260442150665045613e+00
1.280370419545623806e+00
1.300672152603521647e+00
1.321362239843480113e+00
1.342456492847887484e+00
1.363971697508483905e+00
1.385925668837642011e+00
1.408337309233589574e+00
1.431226668191597717e+00
1.454615004345813700e+00
1.478524847395423336e+00
1.502980059986246619e+00
1.528005896224884808e+00
1.553629055505842516e+00
1.579877726675753769e+00
1.606781618792307631e+00
1.634371970463672774e+00
1.662681529751782072e+00
1.691744491099377967e+00
1.721596373655458700e+00
1.752273817450203053e+00
1.783814268170740291e+00
1.816255508908806826e+00
1.849634985215270033e+00
1.883988849375952457e+00
1.919350626827190931e+00
1.955749373343361519e+00
1.993207150658108828e+00
2.031735592195856199e+00
2.071331264218793322e+00
2.111969445865932382e+00
2.153595864989896747e+00
2.196115845295788294e+00
2.239380282127438448e+00
2.283167930072745655e+00
2.327163775601506668e+00
2.370933964553425088e+00
2.413899119766662160e+00
2.455310188028982932e+00
2.494234289283158823e+00
2.529561877679614490e+00
2.560049108258126260e+00
2.584407292357563168e+00
2.601440851640949070e+00
2.610215402066504264e+00
