0.000000000000000000e+00
0.000000000000000000e+00
9.125136068968100659e+20
2.737769467329649312e+21
5.476224698307647111e+21
9.128564534202677068e+21
1.369570179563434646e+22
1.917877617875784565e+22
2.557915336233240966e+22
3.289842392997386676e+22
4.113840210369764445e+22
5.030112428511364488e+22
6.038884739904679864e+22
7.140404703490379612e+22
8.334941537921818165e+22
9.622785893363240822e+22
1.100424960104025828e+23
1.247966539986192428e+23
1.404938663918533115e+23
1.571378695693328376e+23
1.747325993199912511e+23
1.932821871003847308e+23
2.127909560144219236e+23
2.332634165047956278e+23
2.547042617426543022e+23
2.771183627042879670e+23
3.005107629199091554e+23
3.248866728822623227e+23
3.502514640986136977e+23
3.766106627728377475e+23
4.039699430996533314e+23
4.323351201566663996e+23
4.617121423748221591e+23
4.921070835719236391e+23
5.235261345282843287e+23
5.559755940883027271e+23
5.894618597655471299e+23
6.239914178342338649e+23
6.595708328833125093e+23
6.962067368152602205e+23
7.339058172644194244e+23
7.726748054163868122e+23
8.125204632019384633e+23
8.534495698466026344e+23
8.954689077481053314e+23
9.385852476626415586e+23
9.828053331710255070e+23
1.028135864405796191e+24
1.074583481009354826e+24
1.122154744304622228e+24
1.170856118647476233e+24
1.220693951943376655e+24
1.271674455296771260e+24
1.323803681777105754e+24
1.377087504269610324e+24
1.431531592396781161e+24
1.487141388478533138e+24
1.543922082519746943e+24
1.601878586193335034e+24
1.661015505811254117e+24
1.721337114252016657e+24
1.782847321841942464e+24
1.845549646159369904e+24
1.909447180765248512e+24
1.974542562830166591e+24
2.040837939669019925e+24
2.108334934154176471e+24
2.177034609027883362e+24
2.246937430084897240e+24
2.318043228256958576e+24
2.390351160566996485e+24
2.463859669992880799e+24
2.538566444191368750e+24
2.614468373105436921e+24
2.691561505321225275e+24
2.769841003040985422e+24
2.849301095119033796e+24
2.929935027125763021e+24
3.011735005737547825e+24
3.094692131567804648e+24
3.178796306449069458e+24
3.264036083432205538e+24
3.350398386217351878e+24
3.437867933546493363e+24
3.526426012470119781e+24
3.616047907496238464e+24
3.706697949309531660e+24
3.798321656838874309e+24
3.890837327490974375e+24
3.984133269824094878e+24
4.078075051938844038e+24
4.172519167325258666e+24
4.267325809322028895e+24
4.362367193103636416e+24
4.457531906883629215e+24
4.552726780172399192e+24
4.647877341197089735e+24
4.742927454774819568e+24
4.837838461855294151e+24
4.932588014996429208e+24
5.027168742650046239e+24
5.121586840173552299e+24
5.215860660341721539e+24
5.310019356230829608e+24
5.404101612476070575e+24
5.498154487452766325e+24
5.592232378037135517e+24
5.686396110665428113e+24
5.780712156460202867e+24
5.875251964408264888e+24
5.970091404016603386e+24
6.065310307684064378e+24
6.160992102426223082e+24
6.257223520769124357e+24
6.354094380976949692e+24
6.451697427538236439e+24
6.550128223537746873e+24
6.649485087450876917e+24
6.749869067647034835e+24
6.851383948743335601e+24
6.954136284610162925e+24
7.058235453546607279e+24
7.163793731660770275e+24
7.270926381035108491e+24
7.379751749603823463e+24
7.490391380017462169e+24
7.602970124910853104e+24
7.717616266091693592e+24
7.834461635026754094e+24
7.953641731747709568e+24
8.075295838716363922e+24
8.199567125347455174e+24
8.326602737532268714e+24
8.456553864611150057e+24
8.589575773467823892e+24
8.725827795605229752e+24
8.865473247781919098e+24
9.008679259863463227e+24
9.155616474839481087e+24
9.306458576267267296e+24
9.461381590044308218e+24
9.620562906297301050e+24
9.784179984853786467e+24
9.952408763475745223e+24
1.012542190509560692e+25
1.030338720934000096e+25
1.048646673454584063e+25
1.067481729757196812e+25
1.086859284075884819e+25
1.106794857671072347e+25
1.127304605599300586e+25
1.148405784416032540e+25
1.170117069593092332e+25
1.192458681800217698e+25
1.215452351619474426e+25
1.239121186382474534e+25
1.263489499881786993e+25
1.288582644951430831e+25
1.314426867640274016e+25
1.341049187313942459e+25
1.368477299732200438e+25
1.396739497614811007e+25
1.425864603129168187e+25
1.455881907617822613e+25
1.486821114961745088e+25
1.518712285928672461e+25
1.551585781595653330e+25
1.585472204472597827e+25
1.620402336330156403e+25
1.656407071995728769e+25
1.693517348561919918e+25
1.731764069579670063e+25
1.771178023902159145e+25
1.811789798917959551e+25
1.853629687971287112e+25
1.896727591818178904e+25
1.941112914014462517e+25
1.986814450175489026e+25
2.033860271091460411e+25
2.082277599725651742e+25
2.132092682167615064e+25
2.183330652658876162e+25
2.236015392856314643e+25
2.290169385546867187e+25
2.345813563078404830e+25
2.402967150823406268e+25
2.461647506046602546e+25
2.521869952602645305e+25
2.583647611946944178e+25
2.646991230999966899e+25
2.711909007463907849e+25
2.778406413248597306e+25
2.846486016722298210e+25
2.916147304560090246e+25
2.987386504019557233e+25
3.060196406527961233e+25
3.134566193517764181e+25
3.210481265497349102e+25
3.287923075389935503e+25
3.366868967216207610e+25
3.447292021233880909e+25
3.529160906679899379e+25
3.612439743287384924e+25
3.697087972769709523e+25
3.783060241476648346e+25
3.870306295433231522e+25
3.958770888968343174e+25
4.048393708129104417e+25
4.139109310055378456e+25
4.230847079459198977e+25
4.323531203312622628e+25
4.417080664798348321e+25
4.511409257515063870e+25
4.606425620860460316e+25
4.702033297431166020e+25
4.798130813189482906e+25
4.894611781042876779e+25
4.991365028372883896e+25
5.088274748927366395e+25
5.185220679362695737e+25
5.282078300582858510e+25
5.378719063879704020e+25
5.475010641725178002e+25
5.570817202911758582e+25
5.665999711573797746e+25
5.760416249460343433e+25
5.853922360660933958e+25
5.946371417821244980e+25
6.037615008715752740e+25
6.127503341883214503e+25
6.215885669866164239e+25
6.302610728442690689e+25
6.387527190085797970e+25
6.470484129747042546e+25
6.551331500925520799e+25
6.629920619865058160e+25
6.706104655610591761e+25
6.779739123562521344e+25
6.850682380086094829e+25
6.918796115673285975e+25
6.983945844110021732e+25
7.046001385083535113e+25
7.104837337666625980e+25
7.160333542152214749e+25
7.212375527778074685e+25
7.260854943995093774e+25
7.305669973093580667e+25
7.346725722228698129e+25
7.383934593177975408e+25
7.417216628526322094e+25
7.446499833369869263e+25
7.471720471990593213e+25
7.492823339116731228e+25
7.509762005120590182e+25
7.522499033549204898e+25
7.531006167641869167e+25
