nan
nan
nan
nan
nan
nan
nan
nan
nan
nan
nan
nan
nan
nan
nan
nan
nan
nan
nan
nan
nan
nan
nan
nan
nan
nan
nan
nan
nan
nan
nan
nan
nan
nan
nan
nan
nan
nan
nan
nan
nan
nan
nan
nan
nan
nan
nan
nan
nan
nan
nan
nan
nan
nan
nan
nan
nan
nan
nan
nan
nan
nan
nan
nan
nan
nan
nan
nan
nan
nan
nan
nan
nan
nan
nan
nan
nan
nan
nan
nan
nan
nan
nan
nan
nan
nan
nan
nan
nan
nan
nan
nan
4.167576757061669745e+00
4.661833752628521843e+00
4.876144798755797538e+00
4.994366020339956691e+00
5.063563890225546871e+00
5.104035178792670990e+00
5.126144008349853287e+00
5.135737730469737805e+00
5.136388468575410648e+00
5.130424924756361804e+00
5.119450488970321622e+00
5.104616162518425426e+00
5.086778098491378408e+00
5.066588907733795111e+00
5.044557724060421577e+00
5.021087000380046739e+00
4.996500024941139984e+00
4.971057961492046928e+00
4.944974416131127981e+00
4.918424137321466993e+00
4.891551622555289747e+00
4.864475849599506851e+00
4.837295801501475978e+00
4.810093107824818581e+00
4.782935825223944448e+00
4.755879907944260410e+00
4.728971914114197261e+00
4.702249787768193023e+00
4.675744875701248304e+00
4.649482282494542318e+00
4.623482428114801479e+00
4.597761141363879922e+00
4.572330887691812507e+00
4.547200706166277584e+00
4.522377204214232727e+00
4.497864392280463086e+00
4.473664510646935710e+00
4.449777802267496973e+00
4.426203214104424966e+00
4.402938134505329337e+00
4.379978997424008647e+00
4.357321002569749524e+00
4.334958643528256772e+00
4.312885423513312944e+00
4.291094319360781562e+00
4.269577502416354697e+00
4.248326751586783523e+00
4.227333179919477324e+00
4.206587608543304491e+00
4.186080301167893758e+00
4.165801303744498973e+00
4.145740192083334996e+00
4.125886379340970578e+00
4.106228878741246646e+00
4.086756583182243219e+00
4.067458043818517055e+00
4.048321723971822550e+00
4.029335794475864319e+00
4.010488365456303050e+00
3.991767295456700282e+00
3.973160406080246787e+00
3.954655304848939235e+00
3.936239580888378775e+00
3.917900644867598814e+00
3.899625907010578985e+00
3.881402630778624463e+00
3.863218097032049769e+00
3.845059470980971561e+00
3.826913951410616299e+00
3.808768652694444867e+00
3.790610738773811939e+00
3.772427319251350220e+00
3.754205570117682633e+00
3.735932642082544941e+00
3.717595768110376397e+00
3.699182185137875667e+00
3.680679227738966386e+00
3.662074261631086181e+00
3.643354764853549366e+00
3.624508271440271212e+00
3.605522441353008922e+00
3.586385012681044149e+00
3.567083859096351617e+00
3.547606952310866646e+00
3.527942405161000661e+00
3.508078443726062368e+00
3.488003436523980927e+00
3.467705873923388360e+00
3.447174385349414560e+00
3.426397723953949814e+00
3.405364771037841187e+00
3.384064526484380941e+00
3.362486100014932422e+00
3.340618705209905226e+00
3.318451639302103739e+00
3.295974279784517957e+00
3.273176051251139640e+00
3.250046425422704832e+00
3.226574875130117537e+00
3.202750875429046573e+00
3.178563847085202898e+00
3.154003156991673329e+00
3.129058050886392550e+00
3.103717653446433022e+00
3.077970890339643883e+00
3.051806486351371639e+00
3.025212878181434473e+00
2.998178209514037462e+00
2.970690234043533717e+00
2.942736307490709358e+00
2.914303280883799196e+00
2.885377487921800821e+00
2.855944628415733266e+00
2.825989750732978312e+00
2.795497124430373237e+00
2.764450215594038696e+00
2.732831549587015907e+00
2.700622676501879482e+00
2.667804023133634406e+00
2.634354847209949391e+00
2.600253076477243130e+00
2.565475249850477368e+00
2.529996341939931170e+00
2.493789688297715745e+00
2.456826793887589844e+00
2.419077239441400184e+00
2.380508472014361665e+00
2.341085690201929026e+00
2.300771615109364010e+00
2.259526352909021707e+00
2.217307146618041180e+00
2.174068216509283946e+00
2.129760496185204133e+00
2.084331457004267030e+00
2.037724838959816154e+00
1.989880475568240659e+00
1.940734044686852400e+00
1.890216930916535532e+00
1.838256050420480348e+00
1.784773828019745823e+00
1.729688206562352004e+00
1.672912895344137230e+00
1.614357785115809962e+00
1.553929779712550419e+00
1.491534056109509621e+00
1.427076097068349592e+00
1.360464664953650482e+00
1.291616255137278957e+00
1.220461492024198957e+00
1.146954387666995645e+00
1.071085464114190700e+00
9.929003450531938002e-01
9.125256928346228147e-01
8.302050685791159124e-01
7.463474797960935048e-01
6.615914242966783876e-01
5.768856117731204769e-01
4.935834954825825682e-01
4.135393510411924378e-01
3.391772625814311048e-01
2.734808048906230415e-01
2.198309449280887728e-01
1.816283512479331952e-01
1.617101480483693621e-01
