1.173962588847904891e-06
1.174592460451382072e-06
1.175853167788253822e-06
1.177746641611604864e-06
1.180275783769600035e-06
1.183444474718155341e-06
1.187257582526554983e-06
1.191720975508840349e-06
1.196841535887605956e-06
1.202627177711782690e-06
1.209086865368182239e-06
1.216230637024271478e-06
1.224069628245484338e-06
1.232616101277142325e-06
1.241883474098609990e-06
1.251886355939285405e-06
1.262640582179955143e-06
1.274163256585926493e-06
1.286472792552366776e-06
1.299588962634651081e-06
1.313532946730459697e-06
1.328327389594622835e-06
1.343996456657912539e-06
1.360565900334166902e-06
1.378063124295754520e-06
1.396517259516504092e-06
1.415959237960022821e-06
1.436421879455585545e-06
1.457939975910424793e-06
1.480550390290926480e-06
1.504292152647227460e-06
1.529206572672350850e-06
1.555337349030859337e-06
1.582730697198907873e-06
1.611435473822831917e-06
1.641503321808750186e-06
1.672988811707770013e-06
1.705949606330632323e-06
1.740446621470472085e-06
1.776544212673933431e-06
1.814310357977619298e-06
1.853816869881237657e-06
1.895139603199557208e-06
1.938358695765957208e-06
1.983558804999561993e-06
2.030829381431852825e-06
2.080264938171920041e-06
2.131965362009965352e-06
2.186036220649406613e-06
2.242589116917736735e-06
2.301742039441430427e-06
2.363619766409349460e-06
2.428354266320822437e-06
2.496085158825186556e-06
2.566960173303994193e-06
2.641135675587213987e-06
2.718777193472966554e-06
2.800060019634043135e-06
2.885169814779754292e-06
2.974303298865021754e-06
3.067668944511630638e-06
3.165487770775359046e-06
3.267994141739792345e-06
3.375436679653755354e-06
3.488079186376847283e-06
3.606201695757752491e-06
3.730101538956422114e-06
3.860094559596698247e-06
3.996516348061299129e-06
4.139723647342167703e-06
4.290095786391151743e-06
4.448036309861261317e-06
4.613974646771247991e-06
4.788368003681143077e-06
4.971703312762244447e-06
5.164499435811896351e-06
5.367309446503345953e-06
5.580723203753885778e-06
5.805370041337195763e-06
6.041921793437624952e-06
6.291096017536204946e-06
6.553659655460023920e-06
6.830433167179362190e-06
7.122295601125587889e-06
7.430191550183688069e-06
7.755142286311767370e-06
8.098267623006262969e-06
8.460834048538933401e-06
8.844371073640599126e-06
9.250950649815453913e-06
9.683816961122145058e-06
1.014850821685251458e-05
1.065390059286798367e-05
1.121138673814759284e-05
1.183198048336746068e-05
1.252440267626056837e-05
1.329539771054120764e-05
1.415068877044165189e-05
1.509560601874476596e-05
1.613536187181690567e-05
1.727515912876793889e-05
1.852022534602747815e-05
1.987582692367579324e-05
2.134726961889877507e-05
2.293989880582029991e-05
2.465909333086359508e-05
2.651026076593737237e-05
2.849882730872043557e-05
3.063022933592522641e-05
3.290990025867125972e-05
3.534325946230492993e-05
3.793569720916367509e-05
4.069256218432149800e-05
4.361914560800945199e-05
4.672066856939484651e-05
5.000226642815578927e-05
5.346897698201682944e-05
5.712572608834259419e-05
6.097731754230433648e-05
6.502842068392699921e-05
6.928356269286844928e-05
7.374711878369415445e-05
7.842330746060392397e-05
8.331618374984932048e-05
8.842963780588134132e-05
9.376739148636547281e-05
9.933300056091366682e-05
1.051298548021979674e-04
1.111611839208492689e-04
1.174300612274833348e-04
1.239394133044225538e-04
1.306920271903143599e-04
1.376905637034400644e-04
1.449375680154382448e-04
1.524354864643500036e-04
1.601866803189109481e-04
1.681934458639005898e-04
1.764580311129724654e-04
1.849826589154325910e-04
1.937695463543498040e-04
2.028209306127798026e-04
2.121390907947692957e-04
2.217263762998675930e-04
2.315852308267995140e-04
2.417182230366537402e-04
2.521280725410949934e-04
2.628176826854130709e-04
2.737901683835708053e-04
2.850488909205804050e-04
2.965974875736147355e-04
3.084399084173865941e-04
3.205804477625940892e-04
3.330237830465847672e-04
3.457750082263368638e-04
3.588396749490773254e-04
3.722238281563425787e-04
3.859340498550257017e-04
3.999774973221525715e-04
4.143619499370791107e-04
4.290958505247148905e-04
4.441883558659909552e-04
4.596493818829430907e-04
4.754896586204106516e-04
4.917207801635863637e-04
5.083552650838780735e-04
5.254066121937690575e-04
5.428893676805360410e-04
5.608191880521665564e-04
5.792129154528340455e-04
5.980886494474203048e-04
6.174658323336753825e-04
6.373653317644847882e-04
6.578095382587118836e-04
6.788224610866165198e-04
7.004298406534387048e-04
7.226592605963071819e-04
7.455402782965571797e-04
7.691045567843171659e-04
7.933860173594259454e-04
8.184209957093056299e-04
8.442484215262797270e-04
8.709100042629494987e-04
8.984504457805414599e-04
9.269176624569638260e-04
9.563630383584865308e-04
9.868416920620938504e-04
1.018412779707301985e-03
1.051139817006785989e-03
1.085091043934228701e-03
1.120339815123725822e-03
1.156965041055200722e-03
1.195051663583345533e-03
1.234691192526852967e-03
1.275982287692913053e-03
1.319031415077025074e-03
1.363953562830239226e-03
1.410873048267381833e-03
1.459924403271303968e-03
1.511253372589744810e-03
1.565018014891611433e-03
1.621389945241026934e-03
1.680555712403190285e-03
1.742718355088570181e-03
1.808099135537693993e-03
1.876939501778915722e-03
1.949503283966647071e-03
2.026079185833766418e-03
2.106983586511859685e-03
2.192563726927246066e-03
2.283201309897156441e-03
2.379316606213509322e-03
2.481373115441115260e-03
2.589882898766570664e-03
2.705412660423469739e-03
2.828590730026429682e-03
2.960115061887738565e-03
3.100762452868795378e-03
3.251399151229715252e-03
3.412993127547406681e-03
3.586628260566924933e-03
3.773520807309352874e-03
3.975038524474441490e-03
4.192722948602923931e-03
4.428315362347074596e-03
4.683787145566309026e-03
4.961375258176387894e-03
5.263623809217490152e-03
5.593432744442872542e-03
5.954114923572124095e-03
6.349462948083512900e-03
6.783827332083310589e-03
7.262207635088296746e-03
7.790358265465444597e-03
8.374910392944310070e-03
9.023510966519087198e-03
9.744978624435110884e-03
1.054947427044290384e-02
1.144868028588726973e-02
1.245597616780276702e-02
1.358658798328929787e-02
1.485767267056141254e-02
1.628827248655670759e-02
1.789903633797521737e-02
1.971154859684950966e-02
2.174702970754651549e-02
2.402407856676081963e-02
2.655503227873120403e-02
2.934047342692819305e-02
3.236152533961388772e-02
3.557002690890613550e-02
3.887771509478765708e-02
4.214732029573142746e-02
4.519069177211214317e-02
4.778042629562379018e-02
4.967962281868356506e-02
5.068740163558912298e-02
