-4.979040026369053074e+00
-4.978754099770301700e+00
-4.978182273847027162e+00
-4.977324603099279265e+00
-4.976181169276032712e+00
-4.974752081229855349e+00
-4.973037474963188487e+00
-4.971037513385673456e+00
-4.968752386383739506e+00
-4.966182310479902995e+00
-4.963327528925997711e+00
-4.960188311263342698e+00
-4.956764953439942722e+00
-4.953057777270336359e+00
-4.949067130577176954e+00
-4.944793386549120484e+00
-4.940236943907314604e+00
-4.935398226159416701e+00
-4.930277681791688238e+00
-4.924875783416800878e+00
-4.919193027992331935e+00
-4.913229935859695807e+00
-4.906987050989991772e+00
-4.900464939910992967e+00
-4.893664191981347500e+00
-4.886585418202216147e+00
-4.879229251521106647e+00
-4.871596345524067395e+00
-4.863687374770679916e+00
-4.855503033362317034e+00
-4.847044035309955312e+00
-4.838311112973408434e+00
-4.829305017463956240e+00
-4.820026516948759721e+00
-4.810476397090573286e+00
-4.800655459210914522e+00
-4.790564520769494017e+00
-4.780204413378768891e+00
-4.769575983326188151e+00
-4.758680089431907234e+00
-4.747517603617405157e+00
-4.736089408596977357e+00
-4.724396398496995886e+00
-4.712439476370510860e+00
-4.700219554872078653e+00
-4.687737553583458450e+00
-4.674994399749823337e+00
-4.661991025402703492e+00
-4.648728368164549707e+00
-4.635207368153082541e+00
-4.621428968862500319e+00
-4.607394113830936000e+00
-4.593103747608290099e+00
-4.578558812165582026e+00
-4.563760247961519134e+00
-4.548708990068936586e+00
-4.533405969354861398e+00
-4.517852108294867719e+00
-4.502048322284911919e+00
-4.485995515108843534e+00
-4.469694580404683038e+00
-4.453146396743655089e+00
-4.436351829279362669e+00
-4.419311724387290141e+00
-4.402026911532756159e+00
-4.384498197406708542e+00
-4.366726368056054852e+00
-4.348712182429630424e+00
-4.330456374815794263e+00
-4.311959647661682382e+00
-4.293222674320436916e+00
-4.274246090838213163e+00
-4.255030498739970746e+00
-4.235576454764294674e+00
-4.215884471970432479e+00
-4.195955003002674211e+00
-4.175788430366779380e+00
-4.155385021739054885e+00
-4.134744861797582161e+00
-4.113867670070614935e+00
-4.092752426798131005e+00
-4.071396492073692031e+00
-4.049793685144219779e+00
-4.027930099076833415e+00
-4.005775862450879465e+00
-3.983271800909778282e+00
-3.960317461907216785e+00
-3.936781027904769026e+00
-3.912544091185301109e+00
-3.887547698500796400e+00
-3.861799642350880468e+00
-3.835353466575247339e+00
-3.808286336248250858e+00
-3.780685217291075872e+00
-3.752639560947567787e+00
-3.724237478897236109e+00
-3.695563595140297419e+00
-3.666697783193397786e+00
-3.637714406155752034e+00
-3.608681922275142728e+00
-3.579662736138284007e+00
-3.550713255502454757e+00
-3.521884077109693312e+00
-3.493220281732176247e+00
-3.464761780733388807e+00
-3.436543707489218225e+00
-3.408596811537748739e+00
-3.380947859247163123e+00
-3.353620010884214242e+00
-3.326633184886457872e+00
-3.300004387408802309e+00
-3.273748021818454479e+00
-3.247876161318917099e+00
-3.222398800996282286e+00
-3.197324075488926276e+00
-3.172658458816746130e+00
-3.148406934312171668e+00
-3.124573150685263201e+00
-3.101159553162061044e+00
-3.078167504851288871e+00
-3.055597387834017908e+00
-3.033448698066879334e+00
-3.011720123855747833e+00
-2.990409620812309210e+00
-2.969514473079700956e+00
-2.949031352457939459e+00
-2.928956365014369290e+00
-2.909285095379968933e+00
-2.890012637816814944e+00
-2.871133622541115926e+00
-2.852642225388214658e+00
-2.834532166992738578e+00
-2.816796687666580201e+00
-2.799428500734873815e+00
-2.782419707209516702e+00
-2.765761669817475177e+00
-2.749444825263419823e+00
-2.733458429677054546e+00
-2.717790219477689728e+00
-2.702425999122295863e+00
-2.687349183685463050e+00
-2.672540403269357157e+00
-2.657977366338166725e+00
-2.643635326818752240e+00
-2.629488571131805230e+00
-2.615513226868170449e+00
-2.601691150915716122e+00
-2.588013798359998674e+00
-2.574484339060692406e+00
-2.561116739519162078e+00
-2.547932035332878264e+00
-2.534953473556042169e+00
-2.522202403256979419e+00
-2.509695902710191273e+00
-2.497446075043876501e+00
-2.485460427642836478e+00
-2.473742721821396984e+00
-2.462293896134312821e+00
-2.451112865222893067e+00
-2.440197143203476582e+00
-2.429543296593972723e+00
-2.419147265444321349e+00
-2.409004582968118147e+00
-2.399110528117106789e+00
-2.389460228083311488e+00
-2.380048730966334070e+00
-2.370871054293801627e+00
-2.361922221054054472e+00
-2.353197283277289831e+00
-2.344691340775071797e+00
-2.336399552679025327e+00
-2.328317147564979983e+00
-2.320439428862384634e+00
-2.312761780459442029e+00
-2.305279668862501463e+00
-2.297988646338624097e+00
-2.290884351307576061e+00
-2.283962510103792809e+00
-2.277218936392343185e+00
-2.270649532134778159e+00
-2.264250286458897143e+00
-2.258017276148355457e+00
-2.251946664201927906e+00
-2.246034700023848085e+00
-2.240277717803317525e+00
-2.234672136505473805e+00
-2.229214458145488909e+00
-2.223901267638704660e+00
-2.218729231013550685e+00
-2.213695095157198978e+00
-2.208795685995355029e+00
-2.204027908157868865e+00
-2.199388743144679470e+00
-2.194875248929156974e+00
-2.190484558124466297e+00
-2.186213877538542238e+00
-2.182060486352175310e+00
-2.178021735636998635e+00
-2.174095046554635591e+00
-2.170277909847348141e+00
-2.166567884066202154e+00
-2.162962595042720704e+00
-2.159459734152830546e+00
-2.156057057776885166e+00
-2.152752385605333441e+00
-2.149543600093466456e+00
-2.146428644813942466e+00
-2.143405523911965371e+00
-2.140472300509143722e+00
-2.137627096164039564e+00
-2.134868089331221963e+00
-2.132193514831584480e+00
-2.129601662369937642e+00
-2.127090876018802756e+00
-2.124659552797336648e+00
-2.122306142171780596e+00
-2.120029144697900936e+00
-2.117827111540494744e+00
-2.115698643180724758e+00
-2.113642388956256557e+00
-2.111657045833756019e+00
-2.109741357969683317e+00
-2.107894115546545599e+00
-2.106114154352118017e+00
-2.104400354675047158e+00
-2.102751640896392882e+00
-2.101166980435087872e+00
-2.099645383338893723e+00
-2.098185901261223396e+00
-2.096787627026631462e+00
-2.095449693604541253e+00
-2.094171273602827732e+00
-2.092951578175358929e+00
-2.091789856358921007e+00
-2.090685393799821767e+00
-2.089637511780483958e+00
-2.088645565558612915e+00
-2.087708942807394941e+00
-2.086827061199365119e+00
-2.085999365773862912e+00
-2.085225325127864071e+00
-2.084504426887280104e+00
-2.083836171464529485e+00
-2.083220064365112645e+00
-2.082655606050783703e+00
-2.082142279566693510e+00
-2.081679535273766923e+00
-2.081266773503174683e+00
-2.080903325981395824e+00
-2.080588439284400959e+00
-2.080321265095710359e+00
-2.080100865296830470e+00
-2.079926241017839850e+00
-2.079796393829341561e+00
-2.079710419635971252e+00
-2.079667622789509451e+00
