5.870728669077656114e-01
5.865170034266060650e-01
5.854069043756668922e-01
5.837458173700550423e-01
5.815385933687167164e-01
5.787916622904301089e-01
5.755130007697069061e-01
5.717120923040845959e-01
5.673998800587525260e-01
5.625887126942836769e-01
5.572922835744961167e-01
5.515255638212678280e-01
5.453047296501484231e-01
5.386470845379718320e-01
5.315709767159755295e-01
5.240957126047288694e-01
5.162414667247371414e-01
5.080291887432519804e-01
4.994805082109142758e-01
4.906176376712975129e-01
4.814632746960686438e-01
4.720405035296142970e-01
4.623726968750029309e-01
4.524834184852648544e-01
4.423963270525045899e-01
4.321350820201354526e-01
4.217232517551739446e-01
4.111842246509193610e-01
4.005411235279117133e-01
3.898167238352611141e-01
3.790333759411428916e-01
3.682129319363581232e-01
3.573766771540244358e-01
3.465452667448424839e-01
3.357386674221353173e-01
3.249761046289909583e-01
3.142760151531441282e-01
3.036560053555045768e-01
2.931328149529898175e-01
2.827222864389537516e-01
2.724393400031753232e-01
2.622979539585736930e-01
2.523111504667176486e-01
2.424909865016128263e-01
2.328485497844769991e-01
2.233939595716644688e-01
2.141363719805940702e-01
2.050839896897830583e-01
1.962440756624157512e-01
1.876229706951036968e-01
1.792261144182430987e-01
1.710580695268274221e-01
1.631225488570979543e-01
1.554224450761909904e-01
1.479598626002646411e-01
1.407361515067853119e-01
1.337519430665417286e-01
1.270071866685369422e-01
1.205011877819890526e-01
1.142326467435954146e-01
1.081996980399373282e-01
1.023999498942269187e-01
9.683052385818301244e-02
9.148809424375867194e-02
8.636892713010714540e-02
8.146891880890631821e-02
7.678363344013788838e-02
7.230833981132256394e-02
6.803804700967665264e-02
6.396753893025160231e-02
6.009140746631243951e-02
5.640408433412441580e-02
5.289987141357720135e-02
4.957296958405824766e-02
4.641750596975089543e-02
4.342755959845185504e-02
4.059718541785441864e-02
3.792043669519069155e-02
3.539138577094658872e-02
3.300414321187344208e-02
3.075287535949161946e-02
2.863182034008003932e-02
2.663530256616828198e-02
2.475774583956094621e-02
2.299368517966459552e-02
2.133777767371498532e-02
1.978481290710940727e-02
1.832972424832168129e-02
1.696760378504734781e-02
1.569372693828318191e-02
1.450359798826699256e-02
1.339302916601534457e-02
1.235823871390501379e-02
1.139587764378049636e-02
1.050288365823574821e-02
9.676234610470494171e-03
8.912775474864133643e-03
8.209172275766563054e-03
7.561944788316960452e-03
6.967528570476578045e-03
6.422340930542062148e-03
5.922840585854577053e-03
5.465577363450969083e-03
5.047231117474387969e-03
4.664640280563273414e-03
4.314821114733191632e-03
3.994978994892975019e-03
3.702513156725924931e-03
3.435016276695324142e-03
3.190270136906926592e-03
2.966238449463463791e-03
2.761057745464284841e-03
2.573027051809212169e-03
2.400596929193189472e-03
2.242358301561863439e-03
2.097031399303722534e-03
1.963455040360504236e-03
1.840576404868821429e-03
1.727441397644478242e-03
1.623185653690567684e-03
1.527026206397624373e-03
1.438253818376394226e-03
1.356225955835918410e-03
1.280360379412458834e-03
1.210129315178730663e-03
1.145054168107059256e-03
1.084700736628240901e-03
1.028674888812011225e-03
9.766186599815881043e-04
9.282067349212387705e-04
8.831432785178580528e-04
8.411590824523375613e-04
8.020089967910671094e-04
7.654696190017255949e-04
7.313372142644744165e-04
6.994258442812476082e-04
6.695656830346147659e-04
6.416015008531999499e-04
6.153912992060808817e-04
5.908050811253462604e-04
5.677237430181434437e-04
5.460380757128526462e-04
5.256478632543958810e-04
5.064610697031224395e-04
4.883931046950827333e-04
4.713661599686520126e-04
4.553086094272530454e-04
4.401544665109863091e-04
4.258428929029917315e-04
4.123177535980005067e-04
3.995272135254325225e-04
3.874233717556553060e-04
3.759619294149077885e-04
3.651018881350741644e-04
3.548052759099366914e-04
3.450368978192032681e-04
3.357641090885076559e-04
3.269566084525729849e-04
3.185862497672354199e-04
3.106268702405779402e-04
3.030541336117098875e-04
2.958453869688529411e-04
2.889795298426634223e-04
2.824368945232405862e-04
2.761991364839782833e-04
2.702491340660825836e-04
2.645708965063474534e-04
2.591494796264816195e-04
2.539709084277955078e-04
2.490221060415097765e-04
2.442908284091797216e-04
2.397656042495475797e-04
2.354356797925224152e-04
2.312909679219925187e-04
2.273220012947374459e-04
2.235198891459738474e-04
2.198762774196234674e-04
2.163833119893773175e-04
2.130336046667341684e-04
2.098202018070534835e-04
2.067365552575110117e-04
2.037764954944719722e-04
2.009342067335329323e-04
1.982042038893156973e-04
1.955813112008915095e-04
1.930606424238618269e-04
1.906375824321329703e-04
1.883077701498873024e-04
1.860670826793408780e-04
1.839116205607092998e-04
1.818376940488098390e-04
1.798418103556708326e-04
1.779206617593974199e-04
1.760711145391987927e-04
1.742901986501515718e-04
1.725750981062032356e-04
1.709231419962300037e-04
1.693317961086409197e-04
1.677986550989052795e-04
1.663214351811856113e-04
1.648979672865657359e-04
1.635261906736860341e-04
1.622041469412063754e-04
1.609299744317016999e-04
1.597019029823144040e-04
1.585182490148274374e-04
1.573774109256109971e-04
1.562778647705536630e-04
1.552181602098780689e-04
1.541969167098594423e-04
1.532128199702560104e-04
1.522646185760360331e-04
1.513511208455164091e-04
1.504711918747588147e-04
1.496237507532937206e-04
1.488077679519711255e-04
1.480222628605907566e-04
1.472663014768306239e-04
1.465389942264581457e-04
1.458394939168886008e-04
1.451669938060424906e-04
1.445207257890576843e-04
1.438999586865735258e-04
1.433039966374102477e-04
1.427321775810155814e-04
1.421838718326532617e-04
1.416584807381741950e-04
1.411554354114428892e-04
1.406741955425701480e-04
1.402142482800600002e-04
1.397751071762036988e-04
1.393563111988212818e-04
1.389574237997731794e-04
1.385780320432486836e-04
1.382177457852696353e-04
1.378761969073243683e-04
1.375530385964516937e-04
1.372479446745583957e-04
1.369606089701423690e-04
1.366907447349892206e-04
1.364380840997932750e-04
1.362023775709653053e-04
1.359833935632327327e-04
1.357809179698820246e-04
1.355947537656326232e-04
1.354247206433108772e-04
1.352706546793074809e-04
1.351324080277976046e-04
1.350098486381204506e-04
1.349028599935666521e-04
1.348113408652007916e-04
1.347352050779635120e-04
1.346743812842661958e-04
1.346288127462620817e-04
1.345984571310273822e-04
1.345832863316918319e-04
