6.069334287193673544e-02
6.067993092711160968e-02
6.065311712424145685e-02
6.061292162067496297e-02
6.055937461787517379e-02
6.049251631291945042e-02
6.041239684585551079e-02
6.031907621931550251e-02
6.021262422020532551e-02
6.009312030809886573e-02
5.996065351203935107e-02
5.981532228863268436e-02
5.965723439498289010e-02
5.948650671764687398e-02
5.930326512295736735e-02
5.910764425823020890e-02
5.889978738094168997e-02
5.867984613379234604e-02
5.844798035440241374e-02
5.820435782602575991e-02
5.794915406960597648e-02
5.768255207210309238e-02
5.740474206290557130e-02
5.711592122187954257e-02
5.681629344226230699e-02
5.650606902066395570e-02
5.618546440867240588e-02
5.585470188713363010e-02
5.551400930877697232e-02
5.516361975916639349e-02
5.480377129270840725e-02
5.443470658270933155e-02
5.405667265315212966e-02
5.366992052030991611e-02
5.327470492267717683e-02
5.287128395657929997e-02
5.245991880661807910e-02
5.204087337767855648e-02
5.161441402819835073e-02
5.118080920091516717e-02
5.074032916119448205e-02
5.029324562877551114e-02
4.983983152330095229e-02
4.938036059921643156e-02
4.891510720052361788e-02
4.844434590087264014e-02
4.796835126943017197e-02
4.748739751806022036e-02
4.700175828005066780e-02
4.651170626613179704e-02
4.601751305763927824e-02
4.551944877295849984e-02
4.501778187652732965e-02
4.451277885712959931e-02
4.400470405395248003e-02
4.349381934798109139e-02
4.298038400613236887e-02
4.246465438683343779e-02
4.194688380304791714e-02
4.142732224295730264e-02
4.090621625248086479e-02
4.038380867182925216e-02
3.986033853789273940e-02
3.933604083730009998e-02
3.881114642881085264e-02
3.828588181340831370e-02
3.776046907656402385e-02
3.723512567583202315e-02
3.671006440254769715e-02
3.618549318739158749e-02
3.566161508070941205e-02
3.513862807660202148e-02
3.461672511053795476e-02
3.409609390271200330e-02
3.357691697076659043e-02
3.305937149327616703e-02
3.254362933341398839e-02
3.202985692220017971e-02
3.151821528216095653e-02
3.100885991980496803e-02
3.050194080716882306e-02
2.999760220939524588e-02
2.949598241629861062e-02
2.899721305133142607e-02
2.850141739623490711e-02
2.800870645030184916e-02
2.751916905164826857e-02
2.703284828779567786e-02
2.654968391537674069e-02
2.606938051781997404e-02
2.559113458521589807e-02
2.511322912359395185e-02
2.463289514204257402e-02
2.414723718146319018e-02
2.365482779642359007e-02
2.315624726446195714e-02
2.265340067983074093e-02
2.214872196442544891e-02
2.164471128025415025e-02
2.114372562228149233e-02
2.064788785233416177e-02
2.015905134919635661e-02
1.967879002936992125e-02
1.920840494033996051e-02
1.874893952879743558e-02
1.830120167093719774e-02
1.786578817021878401e-02
1.744311103020306647e-02
1.703342283110883051e-02
1.663684126165392019e-02
1.625337125025340043e-02
1.588292521911502386e-02
1.552534059602319119e-02
1.518039531694142553e-02
1.484782082708611776e-02
1.452731334558479345e-02
1.421854307927125811e-02
1.392116209158352803e-02
1.363481058721968328e-02
1.335912222616336860e-02
1.309372825565426404e-02
1.283826097891517179e-02
1.259235635897474129e-02
1.235565619223804798e-02
1.212780965505088661e-02
1.190847458803881952e-02
1.169731832667645841e-02
1.149401838666713228e-02
1.129826281950896058e-02
1.110975050217163397e-02
1.092819118479441964e-02
1.075330552486951884e-02
1.058482494141531512e-02
1.042249148925965437e-02
1.026605759701455095e-02
1.011528584595937710e-02
9.969948643515849293e-03
9.829827949782965132e-03
9.694714920625860377e-03
9.564409610225961186e-03
9.438720605910902450e-03
9.317464725080760318e-03
9.200466655783624478e-03
9.087558659602102892e-03
8.978580226507505355e-03
8.873377790725597847e-03
8.771804404742395214e-03
8.673719472115263424e-03
8.578988443079310286e-03
8.487482566247660926e-03
8.399078606684285200e-03
8.313658617117473254e-03
8.231109678332253557e-03
8.151323689678293891e-03
8.074197131007529449e-03
7.999630871738558704e-03
7.927529953197096774e-03
7.857803415196292288e-03
7.790364097443401581e-03
7.725128482438149702e-03
7.662016514528604411e-03
7.600951457868613571e-03
7.541859731698820173e-03
7.484670782105133820e-03
7.429316932141344192e-03
7.375733266169593946e-03
7.323857493509210517e-03
7.273629844203346323e-03
7.224992944962184416e-03
7.177891725275342000e-03
7.132273304508534445e-03
7.088086907362753895e-03
7.045283761075910034e-03
7.003817019312142886e-03
6.963641668510885119e-03
6.924714459370011864e-03
6.886993821471662502e-03
6.850439801599885262e-03
6.815013985853846448e-03
6.780679444113070498e-03
6.747400658924491111e-03
6.715143475494965257e-03
6.683875036708602883e-03
6.653563738087665130e-03
6.624179168360549465e-03
6.595692068888224339e-03
6.568074279260952171e-03
6.541298700739025911e-03
6.515339246408686190e-03
6.490170808231795693e-03
6.465769211339245266e-03
6.442111184325857026e-03
6.419174317302359448e-03
6.396937035109372983e-03
6.375378558787453062e-03
6.354478881417968336e-03
6.334218732705519488e-03
6.314579557183566498e-03
6.295543481634558423e-03
6.277093295425784612e-03
6.259212420520582007e-03
6.241884893734086365e-03
6.225095339113848047e-03
6.208828951927381108e-03
6.193071473213350095e-03
6.177809175332039070e-03
6.163028838508505768e-03
6.148717737795060881e-03
6.134863621446207810e-03
6.121454699157663319e-03
6.108479622128729601e-03
6.095927472457370218e-03
6.083787744760396805e-03
6.072050336615657934e-03
6.060705531623508668e-03
6.049743990798657316e-03
6.039156736967377266e-03
6.028935147020165163e-03
6.019070937548309450e-03
6.009556157876369195e-03
6.000383176847891124e-03
5.991544676560280579e-03
5.983033640213500717e-03
5.974843346469655564e-03
5.966967358275778940e-03
5.959399517763872348e-03
5.952133935947533962e-03
5.945164988059604798e-03
5.938487303995911015e-03
5.932095763948759364e-03
5.925985489417353799e-03
5.920151838920496672e-03
5.914590399291792290e-03
5.909296981115585989e-03
5.904267609836766524e-03
5.899498520310317816e-03
5.894986146915458594e-03
5.890727116154017076e-03
5.886718234357832605e-03
5.882956476485119539e-03
5.879438969000724997e-03
5.876162971757791301e-03
5.873125852122135747e-03
5.870325055156935465e-03
5.867758063483087538e-03
5.865422350058590098e-03
5.863315319105538888e-03
5.861434240350918423e-03
5.859776177820798584e-03
5.858337927154658523e-03
5.857115977761962952e-03
5.856106531326192924e-03
5.855305609659311634e-03
5.854709283638690268e-03
5.854314024490190477e-03
5.854117131402120783e-03
