3.819787360074683040e-06
3.822051019126591290e-06
3.826582333813686209e-06
3.833389309700972788e-06
3.842483984602240829e-06
3.853882465993299323e-06
3.867604977967964461e-06
3.883675924325660547e-06
3.902123960069925080e-06
3.922982081288514746e-06
3.946287722502603043e-06
3.972082874943615005e-06
4.000414211548428259e-06
4.031333235766449002e-06
4.064896436529514202e-06
4.101165470305378361e-06
4.140207348968293921e-06
4.182094658468757402e-06
4.226905783204763060e-06
4.274725165423664321e-06
4.325643570465908786e-06
4.379758391872773774e-06
4.437173962769452187e-06
4.498001912649304240e-06
4.562361531208324405e-06
4.630380183944575955e-06
4.702193735986902112e-06
4.777947035027686195e-06
4.857794404146206276e-06
4.941900202230102171e-06
5.030439396531545697e-06
5.123598212689082723e-06
5.221574799835519938e-06
5.324579984679511898e-06
5.432838044490565313e-06
5.546587582530498881e-06
5.666082427271794815e-06
5.791592649900631150e-06
5.923405611807847543e-06
6.061827149060181101e-06
6.207182794699736985e-06
6.359819160187325272e-06
6.520105364555949255e-06
6.688434649104505231e-06
6.865226052240345590e-06
7.050926301443749678e-06
7.246011781035051937e-06
7.450990755032604764e-06
7.666405685524420294e-06
7.892835852007589503e-06
8.130900091092618773e-06
8.381259892895486939e-06
8.644622649181048734e-06
8.921745326232074269e-06
9.213438329191036609e-06
9.520569874661042873e-06
9.844070605163091431e-06
1.018493881496783940e-05
1.054424598182668343e-05
1.092314303805132355e-05
1.132286702901653597e-05
1.174474867063528585e-05
1.219022039808647472e-05
1.266082551347660986e-05
1.315822795681819979e-05
1.368422342724526321e-05
1.424075129485779516e-05
1.482990817918532595e-05
1.545396252875080089e-05
1.611537126588964141e-05
1.681679769542135090e-05
1.756113198336419618e-05
1.835151323118327146e-05
1.919135478161914545e-05
2.008437159107941898e-05
2.103461184911684169e-05
2.204649168527020179e-05
2.312483654259896989e-05
2.427492966363345106e-05
2.550257711806273444e-05
2.681420145607814901e-05
2.821700400666828922e-05
2.971927527678275066e-05
3.133104183994712451e-05
3.306538441450339235e-05
3.494081580501268321e-05
3.698429750790525086e-05
3.923228158928512615e-05
4.172683533551146219e-05
4.450958086803101954e-05
4.761910148293151389e-05
5.109209581515898016e-05
5.496537648363339866e-05
5.927726321216431244e-05
6.406832660401901405e-05
6.938173215565854779e-05
7.526336328734675285e-05
8.176179215406366354e-05
8.892812372311606180e-05
9.681569924031164902e-05
1.054796485967551047e-04
1.149762631152152352e-04
1.253621763831471662e-04
1.366933282998779656e-04
1.490237101076670575e-04
1.624038789472970082e-04
1.768792589270403565e-04
1.924882387864101777e-04
2.092601095413930043e-04
2.272128787771613291e-04
2.463510339398918177e-04
2.666633168380150168e-04
2.881206059483779535e-04
3.106739852506354427e-04
3.342531075958547109e-04
3.587649313427657355e-04
3.840929306353077976e-04
4.100968373182648928e-04
4.366129862406593573e-04
4.634552811545796934e-04
4.904168064930701640e-04
5.172720468608104152e-04
5.437796822775175631e-04
5.696858591500602361e-04
5.947278450205944859e-04
6.186379058668447584e-04
6.411472562145265975e-04
6.619898621712829150e-04
6.809058896063118881e-04
6.976445140448287070e-04
7.119658134128753089e-04
7.236413748608909371e-04
7.324532356003859773e-04
7.381906754979001336e-04
7.406443785344177244e-04
7.395974535393955336e-04
7.348130273062613779e-04
7.260186310089364412e-04
7.128889392466158763e-04
6.950310294182168117e-04
6.719811262326611401e-04
6.432290064971574574e-04
6.082944300819358857e-04
5.668823559548766830e-04
5.191260011812233758e-04
4.658721744187190928e-04
4.088786432438289674e-04
3.507437742417724054e-04
2.944749187765241267e-04
2.428270509436052755e-04
1.977236442841338469e-04
1.600165846547796887e-04
1.296080109906304941e-04
1.057714151319764435e-04
8.748804551960372481e-05
7.369572419970656953e-05
6.343052044118665492e-05
5.588481427695192564e-05
5.041438047570094186e-05
4.652058588624154205e-05
4.382410494667941803e-05
4.203875928701211593e-05
4.094910869995079124e-05
4.039269602153663203e-05
4.024658593043993005e-05
4.041739454771375753e-05
4.083397153387502383e-05
4.144202203889499483e-05
4.220012321795129344e-05
4.307673940138413335e-05
4.404795912452315072e-05
4.509576103146731069e-05
4.620667539790119870e-05
4.737074596229612692e-05
4.858072407793823187e-05
4.983144345873553735e-05
5.111933713512416234e-05
5.244206558750950085e-05
5.379823272297778612e-05
5.518716999984494930e-05
5.660877421217148188e-05
5.806338626213493060e-05
5.955170210972776494e-05
6.107470780269241134e-05
6.263363349054106564e-05
6.422992129274628635e-05
6.586520431072633052e-05
6.754129352456666817e-05
6.926017135025421424e-05
7.102398973892001279e-05
7.283507249278773613e-05
7.469592035433561897e-05
7.660921907652753311e-05
7.857784942280443650e-05
8.060489962122067400e-05
8.269367945038603920e-05
8.484773667678719474e-05
8.707087516211529433e-05
8.936717549272647060e-05
9.174101754879493810e-05
9.419710597111643688e-05
9.674049802816372457e-05
9.937663494321357185e-05
1.021113762735791606e-04
1.049510385155367939e-04
1.079024376347243017e-04
1.109729368342010836e-04
1.141704993990526286e-04
1.175037481062944856e-04
1.209820312235932924e-04
1.246154968156823559e-04
1.284151756293494388e-04
1.323930745793194905e-04
1.365622814378519845e-04
1.409370831521029020e-04
1.455330988365723262e-04
1.503674303956228334e-04
1.554588324141080219e-04
1.608279049668837350e-04
1.664973117585130094e-04
1.724920281382882230e-04
1.788396223847545465e-04
1.855705759107786207e-04
1.927186469621371633e-04
2.003212847201238562e-04
2.084200996245029968e-04
2.170613979911215595e-04
2.262967876145328819e-04
2.361838627771395253e-04
2.467869746965903983e-04
2.581780935228682899e-04
2.704377628564750375e-04
2.836561435035426766e-04
2.979341312004934734e-04
3.133845182479739339e-04
3.301331408399359917e-04
3.483199146265178437e-04
3.680995961846055225e-04
3.896420144762851819e-04
4.131313722094484965e-04
4.387640102559222125e-04
4.667437276366889526e-04
4.972733370924410992e-04
5.305405876897605977e-04
5.666959239576663254e-04
6.058188655354072817e-04
6.478693600491988161e-04
6.926208665210576180e-04
7.395742540135762360e-04
7.878574771567732832e-04
8.361271887925564436e-04
8.825052864994646770e-04
9.246014973813701868e-04
9.596796950814597948e-04
9.850007156448706020e-04
9.983050577000566507e-04
