1.576547148390613438e+04
1.574655405686883023e+04
1.570878969730508106e+04
1.565231905434495093e+04
1.557735180402981860e+04
1.548416564488694166e+04
1.537310407886214489e+04
1.524457478734152755e+04
1.509904639171328199e+04
1.493704628223211876e+04
1.475915646055527577e+04
1.456601091757137510e+04
1.435829068691048269e+04
1.413672088675945633e+04
1.390206513417942188e+04
1.365512237913260469e+04
1.339672084368108517e+04
1.312771478344532625e+04
1.284897812298212739e+04
1.256140128053940680e+04
1.226588467109247904e+04
1.196333572475499568e+04
1.165466242243601846e+04
1.134077062714466956e+04
1.102255780470224272e+04
1.070091077125234006e+04
1.037669973385687990e+04
1.005077653783632559e+04
9.723969140550760130e+03
9.397080419922989677e+03
9.070883170513276127e+03
8.746119510959189938e+03
8.423496465917796741e+03
8.103685986403010247e+03
7.787321155552099299e+03
7.474996813103469322e+03
7.167266398397183366e+03
6.864643149496378101e+03
6.567597574352779702e+03
6.276559177134859056e+03
5.991914528864610475e+03
5.714009458947870371e+03
5.443147680380686324e+03
5.179593373636457727e+03
4.923570309065370566e+03
4.675264743302549505e+03
4.434824972842789066e+03
4.202364459905677904e+03
3.977961746258345102e+03
3.761663725735093976e+03
3.553485845925546982e+03
3.353415447898193634e+03
3.161412184950585470e+03
2.977411356012620217e+03
2.801324474773415659e+03
2.633042531165079708e+03
2.472436650280209506e+03
2.319361225667911185e+03
2.173654614963472795e+03
2.035142098886821486e+03
1.903636568871822647e+03
1.778941276105128281e+03
1.660850475160747465e+03
1.549151937681828713e+03
1.443627524658990524e+03
1.344055449047268894e+03
1.250210757510880740e+03
1.161867335078912674e+03
1.078798284639339727e+03
1.000777674454045382e+03
9.275808102267035338e+02
8.589857327926376911e+02
7.947733830940346706e+02
7.347288625798979638e+02
6.786414958548076584e+02
6.263058702827607931e+02
5.775218044466432730e+02
5.320951862152572858e+02
4.898378575222973836e+02
4.505682718353326095e+02
4.141113072324498603e+02
3.802987649400094483e+02
3.489691233716118859e+02
3.199678993285702404e+02
2.931473557004672443e+02
2.683667462035062954e+02
2.454919889587733337e+02
2.243958144307082136e+02
2.049574162278101426e+02
1.870625203379029244e+02
1.706030233558299756e+02
1.554769993212964891e+02
1.415883342745515847e+02
1.288466850961037267e+02
1.171671179141914649e+02
1.064700314147593758e+02
9.668080524643836782e+01
8.772969838595994929e+01
7.955151236416153893e+01
7.208547349100238932e+01
6.527491450058531086e+01
5.906714779940448778e+01
5.341316802699328292e+01
4.826752201499338213e+01
4.358803379829888769e+01
3.933567567305837542e+01
3.547431637707229868e+01
3.197059651432242688e+01
2.879369995114464942e+01
2.591523592841746293e+01
2.330903318424913451e+01
2.095103029216270585e+01
1.881909161044007561e+01
1.689290675148600940e+01
1.515382715880068254e+01
1.358477511309639318e+01
1.217009953516969567e+01
1.089549455124065780e+01
9.747872998573775760e+00
8.715294288918075338e+00
7.786854038906967368e+00
6.952620770115243154e+00
6.203540084353526218e+00
5.531379606692927275e+00
4.928646164393551743e+00
4.388538301732293867e+00
3.904874989603313473e+00
3.472055006269892274e+00
3.084995793308980438e+00
2.739098994371861995e+00
2.430198174264715849e+00
2.154529830043155680e+00
1.908688797117523706e+00
1.689604086774745717e+00
1.494500910886937373e+00
1.320880752044486073e+00
1.166489042012521793e+00
1.029298930728888450e+00
9.074837467689377268e-01
7.994039894824226389e-01
7.035837534790200243e-01
6.187004387176584519e-01
5.435640593220530947e-01
4.771081298078985733e-01
4.183672329328969042e-01
3.664561054665156914e-01
3.205111788271711171e-01
2.796163567146918161e-01
2.428648625165047703e-01
2.097122910267723850e-01
1.800368929623135938e-01
1.538182607289529380e-01
1.309522156889480760e-01
1.112298170817509757e-01
9.437070949133496978e-02
8.005840820167239857e-02
6.797015059542875492e-02
5.779621342392490813e-02
4.925232852845778247e-02
4.208512137980525286e-02
3.607396264008926740e-02
3.102964726112201338e-02
2.679198107636531628e-02
2.322637951880929599e-02
2.022054618412095009e-02
1.768109853366155518e-02
1.553063982743282598e-02
1.370507232565099966e-02
1.215137318134838253e-02
1.082564636919924016e-02
9.691543764074423903e-03
8.718916526993983340e-03
7.882729918699657792e-03
7.162151511252437368e-03
6.539815445217003059e-03
6.001213345997198807e-03
5.534196584653967507e-03
5.128572004201546741e-03
4.775763203000176274e-03
4.468543517427943541e-03
4.200802601528016642e-03
3.967371322055632948e-03
3.763857799147974584e-03
3.586534176429551253e-03
3.432218408945117687e-03
3.298203116465422795e-03
3.182167437094120515e-03
3.082134938779346189e-03
2.996405124048903690e-03
2.923531825975039279e-03
2.862267389608807392e-03
2.811555912938008914e-03
2.770485376253048297e-03
2.738292036782914197e-03
2.714317244262368957e-03
2.698020607365153156e-03
2.688939192244481618e-03
2.686707975982984952e-03
2.691019749416132673e-03
2.701652005634806123e-03
2.718426271778093001e-03
2.741241047233783888e-03
2.770029544451986341e-03
2.804798658601590205e-03
2.845584252656573575e-03
2.892496455558240479e-03
2.945671713788618890e-03
3.005325015676863984e-03
3.071697972753558662e-03
3.145118886623408504e-03
3.225946136037793812e-03
3.314637373976208560e-03
3.411687497173254008e-03
3.517708726272137949e-03
3.633362443777949508e-03
3.759452526152166473e-03
3.896850384211764714e-03
4.046604766845258820e-03
4.209859475789104119e-03
4.387984077440847293e-03
4.582484082390605139e-03
4.795158797713677985e-03
5.028004426409786801e-03
5.283408025846636318e-03
5.564045302891141957e-03
5.873123936979875691e-03
6.214280412812364131e-03
6.591892935324019862e-03
7.010986601651846700e-03
7.477647853822042175e-03
7.998956938876774711e-03
8.583556307651608180e-03
9.241648360010545557e-03
9.985807398844253821e-03
1.083111910330265132e-02
1.179639623821298472e-02
1.290461607236803587e-02
1.418484014298537418e-02
1.567327670896389094e-02
1.741649583661705053e-02
1.947382225877177658e-02
2.192306722147558534e-02
2.486581776821631881e-02
2.843830947802328604e-02
3.282314061623988616e-02
3.827096177087770112e-02
4.512621453665536381e-02
5.387051881057258740e-02
6.517392458196301364e-02
7.996460195160920437e-02
9.947031335067675617e-02
1.250996050407354176e-01
1.573270192811558610e-01
1.909188500441357794e-01
2.171006062842776307e-01
2.320085031167064271e-01
