-1.329239458869501610e-07
4.302688212392290627e-08
-2.736747550042711026e-08
1.789705673663132741e-08
-1.564970459730252066e-08
1.104486378387670161e-08
-1.115243834698476237e-08
7.846355519011251246e-09
-8.780523559795279756e-09
5.992450410531061832e-09
-7.320879569196731526e-09
4.780339029753034969e-09
-6.336853440671767140e-09
3.923640422434458011e-09
-5.632764594631722020e-09
3.283727105752571010e-09
-5.107872115820437099e-09
2.785283642606177487e-09
-4.705066837222713541e-09
2.383828310654878629e-09
-4.389598122411894595e-09
2.051361371952741339e-09
-4.139147358330316440e-09
1.769340880012092558e-09
-3.938764362597028388e-09
1.524962989867845652e-09
-3.778097867835153602e-09
1.309064257325480833e-09
-3.649793265050223961e-09
1.114876052290348927e-09
-3.548522007214466107e-09
9.372521757162268604e-10
-3.470370763059481718e-09
7.721717101333254874e-10
-3.412444504220713521e-09
6.164084190867272950e-10
-3.372601712037531637e-09
4.673042283426245840e-10
-3.349273837542922131e-09
3.226097570376259838e-10
-3.341340213463517584e-09
1.803688980682962095e-10
-3.348040306776026221e-09
3.883312468497706310e-11
-3.368911988916939001e-09
-1.036040442848474161e-10
-3.403748189431306669e-09
-2.484586144329221654e-10
-3.452567088976205859e-09
-3.971981218887046296e-10
-3.515592404833197083e-09
-5.512770187602367362e-10
-3.593241589833031672e-09
-7.121676881512697154e-10
-3.686120334376628448e-09
-8.813886722515820739e-10
-3.795022402997972130e-09
-1.060531390999838483e-09
-3.920934091214566504e-09
-1.251286312570689605e-09
-4.065042965614909244e-09
-1.455469444636530892e-09
-4.228750615837454042e-09
-1.675049903706447732e-09
-4.413689483867401524e-09
-1.912179165434327942e-09
-4.621743809888036163e-09
-2.169222777126424657e-09
-4.855074988252384464e-09
-2.448795094128729657e-09
-5.116151654921810327e-09
-2.753797838159248551e-09
-5.407785025275695227e-09
-3.087463189668561085e-09
-5.733170053259246688e-09
-3.453402278743562600e-09
-6.095933157728163827e-09
-3.855660063057034302e-09
-6.500187425754914055e-09
-4.298777594310910217e-09
-6.950596311609732214e-09
-4.787863020404453537e-09
-7.452447118878469894e-09
-5.328672645607230868e-09
-8.011735719904280981e-09
-5.927703817001856336e-09
-8.635264248973288461e-09
-6.592301477586399520e-09
-9.330753830413366723e-09
-7.330780728730118461e-09
-1.010697473715669436e-08
-8.152567980963139534e-09
-1.097389683962461128e-08
-9.068363884501991093e-09
-1.194286367539274265e-08
-1.009033162652125457e-08
-1.302679413257545480e-08
-1.123231502505651051e-08
-1.424041642666995154e-08
-1.251009146885160106e-08
-1.560053996831003325e-08
-1.394166586171270730e-08
-1.712637173513317137e-08
-1.554761279820953479e-08
-1.883988505759209449e-08
-1.735147561307047646e-08
-2.076625029211722437e-08
-1.938023269927126238e-08
-2.293433866623005622e-08
-2.166484345053188011e-08
-2.537731293117142293e-08
-2.424088881258646236e-08
-2.813332118683397895e-08
-2.714932442901154147e-08
-3.124631368063896070e-08
-3.043736820185001070e-08
-3.476700661805681844e-08
-3.415954873485622922e-08
-3.875402214142757369e-08
-3.837894693829645764e-08
-4.327524019492392596e-08
-4.316867023790776019e-08
-4.840940590065536089e-08
-4.861360786298426994e-08
-5.424804628285642072e-08
-5.481252693902657877e-08
-6.089776269556089477e-08
-6.188058337188733340e-08
-6.848298148245226088e-08
-6.995233954934312746e-08
-7.714926565708977262e-08
-7.918540393717925924e-08
-8.706731653564492454e-08
-8.976483725761276355e-08
-9.843782806402535024e-08
-1.019085088563326195e-07
-1.114974030722360701e-07
-1.158736479694482655e-07
-1.265258410781361257e-07
-1.319650665172470008e-07
-1.438558286295424143e-07
-1.505481367879196523e-07
-1.638960929519364328e-07
-1.721090935516580161e-07
-1.873358311164629273e-07
-1.980167134178079580e-07
-2.178850505913230357e-07
-2.384393632281745047e-07
-2.758089701533745871e-07
-3.166127859431107482e-07
-3.710727607959901659e-07
-4.254668795912472268e-07
-4.931430504761132824e-07
-5.610958639663960260e-07
-6.437887063241936954e-07
-7.275276118379542561e-07
-8.277647969248450223e-07
-9.298380638768818405e-07
-1.050373407190302812e-06
-1.173539849448896221e-06
-1.317334849990738193e-06
-1.464562284524209534e-06
-1.634794530598509097e-06
-1.809269669911939776e-06
-2.009350612489171453e-06
-2.214499284823706170e-06
-2.448103330519519526e-06
-2.687623560641444311e-06
-2.958731289976093282e-06
-3.236642065412453035e-06
-3.549600673901244830e-06
-3.870309532470855751e-06
-4.229913962692668368e-06
-4.598306979768772707e-06
-5.009905735484885109e-06
-5.431464121113201909e-06
-5.901094508838793127e-06
-6.382042926967993611e-06
-6.916601551555826617e-06
-7.464094549171493527e-06
-8.071550412947285275e-06
-8.693905123740631153e-06
-9.383564789791157889e-06
-1.009055052154611685e-05
-1.087338769400760676e-05
-1.167658634536613513e-05
-1.256565215814596508e-05
-1.347890794800031621e-05
-1.448984360775270827e-05
-1.552982677660152351e-05
-1.668150750211377069e-05
-1.786842508156245753e-05
-1.918377427310107410e-05
-2.054227261777938880e-05
-2.204929897090942902e-05
-2.360961881652785287e-05
-2.534274826561498542e-05
-2.714221554860375831e-05
-2.914401685511484224e-05
-3.122898427461322289e-05
-3.355242530585753508e-05
-3.598082495052789675e-05
-3.869225158973737367e-05
-4.153698447513586267e-05
-4.472009388269762846e-05
-4.807357812108627339e-05
-5.183477550908944631e-05
-5.581511699328628825e-05
-6.029082034445146069e-05
-6.505028361035125020e-05
-7.041700618516522742e-05
-7.615378951310180112e-05
-8.264223825342349977e-05
-8.961706353497520645e-05
-9.753213012967605123e-05
-1.060919577755379682e-04
-1.158414965294447753e-04
-1.264539626208670818e-04
-1.385909021017290774e-04
-1.518951887173665308e-04
-1.671802672875195460e-04
-1.840636668626845554e-04
-2.035607419995059280e-04
-2.252762853171858144e-04
-2.505002862097525842e-04
-2.788515995365722878e-04
-3.120037412203676233e-04
-3.496429451163790363e-04
-3.939947054981365231e-04
-4.449160987195986921e-04
-5.054548533996591157e-04
-5.758390807710962733e-04
-6.603903245154883316e-04
-7.600996341415608513e-04
-8.813519983554861164e-04
-1.026686536348837917e-03
-1.206004367328369648e-03
-1.425018836998628293e-03
-1.699976023519531986e-03
-2.043280402720748859e-03
-2.483393046693551775e-03
-3.047432942939729862e-03
-3.789147105098387980e-03
-4.769877099836812920e-03
-6.100069027025237581e-03
-7.926287798247442715e-03
-1.049710469040124675e-02
-1.418793249441276799e-02
-1.960693973889422043e-02
-2.778184485929329622e-02
-4.019302780543055481e-02
-5.925571997009966563e-02
-8.105409031295382483e-02
-8.538245638964983564e-02
-8.026301266063295969e-02
-9.141478519019527460e-02
