3.000965695101621145e-01
3.000965695101621145e-01
3.000965695101621145e-01
3.000965695101621145e-01
3.000965695101621145e-01
3.000965695101621145e-01
3.000965695101621145e-01
3.000965695101621145e-01
3.000965695101621145e-01
3.000965695101621145e-01
3.000965695101621145e-01
3.000965695101621145e-01
3.000965695101621145e-01
3.000965695101621145e-01
3.000965695101621145e-01
3.000965695101621145e-01
3.000965695101621145e-01
3.000965695101621145e-01
3.000965695101621145e-01
3.000965695101621145e-01
3.000965695101621145e-01
3.000965695101621145e-01
3.000965695101621145e-01
3.000965695101621145e-01
3.000965695101621145e-01
3.000965695101621145e-01
3.000965695101621145e-01
3.000965695101621145e-01
3.000965695101621145e-01
3.000965695101621145e-01
3.000965695101621145e-01
3.000965695101621145e-01
3.000965695101621145e-01
3.000965695101621145e-01
3.000965695101621145e-01
3.000965695101621145e-01
3.000965695101621145e-01
3.000965695101621145e-01
3.000965695101621145e-01
3.000965695101621145e-01
3.000965695101621145e-01
3.000965695101621145e-01
3.000965695101621145e-01
3.000965695101621145e-01
3.000965695101621145e-01
3.000965695101621145e-01
3.000965695101621145e-01
3.000965695101621145e-01
3.000965695101621145e-01
3.000965695101621145e-01
3.000965695101621145e-01
3.000965695101621145e-01
3.000965695101621145e-01
3.000965695101621145e-01
3.000965695101621145e-01
3.000965695101621145e-01
3.000965695101621145e-01
3.000965695101621145e-01
3.000965695101621145e-01
3.000965695101621145e-01
3.000965695101621145e-01
3.000965695101621145e-01
3.000965695101621145e-01
3.000965695101621145e-01
3.000965695101621145e-01
3.000965695101621145e-01
3.000965695101621145e-01
3.000965695101621145e-01
3.000965695101621145e-01
3.000965695101621145e-01
3.000965695101621145e-01
3.000965695101621145e-01
3.000965695101621145e-01
3.000965695101621145e-01
3.000965695101621145e-01
3.000965695101621145e-01
3.000965695101621145e-01
3.000965695101621145e-01
3.000965695101621145e-01
3.000965695101621145e-01
3.000965695101621145e-01
3.000965695101621145e-01
3.000965695101621145e-01
3.000965695101621145e-01
3.000965695101621145e-01
3.000965695101621145e-01
3.000965695101621145e-01
3.000965695101621145e-01
3.000965695101621145e-01
3.000965695101621145e-01
3.000965695101621145e-01
3.000965695101621145e-01
3.000965695101621145e-01
3.000965695101621145e-01
3.000965695101621145e-01
3.000965695101621145e-01
3.000965695101621145e-01
3.000965695101621145e-01
3.000965695101621145e-01
3.000965695101621145e-01
3.000965695101621145e-01
3.000965695101621145e-01
3.000965695101621145e-01
3.000965695101621145e-01
3.000965695101621145e-01
3.000965695101621145e-01
3.000965695101621145e-01
3.000965695101621145e-01
3.000965695101621145e-01
3.000965695101621145e-01
3.000965695101621145e-01
3.000965695101621145e-01
3.000965695101621145e-01
3.000965695101621145e-01
3.000965695101621145e-01
3.000965695101621145e-01
3.000965695101621145e-01
3.000965695101621145e-01
3.000965695101620589e-01
3.000965695101620589e-01
3.000965695101620034e-01
3.000965695101617814e-01
3.000965695101610597e-01
3.000965695101587838e-01
3.000965695101515673e-01
3.000965695101285302e-01
3.000965695100542563e-01
3.000965695098129493e-01
3.000965695090236918e-01
3.000965695064229943e-01
3.000965694977905107e-01
3.000965694689223251e-01
3.000965693716492466e-01
3.000965690413575082e-01
3.000965679110478290e-01
3.000965640121563971e-01
3.000965504540386020e-01
3.000965029176193566e-01
3.000963348437561962e-01
3.000957354995188453e-01
3.000935795904935421e-01
3.000857563898890468e-01
3.000571219654534216e-01
2.999515194373987281e-01
2.995607844464773240e-01
2.981337943179394046e-01
2.932659011558497175e-01
2.798074550981303199e-01
2.547355430774605467e-01
2.235522975539605828e-01
1.927272227015532635e-01
1.648171189877497833e-01
1.403440846656029417e-01
1.192119995619975309e-01
1.011438307679757842e-01
8.580444603071776810e-02
7.284859847643267161e-02
6.194444691305359130e-02
5.278733853522185604e-02
4.510571623595183849e-02
3.866311584130193574e-02
3.325675248540342632e-02
2.871493432623814512e-02
2.489341719901787958e-02
2.167184479812197390e-02
1.895013219686590700e-02
1.664532762325127493e-02
1.468873282077317981e-02
1.302351930914437406e-02
1.160264049331010891e-02
1.038713941734406045e-02
9.344703355701250783e-03
8.448500739203161636e-03
7.676203924424567643e-03
7.009200644068554718e-03
6.431941207258429216e-03
5.931405035891109366e-03
5.496667374809786726e-03
5.118536264332915718e-03
4.789266358167852504e-03
4.502308749671148948e-03
4.252123299006755133e-03
4.034002905887055547e-03
3.843952152776651445e-03
3.678560608335914618e-03
3.534926574282138204e-03
3.410562612424606482e-03
3.303350435339624629e-03
3.211467494963383615e-03
3.133363827960318482e-03
3.067702230865747802e-03
3.013351015923957515e-03
2.969332704612893514e-03
2.934828737698381550e-03
2.909133191305047703e-03
2.891666888350021784e-03
2.881933668621410559e-03
2.879542310243158980e-03
2.884163554585275624e-03
2.895558924647336028e-03
2.913537137953232069e-03
2.937989408840365867e-03
2.968844156185135134e-03
3.006108770046575940e-03
3.049821687408485037e-03
3.100100941547609575e-03
3.157092772182443653e-03
3.221027598098931063e-03
3.292164372123792919e-03
3.370854959204660529e-03
3.457483460176801089e-03
3.552540375358685838e-03
3.656556121937157029e-03
3.770186861750821766e-03
3.894141447017219516e-03
4.029281451194920843e-03
4.176540829272525936e-03
4.337043602477610831e-03
4.512015667157710450e-03
4.702924888232897643e-03
4.911384832001225269e-03
5.139323948036955692e-03
5.388881713741024496e-03
5.662616513853688423e-03
5.963396099988435214e-03
6.294658377841705690e-03
6.660300835211370625e-03
7.065015915960751701e-03
7.514189385847956995e-03
8.014344531917929476e-03
8.573069775058665687e-03
9.199627864727000226e-03
9.904953462351352711e-03
1.070252337207983420e-02
1.160850602448966137e-02
1.264306444167960855e-02
1.383082505058332717e-02
1.520293523557107035e-02
1.679820204765515579e-02
1.866653804805836619e-02
2.087152591109463218e-02
2.349656166535644963e-02
2.665052360815636789e-02
3.047942541758368387e-02
3.517897106785918687e-02
4.101780120243330580e-02
4.836507914792718271e-02
5.773699207301126457e-02
6.985167955540695639e-02
8.570390738276757736e-02
1.066093008538471915e-01
1.340741880953020548e-01
1.685661269995484823e-01
2.041825004536285959e-01
2.309302646502162104e-01
2.451547479480901126e-01
