9.298622456888741561e-03
9.288288775399611286e-03
9.267741356176388209e-03
9.237217631026115733e-03
9.197067686028201003e-03
9.147747189869144188e-03
9.089808305147814571e-03
9.023888839608015799e-03
8.950699967722505757e-03
8.871012854173495124e-03
8.785644570585005031e-03
8.695443658962086902e-03
8.601275739880976171e-03
8.504009487549150231e-03
8.404503326560014073e-03
8.303593096682000685e-03
8.202080960043545144e-03
8.100725692471815592e-03
8.000234533346766222e-03
7.901256621030630298e-03
7.804378087434102329e-03
7.710118731693788204e-03
7.618930260929628918e-03
7.531195932110094915e-03
7.447231523300529114e-03
7.367287410998548704e-03
7.291551652396701180e-03
7.220153821795513571e-03
7.153169499363780381e-03
7.090625159920747357e-03
7.032503382388845259e-03
6.978748144855891067e-03
6.929270163591801958e-03
6.883952068782081199e-03
6.842653420222875350e-03
6.805215386475615275e-03
6.771465136046239328e-03
6.741219791809320051e-03
6.714290038228940341e-03
6.690483253551061764e-03
6.669606290605222844e-03
6.651467790891290276e-03
6.635880182098084258e-03
6.622661247723878042e-03
6.611635438564616302e-03
6.602634811237875073e-03
6.595499777718553079e-03
6.590079541574481864e-03
6.586232415466465942e-03
6.583825881747845492e-03
6.582736599428858602e-03
6.582850202518308880e-03
6.584061101312656608e-03
6.586272112908103660e-03
6.589394141574884782e-03
6.593345715295810885e-03
6.598052609781623716e-03
6.603447345375802746e-03
6.609468801021151606e-03
6.616061708914793525e-03
6.623176289483462958e-03
6.630767767402080334e-03
6.638796046671127660e-03
6.647225261049712758e-03
6.656023499489507542e-03
6.665162396354944174e-03
6.674616911335705220e-03
6.684364959535350412e-03
6.694387246057414455e-03
6.704666932599493909e-03
6.715189524685779947e-03
6.725942569296884319e-03
6.736915591772295667e-03
6.748099817787004372e-03
6.759488156936768397e-03
6.771074941656229744e-03
6.782855955193410440e-03
6.794828179504963997e-03
6.806989866529242726e-03
6.819340285965281960e-03
6.831879838622849886e-03
6.844609784463145247e-03
6.857532358224317781e-03
6.870650277419619242e-03
6.883966073551125303e-03
6.897478096032303926e-03
6.911165976072665765e-03
6.924932007788008048e-03
6.938379393202737458e-03
6.949998297306849045e-03
6.954426803649634350e-03
6.935236673167934594e-03
6.858413384651866618e-03
6.699889317694721763e-03
6.485400914670773689e-03
6.254655102516726468e-03
6.027597959960482622e-03
5.810477044526056109e-03
5.604612522572346642e-03
5.409874644917950920e-03
5.225746936752291918e-03
5.051631721209631949e-03
4.886936022331153998e-03
4.731095163869543201e-03
4.583577853120987186e-03
4.443886332995029310e-03
4.311554723979363866e-03
4.186147269754195849e-03
4.067256299750470969e-03
3.954500492200844000e-03
3.847523029091843780e-03
3.745990049363993619e-03
3.649589030133330685e-03
3.558027430955655341e-03
3.471031281862969886e-03
3.388344001137735904e-03
3.309725166460059619e-03
3.234949487096434786e-03
3.163805735790447670e-03
3.096095857147890089e-03
3.031634039977801516e-03
2.970245945083591077e-03
2.911767899904803454e-03
2.856046230516872189e-03
2.802936562489898639e-03
2.752303243513036339e-03
2.704018736316023651e-03
2.657963119889189887e-03
2.614023562080014084e-03
2.572093888833379416e-03
2.532074125668505159e-03
2.493870125693248372e-03
2.457393170587664644e-03
2.422559649343721932e-03
2.389290710637062293e-03
2.357511985309468632e-03
2.327153283112293799e-03
2.298148352889586767e-03
2.270434617638648987e-03
2.243952967175537154e-03
2.218647526294009482e-03
2.194465475413936127e-03
2.171356847343269923e-03
2.149274372033457489e-03
2.128173298074412505e-03
2.108011258220638361e-03
2.088748112287758599e-03
2.070345830578662182e-03
2.052768355314016878e-03
2.035981499489048722e-03
2.019952824368839023e-03
2.004651551651624643e-03
1.990048454902113278e-03
1.976115783193740840e-03
1.962827164647534643e-03
1.950157539980497704e-03
1.938083076570125190e-03
1.926581110555065013e-03
1.915630070062140098e-03
1.905209424693673397e-03
1.895299616740195835e-03
1.885882017050459752e-03
1.876938863213499249e-03
1.868453220945950075e-03
1.860408928365465259e-03
1.852790562149814971e-03
1.845583387142336234e-03
1.838773326640512308e-03
1.832346916677088074e-03
1.826291279884870340e-03
1.820594083886100788e-03
1.815243518257274140e-03
1.810228256536780848e-03
1.805537435880351198e-03
1.801160622264025247e-03
1.797087792479296108e-03
1.793309302167310363e-03
1.789815869853441386e-03
1.786598547500077745e-03
1.783648706325280473e-03
1.780958009606791945e-03
1.778518400068659390e-03
1.776322074709338426e-03
1.774361473575338790e-03
1.772629256421798466e-03
1.771118292723067268e-03
1.769821640006408745e-03
1.768732534977373021e-03
1.767844373395655727e-03
1.767150702218352794e-03
1.766645200912877762e-03
1.766321674543730718e-03
1.766174036440753973e-03
1.766196302175415808e-03
1.766382573523960896e-03
1.766727033297507818e-03
1.767223930558452618e-03
1.767867576285529502e-03
1.768652329818556045e-03
1.769572595354038710e-03
1.770622809608584508e-03
1.771797439153096785e-03
1.773090969297910985e-03
1.774497902284230717e-03
1.776012747404621906e-03
1.777630020078635031e-03
1.779344233230293996e-03
1.781149897280895952e-03
1.783041512810539658e-03
1.785013571504157591e-03
1.787060550126766444e-03
1.789176912458985934e-03
1.791357104615277961e-03
1.793595558002146484e-03
1.795886686004543546e-03
1.798224887993841829e-03
1.800604547400200825e-03
1.803020036787342500e-03
1.805465717317611364e-03
1.807935944897213305e-03
1.810425071026126658e-03
1.812927450000466779e-03
1.815437441121151366e-03
1.817949416919891533e-03
1.820457766679343644e-03
1.822956905626048688e-03
1.825441279690837026e-03
1.827905375586528786e-03
1.830343726711556067e-03
1.832750924003364234e-03
1.835121622860862384e-03
1.837450554637096471e-03
1.839732534429110080e-03
1.841962473046200675e-03
1.844135385489806527e-03
1.846246403208546367e-03
1.848290783067133318e-03
1.850263919677008588e-03
1.852161354633408532e-03
1.853978788692797535e-03
1.855712091042213295e-03
1.857357311082635581e-03
1.858910687485851093e-03
1.860368659337549449e-03
1.861727874735404640e-03
1.862985201047794026e-03
1.864137732813062704e-03
1.865182800879848935e-03
1.866117979382031673e-03
1.866941093545031530e-03
1.867650225533332674e-03
1.868243720733706341e-03
1.868720192302118386e-03
1.869078525768493775e-03
1.869317882146658352e-03
1.869437700744897924e-03
