4.316637949695744325e+00
4.314590804637273180e+00
4.310501596109716616e+00
4.304380477769455204e+00
4.296242589197758477e+00
4.286108028162662009e+00
4.274001680268662895e+00
4.259953175446661078e+00
4.243996637172622322e+00
4.226170627117146417e+00
4.206517819378001732e+00
4.185084938506048680e+00
4.161922365614775465e+00
4.137084076019698742e+00
4.110627185198566735e+00
4.082611892991221403e+00
4.053100978147587519e+00
4.022159756408781206e+00
3.989855532777491387e+00
3.956257580833653531e+00
3.921436561896092243e+00
3.885464532632295853e+00
3.848414339973695419e+00
3.810359663491983628e+00
3.771374394323094403e+00
3.731532717950138522e+00
3.690908484536170153e+00
3.649575336734799613e+00
3.607606077791148724e+00
3.565072847860156990e+00
3.522046495074963257e+00
3.478596802655141040e+00
3.434791866927610737e+00
3.390698376314846385e+00
3.346380999085829977e+00
3.301902714183163390e+00
3.257324210332815273e+00
3.212704267644794331e+00
3.168099168663004228e+00
3.123563128790887156e+00
3.079147718947287338e+00
3.034902342149300214e+00
2.990873666675653020e+00
2.947106145595071336e+00
2.903641458733472458e+00
2.860519071568704774e+00
2.817775683850443968e+00
2.775445824083274893e+00
2.733561302349208688e+00
2.692151836556591959e+00
2.651244506849355087e+00
2.610864409889899651e+00
2.571034112187200016e+00
2.531774328886013503e+00
2.493103373386257093e+00
2.455037857405540258e+00
2.417592134372958501e+00
2.380779017894693705e+00
2.344609216565014975e+00
2.309092068374938300e+00
2.274234964771994605e+00
2.240044098991480048e+00
2.206523877397164046e+00
2.173677680168321746e+00
2.141507258151228665e+00
2.110013504791420580e+00
2.079195836908663608e+00
2.049052977214761206e+00
2.019582317583478837e+00
1.990780711935493663e+00
1.962643820703177777e+00
1.935166914295281648e+00
1.908344197550636556e+00
1.882169624419467002e+00
1.856636201258076824e+00
1.831736813789140106e+00
1.807463508111874839e+00
1.783808331443030637e+00
1.760762589706602821e+00
1.738317704029790800e+00
1.716464443737865331e+00
1.695193801112888865e+00
1.674496198560641691e+00
1.654362384774471284e+00
1.634782614773677034e+00
1.615747571409936079e+00
1.597247516918167021e+00
1.579273244751735472e+00
1.561815201270226217e+00
1.544864474349376238e+00
1.528411883924782444e+00
1.512449015983551526e+00
1.496967281050286536e+00
1.481959005608013413e+00
1.467416458638268972e+00
1.453333018453824899e+00
1.439702169983488877e+00
1.426518776025712754e+00
1.413778053900797360e+00
1.401477001020392299e+00
1.389613368258241888e+00
1.378187311882587585e+00
1.367200303901076053e+00
1.356656690124888209e+00
1.346560374416219119e+00
1.336908489693972024e+00
1.327674831560544888e+00
1.318820994803308055e+00
1.310321300942929090e+00
1.302161322964547674e+00
1.294324557844111601e+00
1.286788307980756940e+00
1.279522299624665349e+00
1.272494565914571441e+00
1.265676094040689037e+00
1.259045860077689705e+00
1.252589085373393196e+00
1.246296971535174603e+00
1.240162914290285467e+00
1.234183017406060845e+00
1.228353243685102569e+00
1.222671133195537774e+00
1.217133251007867178e+00
1.211737567201035759e+00
1.206480696587723500e+00
1.201360811985507704e+00
1.196374406655842826e+00
1.191519855730613475e+00
1.186793428243841042e+00
1.182193801474764383e+00
1.177716862006149334e+00
1.173361810430325614e+00
1.169123723876414944e+00
1.165002621561301410e+00
1.160989410352080808e+00
1.157067726877310188e+00
1.153109816629566797e+00
1.148958467645462944e+00
1.144627822735048372e+00
1.140201926836318602e+00
1.135755566682419282e+00
1.131344188583748078e+00
1.127006993034982418e+00
1.122767507040542068e+00
1.118640428620841565e+00
1.114632217397417913e+00
1.110746187160737142e+00
1.106981777887799945e+00
1.103337920945794970e+00
1.099811606164567079e+00
1.096400278220752478e+00
1.093100225454153085e+00
1.089908475602082483e+00
1.086821234305651585e+00
1.083835494998291349e+00
1.080947593738598167e+00
1.078154627632109896e+00
1.075453132899987008e+00
1.072840358618977863e+00
1.070313058089862324e+00
1.067868645720458920e+00
1.065504088728990384e+00
1.063216966158074817e+00
1.061004448667643763e+00
1.058864273719837712e+00
1.056793802776172297e+00
1.054790923550292581e+00
1.052853175525479301e+00
1.050978588012256187e+00
1.049164866325448697e+00
1.047410172813647566e+00
1.045712367234715945e+00
1.044069736733237663e+00
1.042480284943078761e+00
1.040942415956932265e+00
1.039454267495466100e+00
1.038014353167122206e+00
1.036620935708643998e+00
1.035272631226626716e+00
1.033967819062605598e+00
1.032705211208524432e+00
1.031483295804737299e+00
1.030300874506498099e+00
1.029156537003706573e+00
1.028049168767693811e+00
1.026977454301825743e+00
1.025940357404209413e+00
1.024936651129743082e+00
1.023965372454732847e+00
1.023025377162559035e+00
1.022115770582696870e+00
1.021235485810873644e+00
1.020383692011290089e+00
1.019559394553649634e+00
1.018761822208515300e+00
1.017990047932289865e+00
1.017243356147556899e+00
1.016520883036759360e+00
1.015821964978724345e+00
1.015145797325362143e+00
1.014491764959672304e+00
1.013859118629722111e+00
1.013247288500133347e+00
1.012655577205845203e+00
1.012083457186516045e+00
1.011530279700891377e+00
1.010995556660168715e+00
1.010478684913544534e+00
1.009979213231150252e+00
1.009496581233683354e+00
1.009030372116968444e+00
1.008580065654496538e+00
1.008145277203022827e+00
1.007725524257245597e+00
1.007320452228390728e+00
1.006929614075761092e+00
1.006552683307346152e+00
1.006189246254233449e+00
1.005839002703334817e+00
1.005501570418193547e+00
1.005176673778411356e+00
1.004863960184685823e+00
1.004563177047072875e+00
1.004273999743496404e+00
1.003996197269225954e+00
1.003729471446978216e+00
1.003473611522601283e+00
1.003228344351515533e+00
1.002993478200307154e+00
1.002768763658908879e+00
1.002554026884352023e+00
1.002349041011012964e+00
1.002153649050925521e+00
1.001967645595797540e+00
1.001790889567902632e+00
1.001623196027557006e+00
1.001464438949491331e+00
1.001314452968293578e+00
1.001173126337135733e+00
1.001040312461414006e+00
1.000915913179680983e+00
1.000799799952546199e+00
1.000691887589447493e+00
1.000592064975884377e+00
1.000500259354216048e+00
1.000416376487592185e+00
1.000340355588158481e+00
1.000272118830751511e+00
1.000211617007585208e+00
1.000158788319000402e+00
1.000113594819862950e+00
1.000075990428420214e+00
1.000045948216178315e+00
1.000023437589367514e+00
1.000008442460871949e+00
1.000000947571984211e+00
