2.413626134576555060e+00
2.414516330625188889e+00
2.416295768291194079e+00
2.418962539367334408e+00
2.422513783179534474e+00
2.426945688705761217e+00
2.432253497492877337e+00
2.438431507669359011e+00
2.445473079010970441e+00
2.453370639474326875e+00
2.462115693094502955e+00
2.471698829747768666e+00
2.482109736581729731e+00
2.493337211669533815e+00
2.505369179566400373e+00
2.518192709356321224e+00
2.531794034720848963e+00
2.546158576634585557e+00
2.561270968061481579e+00
2.577115081270748842e+00
2.593674056988116927e+00
2.610930336023852050e+00
2.628865692443695057e+00
2.647461268963399839e+00
2.666697613498119512e+00
2.686554717607855025e+00
2.707012055652047167e+00
2.728048625477215605e+00
2.749642989347810040e+00
2.771773316047030811e+00
2.794417422766106718e+00
2.817552817827948086e+00
2.841156742778144562e+00
2.865206215020007718e+00
2.889678069442152442e+00
2.914549000353803265e+00
2.939795602087951654e+00
2.965394409730979675e+00
2.991321938243281853e+00
3.017554721576076737e+00
3.044069349943800518e+00
3.070842507006805278e+00
3.097851005007670633e+00
3.125071819769078552e+00
3.152482123468886677e+00
3.180059317258655760e+00
3.207781061501718600e+00
3.235625305862335654e+00
3.263570316870189281e+00
3.291594705366089446e+00
3.319677451288538972e+00
3.347797928392690636e+00
3.375935926182721758e+00
3.404071671848606595e+00
3.432185849294185687e+00
3.460259618263207937e+00
3.488274630438489954e+00
3.516213045755377742e+00
3.544057545572759871e+00
3.571791346199269412e+00
3.599398209162099516e+00
3.626862451998506209e+00
3.654168955673241737e+00
3.681303172714944782e+00
3.708251131856731497e+00
3.734999443623386650e+00
3.761535302291705740e+00
3.787846489059548905e+00
3.813921371441989283e+00
3.839748904176970790e+00
3.865318626189594209e+00
3.890620659411001991e+00
3.915645703455532534e+00
3.940385032549730493e+00
3.964830488074699399e+00
3.988974473821202071e+00
4.012809946551606721e+00
4.036330409815712450e+00
4.059529902681685343e+00
4.082402992367528682e+00
4.104944761276242637e+00
4.127150798722619918e+00
4.149017186381820821e+00
4.170540489429628295e+00
4.191717740484151911e+00
4.212546430600811576e+00
4.233024491989406890e+00
4.253150290475858242e+00
4.272922611266535498e+00
4.292340669557883182e+00
4.311404154792689347e+00
4.330113424588883930e+00
4.348469903122096802e+00
4.366476228692504513e+00
4.384135179911832658e+00
4.401448640706918880e+00
4.418417904396356732e+00
4.435044231323564290e+00
4.451329105186494495e+00
4.467274294366974097e+00
4.482881863041903614e+00
4.498154154524824477e+00
4.513093779526960780e+00
4.527703594878095039e+00
4.541986690309807173e+00
4.555946368373038347e+00
4.569586131627611181e+00
4.582909664101864955e+00
4.595920819159724502e+00
4.608623602429694266e+00
4.621022160441509818e+00
4.633120764934563596e+00
4.644923802310399807e+00
4.656435759241084327e+00
4.667661212958833516e+00
4.678604818093210937e+00
4.689271297801909988e+00
4.699665431770930546e+00
4.709792048177728674e+00
4.719656012791879185e+00
4.729262221752268402e+00
4.738615591707608488e+00
4.747721053382186973e+00
4.756583542696925626e+00
4.765207995092601401e+00
4.773599337573122270e+00
4.781762483751002435e+00
4.789702326755339357e+00
4.797423734961288488e+00
4.804931545706062401e+00
4.812230561662010686e+00
4.819325545304994129e+00
4.826221215889261451e+00
4.832922244613711449e+00
4.839433252156062792e+00
4.845758804483851101e+00
4.851903410905268998e+00
4.857871520473289628e+00
4.863667520510876585e+00
4.869295733558381301e+00
4.874760416331592516e+00
4.880065757164461004e+00
4.885215875359540938e+00
4.890214819080217268e+00
4.895066565054461805e+00
4.899775016872885303e+00
4.904344005008402618e+00
4.908777285478770125e+00
4.913078540146485373e+00
4.917251375706863215e+00
4.921299324234419181e+00
4.925225842459970416e+00
4.929034312531809903e+00
4.932728041547707498e+00
4.936310262501250712e+00
4.939784134037099150e+00
4.943152741554949436e+00
4.946419097158798017e+00
4.949586140893088348e+00
4.952656740859070261e+00
4.955633694559816504e+00
4.958519729159005074e+00
4.961317502913492383e+00
4.964029605552132018e+00
4.966658559776520043e+00
4.969206821739512669e+00
4.971676782596714972e+00
4.974070769066392117e+00
4.976391045016008263e+00
4.978639812087111594e+00
4.980819211303018079e+00
4.982931323744011820e+00
4.984978172163810228e+00
4.986961721702148687e+00
4.988883881499179829e+00
4.990746505434025870e+00
4.992551393727672426e+00
4.994300293697520488e+00
4.995994901340622185e+00
4.997636862095598431e+00
4.999227772399241765e+00
5.000769180448373596e+00
5.002262587723953047e+00
5.003709449746526872e+00
5.005111177562967306e+00
5.006469138490222015e+00
5.007784657560659269e+00
5.009059018249723216e+00
5.010293463876694275e+00
5.011489198312661486e+00
5.012647387334227211e+00
5.013769159308919754e+00
5.014855606500037588e+00
5.015907785727281798e+00
5.016926719621430664e+00
5.017913397258596753e+00
5.018868775363936052e+00
5.019793778918352878e+00
5.020689302310944235e+00
5.021556209917424241e+00
5.022395337201286836e+00
5.023207491263632640e+00
5.023993451893377760e+00
5.024753972088463527e+00
5.025489779055674511e+00
5.026201574703461183e+00
5.026890036592198463e+00
5.027555818399060961e+00
5.028199550819648422e+00
5.028821842005590348e+00
5.029423278418605925e+00
5.030004425241608068e+00
5.030565827186359584e+00
5.031108008878947047e+00
5.031631475622307725e+00
5.032136713756962365e+00
5.032624191379682976e+00
5.033094358680486380e+00
5.033547648618706738e+00
5.033984477237230415e+00
5.034405244297237125e+00
5.034810333570657548e+00
5.035200113434812330e+00
5.035574937144050800e+00
5.035935143385455781e+00
5.036281056530595102e+00
5.036612987153382015e+00
5.036931232262830349e+00
5.037236075784107925e+00
5.037527788773069837e+00
5.037806629861513841e+00
5.038072845454200532e+00
5.038326670139186447e+00
5.038568326868005265e+00
5.038798027331871765e+00
5.039015972125625353e+00
5.039222351090469232e+00
5.039417343462233134e+00
5.039601118181272987e+00
5.039773834025482735e+00
5.039935639887881180e+00
5.040086674894771690e+00
5.040227068651486064e+00
5.040356941345997654e+00
5.040476403963195295e+00
5.040585558374236719e+00
5.040684497519674068e+00
5.040773305484745670e+00
5.040852057651603602e+00
5.040920820760738330e+00
5.040979653032513497e+00
5.041028604214819353e+00
5.041067715674091509e+00
5.041097020429299747e+00
5.041116543212554646e+00
5.041126300489473522e+00
