1.012630128959864442e-02
1.011934989412664222e-02
1.010546897363310409e-02
1.008470213442336574e-02
1.005711445078042755e-02
1.002279206561688778e-02
9.981841663591421374e-03
9.934389820297945956e-03
9.880582234050156593e-03
9.820582845613486794e-03
9.754572854894718800e-03
9.682749641548429875e-03
9.605325600787086374e-03
9.522526902698206022e-03
9.434592188276589089e-03
9.341771211405995590e-03
9.244323441411770453e-03
9.142516635796628724e-03
9.036625398559519975e-03
8.926929733435715053e-03
8.813713607533949293e-03
8.697263533752200640e-03
8.577867186827613580e-03
8.455812059811860376e-03
8.331384174595857575e-03
8.204866851171018979e-03
8.076539547555853724e-03
7.946676772627916246e-03
7.815547081817371400e-03
7.683412155304875438e-03
7.550525966624663764e-03
7.417134038755408311e-03
7.283472793637738897e-03
7.149768989838172287e-03
7.016239252568977521e-03
6.883089688734272092e-03
6.750515589812083189e-03
6.618701213574756242e-03
6.487819646435540218e-03
6.358032736163536820e-03
6.229491096119419910e-03
6.102334169889465400e-03
5.976690357199208360e-03
5.852677189476846245e-03
5.730401555997109882e-03
5.609959968771030710e-03
5.491438867426435763e-03
5.374914952279755652e-03
5.260455547363680241e-03
5.148118981822388286e-03
5.037954992106232974e-03
4.930005133703952748e-03
4.824303205608489707e-03
4.720875676641402875e-03
4.619742117649186866e-03
4.520915629097885247e-03
4.424403268915110161e-03
4.330206470484479139e-03
4.238321456469801816e-03
4.148739638700113010e-03
4.061448010598236319e-03
3.976429522633748853e-03
3.893663448057536284e-03
3.813125729555765734e-03
3.734789314823181057e-03
3.658624471744938329e-03
3.584599091903692067e-03
3.512678973037173386e-03
3.442828089865804676e-03
3.375008843726687996e-03
3.309182301140560761e-03
3.245308411423571127e-03
3.183346214205462921e-03
3.123254026492123820e-03
3.064989620928138068e-03
3.008510384252868503e-03
2.953773468499437845e-03
2.900735923083963205e-03
2.849354821381425672e-03
2.799587368838529246e-03
2.751391007496038245e-03
2.704723502545870826e-03
2.659543027408981224e-03
2.615808231081164469e-03
2.573478306338144225e-03
2.532513039968717697e-03
2.492872866297260199e-03
2.454518900857233146e-03
2.417412976526496244e-03
2.381517643494219377e-03
2.346796126558105527e-03
2.313212108078120926e-03
2.280729292682568722e-03
2.249311298930843552e-03
2.218922935065081696e-03
2.189531306424321450e-03
2.161105349369397965e-03
2.133615132435083463e-03
2.107031540241023886e-03
2.081326188926243236e-03
2.056471399110864403e-03
2.032440197743613959e-03
2.009206312788092228e-03
1.986744176096800259e-03
1.965028916216901567e-03
1.944036356868225623e-03
1.923743006847549548e-03
1.904126054773015676e-03
1.885163356705704283e-03
1.866833428094208120e-03
1.849115429757803046e-03
1.831989157813669698e-03
1.815435028566427661e-03
1.799434067045239082e-03
1.783967891244275664e-03
1.769018699767084578e-03
1.754569255773924920e-03
1.740602874124382851e-03
1.727103405311705220e-03
1.714055222407581203e-03
1.701443205199653242e-03
1.689252727171824085e-03
1.677469640007851195e-03
1.666080260783185316e-03
1.655071356954032451e-03
1.644430133890449836e-03
1.634144220434807912e-03
1.624201656868858815e-03
1.614590881097057026e-03
1.605300717110886774e-03
1.596320361829906345e-03
1.587639374103335830e-03
1.579247662224068970e-03
1.571135473489367919e-03
1.563293382389423832e-03
1.555712280735051852e-03
1.548383366512027072e-03
1.541298134573061869e-03
1.534448366141532346e-03
1.527826120057119335e-03
1.521423722907037229e-03
1.515233760809028135e-03
1.509249070144486841e-03
1.503462729858466530e-03
1.497868052766725957e-03
1.492458578349839917e-03
1.487228064604834664e-03
1.482170481308916652e-03
1.477280002385927262e-03
1.472550999614444158e-03
1.467978035479441208e-03
1.463555857299384758e-03
1.459279390534036274e-03
1.455143733305557440e-03
1.451144150134344541e-03
1.447276066829773430e-03
1.443535064627129516e-03
1.439916875424536316e-03
1.436417376295343355e-03
1.433032585048860151e-03
1.429758655093897471e-03
1.426591871302115150e-03
1.423528645199865833e-03
1.420565511114080031e-03
1.417699121671002396e-03
1.414926244205805045e-03
1.412243756548130008e-03
1.409648643677785225e-03
1.407137993778400428e-03
1.404708995122724196e-03
1.402358932376906184e-03
1.400085183700035350e-03
1.397885217282823431e-03
1.395756588647021051e-03
1.393696937403395833e-03
1.391703984737675294e-03
1.389775530373774624e-03
1.387909450233814094e-03
1.386103693593530991e-03
1.384356280904789228e-03
1.382665301131011338e-03
1.381028909721392691e-03
1.379445326115017996e-03
1.377912831856745613e-03
1.376429768259451909e-03
1.374994534652184330e-03
1.373605586190717893e-03
1.372261432229219917e-03
1.370960634269938498e-03
1.369701804450192302e-03
1.368483603622617584e-03
1.367304739949854820e-03
1.366163967107312518e-03
1.365060082978389105e-03
1.363991927972298991e-03
1.362958383813084881e-03
1.361958371965496517e-03
1.360990852511544287e-03
1.360054822677812239e-03
1.359149315793682254e-03
1.358273399913949731e-03
1.357426176853183692e-03
1.356606780897872842e-03
1.355814377911741938e-03
1.355048164132055142e-03
1.354307365341048553e-03
1.353591235741297052e-03
1.352899057188753371e-03
1.352230138142479499e-03
1.351583812955015756e-03
1.350959440892079240e-03
1.350356405476302746e-03
1.349774113572809126e-03
1.349211994782636374e-03
1.348669500590319020e-03
1.348146103803626004e-03
1.347641297759602464e-03
1.347154595807424160e-03
1.346685530569628622e-03
1.346233653465174398e-03
1.345798534022832295e-03
1.345379759441759325e-03
1.344976933954273408e-03
1.344589678421489109e-03
1.344217629742939417e-03
1.343860440485022262e-03
1.343517778335192106e-03
1.343189325761160076e-03
1.342874779507572400e-03
1.342573850284176952e-03
1.342286262303062994e-03
1.342011752994190380e-03
1.341750072581518547e-03
1.341500983824447718e-03
1.341264261631341156e-03
1.341039692825599225e-03
1.340827075795309646e-03
1.340626220282799957e-03
1.340436947069271285e-03
1.340259087786886162e-03
1.340092484637400282e-03
1.339936990225955391e-03
1.339792467312850765e-03
1.339658788668349459e-03
1.339535836856894533e-03
1.339423504112323676e-03
1.339321692153926059e-03
1.339230312081600861e-03
1.339149284223282261e-03
1.339078538049620105e-03
1.339018012052384243e-03
1.338967653678403008e-03
1.338927419238618169e-03
1.338897273861045303e-03
1.338877191430269242e-03
1.338867154559287989e-03
