1.187105527436443175e+01
1.187243287659524071e+01
1.187518309977760289e+01
1.187929602225496239e+01
1.188475686374956020e+01
1.189154610850512128e+01
1.189963966950949903e+01
1.190900909455058354e+01
1.191962181308030111e+01
1.193144142429764010e+01
1.194442802404339332e+01
1.195853856988720842e+01
1.197372727991263730e+01
1.198994606293315890e+01
1.200714497303598449e+01
1.202527268423592766e+01
1.204427697543566467e+01
1.206410521976489036e+01
1.208470486632365493e+01
1.210602390760044855e+01
1.212801131959983536e+01
1.215061746864135195e+01
1.217379447250363356e+01
1.219749651232112342e+01
1.222168008520168314e+01
1.224630419794219094e+01
1.227133049527251529e+01
1.229672332778669208e+01
1.232244975673777709e+01
1.234847950547253603e+01
1.237478485772788517e+01
1.240134051611475030e+01
1.242812342261052194e+01
1.245511255633780934e+01
1.248228871032200615e+01
1.250963426283206914e+01
1.253713294334257178e+01
1.256476960781834151e+01
1.259253002070818006e+01
1.262040065682315948e+01
1.264836851745809376e+01
1.267642097237624732e+01
1.270454561912770330e+01
1.273273017016267694e+01
1.276096235677271906e+01
1.278922985976934612e+01
1.281752025404766115e+01
1.284582097702595682e+01
1.287411930672207916e+01
1.290240236008211561e+01
1.293065709629859228e+01
1.295887033676474864e+01
1.298702878558352580e+01
1.301511906358214787e+01
1.304312773899578914e+01
1.307104136924523630e+01
1.309884653617050354e+01
1.312652989072418208e+01
1.315407818856201594e+01
1.318147833418929160e+01
1.320871741400205757e+01
1.323578273761324198e+01
1.326266186649555223e+01
1.328934265116128444e+01
1.331581325436757446e+01
1.334206218353376805e+01
1.336807830805169495e+01
1.339385088682893787e+01
1.341936957963740440e+01
1.344462447001192373e+01
1.346960607081049766e+01
1.349430534291726147e+01
1.351871369531458100e+01
1.354282300017563578e+01
1.356662558779092187e+01
1.359011425872115808e+01
1.361328227390026058e+01
1.363612336458182028e+01
1.365863171787378683e+01
1.368080198530314284e+01
1.370262926404345549e+01
1.372410910560510722e+01
1.374523749543834583e+01
1.376601087465916606e+01
1.378642616763812967e+01
1.380648102315703341e+01
1.382617470926085801e+01
1.384551176807115525e+01
1.386451583315947644e+01
1.388328031564174481e+01
1.390213899516838048e+01
1.392211876674592475e+01
1.394538154410775554e+01
1.397361010110637380e+01
1.400546293804120701e+01
1.403856957959433771e+01
1.407165433157191003e+01
1.410426638543972899e+01
1.413626772112656482e+01
1.416761877516760215e+01
1.419831002769623396e+01
1.422834141465219382e+01
1.425771616832758504e+01
1.428643889423370616e+01
1.431451497474846590e+01
1.434195033374377815e+01
1.436875135881292564e+01
1.439492483397182632e+01
1.442047791491754261e+01
1.444541808322277099e+01
1.446975312826494076e+01
1.449349110721310652e+01
1.451664032876932175e+01
1.453920931687131279e+01
1.456120679579142418e+01
1.458264165706049376e+01
1.460352294593259614e+01
1.462385983126160838e+01
1.464366159336089801e+01
1.466293759661711782e+01
1.468169727874984076e+01
1.469995012597073547e+01
1.471770566362516419e+01
1.473497343372070567e+01
1.475176298691460985e+01
1.476808386224756831e+01
1.478394558042748663e+01
1.479935762561400381e+01
1.481432943993909923e+01
1.482887040719587901e+01
1.484298984852949133e+01
1.485669700789091507e+01
1.487000104882664608e+01
1.488291104156480493e+01
1.489543596082904031e+01
1.490758467443041724e+01
1.491936594202944910e+01
1.493078840511325112e+01
1.494186058662916317e+01
1.495259088223262189e+01
1.496298756071649727e+01
1.497305875642096673e+01
1.498281247038415742e+01
1.499225656381114291e+01
1.500139875987360405e+01
1.501024663814085258e+01
1.501880763695887211e+01
1.502708904875210116e+01
1.503509802291522668e+01
1.504284156190007948e+01
1.505032652455694020e+01
1.505755962292653294e+01
1.506454742597111718e+01
1.507129635699703130e+01
1.507781269771947130e+01
1.508410258624636846e+01
1.509017202142443281e+01
1.509602686132029525e+01
1.510167282779904774e+01
1.510711550544342785e+01
1.511236034631980907e+01
1.511741266928076044e+01
1.512227766487687752e+01
1.512696039499262568e+01
1.513146579786562995e+01
1.513579868800970907e+01
1.513996376130654298e+01
1.514396559517365404e+01
1.514780865369620599e+01
1.515149728800120599e+01
1.515503574140003096e+01
1.515842814993331977e+01
1.516167854749721222e+01
1.516479086652643637e+01
1.516776894307954393e+01
1.517061651763025232e+01
1.517333724008897278e+01
1.517593467067491453e+01
1.517841228485298721e+01
1.518077347426123147e+01
1.518302155154376010e+01
1.518515975130995344e+01
1.518719123484550337e+01
1.518911909108134850e+01
1.519094634116607345e+01
1.519267593942410421e+01
1.519431077777364258e+01
1.519585368665481084e+01
1.519730743927826033e+01
1.519867475250504008e+01
1.519995829091175210e+01
1.520116066760486717e+01
1.520228444808902246e+01
1.520333215099941349e+01
1.520430625176034845e+01
1.520520918322024606e+01
1.520604333908827144e+01
1.520681107445714098e+01
1.520751470900639646e+01
1.520815652739916146e+01
1.520873878224118236e+01
1.520926369433867187e+01
1.520973345540315691e+01
1.521015022815856099e+01
1.521051614878283154e+01
1.521083332685369705e+01
1.521110384751928102e+01
1.521132977127328090e+01
1.521151313584820031e+01
1.521165595581247665e+01
1.521176022418154439e+01
1.521182791183136018e+01
1.521186096882449768e+01
1.521186132363669330e+01
1.521183088419753027e+01
1.521177153692909378e+01
1.521168514750325329e+01
1.521157355969446812e+01
1.521143859585856717e+01
1.521128205560472324e+01
1.521110571600378059e+01
1.521091133008781782e+01
1.521070062679943469e+01
1.521047530933083003e+01
1.521023705482898158e+01
1.520998751258988690e+01
1.520972830353817251e+01
1.520946101829589203e+01
1.520918721645870697e+01
1.520890842456224945e+01
1.520862613518063533e+01
1.520834180481682729e+01
1.520805685285248288e+01
1.520777265939202039e+01
1.520749056409568567e+01
1.520721186400973401e+01
1.520693781231698694e+01
1.520666961618780100e+01
1.520640843548417820e+01
1.520615538066757821e+01
1.520591151149368336e+01
1.520567783501381420e+01
1.520545530429764192e+01
1.520524481656473625e+01
1.520504721197171705e+01
1.520486327190927156e+01
1.520469371788857949e+01
1.520453921003698561e+01
1.520440034611568692e+01
1.520427766024423022e+01
1.520417162207786710e+01
1.520408263578680952e+01
1.520401103941726895e+01
1.520395710414659085e+01
1.520392103384660842e+01
1.520390296463032342e+01
