6.176235779492005307e+00
6.177602594559388649e+00
6.180336468587372067e+00
6.184438078037548081e+00
6.189908159358712858e+00
6.196748075365739794e+00
6.204959069462865351e+00
6.214543210790447247e+00
6.225502274020540128e+00
6.237839065055730714e+00
6.251555924539556663e+00
6.266656436630107407e+00
6.283143553730661246e+00
6.301021691624203669e+00
6.320294472276039244e+00
6.340967209414983152e+00
6.363044265582965764e+00
6.386531933094834024e+00
6.411435400803378926e+00
6.437762036276764910e+00
6.465517957001275740e+00
6.494711720601139326e+00
6.525350494401927826e+00
6.557444161605063826e+00
6.591001082265021793e+00
6.626032624548899186e+00
6.662548509214678560e+00
6.700561776474355469e+00
6.740083704961978839e+00
6.781129226327657022e+00
6.823711408397948652e+00
6.867847331528294852e+00
6.913552124099110685e+00
6.960845316939750838e+00
7.009744417339445199e+00
7.060271760655576045e+00
7.112447606432984237e+00
7.166297509801863974e+00
7.221844919732582468e+00
7.279119097258541338e+00
7.338147190732406955e+00
7.398962733614058429e+00
7.461597163752701434e+00
7.526088940918684855e+00
7.592474464643790277e+00
7.660797861460642011e+00
7.731101234983864146e+00
7.803435185750767111e+00
7.877848290800649522e+00
7.954398436102407821e+00
8.033141356272576417e+00
8.114142882255711342e+00
8.197466244151947024e+00
8.283185368396889459e+00
8.371370390595190614e+00
8.462102195002389138e+00
8.555455066367668948e+00
8.651512940367714677e+00
8.750347534544344441e+00
8.852040439156407814e+00
8.956666896756541263e+00
9.064400902009408512e+00
9.175787745452195665e+00
9.292504928076258608e+00
9.416781925955312715e+00
9.549191770497492016e+00
9.688449266438389884e+00
9.832579029399813209e+00
9.979347999421518622e+00
1.012652412864993146e+01
1.027191367837558644e+01
1.041352981241882247e+01
1.054958152283571238e+01
1.067866112099866172e+01
1.079968129609925320e+01
1.091206804875157488e+01
1.101557919411149378e+01
1.111046588942140367e+01
1.119714805480003861e+01
1.127638173981856795e+01
1.134885554404709929e+01
1.141543947624208322e+01
1.147676412458081963e+01
1.153357632909185426e+01
1.158630808016236102e+01
1.163551806730026250e+01
1.168143265420548893e+01
1.172444797660870641e+01
1.176462928410360398e+01
1.180226048717772969e+01
1.183729599191309667e+01
1.186995469261882619e+01
1.190012172819275804e+01
1.192798913480301515e+01
1.195340465551749709e+01
1.197656366184225796e+01
1.199730021626259280e+01
1.201583629244984763e+01
1.203200784538704404e+01
1.204607894805700141e+01
1.205789316658303534e+01
1.206776269482243080e+01
1.207553289994727663e+01
1.208156021408303005e+01
1.208567479518212195e+01
1.208826585025857980e+01
1.208912289409091123e+01
1.208865341647385350e+01
1.208657581122640856e+01
1.208330263578564967e+01
1.207844607471100851e+01
1.207241253606276032e+01
1.206466116966503677e+01
1.205557637103436264e+01
1.204438405328768980e+01
1.203140788471701228e+01
1.201548407580520639e+01
1.199680950895069032e+01
1.197360937752874932e+01
1.194602239389695519e+01
1.191080196909092770e+01
1.186574212617074053e+01
1.180905958836682856e+01
1.179887254682638087e+01
1.180547018382917024e+01
1.182216968726552686e+01
1.185449324002126303e+01
1.190749267713120041e+01
1.198732692147367729e+01
1.209724459033896871e+01
1.223794059322979599e+01
1.240827058490754631e+01
1.260181546653273976e+01
1.280468948662403861e+01
1.300407654322371798e+01
1.318876616106447841e+01
1.335184265111370649e+01
1.348971430310698594e+01
1.360306092964681568e+01
1.369461146630588111e+01
1.376881790527928118e+01
1.382971456473450189e+01
1.388115939883769201e+01
1.392575226950726197e+01
1.396568579457320780e+01
1.400214189750149885e+01
1.403618537922739584e+01
1.406822604061890836e+01
1.409878100670062473e+01
1.412792925781882047e+01
1.415595792620967153e+01
1.418282486457958314e+01
1.420872607378263730e+01
1.423358241625278175e+01
1.425755266758405426e+01
1.428055063041781736e+01
1.430271731549410674e+01
1.432396883582775438e+01
1.434443527437269772e+01
1.436403739427179005e+01
1.438289689397928406e+01
1.440093937201955931e+01
1.441827929176890422e+01
1.443484671523276042e+01
1.445074956373079011e+01
1.446592190718872573e+01
1.448046564901317801e+01
1.449431844958744620e+01
1.450757663711558720e+01
1.452018110470490697e+01
1.453222299571859111e+01
1.454364613456822575e+01
1.455453683008401455e+01
1.456484158486284564e+01
1.457464219053896493e+01
1.458388761539211487e+01
1.459265542328422072e+01
1.460089686983055124e+01
1.460868555661581247e+01
1.461597487712373855e+01
1.462283471550053804e+01
1.462922047822825888e+01
1.463519855894298871e+01
1.464072627337296240e+01
1.464586673600387456e+01
1.465057908634787331e+01
1.465492335755725151e+01
1.465886044345730355e+01
1.466244748191552283e+01
1.466564706572525623e+01
1.466851361332194159e+01
1.467101137373630948e+01
1.467319221303391430e+01
1.467502200514435273e+01
1.467655022329938852e+01
1.467774434539190054e+01
1.467865160496785037e+01
1.467924107254511945e+01
1.467955788976324349e+01
1.467957271735495439e+01
1.467932874836245993e+01
1.467879823967175135e+01
1.467802257533422328e+01
1.467697562213850482e+01
1.467569709166420822e+01
1.467416248161375592e+01
1.467240996495953631e+01
1.467041669797088943e+01
1.466821944642981101e+01
1.466579705870945105e+01
1.466318502229709964e+01
1.466036391611635636e+01
1.465736807531118124e+01
1.465417985143492174e+01
1.465083254944330626e+01
1.464731033755412426e+01
1.464364560752191302e+01
1.463982438803952491e+01
1.463587826749379772e+01
1.463179517585529510e+01
1.462760599813225326e+01
1.462330059988885012e+01
1.461890924943040559e+01
1.461442377150664917e+01
1.460987388679770405e+01
1.460525338709717857e+01
1.460059149186504790e+01
1.459588394634456243e+01
1.459115948676022434e+01
1.458641577050383020e+01
1.458168103395245829e+01
1.457695477116609162e+01
1.457226466126385134e+01
1.456761191911287945e+01
1.456302356272076004e+01
1.455850236626364413e+01
1.455407453201734036e+01
1.454974418286210458e+01
1.454553649786240754e+01
1.454145668816136450e+01
1.453752865038373798e+01
1.453375837662488479e+01
1.453016817530858873e+01
1.452676447276335203e+01
1.452356764688520663e+01
1.452058418450249988e+01
1.451783216899573503e+01
1.451531776415143682e+01
1.451305639256096214e+01
1.451105352279410354e+01
1.450932157071453688e+01
1.450786497239952055e+01
1.450669283528045206e+01
1.450580828417785284e+01
1.450521688328660552e+01
1.450492024694754001e+01
