-2.058031288340289962e+02
-2.054313914359514683e+02
-2.046898315078148585e+02
-2.035824515209650940e+02
-2.021150576278443509e+02
-2.002954452448678069e+02
-1.981330903718945819e+02
-1.956393328650347883e+02
-1.928269830938461951e+02
-1.897105404170827967e+02
-1.863057097027902387e+02
-1.826296631011082354e+02
-1.787004729796093159e+02
-1.745374201532132759e+02
-1.701603542403823894e+02
-1.655900494624011401e+02
-1.608475057234531675e+02
-1.559543517513898792e+02
-1.509321013536452369e+02
-1.458026025167407624e+02
-1.405872636092032906e+02
-1.353075459413941246e+02
-1.299841743354833170e+02
-1.246376695479194439e+02
-1.192875567271521788e+02
-1.139529330444769073e+02
-1.086516862297020651e+02
-1.034010917887718364e+02
-9.821705216487035273e+01
-9.311471709518241369e+01
-8.810775210833040205e+01
-8.320897493585590610e+01
-7.842966013935487979e+01
-7.378018408313667464e+01
-6.926937058768831434e+01
-6.490513681271811208e+01
-6.069388304415426205e+01
-5.664113193990579020e+01
-5.275096394301748148e+01
-4.902664269836422051e+01
-4.547009619214952636e+01
-4.208252173384017425e+01
-3.886391177891265869e+01
-3.581363265174653776e+01
-3.292999312244745624e+01
-3.021079197907967639e+01
-2.765292679248066676e+01
-2.525290648053903908e+01
-2.300649728608745193e+01
-2.090919756076729641e+01
-1.895591777006944412e+01
-1.714141581045041463e+01
-1.546000780636203764e+01
-1.390596331753588721e+01
-1.247324376717921091e+01
-1.115585785997471646e+01
-9.947624640636661297e+00
-8.842490299680871857e+00
-7.834313071803314266e+00
-6.917143338560844512e+00
-6.085027804570988685e+00
-5.332255407591023122e+00
-4.653178428818592671e+00
-4.042427196615076213e+00
-3.494745968749375820e+00
-3.005179784264623954e+00
-2.568923072210480996e+00
-2.181482301714890326e+00
-1.838535285718742918e+00
-1.536073564034712735e+00
-1.270270215538640279e+00
-1.037606299358330375e+00
-8.347445217275879514e-01
-6.586448020912705204e-01
-5.064399762715678932e-01
-3.755471260083613760e-01
-2.635376817740453514e-01
-1.682498291656878142e-01
-8.760114677248520554e-02
-1.952601751791477325e-02
3.861013983307348685e-02
8.858992261731851725e-02
1.304213183934276876e-01
1.640873979963538010e-01
1.902837480301614592e-01
2.101401157051314417e-01
2.249038843361788886e-01
2.357316861832328692e-01
2.435981911350082463e-01
2.492745593245158653e-01
2.533499836535388350e-01
2.562610126461803972e-01
2.583288188369119998e-01
2.597843848330877448e-01
2.607962295259214081e-01
2.614834376449021169e-01
2.619338978140218765e-01
2.622084154647327248e-01
2.623534124569468773e-01
2.623996367044434397e-01
2.623723018731452528e-01
2.622865136734949254e-01
2.621566130277984685e-01
2.619893695212330287e-01
2.617935448675209331e-01
2.615712734645601056e-01
2.613284909899135644e-01
2.610645610886153101e-01
2.607840658297643222e-01
2.604845081272748053e-01
2.601699440308736233e-01
2.598364087512937681e-01
2.594879413306878102e-01
2.591191997814362713e-01
2.587345666457434579e-01
2.583272182294101826e-01
2.579021656555164910e-01
2.574509028920111686e-01
2.569791788420073275e-01
2.564769467050124763e-01
2.559496447506759975e-01
2.553929921268591197e-01
2.548443604260641759e-01
2.548545643772721636e-01
2.559884000716708963e-01
2.574133657835598332e-01
2.587268894537919639e-01
2.599598136314912322e-01
2.610801431776267889e-01
2.621253910177097635e-01
2.630782447048815031e-01
2.639664032757299550e-01
2.647776627322009357e-01
2.655342182595086808e-01
2.662262756521455165e-01
2.668724930878600965e-01
2.674643072998936777e-01
2.680179028044964995e-01
2.685253652831342541e-01
2.690010646437811515e-01
2.694374258450067394e-01
2.698474514258623613e-01
2.702237316051838700e-01
2.705782239560600155e-01
2.709035812847968017e-01
2.712109584357851322e-01
2.714930068908072980e-01
2.717602662855131967e-01
2.720053442775730579e-01
2.722383138440654937e-01
2.724517081801768326e-01
2.726552535743022032e-01
2.728413846036383261e-01
2.730195794518752717e-01
2.731821533306183492e-01
2.733384186818773598e-01
2.734805522351404505e-01
2.736177706426379252e-01
2.737420936303988084e-01
2.738627024711407509e-01
2.739714413505985879e-01
2.740775092284926662e-01
2.741725558307079869e-01
2.742658452346055098e-01
2.743488131743934688e-01
2.744308319845789046e-01
2.745031031096829555e-01
2.745751470623903345e-01
2.746379098184698053e-01
2.747010976386424219e-01
2.747553788722678636e-01
2.748106814585233870e-01
2.748573728908439429e-01
2.749056376717401995e-01
2.749455180403700405e-01
2.749874894069936904e-01
2.750212430833674504e-01
2.750575796304712828e-01
2.750858123661355514e-01
2.751171015346063342e-01
2.751403538654756953e-01
2.751671244661580418e-01
2.751858832027582746e-01
2.752086162100475519e-01
2.752233243593062428e-01
2.752424622879162119e-01
2.752535276839802036e-01
2.752694828001917005e-01
2.752772856648335043e-01
2.752904472311525907e-01
2.752953468355091027e-01
2.753060875425359932e-01
2.753084280990530930e-01
2.753171097980834370e-01
2.753172256723873113e-01
2.753242044851137438e-01
2.753224247802966151e-01
2.753280556262490131e-01
2.753247081552077091e-01
2.753293487017386965e-01
2.753247633254191640e-01
2.753287773281657413e-01
2.753232885974782329e-01
2.753270485603779849e-01
2.753209975568608470e-01
2.753248865995543415e-01
2.753186218237583249e-01
2.753230346012991436e-01
2.753169117094123597e-01
2.753222541855474548e-01
2.753166343251413073e-01
2.753233221593431868e-01
2.753185686076881633e-01
2.753270238823006810e-01
2.753234966503162462e-01
2.753341426451987317e-01
2.753321906846519784e-01
2.753454444133029977e-01
2.753453950639834225e-01
2.753616573324208505e-01
2.753638026836501829e-01
2.753834455390223312e-01
2.753880254692370189e-01
2.754113770931039817e-01
2.754185589078909646e-01
2.754458863025026627e-01
2.754557411230533770e-01
2.754872313641288373e-01
2.754997077217589685e-01
2.755354491296591046e-01
2.755503445679648444e-01
2.755903099004867185e-01
2.756072417022137344e-01
2.756512764147099337e-01
2.756696527076573089e-01
2.757174725026622086e-01
2.757364646843156186e-01
2.757876681169190158e-01
2.758061842616770787e-01
2.758602884714296821e-01
2.758769441559627000e-01
2.759334559906580497e-01
2.759465315943884223e-01
2.760050756285278295e-01
2.760124320814842935e-01
2.760729806104079698e-01
2.760718622144529011e-01
2.761351808313569633e-01
2.761217054926622394e-01
2.761903615924535815e-01
2.761580241410506731e-01
2.762393269840593413e-01
2.761733659386357287e-01
2.762926001838716950e-01
2.761312368926240324e-01
2.765566921079301577e-01
