1.333156924857321712e+01
1.333069018944680195e+01
1.332893180278319711e+01
1.332629387599090443e+01
1.332277560060312638e+01
1.331837654536278848e+01
1.331309535198128557e+01
1.330693135826685491e+01
1.329988263962275852e+01
1.329194828421227825e+01
1.328312577760088686e+01
1.327341393277548853e+01
1.326280961442292039e+01
1.325131132747365825e+01
1.323891527655395350e+01
1.322561961761489790e+01
1.321141984708365058e+01
1.319631372207889264e+01
1.318029597270132491e+01
1.316336389733977263e+01
1.314551139036192673e+01
1.312673522009858651e+01
1.310702836289692108e+01
1.308638697255472216e+01
1.306480301024736690e+01
1.304227191549725973e+01
1.301878451983882101e+01
1.299433543088745857e+01
1.296891421570604308e+01
1.294251451123360930e+01
1.291512446108166401e+01
1.288673656756666830e+01
1.285733736298263530e+01
1.282691802085662758e+01
1.279546323945263708e+01
1.276296263278940479e+01
1.272939879998980217e+01
1.269475952029985599e+01
1.265902497654303005e+01
1.262218078322886683e+01
1.258420432523268317e+01
1.254507865468437977e+01
1.250477789614829049e+01
1.246328205735863648e+01
1.242056143806887825e+01
1.237659241364707619e+01
1.233134076367133503e+01
1.228477850923837345e+01
1.223686604424858970e+01
1.218757014350332746e+01
1.213684472451192420e+01
1.208465020763771669e+01
1.203093263824109904e+01
1.197564470364790878e+01
1.191872275841375206e+01
1.186011007477264734e+01
1.179973096188606974e+01
1.173751769224981523e+01
1.167338102377623166e+01
1.160724916595112610e+01
1.153905572139704461e+01
1.146892031665527334e+01
1.139763044624211652e+01
1.132797880873508056e+01
1.126423428096993185e+01
1.120888579138705410e+01
1.116206085852476626e+01
1.112301362232579827e+01
1.109069688230525585e+01
1.106404488197061298e+01
1.104202315024106262e+01
1.102373077333187901e+01
1.100837836958425875e+01
1.099533174373029709e+01
1.098405970062367132e+01
1.097415785890413531e+01
1.096529047476169794e+01
1.095721353329200554e+01
1.094971958639670540e+01
1.094266588573563936e+01
1.093592323384293152e+01
1.092940955742793108e+01
1.092304132833659658e+01
1.091677167369243939e+01
1.091054271803050035e+01
1.090432738516446243e+01
1.089808137055776349e+01
1.089178812576248490e+01
1.088540953239221487e+01
1.087893386164801512e+01
1.087232446951690967e+01
1.086557074346258922e+01
1.085863428147171383e+01
1.085150299454470968e+01
1.084413429964650533e+01
1.083651266539368763e+01
1.082858936339348865e+01
1.082034384289641515e+01
1.081171955832545351e+01
1.080268964624839612e+01
1.079318828326831436e+01
1.078318122057673634e+01
1.077259202581572417e+01
1.076137810988169718e+01
1.074945106603519740e+01
1.073675890043037384e+01
1.072319949267099304e+01
1.070870980451107712e+01
1.069317122571131407e+01
1.067650654658378606e+01
1.065857558162276142e+01
1.063928056969585789e+01
1.061844999614121576e+01
1.059595284617945055e+01
1.057156892944878201e+01
1.054511469510645050e+01
1.051631180026225465e+01
1.048496711576839324e+01
1.045098004524427360e+01
1.041477003823281855e+01
1.037724114625933147e+01
1.033934610822731592e+01
1.030155226161421744e+01
1.026407563782027488e+01
1.022691145180704098e+01
1.019012975745565441e+01
1.015367442558557443e+01
1.011763958173214384e+01
1.008194975292716578e+01
1.004682479393725814e+01
1.001323299661732413e+01
9.985663492589148760e+00
9.966694187696310436e+00
9.954218627490890370e+00
9.946205862858588986e+00
9.940874614745865756e+00
9.937254549861988195e+00
9.934600528301828604e+00
9.932599060115562040e+00
9.930957286870610190e+00
9.929598782843918059e+00
9.928392002349644585e+00
9.927335233020283312e+00
9.926355745106167916e+00
9.925473630805971226e+00
9.924639822077905293e+00
9.923879289266491099e+00
9.923153920108537918e+00
9.922488347248888729e+00
9.921850529764473237e+00
9.921263401189154507e+00
9.920698937272234730e+00
9.920178216367492752e+00
9.919676227718193573e+00
9.919212359876805607e+00
9.918764027239991066e+00
9.918349142511138083e+00
9.917947143429808321e+00
9.917574658266122611e+00
9.917212847191791525e+00
9.916877212088643034e+00
9.916550399207823219e+00
9.916246912843620365e+00
9.915950694930923959e+00
9.915675357900514797e+00
9.915405983570833470e+00
9.915155380373036564e+00
9.914909641023172071e+00
9.914680843903031615e+00
9.914455984794908971e+00
9.914246474990051183e+00
9.914040122412773215e+00
9.913847725407697098e+00
9.913657826775549964e+00
9.913480658887513286e+00
9.913305433294739899e+00
9.913141857459452311e+00
9.912979754721300552e+00
9.912828343772728701e+00
9.912678010378924043e+00
9.912537516454060338e+00
9.912397767173775520e+00
9.912267096140499945e+00
9.912136890264687139e+00
9.912015080283378410e+00
9.911893501686547481e+00
9.911779705185530531e+00
9.911665945544983813e+00
9.911559414025667536e+00
9.911452758660734830e+00
9.911352829856534541e+00
9.911252645750243673e+00
9.911158732751193412e+00
9.911064458396863230e+00
9.910976040421781263e+00
9.910887177201626486e+00
9.910803791756739756e+00
9.910719896611739799e+00
9.910641132820725119e+00
9.910561812013257921e+00
9.910487304940799547e+00
9.910412208745581708e+00
9.910341634566837143e+00
9.910270452753547232e+00
9.910203524646460593e+00
9.910135982639665997e+00
9.910072447296599307e+00
9.910008302916532230e+00
9.909947937587523015e+00
9.909886978289492276e+00
9.909829588281843016e+00
9.909771628823127898e+00
9.909717045391310819e+00
9.909661925862630838e+00
9.909610004429653785e+00
9.909557588594147148e+00
9.909508207249853484e+00
9.909458381136280636e+00
9.909411439360923168e+00
9.909364110059385666e+00
9.909319527621379464e+00
9.909274622230064722e+00
9.909232338206184210e+00
9.909189802876090525e+00
9.909149774740431127e+00
9.909109573763046797e+00
9.909071776488435290e+00
9.909033891368308034e+00
9.908998316481310908e+00
9.908962744933559108e+00
9.908929399462454768e+00
9.908896154274271950e+00
9.908865059529917474e+00
9.908834167227196232e+00
9.908805357360346733e+00
9.908776856626522189e+00
9.908750376913891600e+00
9.908724316719727199e+00
9.908700221545794662e+00
9.908676658966944828e+00
9.908655009490168197e+00
9.908634007214615735e+00
9.908614868735320158e+00
9.908596492294496016e+00
9.908579931376182870e+00
9.908564246170017853e+00
9.908550327603212082e+00
9.908537395826881422e+00
9.908526179561135905e+00
9.908516057175145164e+00
9.908507595374670629e+00
9.908500329284599673e+00
9.908494663680935233e+00
9.908490289302919862e+00
9.908487449018851478e+00
9.908485988398116007e+00
