-4.673966395745305924e+00
-4.674851405709953056e+00
-4.676621522209493342e+00
-4.679276873746025522e+00
-4.682817751856471311e+00
-4.687244416985601347e+00
-4.692557361143039785e+00
-4.698756983648755714e+00
-4.705843986253115396e+00
-4.713818917680231202e+00
-4.722682702591258774e+00
-4.732436053399487363e+00
-4.743080134950147020e+00
-4.754615841607198412e+00
-4.767044600044242131e+00
-4.780367509100182488e+00
-4.794586283635131174e+00
-4.809702254110969299e+00
-4.825717455073418982e+00
-4.842633480825366377e+00
-4.860452722762632405e+00
-4.879177076862086793e+00
-4.898809334837743279e+00
-4.919351738449287303e+00
-4.940807530272811832e+00
-4.963179349033568499e+00
-4.986470946721356157e+00
-5.010685418246107581e+00
-5.035827092694842300e+00
-5.061899589577918412e+00
-5.088907893251525039e+00
-5.116856226839644251e+00
-5.145750320268786204e+00
-5.175595091581441487e+00
-5.206397120693964986e+00
-5.238162126219394032e+00
-5.270897659021829718e+00
-5.304610360785620315e+00
-5.339308893774147080e+00
-5.375000965148243992e+00
-5.411696512139386073e+00
-5.449404473441242125e+00
-5.488136252401928594e+00
-5.527902213566169287e+00
-5.568715450645767895e+00
-5.610587982310122790e+00
-5.653534856831687883e+00
-5.697570016281731320e+00
-5.742710776173428400e+00
-5.788973320996552374e+00
-5.836377605314870820e+00
-5.884942435604891386e+00
-5.934690849695770432e+00
-5.985644729477190396e+00
-6.037830729133554009e+00
-6.091274349406838873e+00
-6.146006502976298691e+00
-6.202056961943958058e+00
-6.259461672703832136e+00
-6.318255461427667363e+00
-6.378480243459012655e+00
-6.440176832101173865e+00
-6.503394232870625125e+00
-6.568180340287609553e+00
-6.634592571160415453e+00
-6.702687135990590406e+00
-6.772531356924729629e+00
-6.844191031518730206e+00
-6.917744914223064256e+00
-6.993269378244728607e+00
-7.070855737396213314e+00
-7.150590787601617038e+00
-7.232577952188750103e+00
-7.316910921314056182e+00
-7.403700148490563571e+00
-7.493033592902561324e+00
-7.585012003569381100e+00
-7.679686502967589590e+00
-7.777146399835499935e+00
-7.877635359112508340e+00
-7.982420986456406631e+00
-8.092757529328935107e+00
-8.207615185386075041e+00
-8.324478313617811764e+00
-8.440502501316270667e+00
-8.552840928925167674e+00
-8.658821042306286131e+00
-8.756113436012110895e+00
-8.842891179397689427e+00
-8.917999118880329590e+00
-8.981033033189598669e+00
-9.032333758408800151e+00
-9.072836579139908153e+00
-9.103870824763642844e+00
-9.126921190638633163e+00
-9.143456409827575015e+00
-9.154797960966277515e+00
-9.162075511071503087e+00
-9.166204392947378210e+00
-9.167912573013452970e+00
-9.167758035506739844e+00
-9.166169585649809548e+00
-9.163465672904125725e+00
-9.159887693876932246e+00
-9.155610814028040778e+00
-9.150767378987628931e+00
-9.145450799608861203e+00
-9.139731594838954365e+00
-9.133657095308484131e+00
-9.127262680137844697e+00
-9.120569420986925024e+00
-9.113592206443810184e+00
-9.106336642932294723e+00
-9.098805033161461608e+00
-9.090993299252930981e+00
-9.082895323577776736e+00
-9.074500327167008606e+00
-9.065795850283096868e+00
-9.056765767358657016e+00
-9.047392590793787548e+00
-9.037661576090105342e+00
-9.027665759865147521e+00
-9.019090964736232507e+00
-9.023824447348349764e+00
-9.047032077912204429e+00
-9.073918641422702436e+00
-9.100562433528809336e+00
-9.126624181041860240e+00
-9.152056527956808907e+00
-9.176852009558443157e+00
-9.200996924777061992e+00
-9.224490437788823272e+00
-9.247325437608369114e+00
-9.269505125227288644e+00
-9.291027181911246657e+00
-9.311898009350446870e+00
-9.332118884457452523e+00
-9.351698648633734123e+00
-9.370641255268640890e+00
-9.388957336660125108e+00
-9.406652804133765144e+00
-9.423739546856833016e+00
-9.440224869722355194e+00
-9.456121487719563845e+00
-9.471437655985980086e+00
-9.486186571943266088e+00
-9.500377093500810943e+00
-9.514022629844250289e+00
-9.527132370369006509e+00
-9.539719724852655958e+00
-9.551794003579290759e+00
-9.563368454044560707e+00
-9.574452345250273666e+00
-9.585058638574240675e+00
-9.595196438273136508e+00
-9.604878327253290493e+00
-9.614113152559363940e+00
-9.622913051637878468e+00
-9.631286546722819253e+00
-9.639245283247634077e+00
-9.646797411029558234e+00
-9.653954053406957669e+00
-9.660722956282471685e+00
-9.667114704107000023e+00
-9.673136620381024287e+00
-9.678798744614713456e+00
-9.684107969957207018e+00
-9.689073793622659636e+00
-9.693702679026893421e+00
-9.698003590801574703e+00
-9.701982570245750281e+00
-9.705648064896273297e+00
-9.709005707307179378e+00
-9.712063448160897394e+00
-9.714826529415431011e+00
-9.717302429094587524e+00
-9.719496020725969743e+00
-9.721414337214568491e+00
-9.723061909259373081e+00
-9.724445355073646269e+00
-9.725568891135470295e+00
-9.726438753954205652e+00
-9.727058877096705913e+00
-9.727435150700451061e+00
-9.727571259235508805e+00
-9.727472784020854135e+00
-9.727143196642565215e+00
-9.726587809332301049e+00
-9.725809919373233470e+00
-9.724814611842202083e+00
-9.723605050702918362e+00
-9.722186138089368157e+00
-9.720560948116947486e+00
-9.718734246589393777e+00
-9.716709063856185935e+00
-9.714490078554549157e+00
-9.712080326108980088e+00
-9.709484449869119516e+00
-9.706705542087535221e+00
-9.703748265579402954e+00
-9.700615824228757234e+00
-9.697312958073656119e+00
-9.693843040580022219e+00
-9.690210949841782551e+00
-9.686420290025319346e+00
-9.682476141164716665e+00
-9.678382402317897260e+00
-9.674144422227843876e+00
-9.669766461843131822e+00
-9.665254207903062778e+00
-9.660612352558366922e+00
-9.655846991717398353e+00
-9.650963319555872388e+00
-9.645967913228643553e+00
-9.640866540078768310e+00
-9.635666330071693153e+00
-9.630373693502880528e+00
-9.624996382246740367e+00
-9.619541515719118863e+00
-9.614017531751988699e+00
-9.608432318495662372e+00
-9.602795055436279981e+00
-9.597114448829653810e+00
-9.591400463080073990e+00
-9.585662657196088787e+00
-9.579911806461211654e+00
-9.574158337311375888e+00
-9.568413838973189200e+00
-9.562689594111091651e+00
-9.556997979918332220e+00
-9.551351091905370794e+00
-9.545762033841914018e+00
-9.540243632200326118e+00
-9.534809614408926493e+00
-9.529473411771906655e+00
-9.524249225749716885e+00
-9.519150917693140812e+00
-9.514192963352940069e+00
-9.509389428519410714e+00
-9.504754812696424082e+00
-9.500303110730669687e+00
-9.496048547547836449e+00
-9.492004727049197399e+00
-9.488185260935825482e+00
-9.484603007455628898e+00
-9.481270598519547121e+00
-9.478199772158491854e+00
-9.475401803199861916e+00
-9.472886934360381872e+00
-9.470664716509364922e+00
-9.468743543986031241e+00
-9.467130910740150895e+00
-9.465833055552103303e+00
-9.464855139973673559e+00
-9.464201008547721727e+00
-9.463873293422167876e+00
