7.174159987216184753e+00
7.170530586135671847e+00
7.163276184582518802e+00
7.152406913180681336e+00
7.137935930236385396e+00
7.119883403680819178e+00
7.098271119602180157e+00
7.073129097927888687e+00
7.044487538107508051e+00
7.012386037378547599e+00
6.976862912742850753e+00
6.937966978551846076e+00
6.895744296437004373e+00
6.850252457193828803e+00
6.801544822396709655e+00
6.749687244252876361e+00
6.694739874147845882e+00
6.636776243375932083e+00
6.575862724722226105e+00
6.512079886848547439e+00
6.445499705121459755e+00
6.376209093034917785e+00
6.304284967743636336e+00
6.229819853329396473e+00
6.152894914796546821e+00
6.073607520336807397e+00
5.992042364785222119e+00
5.908300871415408828e+00
5.822470531926168924e+00
5.734656022830272093e+00
5.644946893808834076e+00
5.553450269595517241e+00
5.460257021827112034e+00
5.365475924674797170e+00
5.269198446900890787e+00
5.171534228634003583e+00
5.072574629878570107e+00
4.972429397189419120e+00
4.871189101863444115e+00
4.768962869484964173e+00
4.665839834658655150e+00
4.561927814494554312e+00
4.457313895712515794e+00
4.352103946819044111e+00
4.246382435510045461e+00
4.140252696496327545e+00
4.033796048442026994e+00
3.927112770428733857e+00
3.820280540933153279e+00
3.713396135893974659e+00
3.606533133224052889e+00
3.499784449991935276e+00
3.393219114966472549e+00
3.286925958085292532e+00
3.180968986482365146e+00
3.075432956483877156e+00
2.970376400289080010e+00
2.865881099778357921e+00
2.762002079519915831e+00
2.658832855540100404e+00
2.556481625567419869e+00
2.455324087684500611e+00
2.356602623580058786e+00
2.263984490949748629e+00
2.182414887325680564e+00
2.113976684771631032e+00
2.057756394377610931e+00
2.012019339619189662e+00
1.974935724707697737e+00
1.944867261457851271e+00
1.920368319862678197e+00
1.900253051506015645e+00
1.883533451548133897e+00
1.869440646781516779e+00
1.857349659174755807e+00
1.846792958556786823e+00
1.837390065889562996e+00
1.828867021102704049e+00
1.820994532681189604e+00
1.813615491220661236e+00
1.806589799429876741e+00
1.799828541933708337e+00
1.793242723931261606e+00
1.786782390661640241e+00
1.780387042184106150e+00
1.774028496005091604e+00
1.767661438583731259e+00
1.761269346945434355e+00
1.754814152763474411e+00
1.748284916601658523e+00
1.741645903662861095e+00
1.734887952351386931e+00
1.727974445936835135e+00
1.720895480078941775e+00
1.713611311220165634e+00
1.706109540860742291e+00
1.698345661432249631e+00
1.690303559438505410e+00
1.681932780131035088e+00
1.673212717507883474e+00
1.664086188575705449e+00
1.654527730235763716e+00
1.644473016581723179e+00
1.633891723109467842e+00
1.622712239116234523e+00
1.610899587807061772e+00
1.598374780145114915e+00
1.585098286172872406e+00
1.570983239654786479e+00
1.555984913784715262e+00
1.540006807765210484e+00
1.522996438349100590e+00
1.504843179792328067e+00
1.485480505678831387e+00
1.464775197619596181e+00
1.442638170940024001e+00
1.418916030756040225e+00
1.393543481681513097e+00
1.366544430826230005e+00
1.338354781450722619e+00
1.309751884054335624e+00
1.281490149851367333e+00
1.253911284150716510e+00
1.227150008528935521e+00
1.201175894911026720e+00
1.176010460173111616e+00
1.151588585921310637e+00
1.127946862935429451e+00
1.105009937006198761e+00
1.082891497429971261e+00
1.062152790517954193e+00
1.045429181148571862e+00
1.034075603686817280e+00
1.026675981699192386e+00
1.021951324811046335e+00
1.018819852560607142e+00
1.016698968044623008e+00
1.015146864051507114e+00
1.013977948581005206e+00
1.013020110330790091e+00
1.012228220269264733e+00
1.011525291074254262e+00
1.010910141746100610e+00
1.010340312280966435e+00
1.009827406041913234e+00
1.009342826510861935e+00
1.008901035077394592e+00
1.008479850284068391e+00
1.008093540833301605e+00
1.007723479912559617e+00
1.007382948716391891e+00
1.007055671387506068e+00
1.006753850632198244e+00
1.006462973120169968e+00
1.006194259436461902e+00
1.005934613310470738e+00
1.005694397803586160e+00
1.005461697719630454e+00
1.005246130039551877e+00
1.005036784005777672e+00
1.004842622524358964e+00
1.004653600652357204e+00
1.004478102200396128e+00
1.004306836473757070e+00
1.004147669732831094e+00
1.003991974319931257e+00
1.003847150091978779e+00
1.003705156980595259e+00
1.003572971483891463e+00
1.003443078100175967e+00
1.003322066611752605e+00
1.003202892982581140e+00
1.003091791787326770e+00
1.002982145363026545e+00
1.002879860407266621e+00
1.002778707063817443e+00
1.002684288041129301e+00
1.002590728088098571e+00
1.002503346942259066e+00
1.002416595201337746e+00
1.002335528233594397e+00
1.002254897440210568e+00
1.002179510368191862e+00
1.002104397296207594e+00
1.002034132738701677e+00
1.001964006565137177e+00
1.001898373527880137e+00
1.001832766047354717e+00
1.001771331065619330e+00
1.001709828438070993e+00
1.001652208096062369e+00
1.001594443870458484e+00
1.001540298469426382e+00
1.001485947673514065e+00
1.001434975861859700e+00
1.001383749986117122e+00
1.001335684198406240e+00
1.001287326933097299e+00
1.001241929511992534e+00
1.001196213121108292e+00
1.001153273018123402e+00
1.001109995253981255e+00
1.001069325222726514e+00
1.001028306701382986e+00
1.000989740911392367e+00
1.000950822882043179e+00
1.000914214892753673e+00
1.000877257344838345e+00
1.000842478388549894e+00
1.000807358448616569e+00
1.000774295978553941e+00
1.000740906555429355e+00
1.000709463020476031e+00
1.000677711662133706e+00
1.000647803473991848e+00
1.000617611402956575e+00
1.000589168064078160e+00
1.000560469360417093e+00
1.000533432722740868e+00
1.000506173624692963e+00
1.000480497249583989e+00
1.000454635542011639e+00
1.000430284131492265e+00
1.000405788591496536e+00
1.000382737459752480e+00
1.000359587327671163e+00
1.000337821880336930e+00
1.000316006322641726e+00
1.000295521509919183e+00
1.000275039039445035e+00
1.000255838748123072e+00
1.000236696566503269e+00
1.000218792916264476e+00
1.000201006144680438e+00
1.000184418656196561e+00
1.000168009423958448e+00
1.000152764031299935e+00
1.000137760398504660e+00
1.000123888286855278e+00
1.000110322987765255e+00
1.000097859249911680e+00
1.000085768258243135e+00
1.000074750379744470e+00
1.000064171315289352e+00
1.000054637518064338e+00
1.000045607935026171e+00
1.000037595430596005e+00
1.000030151049587035e+00
1.000023694274182029e+00
1.000017867239322955e+00
1.000012996160247081e+00
1.000008813416965348e+00
1.000005552009904042e+00
1.000003033904692140e+00
1.000001398902129024e+00
1.000000558100423209e+00
