4.951754733041235923e+00
4.952073099242294774e+00
4.952709509747763583e+00
4.953664368838571974e+00
4.954936710475376316e+00
4.956527343957147558e+00
4.958434658051981359e+00
4.960659868555710617e+00
4.963200717289002917e+00
4.966058828774471579e+00
4.969231295417579908e+00
4.972720153462929282e+00
4.976521842709427546e+00
4.980638814903528555e+00
4.985066853308629753e+00
4.989808829762679920e+00
4.994859866309926844e+00
5.000223260310355577e+00
5.005893467130917429e+00
5.011874215962799362e+00
5.018159289240135656e+00
5.024752855218681979e+00
5.031648016321196515e+00
5.038849388079760239e+00
5.046349384976009489e+00
5.054153079072562171e+00
5.062252188098661954e+00
5.070652251019829748e+00
5.079344279088102709e+00
5.088334289751676565e+00
5.097612577113725507e+00
5.107185649997767918e+00
5.117043073706270206e+00
5.127191862767950248e+00
5.137620841020459572e+00
5.148337544612342498e+00
5.159330042210602763e+00
5.170606409258374114e+00
5.182153944480548446e+00
5.193981282258877563e+00
5.206074935523603564e+00
5.218444119459448416e+00
5.231074544266076209e+00
5.243976030318020953e+00
5.257133467082135247e+00
5.270557307398558322e+00
5.284231600977085108e+00
5.298167463734931637e+00
5.312348085661856345e+00
5.326785280247378296e+00
5.341461356996884291e+00
5.356388866028438223e+00
5.371549215009906675e+00
5.386955735147277657e+00
5.402588910644699816e+00
5.418462904709117289e+00
5.434557256618634646e+00
5.450887020175695596e+00
5.467430768636653227e+00
5.484204512267178977e+00
5.501185828735546401e+00
5.518391713273704369e+00
5.535798494982172357e+00
5.553423331236285065e+00
5.571239045331287443e+00
5.589260449293357524e+00
5.607456459962351758e+00
5.625841803797710483e+00
5.644383688050170989e+00
5.663097903068480932e+00
5.681950199510317212e+00
5.700957557124428199e+00
5.720084081336127113e+00
5.739347848643909344e+00
5.758710980242143229e+00
5.778192488144976657e+00
5.797752118062898141e+00
5.817409660684854877e+00
5.837122091753963460e+00
5.856909874295427088e+00
5.876726861103133359e+00
5.896594199225240196e+00
5.916462396825752812e+00
5.936353554488563056e+00
5.956214932306456156e+00
5.976070377461429217e+00
5.995864652025265862e+00
6.015625101386445905e+00
6.035295899988635249e+00
6.054911195396326384e+00
6.074418258484323374e+00
6.093863509914900334e+00
6.113203262985366315e+00
6.132504153726570095e+00
6.151739682130441977e+00
6.171006620897322215e+00
6.190304893389832586e+00
6.209771623708917332e+00
6.229441139212271494e+00
6.249498661370191499e+00
6.270016556597258095e+00
6.291230503484510628e+00
6.313247616881539237e+00
6.336349376269736489e+00
6.360666717745611543e+00
6.386515965475398460e+00
6.414034930470605467e+00
6.443560400285845979e+00
6.475217081233943794e+00
6.509348016955891048e+00
6.546044206598589099e+00
6.585643364169256664e+00
6.628181197745664832e+00
6.673980677018909624e+00
6.722993658317123256e+00
6.775515000187158243e+00
6.831357810271723174e+00
6.890749179192808604e+00
6.953216404414584773e+00
7.018757502595079245e+00
7.086085865772387749e+00
7.154202180684953838e+00
7.219094903778001004e+00
7.283467689194576877e+00
7.354341850058538910e+00
7.433114395512880890e+00
7.522459367456476365e+00
7.624614991715954027e+00
7.742345873695351877e+00
7.876628443262655210e+00
8.026525144855293448e+00
8.187963331555017987e+00
8.355062742030705536e+00
8.520552254884503185e+00
8.677469554883110447e+00
8.819620333173910254e+00
8.942980432739913610e+00
9.045836825816037319e+00
9.129199022373542860e+00
9.195704688457018605e+00
9.248997830426514355e+00
9.292503180613826075e+00
9.329264361601296685e+00
9.361462309722387687e+00
9.390770248435348577e+00
9.418195472113357170e+00
9.444500332163656253e+00
9.470056546991033386e+00
9.495189631119758999e+00
9.519997279689997427e+00
9.544625310268855856e+00
9.569068762300451780e+00
9.593405443266691535e+00
9.617596767824201365e+00
9.641695503142720725e+00
9.665654347942693292e+00
9.689516255362027763e+00
9.713233336461772893e+00
9.736843847012728759e+00
9.760301642643909759e+00
9.783641997059074669e+00
9.806821013078106830e+00
9.829871621169610663e+00
9.852752153720627959e+00
9.875493505487099810e+00
9.898056097591627633e+00
9.920468989375734736e+00
9.942694536334272470e+00
9.964760120399629884e+00
9.986629889830615170e+00
1.000832968421115687e+01
1.002982531983420955e+01
1.005114121287132889e+01
1.007224473873321102e+01
1.009315899631472391e+01
1.011385282511404959e+01
1.013434810228180538e+01
1.015461504845058016e+01
1.017467440565725845e+01
1.019449770326545845e+01
1.021410462732613134e+01
1.023346795282098398e+01
1.025260638261956991e+01
1.027149388246640171e+01
1.029014823953903424e+01
1.030854456290086851e+01
1.032669978708389635e+01
1.034459012374546028e+01
1.036223171413741184e+01
1.037960183793978253e+01
1.039671589948063257e+01
1.041355221758488447e+01
1.043012551360079421e+01
1.044641512193945410e+01
1.046243513303345907e+01
1.047816587833484370e+01
1.049362086801918359e+01
1.050878141679491939e+01
1.052366050425311883e+01
1.053824041911842713e+01
1.055253365944651733e+01
1.056652348308502987e+01
1.058022195528082143e+01
1.059361330226061249e+01
1.060670920509499915e+01
1.061949486157475064e+01
1.063198161727330948e+01
1.064415564838976813e+01
1.065602801375739794e+01
1.066758587813719394e+01
1.067884006235166616e+01
1.068977873271972534e+01
1.070041252047810509e+01
1.071073060871618665e+01
1.072074348671724131e+01
1.073044137093809347e+01
1.073983465480271704e+01
1.074891460502782081e+01
1.075769156268357918e+01
1.076615786053800683e+01
1.077432382682213863e+01
1.078218287329603164e+01
1.078974534908360994e+01
1.079700575289181330e+01
1.080397448048555020e+01
1.081064711795862188e+01
1.081703412288114485e+01
1.082313215876694379e+01
1.082895174663013194e+01
1.083449060386165108e+01
1.083975929987136233e+01
1.084475656552025846e+01
1.084949298369790505e+01
1.085396823830278912e+01
1.085819286801398142e+01
1.086216742661424917e+01
1.086590232586114979e+01
1.086939888174506308e+01
1.087266727024425883e+01
1.087570943693042835e+01
1.087853518748787884e+01
1.088114694093208001e+01
1.088355397504887989e+01
1.088575900636129390e+01
1.088777060904017624e+01
1.088959160759763911e+01
1.089122968625044052e+01
1.089268758306487328e+01
1.089397190511303570e+01
1.089508511535765756e+01
1.089603256711958856e+01
1.089681627728447744e+01
1.089744019150209375e+01
1.089790573925626482e+01
1.089821533878558846e+01
1.089836973116322305e+01
