9.238390146343662401e-01
9.250019793208548169e-01
9.273277552648356847e-01
9.308161041211218123e-01
9.354665660307841524e-01
9.412786652342373106e-01
9.482516367293342130e-01
9.563847692102270814e-01
9.656769946857056697e-01
9.761273691217806636e-01
9.877345245740226654e-01
1.000497288067789148e+00
1.014413995643480559e+00
1.029483250168694131e+00
1.045703096535375520e+00
1.063071919264293674e+00
1.081587477927334673e+00
1.101247945578021303e+00
1.122050803297503840e+00
1.143994020667668421e+00
1.167074808156121968e+00
1.191290941040593188e+00
1.216639368153946688e+00
1.243117680873482733e+00
1.270722576540021187e+00
1.299451474343619628e+00
1.329300831510018543e+00
1.360267908148061089e+00
1.392348934059804977e+00
1.425541024865456086e+00
1.459840197039026677e+00
1.495243437896719874e+00
1.531746566185204550e+00
1.569346458811941902e+00
1.608038754015074234e+00
1.647820238030991424e+00
1.688686387552754020e+00
1.730633919873571624e+00
1.773658170990378480e+00
1.817755813136575860e+00
1.862922064505054820e+00
1.909153578492330805e+00
1.956445480598491216e+00
2.004794434151889959e+00
2.054195499487048604e+00
2.104645381409473437e+00
2.156139105251814847e+00
2.208673451877294802e+00
2.262243444664189251e+00
2.316845978440515097e+00
2.372476110839847774e+00
2.429130892216325499e+00
2.486805454144676908e+00
2.545497048091947878e+00
2.605200923091539167e+00
2.665914581756845259e+00
2.727633438333055604e+00
2.790355301539940047e+00
2.854075803284360280e+00
2.918793118828509670e+00
2.984503155416390996e+00
3.051204521396627012e+00
3.118893462860251820e+00
3.187569094625142707e+00
3.257228071679197701e+00
3.327870096379887510e+00
3.399492310023541020e+00
3.472095092257081905e+00
3.545676156420479064e+00
3.620236659045419358e+00
3.695774980707617452e+00
3.772293165642166546e+00
3.849790367651807266e+00
3.928269642355425528e+00
4.007731035173200951e+00
4.088178751608806394e+00
4.169613861406854305e+00
4.252041875634757773e+00
4.335465037696007329e+00
4.419890339930511836e+00
4.505321368163885509e+00
4.591766795217453456e+00
4.679231740943226470e+00
4.767726785598294548e+00
4.857258801682363902e+00
4.947840536806383582e+00
5.039480866885298838e+00
5.132195006204400833e+00
5.225994123320116813e+00
5.320896245876882702e+00
5.416915170520405276e+00
5.514072142139013089e+00
5.612383976625277882e+00
5.711875609264376763e+00
5.812567333471415409e+00
5.914488331885385364e+00
6.017662914039201283e+00
6.122125167436112569e+00
6.227904050560707283e+00
6.335039331116234962e+00
6.443565354645200749e+00
6.553528474449335839e+00
6.664969264566566132e+00
6.777941691007632663e+00
6.892493459668145306e+00
7.008687228135798364e+00
7.126578650788961689e+00
7.246239970276920239e+00
7.367735091434229666e+00
7.491145876085905542e+00
7.616543123111768843e+00
7.744015688219871407e+00
7.873635276764492374e+00
8.005487760252854912e+00
8.139627486002488865e+00
8.276107914194131610e+00
8.414916046051999388e+00
8.555993572236337386e+00
8.699131464799561897e+00
8.843963769777106521e+00
8.989819756244402882e+00
9.135880285992868721e+00
9.282007657897919373e+00
9.429513484188250416e+00
9.577330599170162273e+00
9.720468066366024118e+00
9.853465671198453180e+00
9.972256965182682009e+00
1.007504840135044333e+01
1.016206949475931154e+01
1.023509274404880820e+01
1.029657621965981917e+01
1.034929494492940094e+01
1.039611477747527069e+01
1.044041028697718332e+01
1.048664125666759261e+01
1.054145524222114183e+01
1.061441490259461595e+01
1.071751031895623640e+01
1.086126488123703737e+01
1.104832063347648230e+01
1.126924706221125483e+01
1.150554722938484886e+01
1.173676724013831851e+01
1.194671440313927135e+01
1.212620990758055584e+01
1.227318505122279113e+01
1.239059457596429148e+01
1.248392057805726019e+01
1.255886741214716906e+01
1.262032713711193743e+01
1.267183852558187773e+01
1.271587706008033258e+01
1.275389530862785747e+01
1.278683762351188236e+01
1.281505001537125565e+01
1.283905446492979330e+01
1.286964618411791861e+01
1.293613354337617416e+01
1.300850463985248595e+01
1.307881457137752967e+01
1.314696093651100561e+01
1.321289082767435019e+01
1.327666815532981026e+01
1.333827459660204617e+01
1.339776686302329800e+01
1.345514593803787662e+01
1.351046730542522312e+01
1.356374474150677223e+01
1.361503369590352008e+01
1.366435640515288341e+01
1.371176808171969697e+01
1.375729639472329602e+01
1.380099576671227446e+01
1.384289713370537278e+01
1.388305355954208942e+01
1.392149767879547007e+01
1.395828071506719503e+01
1.399343586043227994e+01
1.402701212706517353e+01
1.405904243571231760e+01
1.408957332060758816e+01
1.411863683350844667e+01
1.414627685374079746e+01
1.417252413882881790e+01
1.419741980879736509e+01
1.422099303068933729e+01
1.424328211759112328e+01
1.426431444632212475e+01
1.428412551851518053e+01
1.430274079302461665e+01
1.432019298737703217e+01
1.433650556815600119e+01
1.435170851894878297e+01
1.436582327911713719e+01
1.437887716420042139e+01
1.439088958009320152e+01
1.440188525047788382e+01
1.441188156226952977e+01
1.442090072979191717e+01
1.442895815036887797e+01
1.443607361503897302e+01
1.444226057177101730e+01
1.444753647639525873e+01
1.445191287612606423e+01
1.445540498124228002e+01
1.445802249418197682e+01
1.445977847172448882e+01
1.446068083546925642e+01
1.446074058541317342e+01
1.445996393660330348e+01
1.445835993774722006e+01
1.445593318661924087e+01
1.445269090147191271e+01
1.444863617471051320e+01
1.444377454026316698e+01
1.443810773143077597e+01
1.443163978398353819e+01
1.442437127026180121e+01
1.441630497565313895e+01
1.440744058732197175e+01
1.439777998104929857e+01
1.438732234983296898e+01
1.437606913913644924e+01
1.436401960855865134e+01
1.435117545678573769e+01
1.433753681923349177e+01
1.432310663001845086e+01
1.430788707067714149e+01
1.429188372592753886e+01
1.427510251395485774e+01
1.425755370605003236e+01
1.423924938766283255e+01
1.422020742860413911e+01
1.420044954448710861e+01
1.418000532064201380e+01
1.415891095961152324e+01
1.413721346808870472e+01
1.411497017180382407e+01
1.409225314640399951e+01
1.406914952102095206e+01
1.404576612144288994e+01
1.402223040123055675e+01
1.399869498409436908e+01
1.397533865717894308e+01
1.395236994669008368e+01
1.393002690200757954e+01
1.390857800378903875e+01
1.388831859157262549e+01
1.386956665712522252e+01
1.385265343200502208e+01
1.383791206669556395e+01
1.382566153097576134e+01
1.381618928492637899e+01
1.380973216604560960e+01
1.380645948521766719e+01
