-7.626473189825486720e+00
-7.626068679066664302e+00
-7.625259762993693791e+00
-7.624046495567958992e+00
-7.622429192979638835e+00
-7.620407962707679062e+00
-7.617983331254658985e+00
-7.615155458725560322e+00
-7.611925081208242183e+00
-7.608292410086767710e+00
-7.604258390005032453e+00
-7.599823281812216891e+00
-7.594988237365684292e+00
-7.589753564683025644e+00
-7.584120621164575304e+00
-7.578089759197319530e+00
-7.571662539708126971e+00
-7.564839356128157277e+00
-7.557621970527028665e+00
-7.550010813500528606e+00
-7.542007845484967277e+00
-7.533613529774403794e+00
-7.524830021974873162e+00
-7.515657812988386866e+00
-7.506099249940479723e+00
-7.496154845585146553e+00
-7.485827134427773366e+00
-7.475116644605956040e+00
-7.464026093335792034e+00
-7.452556016905966807e+00
-7.440709310000514165e+00
-7.428486509005534977e+00
-7.415890680208363506e+00
-7.402922351155365455e+00
-7.389584753198167100e+00
-7.375878395154636280e+00
-7.361806666170791047e+00
-7.347370045421704354e+00
-7.332572071785979695e+00
-7.317413182776278724e+00
-7.301897058084753311e+00
-7.286024080350578025e+00
-7.269798060233645387e+00
-7.253219311004556857e+00
-7.236291763444524072e+00
-7.219015645577284701e+00
-7.201394996380140689e+00
-7.183429941262366114e+00
-7.165124614311001672e+00
-7.146479019350546302e+00
-7.127497371243736168e+00
-7.108179531536438667e+00
-7.088529780194588348e+00
-7.068547813938968361e+00
-7.048237960732865126e+00
-7.027599727935254670e+00
-7.006637472868201932e+00
-6.985350486854808416e+00
-6.963743136300739600e+00
-6.941814467524038967e+00
-6.919568833993240631e+00
-6.897005005587177884e+00
-6.874127298956250520e+00
-6.850934173457219778e+00
-6.827429883059259907e+00
-6.803612539665098602e+00
-6.779486306587126698e+00
-6.755048908272253350e+00
-6.730304387146730960e+00
-6.705250036884715215e+00
-6.679889746387142502e+00
-6.654220331646962805e+00
-6.628245492815691975e+00
-6.601961517389862699e+00
-6.575371878761895772e+00
-6.548472280844989335e+00
-6.521265929242475501e+00
-6.493747884497521383e+00
-6.465921040093507877e+00
-6.437779748207844044e+00
-6.409326542230965984e+00
-6.380554995155930165e+00
-6.351467228242872132e+00
-6.322055957910261981e+00
-6.292322836656705221e+00
-6.262259639441341008e+00
-6.231867488104100516e+00
-6.201137122616867892e+00
-6.170069066137916280e+00
-6.138652920039207928e+00
-6.106888533540190345e+00
-6.074764253892752208e+00
-6.042279172449720015e+00
-6.009420252595648826e+00
-5.976185733348184925e+00
-5.942561047279506070e+00
-5.908543473618312447e+00
-5.874116746155691793e+00
-5.839277060685267529e+00
-5.804006258267770946e+00
-5.768299307199566961e+00
-5.732135929421560583e+00
-5.695509695668380168e+00
-5.658397941459254454e+00
-5.620792636477420778e+00
-5.582668410417721105e+00
-5.544015385078788327e+00
-5.504805097937476077e+00
-5.465025519392745501e+00
-5.424644621330633854e+00
-5.383647844478828048e+00
-5.341999007684252732e+00
-5.299680544263688731e+00
-5.256651381357934305e+00
-5.212890333526345010e+00
-5.168350494755519442e+00
-5.123006268155941179e+00
-5.076803697719064701e+00
-5.029711733366158732e+00
-4.981667772942485861e+00
-4.932633924766759215e+00
-4.882536813659892339e+00
-4.831329827678113809e+00
-4.778925936033168398e+00
-4.725267221225645464e+00
-4.670249017583531170e+00
-4.613798473034425918e+00
-4.555787686041855800e+00
-4.496123643908067180e+00
-4.434647182511755936e+00
-4.371237297178637071e+00
-4.305692012622029274e+00
-4.237849495542803879e+00
-4.167449538528403608e+00
-4.094255305095908071e+00
-4.017847930358430020e+00
-3.936393084348019933e+00
-3.845499145408792341e+00
-3.744595169004845570e+00
-3.637206730197880322e+00
-3.526403553698497007e+00
-3.414746642328070791e+00
-3.303831606918072872e+00
-3.194787824538105170e+00
-3.088200404029743051e+00
-2.984477280306875091e+00
-2.883765489282002825e+00
-2.786179731265122417e+00
-2.691700946932606531e+00
-2.600330265932337515e+00
-2.511989150639685420e+00
-2.426634819981503988e+00
-2.344169504846492114e+00
-2.264533776052143565e+00
-2.187625979251647035e+00
-2.113381182884179310e+00
-2.041699828651807991e+00
-1.972516325351557853e+00
-1.905735590891742159e+00
-1.841293652309732076e+00
-1.779100883534343147e+00
-1.719096153770823587e+00
-1.661195759359050506e+00
-1.605342327555351334e+00
-1.551458301510082016e+00
-1.499491436983161785e+00
-1.449349857700509503e+00
-1.400915071115568900e+00
-1.354089779864681153e+00
-1.308843891337771126e+00
-1.265122570742486019e+00
-1.222893220849094575e+00
-1.182102833124278884e+00
-1.142717677331923642e+00
-1.104686352602821664e+00
-1.067975142928831112e+00
-1.032534510595213284e+00
-9.983314190383549835e-01
-9.653184365673090905e-01
-9.334636332970331907e-01
-9.027218509268246649e-01
-8.730625404323943961e-01
-8.444429097686012575e-01
-8.168339577084551273e-01
-7.901952903457512001e-01
-7.644995441519926160e-01
-7.397087087830711560e-01
-7.157970928334427274e-01
-6.927290210949449412e-01
-6.704804690677701462e-01
-6.490180245658452307e-01
-6.283192968799247158e-01
-6.083530489359564308e-01
-5.890984715297300500e-01
-5.705264049857985409e-01
-5.526175566272263362e-01
-5.353447411377942888e-01
-5.186901094915358224e-01
-5.026283456642589575e-01
-4.871429670364650910e-01
-4.722104221747106534e-01
-4.578155158359494825e-01
-4.439363585490134767e-01
-4.305589635031369378e-01
-4.176630038224560248e-01
-4.052356236073698659e-01
-3.932579632714418016e-01
-3.817182226643278109e-01
-3.705989187527521933e-01
-3.598892349679062019e-01
-3.495729789544485544e-01
-3.396402489598223662e-01
-3.300760624226652395e-01
-3.208713672814384466e-01
-3.120123148861059792e-01
-3.034906414890742865e-01
-2.952935613904134615e-01
-2.874135415363020529e-01
-2.798387929883479619e-01
-2.725624594531961264e-01
-2.655736871339554050e-01
-2.588662461156642780e-01
-2.524301604386376408e-01
-2.462597795396726519e-01
-2.403459520066586474e-01
-2.346835626998463598e-01
-2.292642351233887821e-01
-2.240833484040929136e-01
-2.191332545644620045e-01
-2.144097881995630783e-01
-2.099059861719789200e-01
-2.056181015852800720e-01
-2.015398145572167288e-01
-1.976677609298256866e-01
-1.939962238286310481e-01
-1.905221864713740887e-01
-1.872404952112089460e-01
-1.841484448205696900e-01
-1.812414046875500395e-01
-1.785169440995612589e-01
-1.759709142931944748e-01
-1.736011206337919888e-01
-1.714038544449399959e-01
-1.693771187263009292e-01
-1.675176052938498195e-01
-1.658234809662833265e-01
-1.642918076511859782e-01
-1.629208967193201962e-01
-1.617081719640955928e-01
-1.606521004014498932e-01
-1.597504991422765419e-01
-1.590020490560594135e-01
-1.584050440041068764e-01
-1.579584872396617989e-01
-1.576612738525938195e-01
-1.575128596085214605e-01
