nan
3.442874799810562436e+00
nan
3.811216252289072681e+00
nan
4.007622152119044046e+00
nan
4.142187464459295754e+00
nan
4.244478765920633556e+00
nan
4.326850960240144595e+00
nan
4.395660999438478989e+00
nan
4.454616837399182572e+00
nan
4.506073259586584889e+00
nan
4.551621265541666794e+00
nan
4.592388130221253029e+00
nan
4.629203580971411824e+00
nan
4.662697863197790227e+00
nan
4.693362912088970162e+00
nan
4.721592046281402055e+00
nan
4.747706850367286791e+00
nan
4.771975911128450321e+00
nan
4.794628379173514254e+00
nan
4.815864111300241390e+00
nan
4.835861413666840747e+00
nan
4.854783363130008134e+00
nan
4.872783089200619422e+00
nan
4.890008507799375792e+00
nan
4.906606746873987568e+00
nan
4.922728732648701033e+00
nan
4.938534082101398326e+00
nan
4.954196743536860126e+00
nan
4.969911897681907220e+00
nan
4.985904648460368627e+00
nan
5.002441597419649000e+00
nan
5.019846615481694307e+00
nan
5.038523109446232162e+00
nan
5.058986646792094533e+00
nan
5.081914341446823968e+00
nan
5.108222731356854673e+00
nan
5.139196648244706900e+00
nan
5.176715380460648497e+00
nan
5.223679685782304460e+00
nan
5.284900939527395813e+00
nan
5.369220457952520675e+00
nan
5.495711783297116071e+00
nan
5.719756014535986033e+00
nan
6.448148049423151562e+00
nan
nan
nan
nan
nan
nan
nan
nan
nan
nan
nan
nan
nan
nan
nan
nan
nan
nan
nan
nan
nan
nan
nan
nan
nan
nan
nan
nan
nan
nan
nan
nan
nan
nan
nan
nan
2.036087469060992916e+00
3.383382477829984136e+00
3.600586662240515157e+00
3.689997518933648024e+00
3.699231827739921208e+00
3.700640272632989003e+00
3.671119959442353586e+00
3.652892040512730532e+00
3.618184462034969240e+00
3.603670782663393801e+00
3.582301231721761958e+00
3.598835155071354208e+00
3.638012065869059342e+00
3.823650530470461106e+00
4.733822499091329128e+00
nan
nan
nan
nan
nan
nan
nan
nan
nan
4.490650172907082016e+00
4.193223006836663380e+00
3.948354040383737384e+00
3.842019229103248446e+00
3.696569116842186364e+00
3.624490103762651572e+00
3.504680522692139366e+00
3.444991187010021605e+00
3.330325584255663607e+00
3.278257249308909493e+00
3.167134072261995836e+00
3.378234595510126503e+00
4.056764590401812143e+00
3.856618971028297427e+00
4.024664828096093494e+00
3.874653383207973700e+00
3.977692664014041757e+00
3.872676429177877022e+00
3.944450491429801975e+00
3.861277682522793686e+00
3.914657602525373203e+00
3.844050144582583428e+00
3.885052058415610077e+00
3.822486789963056353e+00
3.854373497070583188e+00
3.797337814481786200e+00
3.822076957444627610e+00
3.769045213529621297e+00
3.787922088882239802e+00
3.737906357702196036e+00
3.751815353554207810e+00
3.704143433100754557e+00
3.713739906297710558e+00
3.667935466928242239e+00
3.673720602269224589e+00
3.629433970617896854e+00
3.631804847855380380e+00
3.588770884709991282e+00
3.588051325911569833e+00
3.546062707568029992e+00
3.542522962143941800e+00
3.501412654040290562e+00
3.495282329797913423e+00
3.454911766539080720e+00
3.446388533926870057e+00
3.406639455561084606e+00
3.395895031946238429e+00
3.356663723789126585e+00
3.343848066554548915e+00
3.305041211064169815e+00
3.290285507177435953e+00
3.251817135858707353e+00
3.235235968523736183e+00
3.197025173781396390e+00
3.178718118386624436e+00
3.140687296835533271e+00
3.120740116218153837e+00
3.082813588201242183e+00
3.061299144036950803e+00
3.023402044403635358e+00
3.000381008751558554e+00
2.962438379219112683e+00
2.937959809182180138e+00
2.899895849308871121e+00
2.873997676797384937e+00
2.835735133149498655e+00
2.808444618235088619e+00
2.769904311471514280e+00
2.741238512460705934e+00
2.702339024128228573e+00
2.672305349200456259e+00
2.632962917042434459e+00
2.601559845603421461e+00
2.561688551431942962e+00
2.528906650117035859e+00
2.488419035054810546e+00
2.454242450519140029e+00
2.413050765378777829e+00
2.377459463718270438e+00
2.335477870328316996e+00
2.298451024941718934e+00
2.255599224426813265e+00
2.217120351165735137e+00
2.173329351674099463e+00
2.133394082491121502e+00
2.088615164119854484e+00
2.047242973100177110e+00
2.001461397839136680e+00
1.958713187153259705e+00
1.911968862113128109e+00
1.867973090958634064e+00
1.820391193642353356e+00
1.775382112935426138e+00
1.727217421780770756e+00
1.681589617385267577e+00
1.633288316156108477e+00
1.587671220319973431e+00
1.539951667457848394e+00
1.495303863384247256e+00
1.449249936540124795e+00
1.406962295418169306e+00
1.364103991353779355e+00
1.326079416253189480e+00
1.288399433811831640e+00
1.257051966973533386e+00
1.226799710630307239e+00
1.204946355527250823e+00
1.183988496749725616e+00
1.175223745499703654e+00
1.159548983173024572e+00
