0.000000000000000000e+00
0.000000000000000000e+00
6.532846337942940738e+23
1.960432679010095115e+24
3.922602346388278923e+24
6.541532827467133944e+24
9.819546262948893411e+24
1.375955084293496581e+25
1.836504409379286443e+25
2.364011754053340443e+25
2.958946132128401117e+25
3.621837042580913875e+25
4.353275064973638580e+25
5.153912642716454006e+25
6.024464813923323777e+25
6.965710156202011971e+25
7.978491654562894552e+25
9.063717810095245062e+25
1.022236364659672600e+26
1.145547198561157083e+26
1.276415459335987906e+26
1.414959362458707666e+26
1.561304291110467202e+26
1.715582957668712739e+26
1.877935546805057017e+26
2.048509894259021205e+26
2.227461644186606491e+26
2.414954445324636728e+26
2.611160122488286474e+26
2.816258890124775563e+26
3.030439537708690793e+26
3.253899660533640997e+26
3.486845858555923983e+26
3.729493984070559787e+26
3.982069353296111069e+26
4.244807010317184132e+26
4.517951950374043312e+26
4.801759399114000658e+26
5.096495046135051714e+26
5.402435338158920646e+26
5.719867720861730971e+26
6.049090944044627447e+26
6.390415309147921364e+26
6.744162983831213370e+26
7.110668251788499115e+26
7.490277833336469602e+26
7.883351133202135940e+26
8.290260562729362742e+26
8.711391780170652750e+26
9.147144008929293475e+26
9.597930263521775784e+26
1.006417765684514598e+27
1.054632760335285680e+27
1.104483610663926017e+27
1.156017392945381095e+27
1.209282685089098601e+27
1.264329579061789351e+27
1.321209702261089054e+27
1.379976223835235032e+27
1.440683870132757381e+27
1.503388923092111285e+27
1.568149227874581295e+27
1.635024181150495390e+27
1.704074728664019476e+27
1.775363340850015894e+27
1.848953997674682983e+27
1.924912148577133980e+27
2.003304681478737107e+27
2.084199863556918153e+27
2.167667290820494281e+27
2.253777805693654879e+27
2.342603423019852112e+27
2.434217219868761801e+27
2.528693233266965010e+27
2.626106317052448964e+27
2.726532006051931820e+27
2.830046334215204266e+27
2.936725659389241797e+27
3.046646436396172514e+27
3.159884996025482240e+27
3.276517266212566733e+27
3.396618498426109191e+27
3.520262929709775601e+27
3.647523449339515314e+27
3.778471194274698053e+27
3.913175148872823864e+27
4.051701666340965708e+27
4.194113994514428579e+27
4.340471716306149589e+27
4.490830195191365420e+27
4.645239928542948033e+27
4.803745907646360372e+27
4.966386879323162038e+27
5.133194617177763996e+27
5.304193089207298616e+27
5.479397639717890822e+27
5.658814063866263050e+27
5.842437703450684449e+27
6.030252433701897525e+27
6.222229681123452721e+27
6.418327333511064144e+27
6.618488694343409040e+27
6.822641334097278985e+27
7.030696003491582219e+27
7.242545452767260384e+27
7.458063335420662608e+27
7.677103032240077099e+27
7.899496587994061355e+27
8.125053588553705765e+27
8.353560185166253592e+27
8.584778085686425128e+27
8.818443734243133126e+27
9.054267491008605648e+27
9.291933048741964646e+27
9.531096888972300979e+27
9.771388030346117726e+27
1.001240786167456652e+28
1.025373032926618479e+28
1.049490225781523238e+28
1.073544409379705678e+28
1.097485083223688390e+28
1.121259343943078994e+28
1.144812050561768407e+28
1.168086047127307573e+28
1.191022412090972860e+28
1.213560773132051717e+28
1.235639650866773134e+28
1.257196876212500807e+28
1.278170036488640395e+28
1.298497002779222789e+28
1.318116484093979068e+28
1.336968665988228077e+28
1.354995879876069143e+28
1.372143333157503544e+28
1.388359930209574036e+28
1.403598846822817516e+28
1.417817353893941083e+28
1.430956574758376801e+28
1.442898787834233662e+28
1.453511415860577491e+28
1.462760038040913953e+28
1.470723821729318935e+28
1.477543505245385594e+28
1.483379614631591799e+28
1.488386591901937397e+28
1.492701768029102847e+28
1.496441940097646559e+28
1.499704345016797369e+28
1.502568939878216000e+28
1.505101233179911354e+28
1.507354815484496263e+28
1.509373639330430021e+28
1.511193841979043269e+28
1.512845277116882032e+28
1.514352704884239707e+28
1.515736774707377482e+28
1.517014784565346946e+28
1.518201308180672444e+28
1.519308680549186200e+28
1.520347401928337966e+28
1.521326452040536107e+28
1.522253554264215820e+28
1.523135382214085767e+28
1.523977735572981611e+28
1.524785678423141788e+28
1.525563658399203548e+28
1.526315601615393658e+28
1.527044978065295419e+28
1.527754811213763813e+28
1.528447731224148373e+28
1.529126091547479246e+28
1.529792037335538842e+28
1.530447529099724890e+28
1.531094367344609222e+28
1.531734210376317273e+28
1.532368592351823547e+28
1.532998936767669230e+28
1.533626569929488702e+28
1.534252731019916234e+28
1.534878582155265798e+28
1.535505215797291445e+28
1.536133662199738880e+28
1.536764894746133785e+28
1.537399835360867984e+28
1.538039358206108283e+28
1.538684293475656721e+28
1.539335429772022365e+28
1.539993516591320662e+28
1.540659265619978965e+28
1.541333352141506241e+28
1.542016415434350254e+28
1.542709059277560327e+28
1.543411851591425817e+28
1.544125324182762593e+28
1.544849971743896102e+28
1.545586250955197091e+28
1.546334578942517158e+28
1.547095331841524529e+28
1.547868842806398784e+28
1.548655400135058193e+28
1.549455244920837739e+28
1.550268568837957470e+28
1.551095511531405920e+28
1.551936158166371241e+28
1.552790536658223308e+28
1.553658615096672437e+28
1.554540298926272365e+28
1.555435428364449630e+28
1.556343775652065452e+28
1.557265042592887712e+28
1.558198858002209847e+28
1.559144775502559169e+28
1.560102271304963327e+28
1.561070742400487215e+28
1.562049504812304155e+28
1.563037792323886836e+28
1.564034755339505131e+28
1.565039460286547846e+28
1.566050889216509075e+28
1.567067940010146072e+28
1.568089426839701183e+28
1.569114081290814489e+28
1.570140553789209629e+28
1.571167415732178013e+28
1.572193161959121200e+28
1.573216213958065451e+28
1.574234923429550113e+28
1.575247576600496396e+28
1.576252398895627662e+28
1.577247560352985962e+28
1.578231181377469239e+28
1.579201339210666926e+28
1.580156074698704099e+28
1.581093399725581320e+28
1.582011304884198539e+28
1.582907767739076787e+28
1.583780761247404043e+28
1.584628262676225168e+28
1.585448262582006916e+28
1.586238774171594497e+28
1.586997842616659461e+28
1.587723554619422275e+28
1.588414047814773501e+28
1.589067520283140651e+28
1.589682239779909732e+28
1.590256552930129281e+28
1.590788894022560933e+28
1.591277793623513216e+28
1.591721886679208708e+28
1.592119920294849475e+28
1.592470760897896843e+28
1.592773400935585288e+28
1.593026964854526266e+28
1.593230714467931343e+28
1.593384053500778859e+28
1.593486531372551519e+28
