-1.150810339026929752e+00
-1.151214849785752614e+00
-1.152023765858722681e+00
-1.153237033284457702e+00
-1.154854335872778304e+00
-1.156875566144737633e+00
-1.159300197597757709e+00
-1.162128070126856150e+00
-1.165358447644174289e+00
-1.168991118765648540e+00
-1.173025138847384463e+00
-1.177460247040200247e+00
-1.182295291486732181e+00
-1.187529964169391050e+00
-1.193162907687840946e+00
-1.199193769655097164e+00
-1.205620989144289501e+00
-1.212444172724259417e+00
-1.219661558325387807e+00
-1.227272715351888310e+00
-1.235275683367449195e+00
-1.243669999078013122e+00
-1.252453506877543754e+00
-1.261625715864029607e+00
-1.271184278911936971e+00
-1.281128683267270141e+00
-1.291456394424643328e+00
-1.302166884246461098e+00
-1.313257435516624883e+00
-1.324727511946449443e+00
-1.336574218851902751e+00
-1.348797019846881495e+00
-1.361392848644052966e+00
-1.374361177697051684e+00
-1.387698775654250039e+00
-1.401405133697780858e+00
-1.415476862681625869e+00
-1.429913483430712562e+00
-1.444711457066436555e+00
-1.459870346076138414e+00
-1.475386470767663605e+00
-1.491259448501838669e+00
-1.507485468618771085e+00
-1.524064217847859615e+00
-1.540991765407892622e+00
-1.558267883275132437e+00
-1.575888532472275783e+00
-1.593853587590050580e+00
-1.612158914541415244e+00
-1.630804509501870614e+00
-1.649786157608680970e+00
-1.669103997315978027e+00
-1.688753748657828124e+00
-1.708735714913448556e+00
-1.729045568119552012e+00
-1.749683800917161802e+00
-1.770646055984214540e+00
-1.791933041997608278e+00
-1.813540392551677094e+00
-1.835469061328377727e+00
-1.857714694859175841e+00
-1.880278523265238810e+00
-1.903156229896166174e+00
-1.926349355395196916e+00
-1.949853645793157009e+00
-1.973670989187318314e+00
-1.997797222265290218e+00
-2.022234620580163789e+00
-2.046979141705685734e+00
-2.072033491967701924e+00
-2.097393782465274192e+00
-2.123063197205453445e+00
-2.149038036036724719e+00
-2.175322011462553995e+00
-2.201911650090520922e+00
-2.228811248007427359e+00
-2.256017599609941193e+00
-2.283535644354895755e+00
-2.311362488758908817e+00
-2.339503780644572650e+00
-2.367956986621450710e+00
-2.396728533696486529e+00
-2.425816300609544118e+00
-2.455227570942154713e+00
-2.484960692195711918e+00
-2.515023889411075686e+00
-2.545416040748316178e+00
-2.576146406235548802e+00
-2.607214462714500414e+00
-2.638630608813208767e+00
-2.670394995312226349e+00
-2.702519274959664486e+00
-2.735004356402696235e+00
-2.767863276256767868e+00
-2.801097795504232213e+00
-2.834722481572910624e+00
-2.868740055234104247e+00
-2.903166782696724901e+00
-2.938006468167148721e+00
-2.973277270584645748e+00
-3.008984221652849733e+00
-3.045147599430855667e+00
-3.081773833184036082e+00
-3.118885587393162240e+00
-3.156490892374995472e+00
-3.194615118434695145e+00
-3.233268143773627923e+00
-3.272478430914941061e+00
-3.312258009459671193e+00
-3.352638907521782841e+00
-3.393635684373588202e+00
-3.435284521168164407e+00
-3.477602984588727963e+00
-3.520632147494482833e+00
-3.564393195326071684e+00
-3.608933034096897252e+00
-3.654277260696475516e+00
-3.700479831133351993e+00
-3.747571795486257962e+00
-3.795615755909930389e+00
-3.844649604085657479e+00
-3.894746715192523911e+00
-3.945953701174302886e+00
-3.998357592819248296e+00
-4.052016307626771230e+00
-4.107034511268885524e+00
-4.163485055817991665e+00
-4.221495842810560895e+00
-4.281159884944349514e+00
-4.342636346340660758e+00
-4.406046231673779623e+00
-4.471591516230387420e+00
-4.539434033309612815e+00
-4.609833990324013087e+00
-4.683028223756508623e+00
-4.759435598493986674e+00
-4.840890444504396761e+00
-4.931784383443624797e+00
-5.032688359847571569e+00
-5.140076798654536816e+00
-5.250879975153919688e+00
-5.362536886524345903e+00
-5.473451921934343822e+00
-5.582495704314311524e+00
-5.689083124822674087e+00
-5.792806248545542047e+00
-5.893518039570413869e+00
-5.991103797587294721e+00
-6.085582581919810607e+00
-6.176953262920078735e+00
-6.265294378212731274e+00
-6.350648708870912706e+00
-6.433114024005925025e+00
-6.512749752800273129e+00
-6.589657549600770103e+00
-6.663902345968237384e+00
-6.735583700200608703e+00
-6.804767203500858841e+00
-6.871547937960674979e+00
-6.935989876542684840e+00
-6.998182645318073547e+00
-7.058187375081593551e+00
-7.116087769493366189e+00
-7.171941201297065582e+00
-7.225825227342334678e+00
-7.277792091869255131e+00
-7.327933671151907191e+00
-7.376368457736847795e+00
-7.423193748987735319e+00
-7.468439637514645568e+00
-7.512160958109930675e+00
-7.554390308003322119e+00
-7.595180695728138254e+00
-7.634565851520493496e+00
-7.672597176249595030e+00
-7.709308385923585583e+00
-7.744749018257203410e+00
-7.778952109814061266e+00
-7.811965092285107382e+00
-7.843819895555383503e+00
-7.874561677925592029e+00
-7.904220988420022742e+00
-7.932840619083815881e+00
-7.960449571143962011e+00
-7.987088238506665050e+00
-8.012783984700424966e+00
-8.037574820069345094e+00
-8.061486436018974189e+00
-8.084554507757472308e+00
-8.106803059784645882e+00
-8.128265504286572352e+00
-8.148964231972492200e+00
-8.168930479916459930e+00
-8.188185057322685978e+00
-8.206757123866617931e+00
-8.224665972225190913e+00
-8.241938787714621739e+00
-8.258593419360881427e+00
-8.274655183188157181e+00
-8.290140561815951159e+00
-8.305073106677706818e+00
-8.319468013016466656e+00
-8.333347170303403217e+00
-8.346724565349280311e+00
-8.359620525029960447e+00
-8.372047905245047161e+00
-8.384025565580975226e+00
-8.395565306188089494e+00
-8.406684610099665278e+00
-8.417394293884511214e+00
-8.427710549897968306e+00
-8.437643279892593995e+00
-8.447207466429752287e+00
-8.456412161570979080e+00
-8.465271213966310881e+00
-8.473792887363343240e+00
-8.481989967462002511e+00
-8.489869987316113864e+00
-8.497444735864068122e+00
-8.504721069399220568e+00
-8.511709841718461789e+00
-8.518417282736752583e+00
-8.524853368413779720e+00
-8.531023749312744542e+00
-8.536937576845758713e+00
-8.542599966152570445e+00
-8.548019293729028689e+00
-8.553200180448323309e+00
-8.558150274287955384e+00
-8.562873740652854337e+00
-8.567377542680437941e+00
-8.571665427267136650e+00
-8.575743714295199993e+00
-8.579615767922591729e+00
-8.583287305023786118e+00
-8.586761342381041828e+00
-8.590043033641208581e+00
-8.593135084031846560e+00
-8.596042124164867460e+00
-8.598766584752855380e+00
-8.601312614559221359e+00
-8.603682408218624289e+00
-8.605879674407477253e+00
-8.607906410126116015e+00
-8.609765923558567735e+00
-8.611460047886133395e+00
-8.612991721201231243e+00
-8.614362632133095943e+00
-8.615575356888321323e+00
-8.616631428450967078e+00
-8.617533029710140013e+00
-8.618281479796356948e+00
-8.618878484848309540e+00
-8.619325041612755811e+00
-8.619622254999823596e+00
-8.619770669243894901e+00
