-1.577427431318898954e+00
-1.577109634198183619e+00
-1.576474151217124309e+00
-1.575520967918788706e+00
-1.574250417999661478e+00
-1.572662472140416767e+00
-1.570757686218660520e+00
-1.568536015238448655e+00
-1.565998236829779566e+00
-1.563144289090579564e+00
-1.559975170794958732e+00
-1.556490801480120645e+00
-1.552692400268512074e+00
-1.548579866043598763e+00
-1.544154637282486586e+00
-1.539416589666924740e+00
-1.534367379824281175e+00
-1.529006857211376857e+00
-1.523336895175516181e+00
-1.517357313426314525e+00
-1.511070200357079729e+00
-1.504475341881324812e+00
-1.497575039500508298e+00
-1.490369040724964345e+00
-1.482859857939635040e+00
-1.475047195051001570e+00
-1.466933772790466772e+00
-1.458519245626580085e+00
-1.449806539759595836e+00
-1.440795253708586632e+00
-1.431488515893422520e+00
-1.421885861645999949e+00
-1.411990617951171423e+00
-1.401802248936529383e+00
-1.391324276055185161e+00
-1.380556083375485521e+00
-1.369501382240731147e+00
-1.358159466903762880e+00
-1.346534233496448074e+00
-1.334624875729836235e+00
-1.322435468854221918e+00
-1.309965094268148000e+00
-1.297218000054172204e+00
-1.284193142402941801e+00
-1.270894935277033344e+00
-1.257322195552830868e+00
-1.243479495402020074e+00
-1.229365496976643657e+00
-1.214984922213164564e+00
-1.200336261725936104e+00
-1.185424377941505014e+00
-1.170247571613275861e+00
-1.154810835493927712e+00
-1.139112260528215126e+00
-1.123156958681112760e+00
-1.106942789393675186e+00
-1.090474971716994812e+00
-1.073751110013906107e+00
-1.056776517219124578e+00
-1.039548517020608021e+00
-1.022072501892161922e+00
-1.004345487073484033e+00
-9.863729290232908786e-01
-9.681515044146182802e-01
-9.496867168570611861e-01
-9.309748718089474462e-01
-9.120215018434769672e-01
-8.928225058221386234e-01
-8.733834256633499216e-01
-8.536997152873952999e-01
-8.337769048237464453e-01
-8.136099616871078632e-01
-7.932043814740908916e-01
-7.725546000150045334e-01
-7.516660539125826768e-01
-7.305325984786846805e-01
-7.091595850178344929e-01
-6.875402351351449504e-01
-6.656797865365272626e-01
-6.435707692046405137e-01
-6.212182767612595136e-01
-5.986140843556597702e-01
-5.757631086158856437e-01
-5.526563006627117636e-01
-5.292983644902619078e-01
-5.056793511673950414e-01
-4.818037132853513760e-01
-4.576605179652361577e-01
-4.332539239770167305e-01
-4.085719214236770425e-01
-3.836183285013791133e-01
-3.583799544137247772e-01
-3.328602247928147961e-01
-3.070446511804424405e-01
-2.809362082213694989e-01
-2.545189775149717115e-01
-2.277954162782361569e-01
-2.007480249899522284e-01
-1.733786668784643992e-01
-1.456680868671586249e-01
-1.176174647165254689e-01
-8.920558644454951169e-02
-6.043284221437750237e-02
-3.127581947667049805e-02
-1.733991024080779085e-03
2.821853997474830719e-02
5.858337422404361755e-02
8.938923753866430399e-02
1.206389976615721837e-01
1.523646304115225947e-01
1.845705138470502826e-01
2.172923945961712233e-01
2.505364709233631193e-01
2.843429129989016868e-01
3.187201391403903239e-01
3.537135723284094979e-01
3.893343733853855682e-01
4.256342867306861510e-01
4.626279070228451751e-01
5.003746980581690318e-01
5.388936152033623195e-01
5.782536999995195881e-01
6.184795289343683056e-01
6.596522348552816828e-01
7.018037574171306359e-01
7.450307838450147546e-01
7.893750741472714827e-01
8.349537305334367998e-01
8.818219039643364621e-01
9.301240280121506609e-01
9.799341342788432385e-01
1.031433684616462010e+00
1.084725409467508506e+00
1.140039172822596925e+00
1.197543369963864679e+00
1.257652348676125964e+00
1.322946636593283154e+00
1.400288656667406428e+00
1.491443189579320094e+00
1.592091190585068983e+00
1.698374107289073009e+00
1.806964594535616753e+00
1.915788319544012186e+00
2.023337389855552004e+00
2.128828909642626499e+00
2.231691599942343451e+00
2.331709104503326024e+00
2.428694114681097194e+00
2.522645765488174874e+00
2.613526725810441320e+00
2.701413522389601862e+00
2.786327837628639337e+00
2.868371574894176490e+00
2.947589802013939941e+00
3.024090082337281160e+00
3.097926281146712313e+00
3.169204000201141014e+00
3.237979523997982056e+00
3.304353475185534350e+00
3.368381497601812491e+00
3.430157964663727022e+00
3.489736151972046674e+00
3.547203505971586068e+00
3.602609528435850361e+00
3.656034312240975748e+00
3.707521384662151753e+00
3.757174352836039066e+00
3.805140879555352740e+00
3.851540602756104104e+00
3.896393726871469898e+00
3.939757246562420434e+00
3.981655511279574622e+00
4.022143382914836529e+00
4.061247611836183324e+00
4.099021506006850224e+00
4.135492713844763024e+00
4.170712775433599084e+00
4.204709377672534387e+00
4.237532031717952563e+00
4.269207901553278894e+00
4.299784271980104045e+00
4.329287409106579609e+00
4.357762249397886478e+00
4.385233915858803400e+00
4.411744940132097170e+00
4.437319150414601232e+00
4.461996668583118719e+00
4.485799944338776157e+00
4.508766723328795578e+00
4.530918042409896707e+00
4.552289332106959741e+00
4.572900217546955304e+00
4.592783894154591096e+00
4.611958601549354775e+00
4.630455392320554253e+00
4.648291164178180779e+00
4.665494926339737169e+00
4.682082289815864939e+00
4.698080323360830590e+00
4.713503413825234745e+00
4.728376793101213948e+00
4.742713690579301478e+00
4.756537603598101072e+00
4.769860672620065856e+00
4.782704760044395265e+00
4.795080986074212959e+00
4.807009674127531440e+00
4.818500991736486050e+00
4.829573815010279603e+00
4.840237424462125126e+00
4.850509335897934982e+00
4.860398005946096056e+00
4.869919672253383069e+00
4.879082027806496136e+00
4.887900109322199427e+00
4.896380903285518116e+00
4.904538317851204532e+00
4.912378686953537077e+00
4.919914857831062527e+00
4.927152562646379685e+00
4.934103650855977463e+00
4.940773300564673676e+00
4.947172422346611143e+00
4.953305685089946842e+00
4.959183115499048888e+00
4.964808915496974784e+00
4.970192279474197505e+00
4.975336982439906741e+00
4.980251435105586211e+00
4.984939023938289360e+00
4.989407422356967992e+00
4.993659665664226033e+00
4.997702734969821314e+00
5.001539351677934953e+00
5.005175849212696981e+00
5.008614673320042066e+00
5.011861555219484288e+00
5.014918705424408429e+00
5.017791300519152564e+00
5.020481359446825387e+00
5.022993554592583010e+00
5.025329760398379975e+00
5.027494197619777339e+00
5.029488644475103243e+00
5.031316920557980410e+00
5.032980750264664849e+00
5.034483589710175622e+00
5.035827130966536558e+00
5.037014471919455616e+00
5.038047249057059140e+00
5.038928148578776245e+00
5.039658658180875328e+00
5.040240921685056108e+00
5.040676110148913480e+00
5.040965633763645926e+00
5.041110147909998673e+00
