-2.216682091663861043e-01
-2.218828059725403978e-01
-2.217773881400056935e-01
-2.218093671017244140e-01
-2.217308369933039536e-01
-2.217171380964863547e-01
-2.216270233795702427e-01
-2.215738987227295342e-01
-2.214562966357669915e-01
-2.213586442921067210e-01
-2.212005004501679806e-01
-2.210495943530597640e-01
-2.208384824634334886e-01
-2.206242429974031860e-01
-2.203482369851384182e-01
-2.200603423352434640e-01
-2.197082250125671488e-01
-2.193367086051399295e-01
-2.188981053910787344e-01
-2.184335881348947739e-01
-2.178989068425954967e-01
-2.173325295221253395e-01
-2.166926902887654216e-01
-2.160158045484541767e-01
-2.152617886633149125e-01
-2.144654664552618772e-01
-2.135877276077668419e-01
-2.126621422070232303e-01
-2.116499186182170811e-01
-2.105836331947104345e-01
-2.094241808011553241e-01
-2.082033554987862134e-01
-2.068810959729983634e-01
-2.054885944161903288e-01
-2.039841404462253982e-01
-2.023984828361728994e-01
-2.006874669353437279e-01
-1.988815377443986787e-01
-1.969331263471835458e-01
-1.948724944868769626e-01
-1.926474076915316302e-01
-1.902880449479414926e-01
-1.877358079974656979e-01
-1.850208780849393608e-01
-1.820758742733948887e-01
-1.789310758414002778e-01
-1.755066961981872342e-01
-1.718333171683617544e-01
-1.678129963737418628e-01
-1.634772641528710879e-01
-1.587002067132306515e-01
-1.535165066523906385e-01
-1.477541651280821211e-01
-1.414636267738245412e-01
-1.346011342363839791e-01
-1.312425488939895912e-01
-1.384253392517960646e-01
-1.479029130463562214e-01
-1.575545252695023379e-01
-1.670399902944945114e-01
-1.763640115136677622e-01
-1.853356408451347637e-01
-1.939458952730853669e-01
-2.020615481440986017e-01
-2.096890558906496782e-01
-2.167463355846029338e-01
-2.232640176269793664e-01
-2.292012068188914453e-01
-2.346089462807487702e-01
-2.394745420111225598e-01
-2.438608409068001859e-01
-2.477709106813861528e-01
-2.512710418565333170e-01
-2.543705989463516670e-01
-2.571334473916582763e-01
-2.595692912276042486e-01
-2.617364234668143053e-01
-2.636418089856502611e-01
-2.653370752794342313e-01
-2.668252857092893726e-01
-2.681515515765160451e-01
-2.693149526011052175e-01
-2.703548399645079869e-01
-2.712667336780241190e-01
-2.720851855048830314e-01
-2.728027478454835286e-01
-2.734501222397138220e-01
-2.740174805072627118e-01
-2.745325154920511546e-01
-2.749835261029339173e-01
-2.753959014685440354e-01
-2.757564745783454563e-01
-2.760889034815475207e-01
-2.763788653376088589e-01
-2.766487451161208089e-01
-2.768832909193036373e-01
-2.771039791217728698e-01
-2.772947879912746605e-01
-2.774765761928882357e-01
-2.776326584055359703e-01
-2.777835098651223467e-01
-2.779118471214572228e-01
-2.780379534175249079e-01
-2.781439815008858729e-01
-2.782501820324001507e-01
-2.783381545364970733e-01
-2.784282528438538074e-01
-2.785015156042384699e-01
-2.785785183301379142e-01
-2.786397169603987978e-01
-2.787060148768760182e-01
-2.787572522039838407e-01
-2.788147578318040942e-01
-2.788577137650103954e-01
-2.789079664136934200e-01
-2.789439895834312511e-01
-2.789882358756225478e-01
-2.790184139955617648e-01
-2.790576698839791758e-01
-2.790828840202891348e-01
-2.791179827813436432e-01
-2.791389494022630813e-01
-2.791705789612303201e-01
-2.791878826686039483e-01
-2.792166147741033111e-01
-2.792307338979274633e-01
-2.792570470418579975e-01
-2.792683737432023472e-01
-2.792926712596662808e-01
-2.793015273880958271e-01
-2.793241518194961581e-01
-2.793308014726405553e-01
-2.793520460325253918e-01
-2.793567055414969968e-01
-2.793768233093252285e-01
-2.793796692050484753e-01
-2.793988805414009402e-01
-2.794000559294270714e-01
-2.794185544890936956e-01
-2.794181741636915794e-01
-2.794361317996013061e-01
-2.794342863541596778e-01
-2.794518571406085505e-01
-2.794486162749525437e-01
-2.794659398291702845e-01
-2.794613550109810163e-01
-2.794785592540492414e-01
-2.794726658581449530e-01
-2.794898693269091683e-01
-2.794826883501956849e-01
-2.795000021490982589e-01
-2.794915415788257196e-01
-2.795090710429336545e-01
-2.794993269401596092e-01
-2.795171730669202548e-01
-2.795061304147181125e-01
-2.795243911112932356e-01
-2.795120244675262655e-01
-2.795307956522300463e-01
-2.795170696389915332e-01
-2.795364462288860707e-01
-2.795213158845948342e-01
-2.795413926962954099e-01
-2.795248037114581030e-01
-2.795456762983711263e-01
-2.795275651520559013e-01
-2.795493305983415833e-01
-2.795296246090285264e-01
-2.795523822984473661e-01
-2.795309996001299480e-01
-2.795548519764021744e-01
-2.795317014282596157e-01
-2.795567547625332216e-01
-2.795317357982737838e-01
-2.795581009787069804e-01
-2.795311033993839178e-01
-2.795588967577019024e-01
-2.795298004695536132e-01
-2.795591446595633855e-01
-2.795278193559783686e-01
-2.795588442995712297e-01
-2.795251490835488628e-01
-2.795579930006540370e-01
-2.795217759408619163e-01
-2.795565864810850565e-01
-2.795176840910670313e-01
-2.795546195865773464e-01
-2.795128562119837401e-01
-2.795520870737175922e-01
-2.795072741671054128e-01
-2.795489844495593346e-01
-2.795009197057872208e-01
-2.795453088699406119e-01
-2.794937751870172904e-01
-2.795410600966986014e-01
-2.794858243172569923e-01
-2.795362415116846022e-01
-2.794770528879323424e-01
-2.795308611833394741e-01
-2.794674494933226949e-01
-2.795249329796601345e-01
-2.794570062039163916e-01
-2.795184777206314863e-01
-2.794457191641360194e-01
-2.795115243628498725e-01
-2.794335890767815633e-01
-2.795041112106541048e-01
-2.794206215290632178e-01
-2.794962871521570746e-01
-2.794068271058889330e-01
-2.794881129250390561e-01
-2.793922212262984206e-01
-2.794796624287421150e-01
-2.793768236244173475e-01
-2.794710241171415865e-01
-2.793606573782237978e-01
-2.794623025321898435e-01
-2.793437473626851353e-01
-2.794536200786584823e-01
-2.793261179635808111e-01
-2.794451191991363381e-01
-2.793077898269398784e-01
-2.794369651977030578e-01
-2.792887753207828339e-01
-2.794293500990483459e-01
-2.792690722272810344e-01
-2.794224981484207948e-01
-2.792486549199996726e-01
-2.794166739156702661e-01
-2.792274618339118941e-01
-2.794121945706855015e-01
-2.792053772535880718e-01
-2.794094489591233965e-01
-2.791822040307699870e-01
-2.794089280497616401e-01
-2.791576211792262674e-01
-2.794112750541132284e-01
-2.791311150329685575e-01
-2.794173710765633367e-01
-2.791018616470622438e-01
-2.794284884843716843e-01
-2.790685134408346646e-01
-2.794465822836410540e-01
-2.790287828696280670e-01
-2.794748875169490998e-01
-2.789785524639915026e-01
-2.795192735985221333e-01
-2.789097310131746221e-01
-2.795917683623955208e-01
-2.788041550311737282e-01
-2.797217743940340062e-01
-2.786112314396116951e-01
-2.800057461312633889e-01
-2.781182714370699083e-01
-2.810542945874047738e-01
-2.737089028850412942e-01
