5.411912850010642373e+00
5.409610565891492584e+00
5.405010597957447871e+00
5.398122832540891203e+00
5.388960992967677832e+00
5.377544695036701405e+00
5.363896554452122878e+00
5.348045606993508727e+00
5.330022983311104134e+00
5.309866685382925944e+00
5.287615844753370098e+00
5.263316843594339822e+00
5.237016177344060885e+00
5.208767905498021378e+00
5.178625144087210863e+00
5.146648828251004559e+00
5.112897864007687865e+00
5.077439181741841168e+00
5.040336580202906092e+00
5.001662047312462001e+00
4.961483332232946353e+00
4.919876507407055399e+00
4.876912306836882927e+00
4.832669901052243588e+00
4.787222041413589757e+00
4.740650017811974593e+00
4.693027649852718142e+00
4.644437395559971371e+00
4.594953230718071602e+00
4.544657875725986784e+00
4.493624604183973581e+00
4.441935554346627235e+00
4.389662507259269653e+00
4.336886249007962491e+00
4.283676357342367069e+00
4.230111581105826524e+00
4.176258672316022214e+00
4.122193749718968014e+00
4.067980210670705254e+00
4.013691046543248042e+00
3.959385865279135164e+00
3.905134127046412384e+00
3.850991303593551685e+00
3.797023002383766777e+00
3.743280281907627849e+00
3.689824630023204488e+00
3.636702443168846610e+00
3.583970816784987079e+00
3.531671176927659417e+00
3.479855821986173936e+00
3.428560660959323769e+00
3.377832409044029482e+00
3.327700332865077382e+00
3.278203951459291776e+00
3.229363639937944619e+00
3.181208693014734301e+00
3.133746745227759867e+00
3.086992384640583342e+00
3.040935976961073983e+00
2.995573996586186727e+00
2.950878867101518033e+00
2.906832679232282945e+00
2.863398717569046958e+00
2.820557612755567600e+00
2.778277716719228962e+00
2.736550382970261541e+00
2.695356652221698290e+00
2.654701120576862472e+00
2.614575852534956280e+00
2.574994611195427385e+00
2.535955514546151424e+00
2.497476759104450217e+00
2.459558474139435624e+00
2.422220165182412899e+00
2.385461620487714374e+00
2.349302029971959360e+00
2.313739680067720350e+00
2.278792732128569032e+00
2.244457460608094035e+00
2.210750758947285011e+00
2.177666693745695436e+00
2.145220881904471355e+00
2.113405124914883970e+00
2.082233866930301325e+00
2.051696640357637325e+00
2.021806880345859980e+00
1.992551858341041537e+00
1.963944204041050856e+00
1.935968926277662927e+00
1.908638088434142954e+00
1.881934410113929701e+00
1.855869667907627196e+00
1.830424225359657875e+00
1.805609904360074847e+00
1.781404585219643177e+00
1.757820541255720181e+00
1.734832951487674135e+00
1.712455057385105173e+00
1.690658977427613729e+00
1.669459612946298410e+00
1.648825432304108496e+00
1.628773983938479164e+00
1.609269094508500197e+00
1.590332488236364306e+00
1.571921588837173367e+00
1.554064931040701980e+00
1.536710095703120560e+00
1.519897704184696385e+00
1.503557611199924926e+00
1.487755776050442735e+00
1.472380187991906286e+00
1.457497557763132612e+00
1.441996791893245700e+00
1.425168288464382149e+00
1.407861543270894966e+00
1.390587171966931823e+00
1.373751690909630563e+00
1.357473189358313626e+00
1.341868704766759901e+00
1.326920646118757485e+00
1.312653568663378678e+00
1.299019040871056907e+00
1.286016324783759046e+00
1.273595479893434579e+00
1.261749237059769380e+00
1.250432177057436922e+00
1.239635497994900026e+00
1.229318816796111102e+00
1.219473278514503267e+00
1.210063012427382567e+00
1.201079619882115646e+00
1.192491115781615596e+00
1.184289743616408153e+00
1.176446851166433882e+00
1.168955383179404395e+00
1.161789561466437526e+00
1.154943035243022109e+00
1.148392522575817587e+00
1.142132353367695474e+00
1.136141428700557787e+00
1.130414721871815686e+00
1.124933054510744768e+00
1.119691999620134437e+00
1.114674077231323501e+00
1.109875414033175911e+00
1.105280038794679953e+00
1.100884585934414073e+00
1.096674429816915763e+00
1.092646668094463758e+00
1.088787879498507083e+00
1.085095582661710578e+00
1.081557437741535344e+00
1.078171344738030779e+00
1.074925937686938449e+00
1.071819461140214980e+00
1.068841428517473213e+00
1.065990394913327366e+00
1.063256669778545271e+00
1.060639087466748842e+00
1.058128679672727390e+00
1.055724531319105930e+00
1.053418330813357784e+00
1.051209387392046724e+00
1.049089987803627944e+00
1.047059641608635960e+00
1.045111181761344987e+00
1.043244296250119385e+00
1.041452317554701912e+00
1.039735092122340498e+00
1.038086410067167620e+00
1.036506258094922250e+00
1.034988846283056985e+00
1.033534285015194953e+00
1.032137170391823178e+00
1.030797721375479536e+00
1.029510889458013834e+00
1.028276988436055417e+00
1.027091297503929468e+00
1.025954212784605524e+00
1.024861316110550202e+00
1.023813074553141078e+00
1.022805349865324231e+00
1.021838669720721127e+00
1.020909155178233219e+00
1.020017385109740937e+00
1.019159721154621057e+00
1.018336784839311004e+00
1.017545161358306638e+00
1.016785507134463140e+00
1.016054615424944352e+00
1.015353170508055847e+00
1.014678159595677753e+00
1.014030288435261662e+00
1.013406725337823833e+00
1.012808191731057184e+00
1.012232025303956506e+00
1.011678957920529198e+00
1.011146485955468854e+00
1.010635346962027947e+00
1.010143186242551838e+00
1.009670742745208738e+00
1.009215801791076395e+00
1.008779099841098148e+00
1.008358554098697013e+00
1.007954895030445774e+00
1.007566164289111610e+00
1.007193083180528914e+00
1.006833811014792968e+00
1.006489057079987370e+00
1.006157092136062303e+00
1.005838610876853778e+00
1.005531989838141405e+00
1.005237906797093794e+00
1.004954838878506118e+00
1.004683444850277052e+00
1.004422297684800514e+00
1.004172035255749496e+00
1.003931322049240071e+00
1.003700773347204311e+00
1.003479141188915680e+00
1.003267016736146600e+00
1.003063235963222777e+00
1.002868364535756562e+00
1.002681319059721909e+00
1.002502638465998075e+00
1.002331316978527065e+00
1.002167865678891490e+00
1.002011353662754400e+00
1.001862263159845057e+00
1.001719735638828768e+00
1.001584223576468480e+00
1.001454938545622619e+00
1.001332302461128698e+00
1.001215594945581655e+00
1.001105206627005195e+00
1.001000483324012702e+00
1.000901783730104633e+00
1.000808518195035912e+00
1.000721012901343965e+00
1.000638741243685237e+00
1.000561996383514174e+00
1.000490313444013957e+00
1.000423952117674320e+00
1.000362508102272008e+00
1.000306207232358302e+00
1.000254704782593818e+00
1.000208192396867313e+00
1.000166384080094728e+00
1.000129437006933131e+00
1.000097123212874362e+00
1.000069565177283293e+00
1.000046592410180457e+00
1.000028292520950490e+00
1.000014552079208086e+00
1.000005423700119023e+00
1.000000850737256863e+00
