-8.742567294241709419e+00
-8.742553460257646236e+00
-8.742522756068696665e+00
-8.742468882410245001e+00
-8.742383079266804913e+00
-8.742253429220376404e+00
-8.742066442184992070e+00
-8.741805842250895964e+00
-8.741454898939574392e+00
-8.740994626032954073e+00
-8.740406814958499027e+00
-8.739671558493844472e+00
-8.738770944332809876e+00
-8.737685812621506898e+00
-8.736400082726554217e+00
-8.734896661239634597e+00
-8.733162401221756355e+00
-8.731183093249086369e+00
-8.728949089615959167e+00
-8.726449329006957356e+00
-8.723677692168198661e+00
-8.720626023762841683e+00
-8.717291315234586335e+00
-8.713667689666449334e+00
-8.709754529039461346e+00
-8.705547376851676233e+00
-8.701047141475624969e+00
-8.696249847394801336e+00
-8.691157057777658679e+00
-8.685764370691599012e+00
-8.680073217915023065e+00
-8.674077959455704701e+00
-8.667779237895139488e+00
-8.661169473155453602e+00
-8.654247987935269393e+00
-8.647004642102169569e+00
-8.639437000931170729e+00
-8.631531768007384642e+00
-8.623284351821491001e+00
-8.614677645623054048e+00
-8.605704472118793191e+00
-8.596343097908883735e+00
-8.586583223324335989e+00
-8.576397372025308385e+00
-8.565771386718179059e+00
-8.554670433586187173e+00
-8.543075452274088377e+00
-8.530941821356186949e+00
-8.518244084025150542e+00
-8.504924021090806363e+00
-8.490947695166020992e+00
-8.476237001409048233e+00
-8.460747344070794540e+00
-8.444386218849494696e+00
-8.427607687406162285e+00
-8.420667288468330014e+00
-8.445243162763764744e+00
-8.479544320340719921e+00
-8.516196358580192083e+00
-8.554902357505085320e+00
-8.595516093687299630e+00
-8.637956876083867641e+00
-8.682046691030992136e+00
-8.727646141649120892e+00
-8.774548269455861416e+00
-8.822581971236822085e+00
-8.871531187112877248e+00
-8.921217846032696741e+00
-8.971435450006264745e+00
-9.022017430766249291e+00
-9.072779624556917000e+00
-9.123577765465874734e+00
-9.174256134476793889e+00
-9.224696943922458203e+00
-9.274773816769256385e+00
-9.324395132305562939e+00
-9.373461587451402011e+00
-9.421905001489729869e+00
-9.469649437494989996e+00
-9.516646509377288510e+00
-9.562839626654827896e+00
-9.608196517405984238e+00
-9.652676206276812110e+00
-9.696259244374846986e+00
-9.738917073010037839e+00
-9.780640307649260734e+00
-9.821410184365262808e+00
-9.861225153296778956e+00
-9.900074148733990498e+00
-9.937961688512745084e+00
-9.974882749102127022e+00
-1.001084652813889342e+01
-1.004585274114867310e+01
-1.007991417712820592e+01
-1.011303426323524590e+01
-1.014522852332832592e+01
-1.017650328146673111e+01
-1.020687611795151462e+01
-1.023635560248236764e+01
-1.026496082996731829e+01
-1.029270209045534834e+01
-1.031959955688616759e+01
-1.034566481216794465e+01
-1.037091875256571250e+01
-1.039537390312985643e+01
-1.041905159321247432e+01
-1.044196500036991893e+01
-1.046413564830467990e+01
-1.048557712675810016e+01
-1.050631095682236804e+01
-1.052635094051718667e+01
-1.054571843376581519e+01
-1.056442728455315638e+01
-1.058249854980362237e+01
-1.059994598543606692e+01
-1.061679023983175263e+01
-1.063304486288087247e+01
-1.064873000561301630e+01
-1.066385891858649337e+01
-1.067845118451052677e+01
-1.069251967915315404e+01
-1.070608336136267802e+01
-1.071915467213493578e+01
-1.073175190429775583e+01
-1.074388701754208775e+01
-1.075557760812991148e+01
-1.076683511960316153e+01
-1.077767643118120056e+01
-1.078811244555441462e+01
-1.079815931312500332e+01
-1.080782737979986585e+01
-1.081713206287490436e+01
-1.082608314309010389e+01
-1.083469530674260106e+01
-1.084297776747717457e+01
-1.085094448812010981e+01
-1.085860411876838505e+01
-1.086596991084998365e+01
-1.087304995905990879e+01
-1.087985681926051740e+01
-1.088639804270482259e+01
-1.089268550858126083e+01
-1.089872623977579380e+01
-1.090453146012982266e+01
-1.091010768173113377e+01
-1.091546549628330354e+01
-1.092061092458996718e+01
-1.092555395082149339e+01
-1.093030012547406571e+01
-1.093485885075857666e+01
-1.093923522888178645e+01
-1.094343810626758007e+01
-1.094747215952723174e+01
-1.095134570574963817e+01
-1.095506301900607227e+01
-1.095863191350949606e+01
-1.096205628394017673e+01
-1.096534346787109016e+01
-1.096849700360794166e+01
-1.097152377790447098e+01
-1.097442699538724753e+01
-1.097721311723855209e+01
-1.097988503662528892e+01
-1.098244881370560933e+01
-1.098490705180515548e+01
-1.098726543380431941e+01
-1.098952629410585047e+01
-1.099169496118069489e+01
-1.099377352065105207e+01
-1.099576696851206492e+01
-1.099767716091545999e+01
-1.099950878234061591e+01
-1.100126347790737569e+01
-1.100294564054171609e+01
-1.100455672187400680e+01
-1.100610084223021801e+01
-1.100757927638489697e+01
-1.100899589000755441e+01
-1.101035179673934117e+01
-1.101165062453486065e+01
-1.101289334071883808e+01
-1.101408335148527762e+01
-1.101522149176653542e+01
-1.101631096098323859e+01
-1.101735247472417356e+01
-1.101834903968136281e+01
-1.101930126429527412e+01
-1.102021197565923316e+01
-1.102108168643188257e+01
-1.102191305635275853e+01
-1.102270651286339209e+01
-1.102346455974081607e+01
-1.102418754900071463e+01
-1.102487783902757634e+01
-1.102553571545832511e+01
-1.102616340106621884e+01
-1.102676112344211212e+01
-1.102733097877340818e+01
-1.102787314425303400e+01
-1.102838959778450878e+01
-1.102888047315622622e+01
-1.102934763759857439e+01
-1.102979118786355706e+01
-1.103021288745968320e+01
-1.103061280187472448e+01
-1.103099259721817660e+01
-1.103135231291866347e+01
-1.103169352341199527e+01
-1.103201624673420156e+01
-1.103232197080540899e+01
-1.103261069642549153e+01
-1.103288382961957659e+01
-1.103314135762582460e+01
-1.103338460868748783e+01
-1.103361355970158542e+01
-1.103382946476454052e+01
-1.103403229322707801e+01
-1.103422322822533985e+01
-1.103440223396098574e+01
-1.103457042537743327e+01
-1.103472776355526186e+01
-1.103487529762332287e+01
-1.103501298722834711e+01
-1.103514181770300695e+01
-1.103526174863538323e+01
-1.103537370325040889e+01
-1.103547764216939520e+01
-1.103557442789778520e+01
-1.103566402292772430e+01
-1.103574723016297199e+01
-1.103582401457856754e+01
-1.103589512035357068e+01
-1.103596051536120726e+01
-1.103602088572122319e+01
-1.103607620245186638e+01
-1.103612709409611803e+01
-1.103617353492343689e+01
-1.103621609622772048e+01
-1.103625475552212087e+01
-1.103629002705136664e+01
-1.103632189147700693e+01
-1.103635080609243779e+01
-1.103637675454915623e+01
-1.103640013720922575e+01
-1.103642094051543054e+01
-1.103643950786317518e+01
-1.103645582826873550e+01
-1.103647018809040503e+01
-1.103648257869997629e+01
-1.103649322933121546e+01
-1.103650213350964471e+01
-1.103650946325547189e+01
-1.103651521407627634e+01
-1.103651950070063315e+01
-1.103652232048757931e+01
-1.103652373081659022e+01
