2.208519975808817960e-05
2.215745619694785439e-05
2.230261219853984218e-05
2.252195096658941709e-05
2.281743438146347224e-05
2.319169381819695511e-05
2.364810935543862580e-05
2.419079429165405963e-05
2.482471912884835985e-05
2.555568946348214424e-05
2.639052132842329822e-05
2.733701188807595184e-05
2.840417557862221263e-05
2.960220664135792388e-05
3.094278898908321696e-05
3.243904897487627736e-05
3.410595627621787240e-05
3.596026427564908849e-05
3.802102480924795234e-05
4.030951191065280687e-05
4.284988043261073751e-05
4.566906633763790361e-05
4.879762852915888198e-05
5.226961483915570694e-05
5.612363866338701204e-05
6.040269349669611997e-05
6.515553222073733905e-05
7.043640323497497987e-05
7.630682201093521514e-05
8.283518664646876350e-05
9.009906078049986105e-05
9.818460276876435236e-05
1.071895195253746042e-04
1.172222067499041810e-04
1.284055897349954580e-04
1.408758145584797987e-04
1.547872722507078792e-04
1.703105900826939036e-04
1.876392525518477856e-04
2.069864966455773518e-04
2.285941186135735941e-04
2.527276401149100874e-04
2.796881623415415187e-04
3.098047727330384762e-04
3.434507506429987410e-04
3.810314932252483952e-04
4.230071379630133389e-04
4.698730210795960143e-04
5.221921943186272601e-04
5.805629438808496351e-04
6.456675785856432056e-04
7.182161371536991334e-04
7.990236805309851309e-04
8.888748683347753952e-04
9.875661162477985481e-04
1.070344613315100729e-03
1.080466425040212423e-03
1.071895502319794059e-03
1.063168494540603316e-03
1.055090137145765945e-03
1.047666463267731734e-03
1.040903399400799467e-03
1.034770929860797913e-03
1.029252211073579436e-03
1.024305378298785187e-03
1.019899949268306214e-03
1.015988052386818411e-03
1.012533365045493539e-03
1.009487742090882769e-03
1.006814949494513585e-03
1.004470654121523369e-03
1.002422340503959439e-03
1.000631624128939376e-03
9.990713380022143552e-04
9.977096286515343103e-04
9.965249349701893120e-04
9.954915535195253944e-04
9.945930268342620222e-04
9.938089621509952655e-04
9.931271897415058260e-04
9.925316635074055410e-04
9.920136380777108166e-04
9.915605058264521758e-04
9.911661659837249505e-04
9.908206733435440117e-04
9.905199233198878125e-04
9.902560062279872153e-04
9.900263002554012415e-04
9.898244419714278142e-04
9.896488981793378527e-04
9.894944779444139141e-04
9.893604400549895189e-04
9.892424842419577161e-04
9.891404409167186152e-04
9.890506895021463490e-04
9.889734696884116237e-04
9.889056831655137353e-04
9.888478599279449874e-04
9.887973064950281686e-04
9.887547562565425236e-04
9.887178327813912239e-04
9.886874094946493732e-04
9.886613611624509110e-04
9.886406551142502223e-04
9.886233676632677752e-04
9.886105264952601591e-04
9.886003718078619114e-04
9.885939672806792321e-04
9.885896882265978944e-04
9.885886166653835676e-04
9.885892408793433856e-04
9.885926484794109546e-04
9.885974235272125630e-04
9.886046500661356019e-04
9.886129944748466968e-04
9.886235307017673599e-04
9.886349968009297291e-04
9.886484520287620349e-04
9.886626976204652625e-04
9.886787749603734299e-04
9.886955416164308966e-04
9.887140189602746689e-04
9.887331153139919653e-04
9.887538306575921736e-04
9.887751194750343635e-04
9.887979595319766873e-04
9.888213476535183573e-04
9.888462389721268484e-04
9.888716694407379774e-04
9.888985714305070698e-04
9.889260172902538618e-04
9.889549167079218165e-04
9.889843760799350326e-04
9.890152826321307964e-04
9.890467747677702745e-04
9.890797175672206166e-04
9.891132796473927138e-04
9.891483043195231639e-04
9.891839888210543670e-04
9.892211551031269371e-04
9.892590275925533874e-04
9.892984073016171300e-04
9.893385445466755263e-04
9.893802198188562502e-04
9.894227081305708923e-04
9.894667698541709071e-04
9.895117035904051148e-04
9.895582499707348406e-04
9.896057301454358208e-04
9.896548653514918199e-04
9.897049983047076678e-04
9.897568311573103506e-04
9.898097272496614481e-04
9.898643699183049937e-04
9.899201422204281786e-04
9.899777089024776929e-04
9.900364718558049906e-04
9.900970774168998262e-04
9.901589454469261406e-04
9.902227040060134454e-04
9.902877900736077339e-04
9.903548135200771884e-04
9.904232276001041693e-04
9.904936240342410072e-04
9.905654715145408452e-04
9.906393436059179967e-04
9.907147236029062876e-04
9.907921668648150392e-04
9.908711704554886389e-04
9.909522714367556898e-04
9.910349798099916171e-04
9.911198142088172795e-04
9.912062967423896764e-04
9.912949274501392429e-04
9.913852397229415934e-04
9.914777148092126288e-04
9.915718965616470912e-04
9.916682472151184050e-04
9.917663202738749573e-04
9.918665587168571697e-04
9.919685249036038453e-04
9.920726423014065987e-04
9.921784813479818995e-04
9.922864457373311523e-04
9.923961132334182915e-04
9.925078674971725152e-04
9.926212928989004008e-04
9.927367528171119563e-04
9.928538375479634137e-04
9.929728899577268224e-04
9.930935056353508775e-04
9.932160067339808850e-04
9.933399935582549675e-04
9.934657673860607455e-04
9.935929327253430979e-04
9.937217698652281352e-04
9.938518870783051486e-04
9.939835436100358246e-04
9.941163511415569871e-04
9.942505478881410140e-04
9.943857486747430512e-04
9.945221707775410511e-04
9.946594320002267748e-04
9.947977288574608862e-04
9.949366820737892431e-04
9.950764676743715717e-04
9.952167093607361056e-04
9.953575630417760625e-04
9.954986555717397316e-04
9.956401232234812250e-04
9.957815963035198531e-04
9.959231920398838988e-04
9.960645446174941787e-04
9.962057529241691994e-04
9.963464555767956397e-04
9.964867339415002263e-04
9.966262317470705578e-04
9.967650137687471441e-04
9.969027296503486357e-04
9.970394286155296985e-04
9.971747671440054153e-04
9.973087800495556831e-04
9.974411316787045682e-04
9.975718436709955263e-04
9.977005893706709927e-04
9.978273785618721296e-04
9.979518948051253543e-04
9.980741374181359513e-04
9.981938014694611942e-04
9.983108772543365303e-04
9.984250726977183382e-04
9.985363705542304839e-04
9.986444929919447138e-04
9.987494167258343433e-04
9.988508795722951181e-04
9.989488537066079470e-04
9.990430939961800032e-04
9.991335695544096337e-04
9.992200536781670455e-04
9.993025138528438284e-04
9.993807431368372397e-04
9.994547087557033131e-04
9.995242247930302259e-04
9.995892594954107827e-04
9.996496491455574267e-04
9.997053641839525641e-04
9.997562641562488233e-04
9.998023227423739976e-04
9.998434236858956548e-04
9.998795448066374793e-04
9.999105948355450912e-04
9.999365564723643792e-04
9.999573640649852928e-04
9.999730057597996762e-04
9.999834419798458128e-04
9.999886667015865649e-04
