1.100473257490257240e+01
1.100424536344051418e+01
1.100327126477202988e+01
1.100181018920332399e+01
1.099986310765254593e+01
1.099742983588546075e+01
1.099451198582716849e+01
1.099110926878293881e+01
1.098722392789245106e+01
1.098285555454978457e+01
1.097800700862389434e+01
1.097267773992076734e+01
1.096687120506853752e+01
1.096058668343621179e+01
1.095382820191455231e+01
1.094659483220187646e+01
1.093889113711808925e+01
1.093071593356970972e+01
1.092207427653049123e+01
1.091296466928477571e+01
1.090339260381047382e+01
1.089335619704996638e+01
1.088286130915739847e+01
1.087190558153535491e+01
1.086049515727664705e+01
1.084862709350660914e+01
1.083630771137900517e+01
1.082353335185005072e+01
1.081031038579999759e+01
1.079663427870730352e+01
1.078251129488739934e+01
1.076793583260885612e+01
1.075291386010367845e+01
1.073743847845893562e+01
1.072151513101558962e+01
1.070513534689785118e+01
1.068830376978563734e+01
1.067101003030467687e+01
1.065325764514669693e+01
1.063503396200119155e+01
1.061634098606760368e+01
1.059716333740882810e+01
1.057750107005315066e+01
1.055733558006544648e+01
1.053666449486613921e+01
1.051546547421571987e+01
1.049373326882166069e+01
1.047144137278498022e+01
1.044858139083878967e+01
1.042512254339665922e+01
1.040105355896563921e+01
1.037634012398564565e+01
1.035096965375454836e+01
1.032490693130057302e+01
1.029814228556715605e+01
1.027064577234705212e+01
1.024241924121135661e+01
1.021344895634555527e+01
1.018376096306154821e+01
1.015337013511857123e+01
1.012233590011154227e+01
1.009070385582539942e+01
1.005855945369306959e+01
1.002596218009656681e+01
9.993001208892243525e+00
9.959727603876423530e+00
9.926217317733192047e+00
9.892503459194172066e+00
9.858646438627612696e+00
9.824663810046478929e+00
9.790605474052306079e+00
9.756478919595453547e+00
9.722328774644296345e+00
9.688156612147505342e+00
9.654005178291516387e+00
9.619872421287643860e+00
9.585801041748553075e+00
9.551786388731930089e+00
9.517872041827393659e+00
9.484051069148808466e+00
9.450368399731688740e+00
9.416814768446478467e+00
9.383436729249314823e+00
9.350222432246612314e+00
9.317220273367038175e+00
9.284415442890310288e+00
9.251858411489648049e+00
9.219530935278003270e+00
9.187485855801305945e+00
9.155700916521530175e+00
9.124231731030924664e+00
9.093051321790175834e+00
9.062218629928946001e+00
9.031701071036811967e+00
9.001561693240544670e+00
8.971761162629698916e+00
8.942367745966926407e+00
8.913333827598771464e+00
8.884734516536964222e+00
8.856511760764714580e+00
8.828749966947649241e+00
8.801377434644669151e+00
8.774491772809019707e+00
8.748002475785176202e+00
8.722027033477521840e+00
8.696446994529225094e+00
8.671412465236533862e+00
8.646758369677945311e+00
8.622696236638148548e+00
8.598966781837999562e+00
8.575930810402040194e+00
8.553322894538892385e+00
8.535183773371366911e+00
8.524443572996410978e+00
8.518356284207147411e+00
8.515186865877540257e+00
8.513430047196109740e+00
8.512568576779633744e+00
8.512046233035601261e+00
8.511802618796957987e+00
8.511609520313916377e+00
8.511525361597829686e+00
8.511424639951190585e+00
8.511383969535385674e+00
8.511314019130766795e+00
8.511286950026233811e+00
8.511230413268974004e+00
8.511208816534443500e+00
8.511160172798652113e+00
8.511141724192116342e+00
8.511098858245411236e+00
8.511082798246594194e+00
8.511044633318849861e+00
8.511030608950585830e+00
8.510996428890747367e+00
8.510984194612527531e+00
8.510953448048828918e+00
8.510942796386920861e+00
8.510915033597246548e+00
8.510905780721831349e+00
8.510880626623702483e+00
8.510872608995967425e+00
8.510849747229595863e+00
8.510842819856437202e+00
8.510821981509335998e+00
8.510816016233006209e+00
8.510796971256192833e+00
8.510791854997762584e+00
8.510774405481964067e+00
8.510770038535966364e+00
8.510754013362625159e+00
8.510750307811356663e+00
8.510735558349072249e+00
8.510732436627296948e+00
8.510718833236824210e+00
8.510716226853888955e+00
8.510703656026613828e+00
8.510701504440412180e+00
8.510689866438504225e+00
8.510688116069557552e+00
8.510677322967159952e+00
8.510675926338702624e+00
8.510665900386376492e+00
8.510664815375919900e+00
8.510655487627554194e+00
8.510654676816084674e+00
8.510645985970317184e+00
8.510645416076441094e+00
8.510637307494480552e+00
8.510636948882154940e+00
8.510629373751475768e+00
8.510629200001325501e+00
8.510622114620577605e+00
8.510622102156153446e+00
8.510615467321336780e+00
8.510615595082708040e+00
8.510609375558308543e+00
8.510609624716584776e+00
8.510603788778295709e+00
8.510604142485480139e+00
8.510598661523500752e+00
8.510599104692904149e+00
8.510593952866715384e+00
8.510594471979846531e+00
8.510589625916868073e+00
8.510590208853324512e+00
8.510585647385131125e+00
8.510586283272457919e+00
8.510581987203268639e+00
8.510582666284218334e+00
8.510578618187183864e+00
8.510579331702192718e+00
8.510575515739727592e+00
8.510576255822661196e+00
8.510572657587630374e+00
8.510573417173191046e+00
8.510570023548234886e+00
8.510570796289597340e+00
8.510567595322275025e+00
8.510568375517735262e+00
8.510565356309514939e+00
8.510566138837068806e+00
8.510563291444469769e+00
8.510564071703393907e+00
8.510561387049776272e+00
8.510562160908440532e+00
8.510559630705229139e+00
8.510560394454373068e+00
8.510558011130575196e+00
8.510558761441473052e+00
8.510556518080546695e+00
8.510557251967517445e+00
8.510555142250762373e+00
8.510555857037504168e+00
8.510553875193243911e+00
8.510554568482632476e+00
8.510552709240560176e+00
8.510553378887486531e+00
8.510551637437599126e+00
8.510552281524548235e+00
8.510550653480203565e+00
8.510551270295277249e+00
8.510549751659922890e+00
8.510550339677047660e+00
8.510548926814262671e+00
8.510549484675372867e+00
8.510548174281876044e+00
8.510548700780862674e+00
8.510547489862217319e+00
8.510547983930454308e+00
8.510546869779203050e+00
8.510547330472547856e+00
8.510546310648553714e+00
8.510546737135646467e+00
8.510545809448473165e+00
8.510546201000234845e+00
8.510545363493367432e+00
8.510545719473620707e+00
8.510544970410403920e+00
8.510545290267520713e+00
8.510544628118701382e+00
8.510544911378181254e+00
8.510544334810935752e+00
8.510544581068916870e+00
8.510544088937278318e+00
8.510544297854892193e+00
8.510543889191515277e+00
8.510544060490046192e+00
8.510543734499250945e+00
8.510543867956107178e+00
8.510543624008136021e+00
8.510543719453560030e+00
8.510543557080042731e+00
8.510543614394574519e+00
8.510543533285131801e+00
8.510543552397820122e+00
