5.638753942111278548e+02
5.637172710682066281e+02
5.634012629561422045e+02
5.629276063806845514e+02
5.622970135571821402e+02
5.615099533275939621e+02
5.605676050375002433e+02
5.594706615348421792e+02
5.582207577986719116e+02
5.568187982099804003e+02
5.552668573326424166e+02
5.535660344926163816e+02
5.517188232855537535e+02
5.497264973168726101e+02
5.475919442183253523e+02
5.453165871802615357e+02
5.429036785083919767e+02
5.403547623137682194e+02
5.376734219375699695e+02
5.348612898475804514e+02
5.319222426085343614e+02
5.288579646606685856e+02
5.256725839203927535e+02
5.223677966825206340e+02
5.189479364038442100e+02
5.154146674730587847e+02
5.117724792598504564e+02
5.080229569345502227e+02
5.041706924578881512e+02
5.002171410079698717e+02
4.961669402402367268e+02
4.920213611987254581e+02
4.877850268913103378e+02
4.834589668384291485e+02
4.790477257872691439e+02
4.745520313090535751e+02
4.699762833272801572e+02
4.653208444606202079e+02
4.605899009943437363e+02
4.557833860672429296e+02
4.509052028470733262e+02
4.459547913450637679e+02
4.409357050401749802e+02
4.358468334047835242e+02
4.306913244453932066e+02
4.254674775940108589e+02
4.201780074126858722e+02
4.148206266206038322e+02
4.093976521562389621e+02
4.039063080366574354e+02
3.983486867419463806e+02
3.927218193116353291e+02
3.870280247150313357e+02
3.812648189872202238e+02
3.754357037082834836e+02
3.695399903107177693e+02
3.635840393825129127e+02
3.575709588508036063e+02
3.515120688856404740e+02
3.454160661300363131e+02
3.393000901447747992e+02
3.331777292456708892e+02
3.270693617237101876e+02
3.209892921235629615e+02
3.149563017082301712e+02
3.089810900394522264e+02
3.030779418952021729e+02
2.972527388183062271e+02
2.915154720296552000e+02
2.858682693895867146e+02
2.803182469505417771e+02
2.748651819751045764e+02
2.695145361633325933e+02
2.642646989663178374e+02
2.591202145364894136e+02
2.540786102831563653e+02
2.491439011459585799e+02
2.443130115875436843e+02
2.395896264772939332e+02
2.349701895817574950e+02
2.304581652104253635e+02
2.260495735767763108e+02
2.217477297940798451e+02
2.175482569965360256e+02
2.134543787998878770e+02
2.094613318861701430e+02
2.055723037658667067e+02
2.017821447334218590e+02
1.980940649556428639e+02
1.945025185024919381e+02
1.910108040633915891e+02
1.876129578432618246e+02
1.843124438042946736e+02
1.811028428843968641e+02
1.779878771600710081e+02
1.749606126016435610e+02
1.720251465473012615e+02
1.691739372390237293e+02
1.664116126058597729e+02
1.637298787439677312e+02
1.611341126267844857e+02
1.586150376591044449e+02
1.561791098441169368e+02
1.538156832446458395e+02
1.515328384632142331e+02
1.493178571027908390e+02
1.471814632584184608e+02
1.451074106341878291e+02
1.431113436162850974e+02
1.411697662024413091e+02
1.393101316378267995e+02
1.375088733023540044e+02
1.360805147296682662e+02
1.352417847027740834e+02
1.347687099103517312e+02
1.345230534348574736e+02
1.343870782146067597e+02
1.343204518836361956e+02
1.342800697791760172e+02
1.342612402495004176e+02
1.342463170798215231e+02
1.342398135870934368e+02
1.342320305828934295e+02
1.342288880098120103e+02
1.342234831656438985e+02
1.342213916808675833e+02
1.342170234934541213e+02
1.342153549070867484e+02
1.342115967170056194e+02
1.342101714146496647e+02
1.342068597359872513e+02
1.342056190156147011e+02
1.342026706178666302e+02
1.342015871939711360e+02
1.341989467199691148e+02
1.341980016115587659e+02
1.341956264427145129e+02
1.341948036127456589e+02
1.341926589894008828e+02
1.341919442297733838e+02
1.341900011628937648e+02
1.341893818348586649e+02
1.341876158752170909e+02
1.341870807741084093e+02
1.341854711403742613e+02
1.341850103631402646e+02
1.341835392781338214e+02
1.341831440873810379e+02
1.341817962581828283e+02
1.341814589502351396e+02
1.341802211546203409e+02
1.341799349368700121e+02
1.341787956905920964e+02
1.341785545705058098e+02
1.341775038571071548e+02
1.341773025434199553e+02
1.341763315930269016e+02
1.341761654086882629e+02
1.341752665155965474e+02
1.341751313215568757e+02
1.341742976928249789e+02
1.341741898215677793e+02
1.341734154506025050e+02
1.341733316482982730e+02
1.341726112087306717e+02
1.341725485849401593e+02
1.341718773410849508e+02
1.341718333250303203e+02
1.341712070559815686e+02
1.341711793585057819e+02
1.341705942935075768e+02
1.341705808739497172e+02
1.341700336371371236e+02
1.341700326744537790e+02
1.341695202374201301e+02
1.341695301049657303e+02
1.341690497458965581e+02
1.341690689893667638e+02
1.341686182577062993e+02
1.341686455758113539e+02
1.341682222616110209e+02
1.341682564891116272e+02
1.341678585963560977e+02
1.341678986891447494e+02
1.341675244124691346e+02
1.341675694344286853e+02
1.341672171387384651e+02
1.341672662501433990e+02
1.341669344527282419e+02
1.341669868999909170e+02
1.341666742547860451e+02
1.341667293613781453e+02
1.341664346450840526e+02
1.341664918034833249e+02
1.341662139032964944e+02
1.341662725678347101e+02
1.341660104705798346e+02
1.341660701510806462e+02
1.341658229335655221e+02
1.341658831896784818e+02
1.341656500101182132e+02
1.341657104462657344e+02
1.341654905366457342e+02
1.341655507975109174e+02
1.341653434567732290e+02
1.341654032232686120e+02
1.341652078112262529e+02
1.341652667968853621e+02
1.341650827287777190e+02
1.341651406765237766e+02
1.341649674181400940e+02
1.341650240973902157e+02
1.341648611606967449e+02
1.341649163647620639e+02
1.341647633039768266e+02
1.341648168477294689e+02
1.341646732557952646e+02
1.341647249735709977e+02
1.341645904789838539e+02
1.341646402226953683e+02
1.341645144866508303e+02
1.341645621240909065e+02
1.341644448379137486e+02
1.341644902512265105e+02
1.341643811340569528e+02
1.341644242183614608e+02
1.341643230150707495e+02
1.341643636772215586e+02
1.341642701565347409e+02
1.341643083140043302e+02
1.341642222668114357e+02
1.341642578466859277e+02
1.341641790845240507e+02
1.341642120225995427e+02
1.341641403762912432e+02
1.341641706162630214e+02
1.341641059346978864e+02
1.341641334274357575e+02
1.341640755764844357e+02
1.341641002793876964e+02
1.341640491409393974e+02
1.341640710173638809e+02
1.341640264884790099e+02
1.341640455072358975e+02
1.341640074994065230e+02
1.341640236343259858e+02
1.341639920728402728e+02
1.341640053023980954e+02
1.341639801258021123e+02
1.341639904328084185e+02
1.341639715924636960e+02
1.341639789638085460e+02
1.341639664235407849e+02
1.341639708499988615e+02
1.341639645858363394e+02
1.341639660619282211e+02
