5.188310828315952777e-02
5.188263967501091645e-02
5.188170216795322948e-02
5.188029448413727929e-02
5.187841574951734813e-02
5.187606339979822234e-02
5.187323597254356322e-02
5.186992960006273773e-02
5.186614222363048615e-02
5.186186864728022788e-02
5.185710620613034894e-02
5.185184834363072010e-02
5.184609177791223850e-02
5.183982855256003691e-02
5.183305475801892881e-02
5.182576099204944803e-02
5.181794270797904223e-02
5.180958900516403204e-02
5.180069469282587435e-02
5.179124731250692171e-02
5.178124102607535584e-02
5.177066175054643310e-02
5.175950300249478053e-02
5.174774899968778014e-02
5.173539262282569190e-02
5.172241630679609570e-02
5.170881231602200701e-02
5.169456120887137157e-02
5.167965466722710538e-02
5.166407126794046040e-02
5.164780216383166311e-02
5.163082383213254273e-02
5.161312697777022118e-02
5.159468584469172059e-02
5.157549081016321590e-02
5.155551373187303166e-02
5.153474483521262861e-02
5.151315341321678620e-02
5.149072979516552268e-02
5.146744049508694685e-02
5.144327631915049381e-02
5.141820073299462057e-02
5.139220556901361731e-02
5.136525088381656973e-02
5.133733036029734104e-02
5.130840012145583551e-02
5.127845697556348420e-02
5.124745226778060908e-02
5.121538799782554552e-02
5.118220920792858342e-02
5.114792667907135104e-02
5.111247603729994482e-02
5.107588367025954479e-02
5.103806952981525258e-02
5.099909945677755241e-02
5.095923457067338264e-02
5.092061746088785007e-02
5.088507979959543820e-02
5.085252112922118012e-02
5.082283244313391679e-02
5.079573270697485682e-02
5.077107649274553020e-02
5.074861849618035603e-02
5.072821129974094262e-02
5.070963981481325933e-02
5.069276745830220143e-02
5.067740811236062792e-02
5.066344197339870542e-02
5.065071064035564508e-02
5.063911307810536888e-02
5.062851643081000413e-02
5.061883801468682054e-02
5.060996759870867168e-02
5.060183910247641886e-02
5.059436167167459530e-02
5.058748350472402899e-02
5.058112991984947682e-02
5.057526097492144601e-02
5.056981523774711773e-02
5.056476237945537605e-02
5.056005168720783399e-02
5.055566049270350526e-02
5.055154668857562289e-02
5.054769363827160689e-02
5.054406611557572815e-02
5.054065219315259649e-02
5.053742214137036531e-02
5.053436768718380656e-02
5.053146349674072363e-02
5.052870411950256130e-02
5.052606774711607129e-02
5.052355110047463543e-02
5.052113521039841570e-02
5.051881846175257373e-02
5.051658418335228801e-02
5.051443202933435933e-02
5.051234719908365145e-02
5.051033030917344985e-02
5.050836809096746066e-02
5.050646188480058252e-02
5.050459968471704419e-02
5.050278336889538200e-02
5.050100197883951314e-02
5.049925778546204835e-02
5.049754070478930379e-02
5.049585328694131819e-02
5.049418618268401021e-02
5.049254213229933258e-02
5.049091240760480298e-02
5.048929986901402878e-02
5.048769631633702459e-02
5.048610467490256132e-02
5.048451719584518688e-02
5.048293682577370545e-02
5.048135620357585562e-02
5.047977826259828632e-02
5.047819597644528922e-02
5.047661223783576206e-02
5.047502031058681560e-02
5.047342302512434348e-02
5.047181389794620082e-02
5.047019568008449114e-02
5.046856210893206629e-02
5.046691584271843778e-02
5.046525081273715851e-02
5.046356957402919202e-02
5.046186622883559736e-02
5.046014322113926559e-02
5.045839480463327337e-02
5.045662330650700633e-02
5.045482311541309162e-02
5.045299643786077537e-02
5.045113778362522727e-02
5.044924923629331287e-02
5.044732541531294495e-02
5.044536828060428718e-02
5.044337255202779174e-02
5.044134006649733659e-02
5.043926563706502275e-02
5.043715097964524691e-02
5.043499099519998391e-02
5.043278728197012062e-02
5.043053482541138416e-02
5.042823511073239728e-02
5.042588320629002446e-02
5.042348049023023804e-02
5.042102211401477269e-02
5.041850935604970385e-02
5.041593745289370959e-02
5.041330759191899047e-02
5.041061509855896544e-02
5.040786107927685417e-02
5.040504095394685025e-02
5.040215575969907852e-02
5.039920101820652421e-02
5.039617771032035842e-02
5.039308146865929122e-02
5.038991323234818381e-02
5.038666875587675259e-02
5.038334895269939995e-02
5.037994971185943277e-02
5.037647193868875772e-02
5.037291167118614077e-02
5.036926982557189680e-02
5.036554260486122286e-02
5.036173095658479787e-02
5.035783126641384111e-02
5.035384453494168300e-02
5.034976734960808220e-02
5.034560078704448244e-02
5.034134165690666574e-02
5.033699113592364494e-02
5.033254627758310118e-02
5.032800838368285679e-02
5.032337477412496957e-02
5.031864690145027713e-02
5.031382237529098689e-02
5.030890282506642053e-02
5.030388617391444439e-02
5.029877425444796019e-02
5.029356532724282153e-02
5.028826145428647726e-02
5.028286125733950895e-02
5.027736705346073920e-02
5.027177784878521932e-02
5.026609624027560813e-02
5.026032164067062435e-02
5.025445695039532090e-02
5.024850200963425911e-02
5.024246004412541433e-02
5.023633134050552868e-02
5.023011946951796980e-02
5.022382518095814402e-02
5.021745240764592666e-02
5.021100237647142805e-02
5.020447939631323547e-02
5.019788518185314130e-02
5.019122442845988519e-02
5.018449934560140213e-02
5.017771502156938290e-02
5.017087416347152523e-02
5.016398225453092691e-02
5.015704249779390222e-02
5.015006076861203144e-02
5.014304075934467031e-02
5.013598872951160329e-02
5.012890884891490345e-02
5.012180774783824705e-02
5.011469005615485500e-02
5.010756275584539454e-02
5.010043091379389607e-02
5.009330183880417869e-02
5.008618100592202027e-02
5.007907602003887348e-02
5.007199272971073201e-02
5.006493899935560155e-02
5.005792101067425837e-02
5.005094684536503385e-02
5.004402297238116221e-02
5.003715764301565339e-02
5.003035756235305054e-02
5.002363109850719441e-02
5.001698513675026381e-02
5.001042810461514554e-02
5.000396700730812272e-02
4.999761027031943833e-02
4.999136495484201442e-02
4.998523941946809990e-02
4.997924071445095096e-02
4.997337706399585661e-02
4.996765543831287182e-02
4.996208385794093793e-02
4.995666914264451641e-02
4.995141903913921655e-02
4.994634014598440391e-02
4.994143986600288465e-02
4.993672450641921390e-02
4.993220105718693125e-02
4.992787546571015450e-02
4.992375424221003749e-02
4.991984290845296462e-02
4.991614743119871661e-02
4.991267284443530461e-02
4.990942451186173440e-02
4.990640692220288388e-02
4.990362478157923942e-02
4.990108198154316610e-02
4.989878252208836823e-02
4.989672965210952688e-02
4.989492662369599679e-02
4.989337600477536383e-02
4.989208026522563844e-02
4.989104126151605589e-02
4.989026065505627189e-02
4.988973956869878490e-02
4.988947883762648305e-02
