9.568593253815018684e+00
9.568233730812270466e+00
9.567515023719423084e+00
9.566437183575139613e+00
9.565001177604798954e+00
9.563207006332817173e+00
9.561056124870473738e+00
9.558548295740690648e+00
9.555685253031942494e+00
9.552466275409653207e+00
9.548893130133583540e+00
9.544964340976770600e+00
9.540681459392081010e+00
9.536041989597787705e+00
9.531047043958819742e+00
9.525692872413420886e+00
9.519979969398054465e+00
9.513903137355168127e+00
9.507462124518944790e+00
9.500650132654582691e+00
9.493466080033382326e+00
9.485901441665642864e+00
9.477954251064756974e+00
9.469614136372587865e+00
9.460878199230478458e+00
9.451734081031711199e+00
9.442177888677356634e+00
9.432195089670907251e+00
9.421780694429996217e+00
9.410917734157358439e+00
9.399599960203046223e+00
9.387807600568338628e+00
9.375532902427718085e+00
9.362752786013446737e+00
9.349457642850580896e+00
9.335620401123422951e+00
9.321229108992207912e+00
9.306251780130672557e+00
9.290673454079239946e+00
9.274455982916324004e+00
9.257580494678496308e+00
9.240000975275362904e+00
9.221693411577112087e+00
9.202601550422166099e+00
9.182694548549626745e+00
9.161902525875008862e+00
9.140185466577154472e+00
9.117454864174780127e+00
9.093658264414656855e+00
9.068680829663957610e+00
9.042453165216249644e+00
9.014821516588281014e+00
8.985693677611330088e+00
8.954855470969908637e+00
8.922193872843148910e+00
8.887726219349580958e+00
8.853233551158771419e+00
8.820530857141845260e+00
8.789830960353647527e+00
8.761299779466336091e+00
8.734914475333141581e+00
8.710726691526378573e+00
8.688659853476748296e+00
8.668683164678789410e+00
8.650672135502205151e+00
8.634540873446930220e+00
8.620136270121362188e+00
8.607344578972361049e+00
8.596005046705046837e+00
8.585998270898041795e+00
8.577171941706041025e+00
8.569415570115893388e+00
8.562594572702410645e+00
8.556614712167920800e+00
8.551362580075267061e+00
8.546762269277680346e+00
8.542721154058298794e+00
8.539180642569515811e+00
8.536066510480637248e+00
8.533335045109314621e+00
8.530927341531667096e+00
8.528811754572082293e+00
8.526941650350909896e+00
8.525294809596163148e+00
8.523834193421134131e+00
8.522544760759730664e+00
8.521396868014367243e+00
8.520380845272155668e+00
8.519472706034909137e+00
8.518666748789922138e+00
8.517943303643169983e+00
8.517299572701730881e+00
8.516719184048049840e+00
8.516201446783483675e+00
8.515732519384171084e+00
8.515313227448924494e+00
8.514931683698405251e+00
8.514589795068017608e+00
8.514277196361822675e+00
8.513996556298570439e+00
8.513738707054278265e+00
8.513506844962087428e+00
8.513292754729944178e+00
8.513099988922393280e+00
8.512921099248185186e+00
8.512759869189332917e+00
8.512609476009258103e+00
8.512473842575284166e+00
8.512346663112543510e+00
8.512231933122912153e+00
8.512123779775100374e+00
8.512026222652760765e+00
8.511933756318448729e+00
8.511850389266994554e+00
8.511770931859386380e+00
8.511699356186790411e+00
8.511630747419921761e+00
8.511569023200401318e+00
8.511509510634319042e+00
8.511456060235106591e+00
8.511404214420069891e+00
8.511357747861513445e+00
8.511312396512764167e+00
8.511271853422149647e+00
8.511232030093735190e+00
8.511196534331832098e+00
8.511161438190912421e+00
8.511130262204181562e+00
8.511099226345624658e+00
8.511071763018966507e+00
8.511044229382658699e+00
8.511019969704815225e+00
8.510995469122542900e+00
8.510973984377965706e+00
8.510952120624516226e+00
8.510933048126839040e+00
8.510913485111730736e+00
8.510896516721349059e+00
8.510878968155305202e+00
8.510863840995684271e+00
8.510848062016078686e+00
8.510834550934312404e+00
8.510820331288272200e+00
8.510808242705531157e+00
8.510795401177004393e+00
8.510784568051265708e+00
8.510772947885822504e+00
8.510763225568501511e+00
8.510752690701728795e+00
8.510743953515707005e+00
8.510734385451439010e+00
8.510726523853556102e+00
8.510717819069759216e+00
8.510710737288768257e+00
8.510702805073522725e+00
8.510696419136291269e+00
8.510689179775665636e+00
8.510683415851600486e+00
8.510676799106558832e+00
8.510671592113828510e+00
8.510665535935352466e+00
8.510660828363295849e+00
8.510655277804621832e+00
8.510651018715241989e+00
8.510645925007690238e+00
8.510642069186117098e+00
8.510637388951245441e+00
8.510633896180445745e+00
8.510629590756128238e+00
8.510626425195681577e+00
8.510622460057781780e+00
8.510619589710040955e+00
8.510615933974522207e+00
8.510613330224437334e+00
8.510609956217367156e+00
8.510607593434608376e+00
8.510604476319720391e+00
8.510602331513638319e+00
8.510599448968781289e+00
8.510597501488334160e+00
8.510594833423610339e+00
8.510593064695699539e+00
8.510590593007268723e+00
8.510588986307944026e+00
8.510586694662409357e+00
8.510585234916328901e+00
8.510583108561455390e+00
8.510581782165688836e+00
8.510579807763834381e+00
8.510578602432691042e+00
8.510576767913928364e+00
8.510575672542017855e+00
8.510573966974307680e+00
8.510572971515461660e+00
8.510571384989711774e+00
8.510570480349674227e+00
8.510569003877760608e+00
8.510568181818989331e+00
8.510566807243133525e+00
8.510566060300124747e+00
8.510564780212233060e+00
8.510564101616145294e+00
8.510562909285900091e+00
8.510562292897336789e+00
8.510561182208007835e+00
8.510560622456990743e+00
8.510559587848050001e+00
8.510559079680348304e+00
8.510558116096124337e+00
8.510557654925230864e+00
8.510556757768885205e+00
8.510556339432955752e+00
8.510555504525218140e+00
8.510555125248464137e+00
8.510554348790572377e+00
8.510554005148593504e+00
8.510553283688995663e+00
8.510552972577615449e+00
8.510552302982025807e+00
8.510552021589280258e+00
8.510551401013723094e+00
8.510551146794643529e+00
8.510550572661184532e+00
8.510550343315097521e+00
8.510549813289982168e+00
8.510549606740072548e+00
8.510549118714042294e+00
8.510548933088937673e+00
8.510548485159475263e+00
8.510548318776685051e+00
8.510547909232061059e+00
8.510547760583060395e+00
8.510547387887969606e+00
8.510547255624823393e+00
8.510546918407492001e+00
8.510546801330843181e+00
8.510546498371503787e+00
8.510546395419854804e+00
8.510546125640447102e+00
8.510546035880624416e+00
8.510545798335662937e+00
8.510545720954384663e+00
8.510545514822918989e+00
8.510545449119378603e+00
8.510545273697966095e+00
8.510545219077433998e+00
8.510545073774098412e+00
8.510545029742427658e+00
8.510544914071537903e+00
8.510544880230588305e+00
8.510544793808636044e+00
8.510544769852556257e+00
8.510544712394814582e+00
8.510544698107173289e+00
8.510544669425204489e+00
8.510544664676951143e+00
