-2.833390342917164517e+00
-2.831934680003948213e+00
-2.829024703514642525e+00
-2.824663265108090737e+00
-2.818854417405238788e+00
-2.811603873277245480e+00
-2.802918399256943971e+00
-2.792806582360572332e+00
-2.781277910852796964e+00
-2.768343851355229646e+00
-2.754016606529483546e+00
-2.738310507629528434e+00
-2.721240436200976553e+00
-2.702823540585561624e+00
-2.683077306635799797e+00
-2.662021610879465428e+00
-2.639676423167001129e+00
-2.616064214064370841e+00
-2.591207269850647421e+00
-2.565130477055984404e+00
-2.537858226871603229e+00
-2.509417605525302353e+00
-2.479834860573303601e+00
-2.449139032125978055e+00
-2.417357947338636848e+00
-2.384522334690568179e+00
-2.350661304971014331e+00
-2.315806999412621803e+00
-2.279989505193269927e+00
-2.243242098990848366e+00
-2.205595531903266071e+00
-2.167083943953886038e+00
-2.127738436424741142e+00
-2.087593751425170563e+00
-2.046681027413967513e+00
-2.005035363220150746e+00
-1.962687622560173262e+00
-1.919673037061131016e+00
-1.876021883905087728e+00
-1.831769332636815850e+00
-1.786944760085541040e+00
-1.741583119900281584e+00
-1.695712569080095600e+00
-1.649367753242959367e+00
-1.602575278111965762e+00
-1.555369488147892554e+00
-1.507775081832613440e+00
-1.459826279996111031e+00
-1.411545463933492783e+00
-1.362967226917961572e+00
-1.314111088796628524e+00
-1.265013162939971014e+00
-1.215689193714858618e+00
-1.166179259947922375e+00
-1.116491341601332454e+00
-1.066595539533568671e+00
-1.016046636454067675e+00
-9.644632660771395027e-01
-9.118973352541079880e-01
-8.584192714499130350e-01
-8.041504854036529704e-01
-7.491948612982863853e-01
-6.936879989857465123e-01
-6.377514346691494085e-01
-5.815262530990525924e-01
-5.251383143138157461e-01
-4.687239729499558250e-01
-4.124024027229563072e-01
-3.562970358851026420e-01
-3.005130268649120473e-01
-2.451561243108705823e-01
-1.903139446160197479e-01
-1.360730367315587108e-01
-8.250294467916623187e-02
-2.967179113703112894e-02
2.236763997077218999e-02
7.356363388573439188e-02
1.238779876469826985e-01
1.732729264790060786e-01
2.217224388894205866e-01
2.692002541479839861e-01
3.156903106250754099e-01
3.611756703581108230e-01
4.056482788775305215e-01
4.490986998658613727e-01
4.915252736817929957e-01
5.329245671831435160e-01
5.733000073643956807e-01
6.126529555792693538e-01
6.509908740457469589e-01
6.883189476777505922e-01
7.246478295258753644e-01
7.599857459803335269e-01
7.943458594664950523e-01
8.277388034688966112e-01
8.601796952860953915e-01
8.916810561514101341e-01
9.222595026466068324e-01
9.519290143669072446e-01
9.807073292031952549e-01
1.008609526786942157e+00
1.035654150010601349e+00
1.061857077157067675e+00
1.087237389590973047e+00
1.111811509257341735e+00
1.135598830356891575e+00
1.158616101978413804e+00
1.180882839714389565e+00
1.202415935721107498e+00
1.223234864598231830e+00
1.243356505267061207e+00
1.262800153999292796e+00
1.281582544257338085e+00
1.299722678489041439e+00
1.317237033554512049e+00
1.334144221783811313e+00
1.350460370876166438e+00
1.366203623728283523e+00
1.381389682775957084e+00
1.396036157225522212e+00
1.410158262747101210e+00
1.423773023966681706e+00
1.436895121240024942e+00
1.449540955575488788e+00
1.461724634937970224e+00
1.473461908161901590e+00
1.484766283871667314e+00
1.495652839400466227e+00
1.506134465980171422e+00
1.516225558196748091e+00
1.525938379608786200e+00
1.535286637836615453e+00
1.544281965223170516e+00
1.552937384265378862e+00
1.561263898340625289e+00
1.569273851839939837e+00
1.576977626353791129e+00
1.584386899552110428e+00
1.591511442559345069e+00
1.598362281342471158e+00
1.604948591310876083e+00
1.611280764716440439e+00
1.617367398792843858e+00
1.623218272438211152e+00
1.628841424463336685e+00
1.634246042614846628e+00
1.639439628735329890e+00
1.644430802990836771e+00
1.649226552960020298e+00
1.653834955752139901e+00
1.658262508239153776e+00
1.662516769587164767e+00
1.666603770026556575e+00
1.670530576169637627e+00
1.674302775880812666e+00
1.677926968614559478e+00
1.681408324101584917e+00
1.684752999813152963e+00
1.687965771321361608e+00
1.691052378876864104e+00
1.694017227433083583e+00
1.696865664213823566e+00
1.699601746513003109e+00
1.702230452025756513e+00
1.704755512648202131e+00
1.707181559249546066e+00
1.709512019801152416e+00
1.711751200177398680e+00
1.713902245040652250e+00
1.715969156174379284e+00
1.717954814641318606e+00
1.719862938073373648e+00
1.721696162704490440e+00
1.723457940967681123e+00
1.725150682082846609e+00
1.726777591241357657e+00
1.728340867502421663e+00
1.729843485779832601e+00
1.731287450869160915e+00
1.732675523389097805e+00
1.734009528825925628e+00
1.735292028523220731e+00
1.736524682690300470e+00
1.737709867478354209e+00
1.738849090956174459e+00
1.739944557258165325e+00
1.740997634583732800e+00
1.742010367352729627e+00
1.742983995334845826e+00
1.743920414700742993e+00
1.744820747434925545e+00
1.745686752125704899e+00
1.746519442859601590e+00
1.747320450550485127e+00
1.748090690555579529e+00
1.748831675303391453e+00
1.749544229911222715e+00
1.750229756832636152e+00
1.750888998794158713e+00
1.751523256145998797e+00
1.752133196471488352e+00
1.752720025289341121e+00
1.753284341723543083e+00
1.753827263171621853e+00
1.754349326455134861e+00
1.754851567036065596e+00
1.755334465099125829e+00
1.755798979867336795e+00
1.756245540096925239e+00
1.756675034013459147e+00
1.757087843728503573e+00
1.757484791289015025e+00
1.757866216552113947e+00
1.758232879813040661e+00
1.758585082700414359e+00
1.758923527821565358e+00
1.759248482265810987e+00
1.759560594680449785e+00
1.759860100993674514e+00
1.760147599309950017e+00
1.760423297487439642e+00
1.760687746217743488e+00
1.760941128115154797e+00
1.761183949322683961e+00
1.761416369792294656e+00
1.761638853736828825e+00
1.761851540801318894e+00
1.762054855658910402e+00
1.762248919793863555e+00
1.762434120518374892e+00
1.762610563107808836e+00
1.762778599494980281e+00
1.762938320517463353e+00
1.763090044525911448e+00
1.763233849522256369e+00
1.763370021899220319e+00
1.763498628266648272e+00
1.763619924520376525e+00
1.763733967172081085e+00
1.763840982927082024e+00
1.763941019350796280e+00
1.764034275116881600e+00
1.764120789860899263e+00
1.764200735242220208e+00
1.764274143852763155e+00
1.764341161218557552e+00
1.764401813648317274e+00
1.764456221283225990e+00
1.764504404787028413e+00
1.764546459535421441e+00
1.764582401065925454e+00
1.764612300481493978e+00
1.764636168594860388e+00
1.764654052604231360e+00
1.764665958883250063e+00
1.764671910969973778e+00
