-4.764528839194339671e-01
-4.764613670602365070e-01
-4.764751157790159120e-01
-4.764878598641950624e-01
-4.764903262012697982e-01
-4.764707189121755171e-01
-4.764147907666119730e-01
-4.763065969877821049e-01
-4.761285363837179929e-01
-4.758623170122729951e-01
-4.754888995186800082e-01
-4.749896033496274761e-01
-4.743458807943817801e-01
-4.735404962920921612e-01
-4.725570685318220554e-01
-4.713812725060401165e-01
-4.700001068628605339e-01
-4.684030951910694296e-01
-4.665812615340672043e-01
-4.645283376474301784e-01
-4.622394542288234542e-01
-4.597123875415121685e-01
-4.569459910844355655e-01
-4.539415327772818864e-01
-4.507008978250524045e-01
-4.472280748251090121e-01
-4.435271554186405174e-01
-4.396040259800487737e-01
-4.354641761287963986e-01
-4.311146461523602813e-01
-4.265616385908974628e-01
-4.218127648103546790e-01
-4.168744351359708888e-01
-4.117544448024314518e-01
-4.064591003497364796e-01
-4.009961880142469681e-01
-3.953717772426574850e-01
-3.895936249779349270e-01
-3.836675793741214924e-01
-3.776014928160217887e-01
-3.714011268117202169e-01
-3.650746775598114335e-01
-3.586280511807517501e-01
-3.520701537550389171e-01
-3.454073556481452312e-01
-3.386497749554824854e-01
-3.318046641154535070e-01
-3.248840470084234933e-01
-3.178966051403192550e-01
-3.108572726922317897e-01
-3.037768890572714042e-01
-2.966748760607985091e-01
-2.895657217352390345e-01
-2.824922621189592253e-01
-2.759807026480474157e-01
-2.802772750055707029e-01
-3.159485214429249011e-01
-3.600706595847721347e-01
-4.051378714651756585e-01
-4.507511601999558692e-01
-4.967802220471076446e-01
-5.431137566589405719e-01
-5.896232998628474498e-01
-6.361904151834153476e-01
-6.826876846903496832e-01
-7.289994441986857865e-01
-7.750071042101812635e-01
-8.206054840568799413e-01
-8.656903762263832292e-01
-9.101716792396393751e-01
-9.539622835986316662e-01
-9.969888596778517798e-01
-1.039181703521439015e+00
-1.080483845672797871e+00
-1.120841728461846820e+00
-1.160213131132701081e+00
-1.198558618271283294e+00
-1.235848623964322268e+00
-1.272055614397727963e+00
-1.307160554515458095e+00
-1.341145717417342009e+00
-1.374000674509104236e+00
-1.405715678481562758e+00
-1.436287265821095893e+00
-1.465712141623573439e+00
-1.493992452333335663e+00
-1.521130107091404948e+00
-1.547131760737324058e+00
-1.572003514987912798e+00
-1.595755641522090595e+00
-1.618397615092822317e+00
-1.639942600490533087e+00
-1.660402777696304621e+00
-1.679793612725764662e+00
-1.698129441758444935e+00
-1.715427543245077846e+00
-1.731703953566114063e+00
-1.746977355795918951e+00
-1.761265103980389046e+00
-1.774586942320576899e+00
-1.786961218792249895e+00
-1.798408447107635588e+00
-1.808947693304954418e+00
-1.818599991607005251e+00
-1.827384889939760226e+00
-1.835323729698983275e+00
-1.842436338039759924e+00
-1.848744180570102591e+00
-1.854267189786975356e+00
-1.859026798827279059e+00
-1.863042896687904681e+00
-1.866336750370276576e+00
-1.868928078571034268e+00
-1.870837868848117314e+00
-1.872085562350184418e+00
-1.872691772001838562e+00
-1.872675571588279686e+00
-1.872057120396895424e+00
-1.870855050615614301e+00
-1.869089003370179469e+00
-1.866777108950498532e+00
-1.863938438740900816e+00
-1.860590573273887882e+00
-1.856751974158220353e+00
-1.852439635386571304e+00
-1.847671379017279625e+00
-1.842463585541001425e+00
-1.836833416761554538e+00
-1.830796621364300769e+00
-1.824369688164857672e+00
-1.817567723324809092e+00
-1.810406536890194040e+00
-1.802900588373074431e+00
-1.795065009280812474e+00
-1.786913614029052910e+00
-1.778460860964814039e+00
-1.769719925800827376e+00
-1.760704603457438733e+00
-1.751427441412580555e+00
-1.741901584527223656e+00
-1.732138965891812932e+00
-1.722152096654951725e+00
-1.711952312118126152e+00
-1.701551508455826367e+00
-1.690960441966939953e+00
-1.680190414454974857e+00
-1.669251623688464248e+00
-1.658154799100833188e+00
-1.646909601644378718e+00
-1.635526211369498828e+00
-1.624013774978664282e+00
-1.612381946752957651e+00
-1.600639382224711804e+00
-1.588795233834801479e+00
-1.576857689246216943e+00
-1.564835423037357787e+00
-1.552736178274387591e+00
-1.540568175473546964e+00
-1.528338736138295406e+00
-1.516055650156310497e+00
-1.503725840089189525e+00
-1.491356688107053907e+00
-1.478954739894033477e+00
-1.466526992164787435e+00
-1.454079635118995739e+00
-1.441619301529188490e+00
-1.429151846742144460e+00
-1.416683560276044584e+00
-1.404219982426698321e+00
-1.391767079263511731e+00
-1.379330094954308805e+00
-1.366914691003966009e+00
-1.354525833463316342e+00
-1.342168897211242218e+00
-1.329848587261347692e+00
-1.317570008847650298e+00
-1.305337622087448191e+00
-1.293156278592264563e+00
-1.281030208787180991e+00
-1.268964025732203238e+00
-1.256961744437262052e+00
-1.245027753544702076e+00
-1.233165866015569989e+00
-1.221380259290990367e+00
-1.209674556759625208e+00
-1.198052736984535516e+00
-1.186518245393566318e+00
-1.175074873128774122e+00
-1.163725898431446026e+00
-1.152474935643039711e+00
-1.141325105784859240e+00
-1.130279856212556888e+00
-1.119342159917103618e+00
-1.108515306309458159e+00
-1.097802128794563625e+00
-1.087205767138517354e+00
-1.076728922891050821e+00
-1.066374593764394030e+00
-1.056145356502238064e+00
-1.046044073677407038e+00
-1.036073203626719952e+00
-1.026235480053501403e+00
-1.016533248668079814e+00
-1.006969119961189651e+00
-9.975453322091613062e-01
-9.882643777650194084e-01
-9.791283921061005868e-01
-9.701397539713184637e-01
-9.613005001465181332e-01
-9.526128997589217162e-01
-9.440788945126312726e-01
-9.357006474343674274e-01
-9.274800082878483787e-01
-9.194190370489562225e-01
-9.115194942433163527e-01
-9.037833394135530440e-01
-8.962122461396546669e-01
-8.888080757460452563e-01
-8.815724167788653309e-01
-8.745070341863876440e-01
-8.676134330413388662e-01
-8.608932834144570334e-01
-8.543480081435914641e-01
-8.479791836067859245e-01
-8.417881513531497717e-01
-8.357763949689536176e-01
-8.299451753978752677e-01
-8.242958840811820398e-01
-8.188297018073558142e-01
-8.135479282950504043e-01
-8.084516644241468430e-01
-8.035421184183862975e-01
-7.988203113213958595e-01
-7.942873599242545879e-01
-7.899442053613545678e-01
-7.857918729167214789e-01
-7.818312236255261505e-01
-7.780631910817306096e-01
-7.744885559417460374e-01
-7.711081598449573971e-01
-7.679227027262934824e-01
-7.649329339502843883e-01
-7.621394723494961942e-01
-7.595429746618582723e-01
-7.571439782218072345e-01
-7.549430467799765898e-01
-7.529406357834386165e-01
-7.511372156461491034e-01
-7.495331595643159872e-01
-7.481288442952999107e-01
-7.469245604633070190e-01
-7.459205908940296226e-01
-7.451171433749737005e-01
-7.445144065825604063e-01
-7.441125052704334886e-01
-7.439115338152537671e-01
