8.646331916928416961e-01
8.627550815969946552e-01
8.590105473654850998e-01
8.534228492924084142e-01
8.460265761148800800e-01
8.368673165872294595e-01
8.260011807359242120e-01
8.134942735315796591e-01
7.994220084512255742e-01
7.838684132442981234e-01
7.669252713440222191e-01
7.486912987098272021e-01
7.292711565812716179e-01
7.087745446665087989e-01
6.873151337768628188e-01
6.650096238589836561e-01
6.419766469460546077e-01
6.183358385908436228e-01
5.942067603321340430e-01
5.697080301159188620e-01
5.449563093533553726e-01
5.200655322828789950e-01
4.951459961429904855e-01
4.703037216765634798e-01
4.456396765666669202e-01
4.212492900879428737e-01
3.972218304579827053e-01
3.736400867311295282e-01
3.505799108306754674e-01
3.281100698855304865e-01
3.062919541234222498e-01
2.851795936329203363e-01
2.648195246212166620e-01
2.452509565932912694e-01
2.265057821861054532e-01
2.086088743976114990e-01
1.915782196260255865e-01
1.754253200951312319e-01
1.601554260133501162e-01
1.457680158069960541e-01
1.322571014744738371e-01
1.196117585839891334e-01
1.078164788027403675e-01
9.685172264405234044e-02
8.669429456114960408e-02
7.731789385243395540e-02
6.869349031176941178e-02
6.078985217506475969e-02
5.357390376205454358e-02
4.701121350717490238e-02
4.106631895353429762e-02
3.570316240106834876e-02
3.088537268900441377e-02
2.657664048935145726e-02
2.274095028827256490e-02
1.934289159646543702e-02
1.634783890560169775e-02
1.372220171548261744e-02
1.143358053521442534e-02
9.451128939721381919e-03
7.746736255584777894e-03
6.297687864863630962e-03
5.084602995906488919e-03
4.084610440125727333e-03
3.270639949711572937e-03
2.614338990782293353e-03
2.088638776302938465e-03
1.669321289950577306e-03
1.335642582877874822e-03
1.070367586144090749e-03
8.594586343407551723e-04
6.916387564723002271e-04
5.579245160374874876e-04
4.512003119646971474e-04
3.658461336018548060e-04
2.974312757076980648e-04
2.424632997888035086e-04
1.981890848642300733e-04
1.624358325370711014e-04
1.334869096924288774e-04
1.099835855304363998e-04
9.084869324694358288e-05
7.522637599921815771e-05
6.243531051030623655e-05
5.193175279914254307e-05
4.328080745965119717e-05
3.613365192863317603e-05
3.020977366944093919e-05
2.528279701732155581e-05
2.116931054525516734e-05
1.772050769300066646e-05
1.482041972925146239e-05
1.238206467092122240e-05
1.033376989838953005e-05
8.614782845847956646e-06
7.173753787238754875e-06
5.967187764450670968e-06
4.958285290174288284e-06
4.115876116881811299e-06
3.413577603118664219e-06
2.829043077241772238e-06
2.343358190509135450e-06
1.940507920740554793e-06
1.606945386783839966e-06
1.331213558298279380e-06
1.103638230155166576e-06
9.160594709069415180e-07
7.616125288679669037e-07
6.345353964809056998e-07
5.300098088636006049e-07
4.440200141714875635e-07
3.732341569106105014e-07
3.148980108431663229e-07
2.667449837011743918e-07
2.269157808783463933e-07
1.938907713368035820e-07
1.664305179494566855e-07
1.435265118453243610e-07
1.243586827442770709e-07
1.082608670585664914e-07
9.469152768712333415e-08
8.321036569688037212e-08
7.345871584578992113e-08
6.514410012156543701e-08
5.802734918518342792e-08
5.191255890661992948e-08
4.663871381739121730e-08
4.207320522790992902e-08
3.810639702444481637e-08
3.464744767361125557e-08
3.162077468938272825e-08
2.896335327449760594e-08
2.662240047404496369e-08
2.455361803730841653e-08
2.271966111899526354e-08
2.108898637118672846e-08
1.963482798956621662e-08
1.833443591511883227e-08
1.716838260815926140e-08
1.612005461680776969e-08
1.517517706624465553e-08
1.432147123795636790e-08
1.354832395113093439e-08
1.284655494800611793e-08
1.220818382646083932e-08
1.162627076269168406e-08
1.109474991199068023e-08
1.060831958659566132e-08
1.016232149818936138e-08
9.752664600454076170e-09
9.375736334288096559e-09
9.028349592825740568e-09
8.707676580042450007e-09
8.411211791829217139e-09
8.136722045966449199e-09
7.882220643632743219e-09
7.645929101505521661e-09
7.426259173233181194e-09
7.221783148873324198e-09
7.031221436351803296e-09
6.853419205611451673e-09
6.687337923751343101e-09
6.532036751240926754e-09
6.386666900158233939e-09
6.250456629362017125e-09
6.122707624312274090e-09
6.002782747827718943e-09
5.890103869460163560e-09
5.784141748866537965e-09
5.684414904015315566e-09
5.590481162526398302e-09
5.501937272210961717e-09
5.418411770531996592e-09
5.339565122427377403e-09
5.265083642034497723e-09
5.194680001208306660e-09
5.128087999651111352e-09
5.065063329752901328e-09
5.005379037425561852e-09
4.948826459551616936e-09
4.895211252474666808e-09
4.844354440721969086e-09
4.796088916333381600e-09
4.750260553932185707e-09
4.706725104089248038e-09
4.665349341898830092e-09
4.626008292962752366e-09
4.588586391554105714e-09
4.552974989730395310e-09
4.519073507779852106e-09
4.486787186279865278e-09
4.456028216428741071e-09
4.426713702182962155e-09
4.398766761725461681e-09
4.372114672609739975e-09
4.346689938325676168e-09
4.322428593998314863e-09
4.299271234026651613e-09
4.277161459592874972e-09
4.256046864838717973e-09
4.235877610439616262e-09
4.216607366883279456e-09
4.198192000798492099e-09
4.180590474707201308e-09
4.163763634793461544e-09
4.147675067083909221e-09
4.132289976985703721e-09
4.117576002269336643e-09
4.103502176065098866e-09
4.090039697315232273e-09
4.077160970055076570e-09
4.064840332199401510e-09
4.053053164886932800e-09
4.041776580594096978e-09
4.030988597125546051e-09
4.020668786123612157e-09
4.010797506969771185e-09
4.001356516794318334e-09
3.992328260136745062e-09
3.983696441565972497e-09
3.975445367448804809e-09
3.967560482277319594e-09
3.960027759325965232e-09
3.952834201753272156e-09
3.945967279304240244e-09
3.939415395212035228e-09
3.933167366431948615e-09
3.927212857319867864e-09
3.921541901171748353e-09
3.916145301603464096e-09
3.911014193425373914e-09
3.906140412588985447e-09
3.901516094654355614e-09
3.897134014111271733e-09
3.892987218898513308e-09
3.889069339846719347e-09
3.885374259891774737e-09
3.881896394325589487e-09
3.878630393510888861e-09
3.875571394565138121e-09
3.872714756532847716e-09
3.870056284068400313e-09
3.867591994159091679e-09
3.865318312310807381e-09
3.863231870041805257e-09
3.861329674015160668e-09
3.859608933639716356e-09
3.858067203533290026e-09
3.856702240675708726e-09
3.855512120527742461e-09
3.854495123283262299e-09
3.853649823908989894e-09
3.852975007139865007e-09
3.852469731645980925e-09
3.852133273507643983e-09
3.851965164656549394e-09
