6.693542577919935788e+00
6.693961845065702576e+00
6.694800256184414877e+00
6.696057725377514203e+00
6.697733882994369559e+00
6.699828557391327877e+00
6.702341132043160954e+00
6.705271349871255282e+00
6.708618346813358002e+00
6.712381780829531408e+00
6.716560539390871831e+00
6.721154196143912962e+00
6.726161388894547954e+00
6.731581607812903378e+00
6.737413239570709145e+00
6.743655691908701399e+00
6.750307098624571012e+00
6.757366786313721896e+00
6.764832633890269342e+00
6.772703888361050417e+00
6.780978171481684136e+00
6.789654652545844549e+00
6.798730693619600807e+00
6.808205388537071912e+00
6.818075836903846110e+00
6.828341059803104685e+00
6.838997891395695916e+00
6.850045283276832819e+00
6.861479801006347579e+00
6.873300330637246880e+00
6.885503165861747377e+00
6.898087131986133436e+00
6.911048247548548851e+00
6.924385282970757061e+00
6.938093978460502242e+00
6.952173056768037540e+00
6.966617976889124542e+00
6.981427422838904384e+00
6.996596570074922639e+00
7.012124075028162373e+00
7.028004828212264243e+00
7.044237472490723739e+00
7.060816613458609226e+00
7.077740898161786198e+00
7.095004649445826317e+00
7.112606541184793407e+00
7.130540618783074436e+00
7.148805612053659608e+00
7.167395298800363079e+00
7.186308502482852134e+00
7.205538749633755735e+00
7.225085006584973435e+00
7.244940574177050507e+00
7.265104626395553211e+00
7.285570277132369377e+00
7.306336993981019212e+00
7.327397761112901087e+00
7.348752452995364060e+00
7.370393991511271281e+00
7.392322680520881484e+00
7.414530494421214257e+00
7.437013912166306362e+00
7.459755759810512643e+00
7.482744867360361596e+00
7.505960712458968231e+00
7.529392339722487115e+00
7.553019217390669837e+00
7.576831155353796809e+00
7.600807072588589008e+00
7.624936762472919405e+00
7.649197508404074419e+00
7.673578134382636584e+00
7.698053130768350627e+00
7.722609407940663750e+00
7.747217410319573005e+00
7.771861091157639123e+00
7.796505305537756669e+00
7.821129707745827275e+00
7.845691445311696377e+00
7.870163957192643167e+00
7.894493562541768483e+00
7.918644564064563518e+00
7.942547609221314531e+00
7.966153189684098024e+00
7.989368408808473099e+00
8.012122091761868958e+00
8.034284470274611678e+00
8.055748479023662867e+00
8.076325549215638944e+00
8.095837964324454461e+00
8.114293577831949378e+00
8.132891192072163378e+00
8.152486198067467882e+00
8.172982400460762520e+00
8.194451100811251720e+00
8.216835505845779153e+00
8.240161157979853712e+00
8.264378897789155687e+00
8.289490287655736367e+00
8.315443966833523604e+00
8.342225212260391487e+00
8.369778809680390452e+00
8.398078906844220981e+00
8.427067653112411350e+00
8.456712540895065189e+00
8.486955416422834020e+00
8.517761102312334742e+00
8.549073678068774385e+00
8.580858612565938515e+00
8.613064368150187278e+00
8.645659468019736948e+00
8.678598145223302751e+00
8.711853343516619219e+00
8.745385567439321051e+00
8.779172581028870326e+00
8.813180903695206680e+00
8.847392816112016334e+00
8.881780120638490317e+00
8.916328933743765006e+00
8.951015422794823095e+00
8.985828750455894465e+00
9.020748549298675201e+00
9.055766292122090277e+00
9.090864298629181661e+00
9.126035738790749363e+00
9.161264993554823377e+00
9.196546452152015050e+00
9.231866074241604991e+00
9.267219110302328033e+00
9.302592735495343490e+00
9.337982799839780412e+00
9.373377423866777747e+00
9.408772868680346235e+00
9.444158000112686580e+00
9.479529355928439927e+00
9.514876398948603153e+00
9.550195848355016892e+00
9.585477653557697764e+00
9.620718648080018198e+00
9.655909185243871207e+00
9.691046166020930386e+00
9.726120285293106349e+00
9.761128479047988193e+00
9.796061736361608041e+00
9.830917006188323981e+00
9.865685535566743880e+00
9.900364271849982245e+00
9.934944692156074453e+00
9.969423733082081185e+00
1.000379308026555236e+01
1.003804965432834173e+01
1.007218533270943972e+01
1.010619701771232215e+01
1.014007676560954252e+01
1.017382146015606814e+01
1.020742332642944561e+01
1.024087923096732489e+01
1.027418155995564675e+01
1.030732716520646974e+01
1.034030858819051524e+01
1.037312266935429506e+01
1.040576210115257894e+01
1.043822371668039040e+01
1.047050035632904930e+01
1.050258885035237100e+01
1.053448218507394252e+01
1.056617719279571865e+01
1.059766700464700584e+01
1.062894846015859329e+01
1.066001483488441970e+01
1.069086298098943999e+01
1.072148631870921953e+01
1.075188171842111196e+01
1.078204274584841116e+01
1.081196629529059727e+01
1.084164607923869106e+01
1.087107902172096097e+01
1.090025898368476120e+01
1.092918292476052322e+01
1.095784485639083172e+01
1.098624177972041061e+01
1.101436785902274806e+01
1.104222014288048648e+01
1.106979295097990601e+01
1.109708338524895055e+01
1.112408592356571191e+01
1.115079772706539174e+01
1.117721343474541307e+01
1.120333027273342807e+01
1.122914304417301246e+01
1.125464904585875026e+01
1.127984324815610151e+01
1.130472302405331320e+01
1.132928351421037760e+01
1.135352217314792433e+01
1.137743431483605150e+01
1.140101748043493046e+01
1.142426716012720611e+01
1.144718098654148086e+01
1.146975462880419272e+01
1.149198581551338272e+01
1.151387039723949002e+01
1.153540620267112615e+01
1.155658926603082470e+01
1.157741751978519318e+01
1.159788718366313809e+01
1.161799629710832527e+01
1.163774126679507503e+01
1.165712024180032103e+01
1.167612981670760952e+01
1.169476825228752581e+01
1.171303233146426592e+01
1.173092042811664548e+01
1.174842951335565999e+01
1.176555807489197925e+01
1.178230327123763743e+01
1.179866370392928054e+01
1.181463671742371169e+01
1.183022102631840156e+01
1.184541415885968796e+01
1.186021494116251773e+01
1.187462108239244785e+01
1.188863151785434269e+01
1.190224413404570214e+01
1.191545797235868243e+01
1.192827109233289562e+01
1.194068263759588788e+01
1.195269083576932267e+01
1.196429492815923012e+01
1.197549330489042063e+01
1.198628529974901191e+01
1.199666945923648598e+01
1.200664520386248668e+01
1.201621122992229829e+01
1.202536703843703947e+01
1.203411146856690195e+01
1.204244409529798610e+01
1.205036389350834192e+01
1.205787050540542182e+01
1.206496303436294859e+01
1.207164118301954403e+01
1.207790417610194211e+01
1.208375177000333700e+01
1.208918330390238083e+01
1.209419858154881133e+01
1.209879705007828221e+01
1.210297855464221684e+01
1.210674264440598158e+01
1.211008920056963234e+01
1.211301786912135547e+01
1.211552856270531286e+01
1.211762101978415274e+01
1.211929518071946532e+01
1.212055087307666490e+01
1.212138806219256182e+01
1.212180666243355454e+01
