7.331558924864886584e-02
7.327840323294644576e-02
7.320408222108054641e-02
7.309270721392001346e-02
7.294443079986917544e-02
7.275941407846217568e-02
7.253790980296780100e-02
7.228015737959650466e-02
7.198650740847495344e-02
7.165727494526444308e-02
7.129290523745301922e-02
7.089378550380218136e-02
7.046045160275095365e-02
6.999335864750567959e-02
6.949312828986092816e-02
6.896027854295025405e-02
6.839551131887496027e-02
6.779940187502332682e-02
6.717272620970837771e-02
6.651611057914560976e-02
6.583039833430076593e-02
6.511625997136015476e-02
6.437459898803674085e-02
6.360612292746410656e-02
6.281178784677603211e-02
6.199233078889169329e-02
6.114875249458322226e-02
6.028181168366846671e-02
5.939254570950200374e-02
5.848172694435788826e-02
5.755042117949064895e-02
5.659940628059023648e-02
5.562976828691530706e-02
5.464228232027970589e-02
5.363804654646621428e-02
5.261782506945246463e-02
5.158272020602221869e-02
5.053347675331774230e-02
4.947119342007658821e-02
4.839658738726333731e-02
4.731074627625864171e-02
4.621435128009442062e-02
4.510847179015133740e-02
4.399374448397205123e-02
4.287121377070590711e-02
4.174146296177288357e-02
4.060550518002048470e-02
3.946386091976013949e-02
3.831750623780943305e-02
3.716688831427987505e-02
3.601294100390462632e-02
3.485602592547155931e-02
3.369703042080642724e-02
3.253621548606860925e-02
3.137441845972666066e-02
3.021178007333823884e-02
2.904907813867003280e-02
2.788627551396156631e-02
2.672376387179524471e-02
2.555909690082719746e-02
2.437872119094362452e-02
2.315142276110400410e-02
2.187216657701275199e-02
2.057095265594760872e-02
1.928044087089124739e-02
1.802736246669447637e-02
1.682967324685480728e-02
1.569836805744199634e-02
1.463849024473983136e-02
1.365128392635652985e-02
1.273526761094370685e-02
1.188748406213068973e-02
1.110407140452546702e-02
1.038080516210608886e-02
9.713364786648083851e-03
9.097496174962435220e-03
8.529162477694109817e-03
8.004519349383339838e-03
7.520043778399250999e-03
7.072411922792949494e-03
6.658645325961955706e-03
6.275929071565553366e-03
5.921793183614848868e-03
5.593883911974204502e-03
5.290193807203969791e-03
5.008785976469256121e-03
4.748092868042042523e-03
4.506588181260615632e-03
4.283188643196613431e-03
4.076913827538823643e-03
3.886448503260397577e-03
3.706928093941375037e-03
3.535041838745625088e-03
3.370663231346813973e-03
3.213152421462070474e-03
3.062274071596466848e-03
2.917561702599151974e-03
2.778776864815623356e-03
2.645557872842868065e-03
2.517702753117931000e-03
2.394938861869785277e-03
2.277118810200794759e-03
2.164056042434329627e-03
2.055667775348778842e-03
1.951849461459476392e-03
1.852579619110410539e-03
1.757817246664673989e-03
1.667577610477091353e-03
1.581845467863637715e-03
1.500631517110025256e-03
1.423901037415661701e-03
1.351620824239428004e-03
1.283704431186137454e-03
1.220055786267374830e-03
1.160529445942889374e-03
1.104972007243827355e-03
1.053192917082648424e-03
1.005002018714323125e-03
9.601862681998650116e-04
9.185419329251025538e-04
8.798542344833411733e-04
8.439240039473276190e-04
8.105489693805029714e-04
7.795456023741155179e-04
7.507317251245928906e-04
7.239445741026237502e-04
6.990247351190553848e-04
6.758313583860118406e-04
6.542274603438748455e-04
6.340930099639916157e-04
6.153115769068363263e-04
5.977818035387570455e-04
5.814053207404411587e-04
5.660969636174588123e-04
5.517738421678635265e-04
5.383645504620193341e-04
5.257992672912858642e-04
5.140181367683684241e-04
5.029622762386317140e-04
4.925814590008285214e-04
4.828259164017889116e-04
4.736534219299598156e-04
4.650217870674124162e-04
4.568954245494012451e-04
4.492384506698774717e-04
4.420207903689227615e-04
4.352118110022687772e-04
4.287860208621342424e-04
4.227171703945763496e-04
4.169835873968554419e-04
4.115626911662283367e-04
4.064360010947719879e-04
4.015840173231742223e-04
3.969909342344489218e-04
3.926398480139131251e-04
3.885172022789958068e-04
3.846082886836508651e-04
3.809014483810532108e-04
3.773838366246409456e-04
3.740454007841483150e-04
3.708748839369432134e-04
3.678635976315876212e-04
3.650016428621954403e-04
3.622814936132844120e-04
3.596944164761444536e-04
3.572338791501116916e-04
3.548921523845521776e-04
3.526635560047877509e-04
3.505412289214391544e-04
3.485202238544229578e-04
3.465944329046217456e-04
3.447595409343112162e-04
3.430100956953302787e-04
3.413423287624769444e-04
3.397513604989574072e-04
3.382338965087980376e-04
3.367855588286472381e-04
3.354034650476012992e-04
3.340836780725580019e-04
3.328236743436594662e-04
3.316199053515749159e-04
3.304701607408700760e-04
3.293712354811786252e-04
3.283211930880123924e-04
3.273171329818109847e-04
3.263573585565554785e-04
3.254392398144768288e-04
3.245612905691287742e-04
3.237211219303984082e-04
3.229174325333922799e-04
3.221480488776940127e-04
3.214118321205138408e-04
3.207068016538265750e-04
3.200319616845072822e-04
3.193855047698127459e-04
3.187665611241004759e-04
3.181734791327728903e-04
3.176055000708305487e-04
3.170611128827437804e-04
3.165396567689812268e-04
3.160397477585335331e-04
3.155608114128392568e-04
3.151015789322690716e-04
3.146615520399172390e-04
3.142395665564864699e-04
3.138351913568957624e-04
3.134473575222442954e-04
3.130756931082114567e-04
3.127192161403929494e-04
3.123776067932337364e-04
3.120499626380821012e-04
3.117360097033575954e-04
3.114349185148066130e-04
3.111464553904657259e-04
3.108698579313530974e-04
3.106049277973180005e-04
3.103509644150666139e-04
3.101078003821554677e-04
3.098747922589983905e-04
3.096517996570838567e-04
3.094382320734442166e-04
3.092339726349081189e-04
3.090384800182753773e-04
3.088516577442543135e-04
3.086730103051367664e-04
3.085024588293478289e-04
3.083395506114344612e-04
3.081842219003136916e-04
3.080360600944166694e-04
3.078950143432674378e-04
3.077607097343041721e-04
3.076331063377475000e-04
3.075118647714219014e-04
3.073969542627294732e-04
3.072880690340674330e-04
3.071851859025870194e-04
3.070880309820752069e-04
3.069965872907514303e-04
3.069106113160240340e-04
3.068300910525323367e-04
3.067548120243152585e-04
3.066847661293888722e-04
3.066197667599284446e-04
3.065598087855078355e-04
3.065047324561570650e-04
3.064545348138408951e-04
3.064090821059118046e-04
3.063683728732054614e-04
3.063322986427211556e-04
3.063008589006646935e-04
3.062739698733847561e-04
3.062516315545571379e-04
3.062337844226856545e-04
3.062204286532676178e-04
3.062115286597117910e-04
3.062070845835283502e-04
