8.812104727170781088e-06
8.826386156001180834e-06
8.855035843597918469e-06
8.898200321215517784e-06
8.956143747381345330e-06
9.029165883421602073e-06
9.117719483436200387e-06
9.222271429549340892e-06
9.343482747275116067e-06
9.482009562589694784e-06
9.638750706234341467e-06
9.814583608050256007e-06
1.001068654660330751e-05
1.022820281959605954e-05
1.046864722134326868e-05
1.073348972713261267e-05
1.102465893212853490e-05
1.134403394215019062e-05
1.169406155130034894e-05
1.207714188439965201e-05
1.249638141370705200e-05
1.295485393824636274e-05
1.345651871740932853e-05
1.400533331081715757e-05
1.460637601822928299e-05
1.526478053636308370e-05
1.598711592693121973e-05
1.678010439439052044e-05
1.765233241313341627e-05
1.861270133335249803e-05
1.967257388727165887e-05
2.084389145603907019e-05
2.214190761613336981e-05
2.358288353753751088e-05
2.518763678617509132e-05
2.697869344455285594e-05
2.898500983005259204e-05
3.123840826660254018e-05
3.378006088500664988e-05
3.665594688581387810e-05
3.992613407347124835e-05
4.365885351862263514e-05
4.794475697672907538e-05
5.289080778595201671e-05
5.865854362827276189e-05
6.555835348854271571e-05
7.432793133206007841e-05
8.594079534018107802e-05
1.012826672035633776e-04
1.213193539379944541e-04
1.472109863980294408e-04
1.803928577415924914e-04
2.226369972383794810e-04
2.761420900481617439e-04
3.436334777097833871e-04
4.284798738656864659e-04
5.348516881769722550e-04
6.678744716772131796e-04
8.338771072946537513e-04
1.040592729740587958e-03
1.297546133729555974e-03
1.616312202090669677e-03
2.011120721613331077e-03
2.499179844474559101e-03
3.101624997958378135e-03
3.843909566967505884e-03
4.757307884115240769e-03
5.879366190308562765e-03
7.256316098698111818e-03
8.943566385058309906e-03
1.100964757187703792e-02
1.353671471001780327e-02
1.662713625380905433e-02
2.040399124330861610e-02
2.502237161971751153e-02
3.066996462103780546e-02
3.758709307472042627e-02
4.606789762442006081e-02
5.649742147249882385e-02
6.935536133088054944e-02
8.528874900497822320e-02
1.051251596641337716e-01
1.300270331919241573e-01
1.615388819950917820e-01
2.019532880893329108e-01
2.543637765797970296e-01
3.100715386320759270e-01
3.373220586200283422e-01
3.627676287323088888e-01
3.898758799157144295e-01
4.186132501456412691e-01
4.492190543946567027e-01
4.817210334693600715e-01
5.163588675265428085e-01
5.532227080586581414e-01
5.925855036896641170e-01
6.346055792514567750e-01
6.796165978173470679e-01
7.278648537986143197e-01
7.797783820895679563e-01
8.357258026278215901e-01
8.962770681347939083e-01
9.619773518934500167e-01
1.033608207206186957e+00
1.111972759361600449e+00
1.198163373067904658e+00
1.293353752052569972e+00
1.399074522571828183e+00
1.517002179345829926e+00
1.649234710463372888e+00
1.798056104986057058e+00
1.966193293317086477e+00
2.156533100129804925e+00
2.372378440156479584e+00
2.617236066390321358e+00
2.895354857518566583e+00
3.211534031056519911e+00
3.570862320489371466e+00
3.977700644027154286e+00
4.435762220922840449e+00
4.947605311840882258e+00
5.514702547628970386e+00
6.136661517559549139e+00
6.810935023784919551e+00
7.531483413561368856e+00
8.287409581665288627e+00
9.059815488300095865e+00
9.817095311930280843e+00
1.050675171574106415e+01
1.104350992764697459e+01
1.129642022599793982e+01
1.108750362021951652e+01
1.023645393806079440e+01
8.683247104457672449e+00
6.636174960083002894e+00
4.542366743061286627e+00
2.818766049084314940e+00
1.626764148538202948e+00
9.019672105129216133e-01
4.961557493823676723e-01
2.794883934746971166e-01
1.667064612921062561e-01
1.083760276488951457e-01
7.804205422896409727e-02
6.209972060109560793e-02
5.366737810843552614e-02
4.921497140147029076e-02
4.689725861752716551e-02
4.572056268583100241e-02
4.515025567696311776e-02
4.489401121223225016e-02
4.479927687931702096e-02
4.478353733067694242e-02
4.480757388969629912e-02
4.484939083602244858e-02
4.490084570368065714e-02
4.495583043344329038e-02
4.501377710216197120e-02
4.507236398414912748e-02
4.513261088285670103e-02
4.519305854773691955e-02
4.525496864673531072e-02
4.531710849070619967e-02
4.538071867777074275e-02
4.544466298920858682e-02
4.551012068530717325e-02
4.557602273115707314e-02
4.564348652905933501e-02
4.571149993361739439e-02
4.578112341155973070e-02
4.585139540166251193e-02
4.592332424263996515e-02
4.599599398118083687e-02
4.607036486992172053e-02
4.614556235266478040e-02
4.622250193307742006e-02
4.630034680161170674e-02
4.637997046823350705e-02
4.646057065683527332e-02
4.654298116041386685e-02
4.662643137177890917e-02
4.671171724613343290e-02
4.679809726285735771e-02
4.688633108481771866e-02
4.697570392730105598e-02
4.706694042394905797e-02
4.715935036864873225e-02
4.725362438887723004e-02
4.734909486432592463e-02
4.744641923503110231e-02
4.754495061695959007e-02
4.764531390810796546e-02
4.774688123943972989e-02
4.785024546670454959e-02
4.795479613306201372e-02
4.806109443172303097e-02
4.816854582846686467e-02
4.827768013774567241e-02
4.838791737030421342e-02
4.849975617312693443e-02
4.861262983842907365e-02
4.872700600772617713e-02
4.884233011073851188e-02
4.895903891952711057e-02
4.907658898505794232e-02
4.919538634356668966e-02
4.931489778933165202e-02
4.943549877797964037e-02
4.955666562015510757e-02
4.967874339195931660e-02
4.980121735869823263e-02
4.992440248827347687e-02
5.004779261948304886e-02
5.017167297773246493e-02
5.029554579038292283e-02
5.041966702381418808e-02
5.054354732062910777e-02
5.066741401142567380e-02
5.079078640653265225e-02
5.091386398365661814e-02
5.103617521118292144e-02
5.115789267331702361e-02
5.127855473359030358e-02
5.139830823147688993e-02
5.151670241418844498e-02
5.163385972250767592e-02
5.174934152675018939e-02
5.186324741427218027e-02
5.197515236196094401e-02
5.208513484332784327e-02
5.219278515541361102e-02
5.229816257928916051e-02
5.240087465413417744e-02
5.250096355120165148e-02
5.259805615237420073e-02
5.269217973403296507e-02
5.278298276195736438e-02
5.287047992790893519e-02
5.295434361772072274e-02
5.303457829958214964e-02
5.311088265801296865e-02
5.318325329852921501e-02
5.325141756744848631e-02
5.331536651253560022e-02
5.337485842782397488e-02
5.342988099347566883e-02
5.348022559675770504e-02
5.352587856617491840e-02
5.356666632509587272e-02
5.360257563452075491e-02
5.363346963547497431e-02
5.365933702069718841e-02
5.368007901666465437e-02
5.369568741606391138e-02
5.370610254110079473e-02
5.371132008473855635e-02
