-3.404411011759291394e+00
-3.405072008086488466e+00
-3.406394099584831636e+00
-3.408377857146282164e+00
-3.411023580751512796e+00
-3.414332420724313089e+00
-3.418304888620588233e+00
-3.422942731489823309e+00
-3.428246690171417921e+00
-3.434219134926308481e+00
-3.440861061336443871e+00
-3.448175499233414598e+00
-3.456163732856002646e+00
-3.464829498796181184e+00
-3.474174413280338936e+00
-3.484202978959168640e+00
-3.494917198059407593e+00
-3.506322412359990093e+00
-3.518421076416712534e+00
-3.531219460110373909e+00
-3.544720551059838964e+00
-3.558931654843923820e+00
-3.573856389945085699e+00
-3.589503227318090683e+00
-3.605876534565415348e+00
-3.622986104186546097e+00
-3.640837195944173210e+00
-3.659441112184514733e+00
-3.678804178206913633e+00
-3.698939433903079888e+00
-3.719854480989135848e+00
-3.741564373418358347e+00
-3.764078247029411628e+00
-3.787413507496259601e+00
-3.811581141540663964e+00
-3.836601321650406682e+00
-3.862487277444484945e+00
-3.889262462528304543e+00
-3.916942838373663971e+00
-3.945555782698940028e+00
-3.975120604103835387e+00
-4.005669416584028752e+00
-4.037225657767841369e+00
-4.069827215716278701e+00
-4.103502661682400188e+00
-4.138297001334620084e+00
-4.174245246025281020e+00
-4.211401284307658699e+00
-4.249808289678207451e+00
-4.289531392137078569e+00
-4.330624231308663141e+00
-4.373166390148306881e+00
-4.417225110028333290e+00
-4.462898892836290266e+00
-4.510272945894217678e+00
-4.559471056230509411e+00
-4.610602935670305769e+00
-4.663828458465497206e+00
-4.719307122837341772e+00
-4.777363486507629098e+00
-4.838967238353422573e+00
-4.906266943314779638e+00
-4.980324585614517297e+00
-5.060236786027995315e+00
-5.144649118933452669e+00
-5.232203427145826424e+00
-5.321772947699173528e+00
-5.412436478533876993e+00
-5.503511137084801774e+00
-5.594479501713791159e+00
-5.684975773836073110e+00
-5.774730156973263639e+00
-5.863553262472860794e+00
-5.951306880532504451e+00
-6.037890902920551639e+00
-6.123234355021737407e+00
-6.207280837039163224e+00
-6.289994223655410721e+00
-6.371338893386558233e+00
-6.451297357141308808e+00
-6.529842351814252766e+00
-6.606965919921535146e+00
-6.682640292756709677e+00
-6.756859651922873411e+00
-6.829585251650149402e+00
-6.900802575459036525e+00
-6.970442385780115657e+00
-7.038456379777056959e+00
-7.104698393040616011e+00
-7.169005403995178938e+00
-7.231341247401545047e+00
-7.292957514671510211e+00
-7.354816325322184767e+00
-7.416853909218954044e+00
-7.479206017341879509e+00
-7.541867828448828526e+00
-7.604939851282257912e+00
-7.668438976727945722e+00
-7.732448200885964518e+00
-7.796986635592566550e+00
-7.862116706403569744e+00
-7.927842927563689912e+00
-7.994194489562171491e+00
-8.061141216196508807e+00
-8.128661042454563557e+00
-8.196669354260874840e+00
-8.265078836405798768e+00
-8.333741833521957076e+00
-8.402507836343348302e+00
-8.471177809476774456e+00
-8.539560580688352331e+00
-8.607435377187567127e+00
-8.674604878991770462e+00
-8.740860933104817931e+00
-8.806031507334816766e+00
-8.869946172054788747e+00
-8.932476210800828653e+00
-8.993499197668953116e+00
-9.052933527742723641e+00
-9.110703037979941854e+00
-9.166767814469263698e+00
-9.221089980569692202e+00
-9.273662226261473407e+00
-9.324475422258709401e+00
-9.373545692768148641e+00
-9.420884047608078404e+00
-9.466522369176463059e+00
-9.510484982853323999e+00
-9.552813692653018052e+00
-9.593541102925154718e+00
-9.632714741135435688e+00
-9.670371927021953695e+00
-9.706562994282739609e+00
-9.741327523622420159e+00
-9.774716675641322183e+00
-9.806770634124857722e+00
-9.837540070274208404e+00
-9.867064670877256916e+00
-9.895393761546612765e+00
-9.922565817717133640e+00
-9.948628279633291882e+00
-9.973617962303668705e+00
-9.997580097578557812e+00
-1.002054957312702044e+01
-1.004256923764739184e+01
-1.006367190962135894e+01
-1.008389798112787794e+01
-1.010327814542206681e+01
-1.012185033347414986e+01
-1.013964311596546075e+01
-1.015669200489955948e+01
-1.017302349087081303e+01
-1.018867074012752916e+01
-1.020365823228175017e+01
-1.021801688118943119e+01
-1.023176924186758718e+01
-1.024494408158136416e+01
-1.025756212778216714e+01
-1.026965011390477045e+01
-1.028122704275663502e+01
-1.029231772975475323e+01
-1.030293955846845755e+01
-1.031311554237539596e+01
-1.032286155125197347e+01
-1.033219891100168830e+01
-1.034114208134745461e+01
-1.034971081187917363e+01
-1.035791825306831448e+01
-1.036578268538820069e+01
-1.037331604707202004e+01
-1.038053525197150151e+01
-1.038745111873882188e+01
-1.039407929199779623e+01
-1.040042955876702990e+01
-1.040651638651482180e+01
-1.041234861367085607e+01
-1.041793961721335826e+01
-1.042329736505313242e+01
-1.042843422495190708e+01
-1.043335736741621034e+01
-1.043807822696275167e+01
-1.044260324494007897e+01
-1.044694299343383825e+01
-1.045110324814967129e+01
-1.045509378458270255e+01
-1.045891977175238452e+01
-1.046259024964192008e+01
-1.046610983518094073e+01
-1.046948688938680050e+01
-1.047272552754963115e+01
-1.047583348397463787e+01
-1.047881441884064380e+01
-1.048167548794713433e+01
-1.048441993919604620e+01
-1.048705439428579922e+01
-1.048958172821070534e+01
-1.049200806941374786e+01
-1.049433595611143843e+01
-1.049657106101497561e+01
-1.049871561867405845e+01
-1.050077488049953445e+01
-1.050275080767975489e+01
-1.050464826188529699e+01
-1.050646895864829844e+01
-1.050821739879873107e+01
-1.050989507751312502e+01
-1.051150616122059489e+01
-1.051305194782403341e+01
-1.051453629352106489e+01
-1.051596031997998004e+01
-1.051732759524425553e+01
-1.051863908390883040e+01
-1.051989808601555332e+01
-1.052110542652411596e+01
-1.052226415585850283e+01
-1.052337497520222875e+01
-1.052444070212148652e+01
-1.052546192843745487e+01
-1.052644125412909304e+01
-1.052737917474747498e+01
-1.052827808658918052e+01
-1.052913840081937380e+01
-1.052996232270482935e+01
-1.053075018980499244e+01
-1.053150402786063822e+01
-1.053222411059631369e+01
-1.053291229467578916e+01
-1.053356879883562058e+01
-1.053419532014155635e+01
-1.053479203034209277e+01
-1.053536047548970700e+01
-1.053590078756639947e+01
-1.053641436936958975e+01
-1.053690131961854348e+01
-1.053736290484679294e+01
-1.053779919635020512e+01
-1.053821133067473781e+01
-1.053859935691403926e+01
-1.053896428723311018e+01
-1.053930615316621378e+01
-1.053962584747314146e+01
-1.053992338822722985e+01
-1.054019955316072554e+01
-1.054045435046864299e+01
-1.054068844666285365e+01
-1.054090184315043643e+01
-1.054109509848228221e+01
-1.054126820989500679e+01
-1.054142163070864058e+01
-1.054155535614937023e+01
-1.054166973652182726e+01
-1.054176476675648466e+01
-1.054184069585477346e+01
-1.054189751972996625e+01
-1.054193538729756341e+01
-1.054195429630250302e+01
