0.000000000000000000e+00
0.000000000000000000e+00
1.694283729344087720e+21
5.080834813541593645e+21
1.015561131691861030e+22
1.691252608601927188e+22
2.534341923039959056e+22
3.543801888864925332e+22
4.718389551126809464e+22
6.056640323106611868e+22
7.556861621293148642e+22
9.217125096095146731e+22
1.103525851935265983e+23
1.300883616457055755e+23
1.513516902158083576e+23
1.741129341550698829e+23
1.983395966501745769e+23
2.239961907710431026e+23
2.510441122464316187e+23
2.794414952101084335e+23
3.091430737478325151e+23
3.401000263971030172e+23
3.722598301599582346e+23
4.055660979380524417e+23
4.399584301990427765e+23
4.753722511455671319e+23
5.117386651953172736e+23
5.489842997812221591e+23
5.870311763826911415e+23
6.257965705378728216e+23
6.651929105027335350e+23
7.051276684324696658e+23
7.455033040435763216e+23
7.862172050863726317e+23
8.271616989000153296e+23
8.682240652965264816e+23
9.092866459861369739e+23
9.502269587267768696e+23
9.909179437951563009e+23
1.031228214223645769e+24
1.071022490403349809e+24
1.110162024463751080e+24
1.148505278831234661e+24
1.185908493399382909e+24
1.222226183496993752e+24
1.257308519360134042e+24
1.290982178654912218e+24
1.323001041649232087e+24
1.353046224237052176e+24
1.380833764104225916e+24
1.406204198054813313e+24
1.429129724788026945e+24
1.449686803864948964e+24
1.468021430486760755e+24
1.484318413505918795e+24
1.498777705702567371e+24
1.511598673733537669e+24
1.522970477282164419e+24
1.533067142100640321e+24
1.542045494288563898e+24
1.550045004473420078e+24
1.557188575067498189e+24
1.563583899062337345e+24
1.569324970261832660e+24
1.574493656926856828e+24
1.579161167868954424e+24
1.583389425336097702e+24
1.587232275526610273e+24
1.590736577830381047e+24
1.593943143892099237e+24
1.596887568072898993e+24
1.599600936437726667e+24
1.602110448941250176e+24
1.604439948651608580e+24
1.606610384784578222e+24
1.608640206647986569e+24
1.610545708135442412e+24
1.612341322106906545e+24
1.614039878067363512e+24
1.615652824947101945e+24
1.617190426598232050e+24
1.618661935676045209e+24
1.620075747274265773e+24
1.621439545445965208e+24
1.622760435892106719e+24
1.624045094510943462e+24
1.625299917029297810e+24
1.626531074189998447e+24
1.627743663993985553e+24
1.628940960447163858e+24
1.630125472610464765e+24
1.631299701233175339e+24
1.632466116850115594e+24
1.633627207059419513e+24
1.634785468852895717e+24
1.635943436583151814e+24
1.637103686334269616e+24
1.638268859058964155e+24
1.639441671043887823e+24
1.640624936565093503e+24
1.641821583310824311e+24
1.643034676986799802e+24
1.644267442227661460e+24
1.645523291427676719e+24
1.646805852864393125e+24
1.648119006720948611e+24
1.649466923661471129e+24
1.650854112635534336e+24
1.652285475632062300e+24
1.653766374962126523e+24
1.655302714124319070e+24
1.656901037083695782e+24
1.658568648934109944e+24
1.660313754027762410e+24
1.662145584906585602e+24
1.664074413834931054e+24
1.666111239656972577e+24
1.668267128846390095e+24
1.670552785832219505e+24
1.672978783470122084e+24
1.675556090258434426e+24
1.678296437569057678e+24
1.681212532414102964e+24
1.684318185226658206e+24
1.687628437399778366e+24
1.691159670928212201e+24
1.694929751062112559e+24
1.698958151982285687e+24
1.703266130880710071e+24
1.707876874321834839e+24
1.712815713630754297e+24
1.718110292542881096e+24
1.723790837208707318e+24
1.729890341999660539e+24
1.736444914139879919e+24
1.743493970825476489e+24
1.751080668099007895e+24
1.759252212887368292e+24
1.768056001950390839e+24
1.777518504415389913e+24
1.787642019058610023e+24
1.798441338058969077e+24
1.809956533648253316e+24
1.822244122063075208e+24
1.835373212188941014e+24
1.849422614660301485e+24
1.864480339759294193e+24
1.880643326621430833e+24
1.898018044813710992e+24
1.916721018255074147e+24
1.936879763330142493e+24
1.958633640628618086e+24
1.982134973393759925e+24
2.007550122148372870e+24
2.035060764183354608e+24
2.064865170952255474e+24
2.097179657662288370e+24
2.132240065537427905e+24
2.170303395217476912e+24
2.211649501013330423e+24
2.256582919498196276e+24
2.305434781352114442e+24
2.358564841084200449e+24
2.416363606939730545e+24
2.479254569910172259e+24
2.547696544161637612e+24
2.622186083276355547e+24
2.703260012751185649e+24
2.791498008465193661e+24
2.887525288802029748e+24
2.992015314366009189e+24
3.105692590027517077e+24
3.229335425737241311e+24
3.363778778215631903e+24
3.509916990335221383e+24
3.668706578392625669e+24
3.841168842165263142e+24
4.028392477086269980e+24
4.231535919248401095e+24
4.451829633032788493e+24
4.690578025893762991e+24
4.949161232131293310e+24
5.229036402514719284e+24
5.531738775418064364e+24
5.858882117938315893e+24
6.212158848466131664e+24
6.593339381089178093e+24
7.004271041228884308e+24
7.446876046387761868e+24
7.923148941533178224e+24
8.435152939610664467e+24
8.985015598999276416e+24
9.574923249876741902e+24
1.020711464557699020e+25
1.088387321913123075e+25
1.160751846695159111e+25
1.238039581678717084e+25
1.320486554875890827e+25
1.408329011419396509e+25
1.501802046793898400e+25
1.601138075890427535e+25
1.706565204009832346e+25
1.818305435688868065e+25
1.936572791730678970e+25
2.061571273215594550e+25
2.193492746611978440e+25
2.332514693222313882e+25
2.478797900046384517e+25
2.632484041298387587e+25
2.793693229550915447e+25
2.962521493195815598e+25
3.139038259691984435e+25
3.323283810022255741e+25
3.515266782597449226e+25
3.714961701788026977e+25
3.922306606032248234e+25
4.137200761158640418e+25
4.359502528230865641e+25
4.589027382321281346e+25
4.825546143295280656e+25
5.068783425664072329e+25
5.318416357635197829e+25
5.574073586508882220e+25
5.835334606850110044e+25
6.101729437683655913e+25
6.372738668825725536e+25
6.647793910319231747e+25
6.926278646453922097e+25
7.207529534364516349e+25
7.490838128218507101e+25
7.775453073103197093e+25
8.060582727979015043e+25
8.345398263913572296e+25
8.629037174967789204e+25
8.910607248070783129e+25
9.189190907863935896e+25
9.463849981141653785e+25
9.733630777129077704e+25
9.997569524949910157e+25
1.025469804750614717e+26
1.050404970863982416e+26
1.074466549953560519e+26
1.097560029595864281e+26
1.119592914369699166e+26
1.140475359816994534e+26
1.160120797239395868e+26
1.178446551369352662e+26
1.195374436606499604e+26
1.210831333342788927e+26
1.224749730946986166e+26
1.237068238485273994e+26
1.247732051222030369e+26
1.256693373615196047e+26
1.263911788868266226e+26
1.269354575478618915e+26
1.272996963325425803e+26
