5.630683120670759045e+00
5.630541430163724215e+00
5.630257961113297682e+00
5.629832724894354712e+00
5.629265456363773623e+00
5.628556177031139640e+00
5.627704441519436607e+00
5.626710278957327560e+00
5.625573058437641549e+00
5.624292812844711165e+00
5.622868718145284994e+00
5.621300805655549127e+00
5.619588048129640967e+00
5.617730468373054009e+00
5.615726823089851827e+00
5.613577117801767713e+00
5.611279877232131952e+00
5.608835078739420332e+00
5.606240995601037724e+00
5.603497563671783865e+00
5.600602781219702564e+00
5.597556526342084560e+00
5.594356493918710704e+00
5.591002484545722240e+00
5.587491855607478186e+00
5.583824306230381396e+00
5.579996815302673774e+00
5.576008951346665299e+00
5.571857265364799083e+00
5.567541159765099223e+00
5.563056697952954543e+00
5.558403072769683817e+00
5.553575787471886294e+00
5.548573771896808893e+00
5.543391880444349162e+00
5.538028713839246997e+00
5.532478368346620101e+00
5.526739033234601806e+00
5.520803910834104933e+00
5.514670675599867344e+00
5.508331465469135324e+00
5.501783309244857811e+00
5.495017064041631372e+00
5.488028945834384942e+00
5.480808252516233381e+00
5.473350171457794566e+00
5.465642077863699377e+00
5.457677848947064980e+00
5.449442454584642270e+00
5.440928090133146711e+00
5.432116666751785061e+00
5.422998200904559418e+00
5.413550641294288646e+00
5.403761150365948396e+00
5.393602440506013451e+00
5.383057890211619956e+00
5.372093305704813915e+00
5.360687791947243319e+00
5.348806352149155785e+00
5.336485250495472954e+00
5.324104667463432250e+00
5.312785700653343213e+00
5.303352480460266527e+00
5.295755377686446330e+00
5.289702591210794225e+00
5.284844326772237366e+00
5.280879805280142669e+00
5.277549868542172007e+00
5.274662360064792388e+00
5.272067888461186236e+00
5.269662039551159971e+00
5.267366402274795689e+00
5.265126017071086295e+00
5.262899799037222159e+00
5.260656349409583044e+00
5.258372157572850369e+00
5.256025087349716074e+00
5.253598641133042868e+00
5.251072029177181300e+00
5.248429681206441266e+00
5.245646775970283393e+00
5.242703965539476485e+00
5.239566879703203561e+00
5.236206627077294229e+00
5.232570779539568839e+00
5.228610628125611726e+00
5.224238784401828539e+00
5.219363588817152788e+00
5.213823418640023633e+00
5.207417722086830736e+00
5.199970366984803860e+00
5.191970672218983118e+00
5.183866359797331569e+00
5.175618011205204816e+00
5.167286839113515384e+00
5.158868810885824274e+00
5.150416440604622892e+00
5.141946907318205362e+00
5.133516910850705273e+00
5.125159871143537771e+00
5.116939796556017050e+00
5.108902465479214783e+00
5.101116617815120158e+00
5.093632829842633214e+00
5.086516050483640861e+00
5.079809708315047523e+00
5.073562915915986515e+00
5.067799619793516008e+00
5.062543508060817210e+00
5.057792521453875700e+00
5.053543226664345411e+00
5.049770042640517431e+00
5.046449061281899517e+00
5.043540260200788161e+00
5.041009766804741332e+00
5.038813318351397896e+00
5.036916250922821803e+00
5.035277327095508682e+00
5.033866483606121989e+00
5.032648932646620388e+00
5.031601131986525033e+00
5.030695368766358477e+00
5.029914442296785637e+00
5.029236918906285325e+00
5.028650875282643540e+00
5.028139905411503463e+00
5.027696130297409915e+00
5.027306953957868529e+00
5.026967453467325875e+00
5.026667838380649123e+00
5.026405286549169737e+00
5.026172047413096422e+00
5.025966766352489401e+00
5.025783172735263982e+00
5.025620925593613286e+00
5.025474833283332998e+00
5.025345248780886287e+00
5.025227774992738539e+00
5.025123235545797762e+00
5.025027826462349800e+00
5.024942686557051452e+00
5.024864461862211584e+00
5.024794498145123356e+00
5.024729789119730228e+00
5.024671812024481099e+00
5.024617834438668496e+00
5.024569412308026450e+00
5.024524033270431289e+00
5.024483295012172945e+00
5.024444865550315775e+00
5.024410358374244545e+00
5.024377592251486391e+00
5.024348178274721910e+00
5.024320063546251269e+00
5.024294844018529105e+00
5.024270577938908744e+00
5.024248837243171728e+00
5.024227777958548913e+00
5.024208941881336266e+00
5.024190572281808542e+00
5.024174176662772773e+00
5.024158077114912579e+00
5.024143744105748155e+00
5.024129571721514864e+00
5.024116991667695764e+00
5.024104464422181060e+00
5.024093381931720614e+00
5.024082266405467401e+00
5.024072469559136778e+00
5.024062571410088829e+00
5.024053883345986904e+00
5.024045039852043537e+00
5.024037312157529023e+00
5.024029386340825631e+00
5.024022493829765068e+00
5.024015369797471209e+00
5.024009206356385704e+00
5.024002785583284059e+00
5.023997260847608004e+00
5.023991459192409081e+00
5.023986495871429980e+00
5.023981241168240963e+00
5.023976772880001107e+00
5.023972002983321694e+00
5.023967972492772383e+00
5.023963633682162033e+00
5.023959991459966190e+00
5.023956037131519281e+00
5.023952740169233877e+00
5.023949129757003362e+00
5.023946140588299691e+00
5.023942838671018762e+00
5.023940124559358011e+00
5.023937100117240817e+00
5.023934632378663778e+00
5.023931858172350218e+00
5.023929611608482837e+00
5.023927063657844805e+00
5.023925016079210160e+00
5.023922673224194391e+00
5.023920805047862537e+00
5.023918648577002877e+00
5.023916942485678661e+00
5.023914955820683481e+00
5.023913396472802440e+00
5.023911564899781190e+00
5.023910138682114557e+00
5.023908449121754494e+00
5.023907143937569764e+00
5.023905584747982545e+00
5.023904389835072593e+00
5.023902950642112231e+00
5.023901856415990075e+00
5.023900527966771890e+00
5.023899525885143547e+00
5.023898299921225608e+00
5.023897382366516062e+00
5.023896251513789046e+00
5.023895411691040813e+00
5.023894369363857138e+00
5.023893601211745441e+00
5.023892641529245751e+00
5.023891939642330051e+00
5.023891057355222678e+00
5.023890416915859802e+00
5.023889607342205466e+00
5.023889024060788522e+00
5.023888283029573465e+00
5.023887753091981878e+00
5.023887076893437609e+00
5.023886596914751479e+00
5.023885982256572902e+00
5.023885549240268311e+00
5.023884993208985072e+00
5.023884604510942431e+00
5.023884104537849282e+00
5.023883757834624930e+00
5.023883311665759521e+00
5.023883004926655182e+00
5.023882610596404952e+00
5.023882342058962003e+00
5.023881997866956439e+00
5.023881766015564132e+00
5.023881470506571745e+00
5.023881274053938917e+00
5.023881026000538874e+00
5.023880863871827529e+00
5.023880662259690766e+00
5.023880533579154317e+00
5.023880377594777791e+00
5.023880281674784065e+00
5.023880170695588454e+00
5.023880107027932418e+00
5.023880040614623788e+00
5.023880008864070490e+00
5.023879986755228622e+00
