-3.812271289390767315e+00
-3.813081438657269562e+00
-3.814702412544891175e+00
-3.817135233515051684e+00
-3.820381942052543778e+00
-3.824444608791781608e+00
-3.829326683190473979e+00
-3.835031336519099554e+00
-3.841563502253714457e+00
-3.848927533667844347e+00
-3.857129957613437465e+00
-3.866176423055172506e+00
-3.876075198557601631e+00
-3.886833379717290260e+00
-3.898461170707756995e+00
-3.910967308770407325e+00
-3.924364182164769232e+00
-3.938662418112804264e+00
-3.953876904244020274e+00
-3.970020471878219492e+00
-3.987110906645768171e+00
-4.005163640646239642e+00
-4.024199861955970903e+00
-4.044238105416245510e+00
-4.065303602585681020e+00
-4.087418629276340809e+00
-4.110613280811905135e+00
-4.134914391173263759e+00
-4.160357978967466508e+00
-4.186976492053691601e+00
-4.214813256936172259e+00
-4.243907713674341942e+00
-4.274312331849586144e+00
-4.306075365038799951e+00
-4.339260899598227361e+00
-4.373928441455231741e+00
-4.410157096083533901e+00
-4.448020933951923439e+00
-4.487618876337363893e+00
-4.529044128522215829e+00
-4.572422438240938192e+00
-4.617872820902472419e+00
-4.665560169776114208e+00
-4.715651674546251115e+00
-4.768458135729701119e+00
-4.824763243923897882e+00
-4.886493660450133447e+00
-4.955057526650056943e+00
-5.030064803502590109e+00
-5.110466294880247062e+00
-5.195066134412896552e+00
-5.282784207522042585e+00
-5.372668597293654535e+00
-5.463972940879005868e+00
-5.556094129266318404e+00
-5.648589993391878394e+00
-5.741108870479171067e+00
-5.833400004429169172e+00
-5.925257151369248021e+00
-6.016534324015027302e+00
-6.107102878279147440e+00
-6.196871842388135043e+00
-6.285753679095328117e+00
-6.373686903797533887e+00
-6.460606751783803503e+00
-6.546468728878843457e+00
-6.631221810294851693e+00
-6.714832457670018684e+00
-6.797258847573943719e+00
-6.878475435616861589e+00
-6.958447132544743674e+00
-7.037154829114102839e+00
-7.114568561775691080e+00
-7.190674670306691496e+00
-7.265446903368761866e+00
-7.338876169760156998e+00
-7.410938218536541555e+00
-7.481627366189066208e+00
-7.550918725474025095e+00
-7.618807994486371804e+00
-7.685264852971198657e+00
-7.750282170648914892e+00
-7.813814165700321723e+00
-7.875840757068948150e+00
-7.936276727638479578e+00
-7.995058545968076302e+00
-8.052112462590820030e+00
-8.108055129263787464e+00
-8.163416611089932218e+00
-8.218111625615021509e+00
-8.272165808543876508e+00
-8.325514450825469481e+00
-8.378162649326792888e+00
-8.430059009289697869e+00
-8.481201604270303562e+00
-8.531545785417629091e+00
-8.581086917713250273e+00
-8.629784751432838519e+00
-8.677633822235751637e+00
-8.724597071881753152e+00
-8.770669005994935929e+00
-8.815814760126347238e+00
-8.860028830381001086e+00
-8.903277284437532302e+00
-8.945553798341329355e+00
-8.986823437172848372e+00
-9.027077140779804054e+00
-9.066275865679841672e+00
-9.104404315758248600e+00
-9.141414503118818757e+00
-9.177279597670860767e+00
-9.211937290729741434e+00
-9.245348650033752946e+00
-9.277455661538098752e+00
-9.308286143966318704e+00
-9.337981430451854692e+00
-9.366861752364501470e+00
-9.395191419170933145e+00
-9.423125696067753410e+00
-9.450691159879518466e+00
-9.477910876231666393e+00
-9.504760857077693359e+00
-9.531251570463115996e+00
-9.557353693332867550e+00
-9.583079626870734558e+00
-9.608398283551030872e+00
-9.633325791685686923e+00
-9.657828923536087018e+00
-9.681928616294561252e+00
-9.705588444424895656e+00
-9.728835659889153220e+00
-9.751628874875841291e+00
-9.774004008777689378e+00
-9.795911865422445075e+00
-9.817400339958380684e+00
-9.838410468069447745e+00
-9.858993845692086921e+00
-9.879508209253890172e+00
-9.901840960916988621e+00
-9.926085842232513556e+00
-9.950651174566992552e+00
-9.974956257516256031e+00
-9.998543012666738505e+00
-1.002134382792154632e+01
-1.004324540301761637e+01
-1.006429610562388177e+01
-1.008446726812587002e+01
-1.010382310611325529e+01
-1.012235828083710487e+01
-1.014013385766219422e+01
-1.015715244062075406e+01
-1.017346916931864520e+01
-1.018908985737911976e+01
-1.020406402393011369e+01
-1.021839889242754218e+01
-1.023213911913511964e+01
-1.024529249616271898e+01
-1.025789950112662119e+01
-1.026996803091638100e+01
-1.028153493144215425e+01
-1.029260792464327956e+01
-1.030322065978715429e+01
-1.031338051095314867e+01
-1.032311828461562619e+01
-1.033244090233916523e+01
-1.034137662280400605e+01
-1.034993185602667509e+01
-1.035813256403181626e+01
-1.036598461736231513e+01
-1.037351189873840873e+01
-1.038071973266536041e+01
-1.038763011307051087e+01
-1.039424782649207835e+01
-1.040059314667960066e+01
-1.040667034017782555e+01
-1.041249811090348487e+01
-1.041808022991108373e+01
-1.042343396609793160e+01
-1.042856262363412689e+01
-1.043348215780387456e+01
-1.043819543684614004e+01
-1.044271721212095727e+01
-1.044704994796672537e+01
-1.045120729116530889e+01
-1.045519133434648218e+01
-1.045901470985799442e+01
-1.046267917032021266e+01
-1.046619641555282776e+01
-1.046956788891382395e+01
-1.047280443219004908e+01
-1.047590720895832206e+01
-1.047888627077579748e+01
-1.048174252944928675e+01
-1.048448530804898127e+01
-1.048711529303062839e+01
-1.048964113521963881e+01
-1.049206332048687429e+01
-1.049438987865459794e+01
-1.049662111810743959e+01
-1.049876449435456571e+01
-1.050082015974455274e+01
-1.050279503801712444e+01
-1.050468914533012565e+01
-1.050650891241795115e+01
-1.050825423754907817e+01
-1.050993109377020396e+01
-1.051153927829081702e+01
-1.051308433864397074e+01
-1.051456598641997608e+01
-1.051598937294451908e+01
-1.051735413832283861e+01
-1.051866506436327242e+01
-1.051992173260057228e+01
-1.052112857962863046e+01
-1.052228514019316918e+01
-1.052339552779800869e+01
-1.052445924113241915e+01
-1.052548009074603108e+01
-1.052645754903678643e+01
-1.052739514192005998e+01
-1.052829232437760076e+01
-1.052915235435102659e+01
-1.052997467746411608e+01
-1.053076229882733017e+01
-1.053151466201574848e+01
-1.053223453306098456e+01
-1.053292136011252111e+01
-1.053357768259964189e+01
-1.053420295924047956e+01
-1.053479951416511184e+01
-1.053536682207747788e+01
-1.053590700202924779e+01
-1.053641954959639015e+01
-1.053690638797115042e+01
-1.053736703799775576e+01
-1.053780323529684715e+01
-1.053821452992271901e+01
-1.053860247734270850e+01
-1.053896666033936036e+01
-1.053930846082870865e+01
-1.053962749744223437e+01
-1.053992498437586178e+01
-1.054020057885517048e+01
-1.054045533245516530e+01
-1.054068894338299067e+01
-1.054090230499222791e+01
-1.054109515851622980e+01
-1.054126824281356356e+01
-1.054142134385709362e+01
-1.054155504908541907e+01
-1.054166919060199525e+01
-1.054176420686631666e+01
-1.054183997718790877e+01
-1.054189679286689518e+01
-1.054193458118387916e+01
-1.054195348748766392e+01
