3.183391863887128213e-06
3.187653994250934962e-06
3.196196718124972670e-06
3.209057690690663414e-06
3.226292900754988423e-06
3.247978883349527956e-06
3.274210981797747329e-06
3.305107123396132772e-06
3.340805158889028974e-06
3.381468338894396346e-06
3.427281664040877144e-06
3.478459266665460495e-06
3.535239678495561907e-06
3.597895402105641043e-06
3.666726972843134041e-06
3.742075103360194970e-06
3.824313381173607985e-06
3.913863494946469372e-06
4.011186367054188950e-06
4.116801132612883813e-06
4.231274455770599047e-06
4.355244146281441181e-06
4.489406346589057731e-06
4.634544956570096662e-06
4.791516302937207909e-06
4.961285930136257781e-06
5.144910270658482411e-06
5.343582892020928653e-06
5.558612572058830563e-06
5.791481832160551394e-06
6.043820680688745468e-06
6.317481306950724842e-06
6.614506583339758257e-06
6.937226289262737987e-06
7.288219253415087027e-06
7.670438649700715825e-06
8.087166412001206144e-06
8.542178355937629552e-06
9.039689211098685234e-06
9.584573157714252519e-06
1.018229750788783227e-05
1.083922167316144413e-05
1.156251722136023924e-05
1.236057995531608485e-05
1.324293385293129352e-05
1.422080971610214069e-05
1.530703052552573876e-05
1.651684120170247814e-05
1.786777347155939439e-05
1.938086435680051400e-05
2.108050030845653707e-05
2.299625583851142881e-05
2.516272055589118263e-05
2.762236126637713200e-05
3.042534569406013664e-05
3.363415787042173564e-05
3.732349945076597072e-05
4.158818826200339424e-05
4.654561794719446811e-05
5.236704758559863752e-05
5.941157694267116613e-05
6.848368346277593211e-05
8.056247198817985508e-05
9.651113732958280288e-05
1.173073135075873563e-04
1.441083740981103419e-04
1.783578715991393797e-04
2.218057308284873219e-04
2.766349184362530429e-04
3.454990025299300755e-04
4.316959363460512109e-04
5.392293787802299567e-04
6.730593081370943396e-04
8.391986629086112346e-04
1.045086883063091809e-03
1.299741728630214414e-03
1.614331705899297231e-03
2.002418928213722197e-03
2.480861741283354148e-03
3.070216567805268693e-03
3.796206858574682590e-03
4.690416874299838459e-03
5.792766759690942506e-03
7.152761977474757921e-03
8.833815266069064420e-03
1.091556011137268488e-02
1.350160870339377900e-02
1.672375687491003959e-02
2.075548448576468655e-02
2.579867837009099107e-02
3.038419963035252427e-02
3.196860611117920831e-02
3.328526343839066648e-02
3.452930843306896425e-02
3.568267073507629117e-02
3.674177937077494072e-02
3.769535803550472242e-02
3.854303635471960365e-02
3.928057868236289885e-02
3.991257838554965881e-02
4.044128689447164943e-02
4.087610006722839501e-02
4.122431690465166998e-02
4.149855997992554779e-02
4.170880946249030941e-02
4.186847740430079540e-02
4.198752186851534979e-02
4.207773951490218628e-02
4.214693048753139631e-02
4.220378856277110652e-02
4.225303235627504705e-02
4.230003283680772858e-02
4.234669798354429027e-02
4.239579735728101623e-02
4.244733831862203960e-02
4.250251043869004985e-02
4.256035945816796090e-02
4.262133602807423316e-02
4.268417659196351716e-02
4.274910233085939260e-02
4.281488079927692897e-02
4.288174080715169423e-02
4.294860915201178381e-02
4.301579874827624050e-02
4.308241428908708009e-02
4.314885521889089831e-02
4.321437963349890332e-02
4.327945072358101164e-02
4.334344558710184758e-02
4.340686528970419400e-02
4.346917490465904838e-02
4.353089220894305889e-02
4.359154621390487483e-02
4.365165639040848727e-02
4.371079838806547768e-02
4.376948365190010126e-02
4.382732250399151708e-02
4.388481257580725131e-02
4.394159075967482564e-02
4.399813778004001835e-02
4.405411166393764788e-02
4.410997488426180585e-02
4.416540295561168644e-02
4.422083983849612460e-02
4.427597606540559921e-02
4.433123746100485485e-02
4.438632787123232559e-02
4.444165570887927130e-02
4.449693692089643632e-02
4.455256339600145721e-02
4.460826228254920200e-02
4.466440988334142992e-02
4.472074384453451207e-02
4.477762580332587256e-02
4.483480332009157077e-02
4.489262422941066311e-02
4.495084549286405828e-02
4.500980192651876655e-02
4.506925941843439171e-02
4.512954046082488097e-02
4.519041941056999717e-02
4.525220703726065552e-02
4.531468571193481010e-02
4.537815498919692964e-02
4.544240479310658609e-02
4.550772387928624096e-02
4.557390925074213117e-02
4.564123919153898618e-02
4.570951729213412751e-02
4.577901160743298031e-02
4.584953180330949424e-02
4.592133586661947126e-02
4.599423900392602543e-02
4.606848921763836979e-02
4.614390669621439012e-02
4.622072946748938954e-02
4.629878211823515444e-02
4.637829264167878801e-02
4.645908941445484747e-02
4.654139026918285849e-02
4.662502673960559896e-02
4.671020630994403983e-02
4.679676301527019300e-02
4.688489374635162327e-02
4.697443436284910734e-02
4.706557086479471602e-02
4.715814024169037721e-02
4.725231725900232160e-02
4.734793932726593518e-02
4.744516959348760166e-02
4.754384517143421529e-02
4.764411717313550565e-02
4.774582169508552465e-02
4.784909737374236360e-02
4.795377857276426209e-02
4.805999099814136505e-02
4.816756657916636264e-02
4.827661763330278605e-02
4.838697297859996527e-02
4.849873109535393634e-02
4.861171705034685736e-02
4.872601506156158668e-02
4.884144585513398168e-02
4.895807900065155677e-02
4.907573036020203283e-02
4.919445452495568860e-02
4.931406205228332923e-02
4.943459229926570886e-02
4.955585017858763625e-02
4.967785965124745656e-02
4.980041976486772326e-02
4.992353903608191118e-02
5.004701056605510845e-02
5.017082751276294439e-02
5.029477710785550809e-02
5.041883739026976202e-02
5.054278997608462748e-02
5.066659819760292033e-02
5.079003850347346000e-02
5.091306012153796329e-02
5.103543499018282220e-02
5.115709903889418403e-02
5.127782057350115108e-02
5.139752324553031881e-02
5.151597283362973484e-02
5.163308195156149361e-02
5.174861518561626322e-02
5.186247557144182257e-02
5.197442806265041571e-02
5.208436778877956891e-02
5.219206184351953687e-02
5.229739932003475700e-02
5.240015141831411150e-02
5.250020323995679278e-02
5.259733222314630363e-02
5.269142166690756607e-02
5.278225750919018910e-02
5.286972354069289365e-02
5.295361654661037698e-02
5.303382316246467443e-02
5.311015340339021035e-02
5.318249910909766259e-02
5.325068588629652822e-02
5.331461308699426971e-02
5.337412418996138885e-02
5.342912825604530236e-02
5.347948877368888243e-02
5.352512653673645315e-02
5.356592697710611112e-02
5.360182441460324687e-02
5.363272789711158450e-02
5.365858677799840992e-02
5.367933508081351029e-02
5.369493836773633899e-02
5.370535664191537079e-02
5.371057247973634596e-02
