0.000000000000000000e+00
0.000000000000000000e+00
4.334319970886313050e+21
1.300227004128668575e+22
2.600245512012421503e+22
4.333274786237882827e+22
6.499024242491790249e+22
9.097120000092327327e+22
1.212709710854823482e+23
1.558839127904164218e+23
1.948032786392864292e+23
2.380211064959993633e+23
2.855280745401981401e+23
3.373133582861683780e+23
3.933644510480004284e+23
4.536669882016972113e+23
5.182045301488668146e+23
5.869583517001187496e+23
6.599071853047336906e+23
7.370269732292017143e+23
8.182905686630454589e+23
9.036674482617331042e+23
9.931233686990536248e+23
1.086620037177617674e+24
1.184114721119995454e+24
1.285559874474252266e+24
1.390902698577566930e+24
1.500084722566698820e+24
1.613041314084672586e+24
1.729701212935195711e+24
1.849985991332730080e+24
1.973809541230355309e+24
2.101077485360704838e+24
2.231686620565922824e+24
2.365524283099594046e+24
2.502467752982861620e+24
2.642383580133698849e+24
2.785126958503205672e+24
2.930541023813832693e+24
3.078456211294138931e+24
3.228689541441766291e+24
3.381043981948990177e+24
3.535307745318773446e+24
3.691253684524189533e+24
3.848638635916195569e+24
4.007202889865679572e+24
4.166669624679297062e+24
4.326744508645801613e+24
4.487115286112896738e+24
4.647451586873509410e+24
4.807404744607404055e+24
4.966607914447742714e+24
5.124676227007435216e+24
5.281207346341435660e+24
5.435782090126182110e+24
5.587965597207604278e+24
5.737308574853795861e+24
5.883349239136060009e+24
6.025615152667950181e+24
6.163623811713597490e+24
6.296868906737739477e+24
6.424719404385104315e+24
6.546207440255047401e+24
6.660108120591512195e+24
6.765437206626324888e+24
6.861754060947290853e+24
6.949118012958194612e+24
7.027945910125630954e+24
7.098866238000844748e+24
7.162606113745879010e+24
7.219912659557781613e+24
7.271506021359762796e+24
7.318053705687602251e+24
7.360159908139638528e+24
7.398363111595888853e+24
7.433138806350984853e+24
7.464904373731149071e+24
7.494025091126512908e+24
7.520820143859707176e+24
7.545568451497847759e+24
7.568513926174804911e+24
7.589870244470790556e+24
7.609825008749194347e+24
7.628543455714747227e+24
7.646171659981349938e+24
7.662839426316320519e+24
7.678662815585956159e+24
7.693746568410421975e+24
7.708186352741618293e+24
7.722071258567902000e+24
7.735486697113220763e+24
7.748513649224790852e+24
7.761209573067273523e+24
7.773596093363410319e+24
7.785680483097683331e+24
7.797468791441133352e+24
7.808965016490543912e+24
7.820171862716689857e+24
7.831090518588904119e+24
7.841721100646729451e+24
7.852062708434459251e+24
7.862113849920624643e+24
7.871872676310098213e+24
7.881337472926336596e+24
7.890507039345703049e+24
7.899381240361505035e+24
7.907961444081872570e+24
7.916251022253145312e+24
7.924255679181379831e+24
7.931983732621230790e+24
7.939446175835760911e+24
7.946656642323775098e+24
7.953631175200849250e+24
7.960387935104160001e+24
7.966946799684029145e+24
7.973328980280569592e+24
7.979556622916813712e+24
7.985652487872668552e+24
7.991639667343554029e+24
7.997541401060360306e+24
8.003380941772312262e+24
8.009181507327942053e+24
8.014966271992660253e+24
8.020758422467525749e+24
8.026581237951093296e+24
8.032458215209739500e+24
8.038413206356372901e+24
8.044470588319412070e+24
8.050655439252972022e+24
8.056993739365030631e+24
8.063512577473913188e+24
8.070240379127024608e+24
8.077207142319167642e+24
8.084444694818832964e+24
8.091986962916511326e+24
8.099870263683164920e+24
8.108133613732530399e+24
8.116819064628383259e+24
8.125972060777733041e+24
8.135641827995636283e+24
8.145881791283230258e+24
8.156750028017306064e+24
8.168309757776546534e+24
8.180629872931160229e+24
8.193785513980698437e+24
8.207858691538611106e+24
8.222938961854666409e+24
8.239124155301138545e+24
8.256521167822746888e+24
8.275246811957266458e+24
8.295428740783935762e+24
8.317206438125283890e+24
8.340732292003114777e+24
8.366172740799491692e+24
8.393709513085688534e+24
8.423540945954503968e+24
8.455883407126538127e+24
8.490972800146318224e+24
8.529066182614171238e+24
8.570443470167383889e+24
8.615409261218258301e+24
8.664294747285653929e+24
8.717459749392669412e+24
8.775294836015169498e+24
8.838223568939740182e+24
8.906704821486816594e+24
8.981235221786208607e+24
9.062351652660510145e+24
9.150633867605670697e+24
9.246707139479091393e+24
9.351245008705882182e+24
9.464972030486535876e+24
9.588666595725278443e+24
9.723163705772244747e+24
9.869357784292429618e+24
1.002820538469822276e+25
1.020072788587301132e+25
1.038801401079866937e+25
1.059122227123096690e+25
1.081158314726848965e+25
1.105040111660987133e+25
1.130905631500854269e+25
1.158900595588904067e+25
1.189178526227241611e+25
1.221900805399603152e+25
1.257236671471519426e+25
1.295363169891709507e+25
1.336465027539050813e+25
1.380734468724173756e+25
1.428370939856643241e+25
1.479580763072205129e+25
1.534576683493652566e+25
1.593577333037287023e+25
1.656806573533659616e+25
1.724492745045919788e+25
1.796867780824078130e+25
1.874166218108752465e+25
1.956624065606070367e+25
2.044477560517048936e+25
2.137961776167880646e+25
2.237309117082561671e+25
2.342747663714705519e+25
2.454499407837274164e+25
2.572778342992839991e+25
2.697788455225684636e+25
2.829721581723846373e+25
2.968755186698521241e+25
3.115050026362801374e+25
3.268747756096797438e+25
3.429968456809134002e+25
3.598808136721022839e+25
3.775336191484214238e+25
3.959592881067732447e+25
4.151586812753489116e+25
4.351292489623209925e+25
4.558647920548400392e+25
4.773552350419257727e+25
4.995864113209635324e+25
5.225398664063262131e+25
5.461926799140876619e+25
5.705173114700332519e+25
5.954814719489299822e+25
6.210480244870562793e+25
6.471749170960533624e+25
6.738151503745052908e+25
7.009167824231710926e+25
7.284229732814234455e+25
7.562720711062226526e+25
7.843977410219577505e+25
8.127291388053551852e+25
8.411911287737744588e+25
8.697045478137913748e+25
8.981865132433185691e+25
9.265507760617175631e+25
9.547081155620417144e+25
9.825667763497317085e+25
1.010032942061190180e+26
1.037011246227605192e+26
1.063405313025085287e+26
1.089118327715683555e+26
1.114053628188064608e+26
1.138115316771895872e+26
1.161208882709714025e+26
1.183241833892606057e+26
1.204124327601648864e+26
1.223769798405439855e+26
1.242095572755532994e+26
1.259023468125676018e+26
1.274480366513994791e+26
1.288398760029311008e+26
1.300717259143599275e+26
1.311381061399618915e+26
1.320342372383686382e+26
1.327560777008749692e+26
1.333003554560998315e+26
1.336645935979021360e+26
