0.000000000000000000e+00
0.000000000000000000e+00
7.029654651727615828e+02
2.111508974916929219e+03
4.230870942601553907e+03
7.068950457478438693e+03
1.063635151058592601e+04
1.494644561416220313e+04
2.001545040096464072e+04
2.586252592366164026e+04
3.250988801642249746e+04
3.998294120706494141e+04
4.831043029604582989e+04
5.752461394152059802e+04
6.766145909111807123e+04
7.876086056044268480e+04
9.086688428433185618e+04
1.040280396412735572e+05
1.182975790131557733e+05
1.337338312531157280e+05
1.504005667988730420e+05
1.683674025836364308e+05
1.877102439829221985e+05
2.085117736724677088e+05
2.308619840471673815e+05
2.548587650799285620e+05
2.806085435757571249e+05
3.082269880175694707e+05
3.378397741400901577e+05
3.695834280828582123e+05
4.036062412972553866e+05
4.400692770513300784e+05
4.791474615877814358e+05
5.210307830698231119e+05
5.659255900849435711e+05
6.140560163157258648e+05
6.656655217076753033e+05
7.210185801557005616e+05
7.804025024948625360e+05
8.441294276968810009e+05
9.125384695391363930e+05
9.859980531382521149e+05
1.064908427407650277e+06
1.149704386413455475e+06
1.240858185385548044e+06
1.338882677366613643e+06
1.444334658057665220e+06
1.557818427599882474e+06
1.679989563167823711e+06
1.811558875341224251e+06
1.953296557826013071e+06
2.106036434328484815e+06
2.270680347099895123e+06
2.448202461349472404e+06
2.639653604076595977e+06
2.846165173254487570e+06
3.068952887508216780e+06
3.309319522916368209e+06
3.568657381445595529e+06
3.848451356195454020e+06
4.150301665174606722e+06
4.476090836611510254e+06
4.828489486954142340e+06
5.211374711135983467e+06
5.629626927792394534e+06
6.088815738736120984e+06
6.595137271434970200e+06
7.155461624681954272e+06
7.777433011108744889e+06
8.469606208894066513e+06
9.241614562811195850e+06
1.010436982283001766e+07
1.107029236089385301e+07
1.215358276942468621e+07
1.337053486238222569e+07
1.473991086054857820e+07
1.628337879202855565e+07
1.802604548953115568e+07
1.999708521373462304e+07
2.223051712002235651e+07
2.476613267414364591e+07
2.765065989200533554e+07
3.093916908820401505e+07
3.469686682536640763e+07
3.900129141913409531e+07
4.394516738919223100e+07
4.963994990620309860e+07
5.622052571083505452e+07
6.385113092822863162e+07
7.273327779395815730e+07
8.311163322145386040e+07
9.493482810401739180e+07
1.073645643333879113e+08
1.196782203849701881e+08
1.318109187762660533e+08
1.437399047857089639e+08
1.554423271625225246e+08
1.668963152559070587e+08
1.780809231711891294e+08
1.889769515230259001e+08
1.995671606618892252e+08
2.098369039657322168e+08
2.197743822404875159e+08
2.293711207904772460e+08
2.386221543337802887e+08
2.475263151886035204e+08
2.560862587247346640e+08
2.643085076466024816e+08
2.722032504046422243e+08
2.797841182601595521e+08
2.870677615900623202e+08
2.940734229746252894e+08
3.008223923171582818e+08
3.073375152688388824e+08
3.136426736290826797e+08
3.197623708738716245e+08
3.257213496267351508e+08
3.315443327141926289e+08
3.372558149366508722e+08
3.428799653062320948e+08
3.484405713675295115e+08
3.539610669135638475e+08
3.594645845910702348e+08
3.649740657856001258e+08
3.705123809935464263e+08
3.761024886277315021e+08
3.817675961005955338e+08
3.875313481333218217e+08
3.934180146612419486e+08
3.994527005533143878e+08
4.056615560554541945e+08
4.120720074549003243e+08
4.187129919321908355e+08
4.256152134191840887e+08
4.328114075038493276e+08
4.403366296217975616e+08
4.482285580510621071e+08
4.565278234869864583e+08
4.652783598616304398e+08
4.745277858077370524e+08
4.843278144391410351e+08
4.947346984977363348e+08
5.058097115393307805e+08
5.176196698069991469e+08
5.302374985575101376e+08
5.437428449448307753e+08
5.582227444914548397e+08
5.737723404612103701e+08
5.904956666674199104e+08
6.085064898797507286e+08
6.279292261618994474e+08
6.488999236657958031e+08
6.715673303584716320e+08
6.960940349398393631e+08
7.226577039625166655e+08
7.514523983554418087e+08
7.826899973289542198e+08
8.166017068405101299e+08
8.534396860331817865e+08
8.934787616428461075e+08
9.370182697215260267e+08
9.843839861183369160e+08
1.035930191532256603e+09
1.092041822429887772e+09
1.153136760670809507e+09
1.219668201162886143e+09
1.292127158012751341e+09
1.371045034475002527e+09
1.456996325421090841e+09
1.550601361354512930e+09
1.652529171632797241e+09
1.763500357209098577e+09
1.884290060245561123e+09
2.015730899632973909e+09
2.158715970306178093e+09
2.314201751493410110e+09
2.483211033298097610e+09
2.666835680283252239e+09
2.866239354104568958e+09
3.082659984995717525e+09
3.317412128151581287e+09
3.571888963875958920e+09
3.847564093154241085e+09
4.145992855018969059e+09
4.468813334911117554e+09
4.817746757054404259e+09
5.194597449869171143e+09
5.601252044164054871e+09
6.039678115617167473e+09
6.511921899215396881e+09
7.020105312690436363e+09
7.566421887097929001e+09
8.153131870489846230e+09
8.782556077358299255e+09
9.457068782350317001e+09
1.017908921113791847e+10
1.095107196323583984e+10
1.177549590718765450e+10
1.265485192282895851e+10
1.359162902751557350e+10
1.458829930414004517e+10
1.564730117464195633e+10
1.677102148234472466e+10
1.796177594510243988e+10
1.922178848922842407e+10
2.055316905659652710e+10
2.195789044087693024e+10
2.343776378792396545e+10
2.499441335929751587e+10
2.662925024818070602e+10
2.834344568387519836e+10
3.013790367862829208e+10
3.201323368102960205e+10
3.396972306229558945e+10
3.600731011492866516e+10
3.812555746775172424e+10
4.032362659541625214e+10
4.260025340556647491e+10
4.495372555999102783e+10
4.738186158949794769e+10
4.988199241336519623e+10
5.245094539264517212e+10
5.508503145640484619e+10
5.778003548837813568e+10
6.053121041359484100e+10
6.333327521539345551e+10
6.618041719512679291e+10
6.906629872949157715e+10
7.198406868459037781e+10
7.492637874573056030e+10
7.788540464670024109e+10
8.085287254054934692e+10
8.382009030388755798e+10
8.677798397967726135e+10
8.971713895026559448e+10
9.262784599113453674e+10
9.550015159777922058e+10
9.832391266846417236e+10
1.010888547475795746e+11
1.037846338368761444e+11
1.064009008145396271e+11
1.089273683925812073e+11
1.113538795217511902e+11
1.136704771030555878e+11
1.158674738283199768e+11
1.179355219494189148e+11
1.198656817638871918e+11
1.216494885745658264e+11
1.232790169336394653e+11
1.247469419083995667e+11
1.260465962609882202e+11
1.271720232829842682e+11
1.281180243164509125e+11
1.288802007296132050e+11
1.294549895699635010e+11
1.298396927117501831e+11
