1.472030333455146564e-04
-4.897840343421469632e-05
2.942244029406925721e-05
-2.101808647416811851e-05
1.636658281605044129e-05
-1.340055115665900384e-05
1.135521371851712731e-05
-9.853268673341011584e-06
8.709413510342011661e-06
-7.805813079901803355e-06
7.077386763143557412e-06
-6.475776560998620926e-06
5.972552480761085988e-06
-5.544386186158437817e-06
5.176813290074150814e-06
-4.857399375589402187e-06
4.577830668646891237e-06
-4.331090716957021568e-06
4.111855712290834517e-06
-3.916090794431365859e-06
3.740026055712732005e-06
-3.581407278403285157e-06
3.437304853177736553e-06
-3.306605185075722089e-06
3.186837554718784736e-06
-3.077666888793052746e-06
2.976864157628101752e-06
-2.884658603943002586e-06
2.798931571100767557e-06
-2.720346043441780062e-06
2.646809297933744940e-06
-2.579337399929384721e-06
2.515805449999814697e-06
-2.457533272347414555e-06
2.402320629993850054e-06
-2.351762482434201517e-06
2.303548430934294890e-06
-2.259534373517924428e-06
2.217269225507588301e-06
-2.178866297213863156e-06
2.141704984559974376e-06
-2.108160912554555090e-06
2.075415008000127355e-06
-2.046117254954259165e-06
2.017219683525330120e-06
-1.991665172666299624e-06
1.966143821069412384e-06
-1.943916232152643962e-06
1.921373898663545187e-06
-1.902126423329670088e-06
1.882225349632692852e-06
-1.865667447134332603e-06
1.848117200891727980e-06
-1.834004331033837774e-06
1.818552162541116777e-06
-1.806677770405983778e-06
1.793100808533637111e-06
-1.783290042471735117e-06
1.771388862420881496e-06
-1.763493654167630987e-06
1.753086866254341121e-06
-1.746982109147635901e-06
1.737901699442817430e-06
-1.733482341565452306e-06
1.725569551719207230e-06
-1.722748483451138688e-06
1.715850054687215657e-06
-1.714556722182054686e-06
1.708521351260720850e-06
-1.708701072269785412e-06
1.703375936661692634e-06
-1.704989938032538251e-06
1.700217144067320461e-06
-1.703243383476744434e-06
1.698856173490985501e-06
-1.703291056315757809e-06
1.699109575363841804e-06
-1.704970734459839274e-06
1.700797098942237059e-06
-1.708127477410896572e-06
1.703739798406067638e-06
-1.712613371006128740e-06
1.707758251286466803e-06
-1.718287852839302613e-06
1.712670679271369846e-06
-1.725018597860189080e-06
1.718290659851311970e-06
-1.732682931434089529e-06
1.724423964969011474e-06
-1.741169725176541705e-06
1.730863836219319191e-06
-1.750381728539057276e-06
1.737383668738762154e-06
-1.760238314177632725e-06
1.743725565090180438e-06
-1.770678701274758400e-06
1.749582429326266130e-06
-1.781665932220081294e-06
1.754570008486495435e-06
-1.793192340230390205e-06
1.758183204334292366e-06
-1.805288213329924856e-06
1.759727408357542099e-06
-1.818037370025438975e-06
1.758209252807059827e-06
-1.831607590277433327e-06
1.752159329234428110e-06
-1.846312992468294150e-06
1.739336248878382065e-06
-1.862746059768524929e-06
1.716213284440047898e-06
-1.882066104250269033e-06
1.677041251993123286e-06
-1.906657637060283605e-06
1.612014538201467201e-06
-1.941797852105364149e-06
1.502096861185346617e-06
-2.054660003023584217e-06
1.238905661419978633e-06
-2.692496953744967926e-06
7.476288793581705172e-07
-4.160519929955323564e-06
-4.298104687147742705e-07
-7.118565332265648105e-06
-3.208474010667968724e-06
-1.299339462330099703e-05
-9.349451900084602943e-06
-2.472242307318508515e-05
-2.241584594988180819e-05
-4.861915329847274188e-05
-5.003563903782193794e-05
-9.994459684859569688e-05
-1.099857101640424521e-04
-2.250065338888875065e-04
-1.567633489242451861e-04
-2.792520298621077772e-05
-7.674223390471173931e-05
-4.625666312578851188e-05
-7.175785397405254871e-05
-5.326438990352284951e-05
-7.023112067647430546e-05
-5.636265765029792801e-05
-6.884866765756457224e-05
-5.722840910338598916e-05
-6.696941155466552538e-05
-5.665849693298862638e-05
-6.466365263774034638e-05
-5.527393444128275165e-05
-6.222553050446589910e-05
-5.358263616840537217e-05
-5.995156537596414020e-05
-5.194512254923987172e-05
-5.804326150220681738e-05
-5.057181930711450348e-05
-5.659823553026343358e-05
-4.956163139419798137e-05
-5.564519929008198876e-05
-4.895184220033396060e-05
-5.518284247864027787e-05
-4.875563069317127580e-05
-5.520473217273029698e-05
-4.898211269413153948e-05
-5.571022974205980173e-05
-4.964425314901481991e-05
-5.670746302667222476e-05
-5.076107096770080234e-05
-5.821334792998604393e-05
-5.235805390156356040e-05
-6.025314423100675004e-05
-5.446740545952411525e-05
-6.286034628612055118e-05
-5.712854164206207264e-05
-6.607698262270765717e-05
-6.038882329953005051e-05
-6.995420235384238329e-05
-6.430442711906755795e-05
-7.455302907780745236e-05
-6.894128259406403765e-05
-7.994520809156572877e-05
-7.437603800508587519e-05
-8.621410885970990018e-05
-8.069704029762124107e-05
-9.345566336153954636e-05
-8.800532118977607838e-05
-1.017793261732121671e-04
-9.641557969398635347e-05
-1.113090390293280019e-04
-1.060571434572655077e-04
-1.221841746263260754e-04
-1.170748802575143516e-04
-1.345604233220075603e-04
-1.296300175412360052e-04
-1.486105728209356519e-04
-1.439008122598257259e-04
-1.645251149549258149e-04
-1.600829951609285197e-04
-1.825125950358387884e-04
-1.783898928280553461e-04
-2.027995976811059766e-04
-1.990521067247567086e-04
-2.256302383223900544e-04
-2.223166011512680781e-04
-2.512650018036718773e-04
-2.484450215074984975e-04
-2.799787390932420203e-04
-2.777110311019819768e-04
-3.120576011672035531e-04
-3.103964203679263414e-04
-3.477946576517383084e-04
-3.467857090195286974e-04
-3.874839200623280181e-04
-3.871589330178645426e-04
-4.314124705460375682e-04
-4.317822898795249729e-04
-4.798503940119336840e-04
-4.808963152424659999e-04
-5.330382347215072061e-04
-5.347012909673056445e-04
-5.911717605308520898e-04
-5.933396527894892582e-04
-6.543839360708859779e-04
-6.568752878965157787e-04
-7.227241990249319526e-04
-7.252698037465924591e-04
-7.961354233500023050e-04
-7.983561198902691105e-04
-8.744293604136390641e-04
-8.758100846205217225e-04
-9.572618930607096344e-04
-9.571212291198880062e-04
-1.044110132419456263e-03
-1.041564187380380341e-03
-1.134254246133589543e-03
-1.128172612706296709e-03
-1.226767957800678314e-03
-1.215717382339743038e-03
-1.320522999429561868e-03
-1.302690067444561015e-03
-1.414214749870541972e-03
-1.387290177852752932e-03
-1.506419809405954314e-03
-1.467408597857553952e-03
-1.595704138368356576e-03
-1.540584790520889641e-03
-1.680821136827677104e-03
-1.603876305372169565e-03
-1.761101241546144140e-03
-1.653460688192987232e-03
-1.837350820028878532e-03
-1.683349976743544552e-03
-1.914510589491216384e-03
-1.680409792967534413e-03
-2.013066683772356865e-03
-1.594952297859956276e-03
-2.270895665543062707e-03
-6.031107497691403458e-04
