0.000000000000000000e+00
0.000000000000000000e+00
2.717602789149933642e+02
8.163922519005457161e+02
1.636125807465137996e+03
2.734324599461689104e+03
4.115507472946426788e+03
5.785379598912723850e+03
7.750869032738261012e+03
1.002017481762486204e+04
1.260281998818869397e+04
1.550971839397347139e+04
1.875324606692418456e+04
2.234732922030207556e+04
2.630753659118144060e+04
3.065119188507743456e+04
3.539749051539588982e+04
4.056764072843534814e+04
4.618500912932165375e+04
5.227529588207676716e+04
5.886671458275568148e+04
6.599020834180506063e+04
7.367967099763844453e+04
8.197221262408503389e+04
9.090843084339241614e+04
1.005327364485102007e+05
1.108936857637348003e+05
1.220443797410068219e+05
1.340428710428280174e+05
1.469526533042525989e+05
1.608431600201176188e+05
1.757903648381602543e+05
1.918773936035003280e+05
2.091952617899021134e+05
2.278436264206295018e+05
2.479316933429431228e+05
2.695791425010697567e+05
2.929172460818605032e+05
3.180900091388748842e+05
3.452555501552507631e+05
3.745875097878407687e+05
4.062767587087128195e+05
4.405331408679609885e+05
4.775875903585554915e+05
5.176942928693813737e+05
5.611333147571604932e+05
6.082132882791790180e+05
6.592746833173112245e+05
7.146931498240596848e+05
7.748835973524854053e+05
8.403043635583138093e+05
9.114623109317068011e+05
9.889180352680465439e+05
1.073292245450570481e+06
1.165272283212026814e+06
1.265620123918274418e+06
1.375180552114554215e+06
1.494891213419604581e+06
1.625792883650640724e+06
1.769042119811867131e+06
1.925924179585357662e+06
2.097868970234724693e+06
2.286467327010240406e+06
2.493491151862791739e+06
2.720913952814548742e+06
2.970936311538599897e+06
3.246011832334544510e+06
3.548879393976687919e+06
3.882595970883888192e+06
4.250577529362621717e+06
4.656640582741218619e+06
5.105054109520497732e+06
5.600592210856197402e+06
6.148600088762443513e+06
6.755060815693540499e+06
7.426679253076327033e+06
8.170966752049499191e+06
8.996347963643575087e+06
9.912268306565893814e+06
1.092932997835372947e+07
1.205942829642934538e+07
1.331592493437751569e+07
1.471382081761640497e+07
1.626997676253523678e+07
1.800333254138057679e+07
1.993518778668780997e+07
2.208947917963625491e+07
2.449313779521994665e+07
2.717643914337746426e+07
3.017345716067842767e+07
3.352250502702194452e+07
3.726671081117826700e+07
4.145457048601432890e+07
4.614067577447576821e+07
5.138640429862508178e+07
5.726083622961924970e+07
6.384160939563959837e+07
7.121606732341212034e+07
7.948230814094240963e+07
8.875061120582184196e+07
9.914470538734345138e+07
1.108035220562571287e+08
1.238826963963245749e+08
1.385566858858243227e+08
1.550204895591816306e+08
1.734921432189888954e+08
1.942145812343652546e+08
2.174584532333080471e+08
2.435239341671793163e+08
2.727436641134883165e+08
3.054840867993012071e+08
3.421480159044346213e+08
3.831746701906238794e+08
4.290407321115524173e+08
4.802575756553081274e+08
5.373680829608038664e+08
6.009394710700112581e+08
6.715494413410842419e+08
7.499331406056978703e+08
8.375671144122544527e+08
9.369412122218335867e+08
1.051107201842565775e+09
1.183437459169132948e+09
1.337764068174435377e+09
1.518551903162384987e+09
1.731159596223551989e+09
1.982107069842130661e+09
2.279486668041282654e+09
2.633428781686460495e+09
3.056887211995044231e+09
3.566602044365036964e+09
4.184861135262990952e+09
4.941856453399002075e+09
5.880514869093559265e+09
7.063803900854156494e+09
8.566966036835166931e+09
1.024370389902963638e+10
1.188656770946356201e+10
1.348219817837761879e+10
1.503248591770257950e+10
1.653860683058111191e+10
1.800177829324760437e+10
1.942289593640437317e+10
2.080289178431427002e+10
2.214259350546881866e+10
2.344295023086027908e+10
2.470496877271266556e+10
2.592986584521719742e+10
2.711902509463221359e+10
2.827409130575608444e+10
2.939692270562722397e+10
3.048963697100955200e+10
3.155455277042671967e+10
3.259420194556798935e+10
3.361126678544184494e+10
3.460857557336472321e+10
3.558904591174478912e+10
3.655567791357472229e+10
3.751151086190003967e+10
3.845962200250223541e+10
3.940309859213447571e+10
4.034504444175880432e+10
4.128856555022554779e+10
4.223678321369865417e+10
4.319282988974471283e+10
4.415986662366104126e+10
4.514108585821139526e+10
4.613973111722044373e+10
4.715910422091725922e+10
4.820258576312660980e+10
4.927364500156811523e+10
5.037586022689736938e+10
5.151293022156949615e+10
5.268869400275016785e+10
5.390714314013705444e+10
5.517244055782528687e+10
5.648893320902405548e+10
5.786116968638973236e+10
5.929391282322729492e+10
6.079215583178243256e+10
6.236113438096207428e+10
6.400634089139778900e+10
6.573353556080323792e+10
6.754875831644730377e+10
6.945833814260404968e+10
7.146890204120272827e+10
7.358738187664761353e+10
7.582101953565788269e+10
7.817737035514392090e+10
8.066430351302200317e+10
8.329000095610723877e+10
8.606295190572434998e+10
8.899194606663958740e+10
9.208606100669027710e+10
9.535464831804989624e+10
9.880731254282723999e+10
1.024538888897181702e+11
1.063044123434722595e+11
1.103690855303043823e+11
1.146582366858255157e+11
1.191822763299080048e+11
1.239516428936501007e+11
1.289767470277231598e+11
1.342679039226768188e+11
1.398352643526283569e+11
1.456887330818208008e+11
1.518378861542619934e+11
1.582918752770169983e+11
1.650593314186128235e+11
1.721482557051066895e+11
1.795659100923690796e+11
1.873186961062970276e+11
1.954120342047998657e+11
2.038502326307332764e+11
2.126363580661159973e+11
2.217720979254356384e+11
2.312576260016399231e+11
2.410914626738288269e+11
2.512703404106261292e+11
2.617890675486064758e+11
2.726403996948215942e+11
2.838149138808740234e+11
2.953008930146477051e+11
3.070842182407447510e+11
3.191482745344201660e+11
3.314738698942643433e+11
3.440391708333184814e+11
3.568196574703324585e+11
3.697880979238602905e+11
3.829145483188370361e+11
3.961663747914999390e+11
4.095083067514897461e+11
4.229025142248497314e+11
4.363087212838088379e+11
4.496843446789161377e+11
4.629846720765604248e+11
4.761630652897651978e+11
4.891712048121705933e+11
5.019593574508668823e+11
5.144766846657305908e+11
5.266715701372284546e+11
5.384919847761516724e+11
5.498858649499388428e+11
5.608015220186204834e+11
5.711880569583688965e+11
5.809957973410450439e+11
5.901767294268420410e+11
5.986849411875793457e+11
6.064770491759592285e+11
6.135126231048742676e+11
6.197545825412109375e+11
6.251695772713847656e+11
6.297283286308432617e+11
6.334059408434975586e+11
6.361821639042692871e+11
6.380416144574909668e+11
