-1.120342327629395340e+00
-1.120848978926391570e+00
-1.121862196193875505e+00
-1.123381780567927590e+00
-1.125407476367683124e+00
-1.127938886772933191e+00
-1.130975586651760789e+00
-1.134516983053985850e+00
-1.138562482926661401e+00
-1.143111299956996341e+00
-1.148162675364723162e+00
-1.153715633216598091e+00
-1.159769251914755550e+00
-1.166322370668467556e+00
-1.173373908755658723e+00
-1.180922526370425718e+00
-1.188966988227789123e+00
-1.197505782500453586e+00
-1.206537524870529232e+00
-1.216060539721036449e+00
-1.226073300318583748e+00
-1.236573976828209354e+00
-1.247560907942784070e+00
-1.259032120639987706e+00
-1.270985828262085837e+00
-1.283419927225677659e+00
-1.296332516304343097e+00
-1.309721375732251669e+00
-1.323584502254894435e+00
-1.337919576232644125e+00
-1.352724506905326862e+00
-1.367996893198955011e+00
-1.383734573600534201e+00
-1.399935086397265493e+00
-1.416596218581973377e+00
-1.433715471206931324e+00
-1.451290601839503314e+00
-1.469319100590198657e+00
-1.487798720815022291e+00
-1.506726971177111185e+00
-1.526101629549281080e+00
-1.545920256188562769e+00
-1.566180686131540378e+00
-1.586880568198867802e+00
-1.608017831600954795e+00
-1.629590255041445168e+00
-1.651595903764700779e+00
-1.674032732490351005e+00
-1.696898989741778774e+00
-1.720192857712859791e+00
-1.743912821423795778e+00
-1.768057347890665154e+00
-1.792625218469503068e+00
-1.817615248860733557e+00
-1.843026583934191720e+00
-1.868858459145125828e+00
-1.895110458193685288e+00
-1.921782315344296999e+00
-1.948874137479976065e+00
-1.976386245586568835e+00
-2.004319364135359827e+00
-2.032674498598864066e+00
-2.061453096660147200e+00
-2.090656957043564912e+00
-2.120288368838878501e+00
-2.150350045128480048e+00
-2.180845248770390654e+00
-2.211777742245824019e+00
-2.243151910619628264e+00
-2.274972716673625328e+00
-2.307245834521757022e+00
-2.339977596379696045e+00
-2.373175153538427562e+00
-2.406846397980974661e+00
-2.441000171218429049e+00
-2.475646140317797173e+00
-2.510795079612909930e+00
-2.546458676453341230e+00
-2.582649916191061656e+00
-2.619382787980086835e+00
-2.656672809927309586e+00
-2.694536599425842560e+00
-2.732992583227294325e+00
-2.772060389917540224e+00
-2.811761799280121377e+00
-2.852119906446922037e+00
-2.893160376743839635e+00
-2.934910321598835914e+00
-2.977399939686689034e+00
-3.020661033726276923e+00
-3.064729136924760233e+00
-3.109641587352749870e+00
-3.155440261357563170e+00
-3.202169108608394765e+00
-3.249877642381457044e+00
-3.298617824704807244e+00
-3.348448498294839926e+00
-3.399431500241569371e+00
-3.451637262484717361e+00
-3.505140030571339160e+00
-3.560024907567504115e+00
-3.616382076321562611e+00
-3.674315608322288096e+00
-3.733936668033189576e+00
-3.795374428515109422e+00
-3.858768458597264139e+00
-3.924282002956752446e+00
-3.992094335650887782e+00
-4.062416223715151986e+00
-4.135484603592090025e+00
-4.211578380695208068e+00
-4.291022455513375355e+00
-4.374195536102170045e+00
-4.461567207260831225e+00
-4.553658787537512964e+00
-4.651223936309417439e+00
-4.754976126789857815e+00
-4.869289167883034786e+00
-5.002327259148517058e+00
-5.151796344051203569e+00
-5.308893856596165861e+00
-5.468024859405505644e+00
-5.625434520399328342e+00
-5.779478338971148155e+00
-5.929098131752875034e+00
-6.074058559028531867e+00
-6.214093591401324446e+00
-6.349347437630664892e+00
-6.479753199595957192e+00
-6.605553123358438583e+00
-6.726691898116564872e+00
-6.843425367487276922e+00
-6.955569647930004429e+00
-7.063306192144105822e+00
-7.165952267049413571e+00
-7.265207603164220096e+00
-7.363029646786633187e+00
-7.459194376150433570e+00
-7.553933778320261361e+00
-7.647150119982656591e+00
-7.738977082375307681e+00
-7.829362583196346925e+00
-7.918390996773849722e+00
-8.006018121936740783e+00
-8.092288182166781141e+00
-8.177146071109095971e+00
-8.260597267080591166e+00
-8.342567072902442149e+00
-8.423026339168645293e+00
-8.501882362236319324e+00
-8.579082398083812677e+00
-8.654526486218250270e+00
-8.728154756438536666e+00
-8.799874984037355574e+00
-8.869636665635672657e+00
-8.937368206061357512e+00
-9.003039825511571337e+00
-9.066607377868377782e+00
-9.128066159870980911e+00
-9.187399949908144237e+00
-9.244627759271278222e+00
-9.299757489083695816e+00
-9.352827334173147378e+00
-9.403863692141868569e+00
-9.452918466504693029e+00
-9.500030857449919708e+00
-9.545261399747742459e+00
-9.588657225780677251e+00
-9.630283385685476816e+00
-9.670191168450674724e+00
-9.708447075053834752e+00
-9.745103813067453657e+00
-9.780227191838573475e+00
-9.813869453098588380e+00
-9.846094298762425367e+00
-9.876952270502888709e+00
-9.906504085084137046e+00
-9.934797822264711087e+00
-9.961890718460180594e+00
-9.987827961956421419e+00
-1.001266307748570661e+01
-1.003643816035333636e+01
-1.005920296957348015e+01
-1.008099645896444230e+01
-1.010186468363795775e+01
-1.012184350749618922e+01
-1.014097541656450296e+01
-1.015929329966136585e+01
-1.017683625204553799e+01
-1.019363434019342662e+01
-1.020972347033850092e+01
-1.022513105996466187e+01
-1.023989003792883423e+01
-1.025402535499189050e+01
-1.026756717522951234e+01
-1.028053816607914683e+01
-1.029296593456099096e+01
-1.030487104422961409e+01
-1.031627874425492664e+01
-1.032720766656860434e+01
-1.033768089101005927e+01
-1.034771528103452098e+01
-1.035733192383482226e+01
-1.036654606737508111e+01
-1.037537697058675867e+01
-1.038383840832351268e+01
-1.039194796333904769e+01
-1.039971806911618302e+01
-1.040716477231151593e+01
-1.041429928636876134e+01
-1.042113625041467806e+01
-1.042768576918365220e+01
-1.043396119192990845e+01
-1.043997161651715722e+01
-1.044572920973855723e+01
-1.045124215550247904e+01
-1.045652153599417922e+01
-1.046157470575103154e+01
-1.046641175133117585e+01
-1.047103927474781138e+01
-1.047546644770743818e+01
-1.047969918938787615e+01
-1.048374582985194259e+01
-1.048761166852796656e+01
-1.049130426007661221e+01
-1.049482834118436081e+01
-1.049819075094582210e+01
-1.050139571472505651e+01
-1.050444941000024812e+01
-1.050735559709782230e+01
-1.051011984041871372e+01
-1.051274547681806304e+01
-1.051523750118161438e+01
-1.051759886411923084e+01
-1.051983402997763406e+01
-1.052194559634751414e+01
-1.052393753177617519e+01
-1.052581211036430098e+01
-1.052757283567212099e+01
-1.052922168440915485e+01
-1.053076172230382213e+01
-1.053219465157467738e+01
-1.053352312385034217e+01
-1.053474858675925319e+01
-1.053587329833879771e+01
-1.053689846869802693e+01
-1.053782597973740565e+01
-1.053865681842935231e+01
-1.053939250507855618e+01
-1.054003381533346229e+01
-1.054058191964709579e+01
-1.054103739168206744e+01
-1.054140106107955432e+01
-1.054167330645510425e+01
-1.054185462304476850e+01
-1.054194519901215088e+01
