1.383946684249495229e+04
1.383254616169555266e+04
1.381871572829563775e+04
1.379800021566161195e+04
1.377043226731882532e+04
1.373606092669393183e+04
1.369494013210947742e+04
1.364714269611034069e+04
1.359274315981546715e+04
1.353183721750599580e+04
1.346451906270777909e+04
1.339090611405341951e+04
1.331111102654552997e+04
1.322527153704267585e+04
1.313351735271509642e+04
1.303600489933688368e+04
1.293287933448052172e+04
1.282431394955624091e+04
1.271046758736134507e+04
1.259152841985835948e+04
1.246766707794188915e+04
1.233908450158198502e+04
1.220596111382380695e+04
1.206850841835771280e+04
1.192691456964570898e+04
1.178139937534953606e+04
1.163215662999308006e+04
1.147941216604201145e+04
1.132336332966249211e+04
1.116423971458049891e+04
1.100224016536814270e+04
1.083759582242609213e+04
1.067050504098205602e+04
1.050119837347715475e+04
1.032987179132650635e+04
1.015675323243697858e+04
9.982034508045881012e+03
9.805939047786956507e+03
9.628652865929965628e+03
9.450393144038631362e+03
9.271338620056358195e+03
9.091698658828119733e+03
8.911643414116722852e+03
8.731373049733920197e+03
8.551048009143276431e+03
8.370858064293972348e+03
8.190953010392086071e+03
8.011511235379941354e+03
7.832671139152880642e+03
7.654598933609345295e+03
7.477421066456767221e+03
7.301290979514714309e+03
7.126322797673891728e+03
6.952656791324089681e+03
6.780394571360951886e+03
6.609663019912321943e+03
6.440551212853063589e+03
6.273172601121836124e+03
6.107603863298256329e+03
5.943945137467724635e+03
5.782260988295007337e+03
5.622638506367157788e+03
5.465130557085233704e+03
5.309811580483229591e+03
5.156723273342221546e+03
5.005927937463581657e+03
4.857456731840503380e+03
4.711360431102063558e+03
4.567660371476807995e+03
4.426396493492467016e+03
4.287581093926429276e+03
4.151244037741465036e+03
4.017389418301980186e+03
3.886037832871320461e+03
3.757186045117602134e+03
3.630846226239716543e+03
3.507008707204368875e+03
3.385678093677503057e+03
3.266839190510740536e+03
3.150489903133704956e+03
3.036610413498401613e+03
2.925192783473985401e+03
2.816213459676987441e+03
2.709659495794389841e+03
2.605504463331070838e+03
2.503731209842532735e+03
2.404311253377112280e+03
2.307223992632800218e+03
2.212439664355411423e+03
2.119934919978946709e+03
2.029679426767486575e+03
1.941647724490237351e+03
1.855809551448408456e+03
1.772137895831116793e+03
1.690603124768943189e+03
1.611177151211204773e+03
1.533831433785319405e+03
1.458537196893421424e+03
1.385267343830547588e+03
1.313992705997946132e+03
1.244687856511679229e+03
1.177323445326171850e+03
1.111875784771807730e+03
1.048315495932449494e+03
9.866204944906552328e+02
9.267615309260667118e+02
8.687176787148647463e+02
8.124601437867213463e+02
7.579681456344333128e+02
7.052142757508117938e+02
6.541755843359600249e+02
6.048289467921716778e+02
5.571430253530431855e+02
5.111093283075951490e+02
4.666653823577045728e+02
4.238713415995483729e+02
3.825688520290818246e+02
3.457022855369106651e+02
3.198041678012910438e+02
3.044910530461420421e+02
2.951600888552524680e+02
2.892338623217644340e+02
2.849387216731394119e+02
2.815421226802702108e+02
2.784883044173894859e+02
2.756320199815854153e+02
2.727491421315139632e+02
2.698373627046418051e+02
2.667435308932622320e+02
2.634890063615205236e+02
2.599008578824720530e+02
2.559777276435401063e+02
2.514354631252070362e+02
2.461735020145841020e+02
2.395414033363220199e+02
2.321997222206804850e+02
2.251603076528575684e+02
2.182983246339099708e+02
2.117233573857455156e+02
2.053836915319697027e+02
1.993420608388342430e+02
1.935770159641997736e+02
1.881322585987080345e+02
1.829975191430211794e+02
1.782033279256681055e+02
1.737409961858463134e+02
1.696284025305214129e+02
1.658527116103947776e+02
1.624191668495586782e+02
1.593084110385791234e+02
1.565146369877426196e+02
1.540127202862503566e+02
1.517891663427487288e+02
1.498158508550179988e+02
1.480756529473325713e+02
1.465406193744256598e+02
1.451934648831759205e+02
1.440087802964357024e+02
1.429712953085807499e+02
1.420593316008945521e+02
1.412605599239462322e+02
1.405572415552703376e+02
1.399400550062461548e+02
1.393948357628937629e+02
1.389148971161729946e+02
1.384890527519760894e+02
1.381127325761024736e+02
1.377771111473995234e+02
1.374792304721610492e+02
1.372120843599103921e+02
1.369739008872045645e+02
1.367590560362197891e+02
1.365666300333208767e+02
1.363920442602446599e+02
1.362349803664019987e+02
1.360916522081758728e+02
1.359621593563554995e+02
1.358433206450624482e+02
1.357355213077807434e+02
1.356360468354508555e+02
1.355454736582612156e+02
1.354614518183070402e+02
1.353846818261741589e+02
1.353131025727019221e+02
1.352474911174400347e+02
1.351860186806472939e+02
1.351295052897545190e+02
1.350763119254158369e+02
1.350272779186273056e+02
1.349809216263004430e+02
1.349380850679810919e+02
1.348974190733913474e+02
1.348597567520927214e+02
1.348238620389045366e+02
1.347905511103512026e+02
1.347586857700725886e+02
1.347290597908174448e+02
1.347006207206973158e+02
1.346741362817840582e+02
1.346486300091503381e+02
1.346248412307181468e+02
1.346018615292414324e+02
1.345804004253216419e+02
1.345596110211404834e+02
1.345401722785763354e+02
1.345212933972045448e+02
1.345036224965749341e+02
1.344864203276622163e+02
1.344703042112702462e+02
1.344545826044200680e+02
1.344398422976754546e+02
1.344254361744861512e+02
1.344119209139952602e+02
1.343986910074659988e+02
1.343862735371695010e+02
1.343741021624910559e+02
1.343626749390909083e+02
1.343514625688108310e+02
1.343409346773181312e+02
1.343305971455423560e+02
1.343208917706650141e+02
1.343113579701467017e+02
1.343024103035293422e+02
1.342936202696872670e+02
1.342853757596918740e+02
1.342772790593241439e+02
1.342696919312249122e+02
1.342622462927227502e+02
1.342552782843154944e+02
1.342484484216403473e+02
1.342420676932069625e+02
1.342358242884399715e+02
1.342300044771793921e+02
1.342243232963100468e+02
1.342190426939235692e+02
1.342139038178481769e+02
1.342091446559929580e+02
1.342045318135482717e+02
1.342002796456272051e+02
1.341961796382259706e+02
1.341924228078599413e+02
1.341888250165201555e+02
1.341855542037889677e+02
1.341824501697849428e+02
1.341796580066365152e+02
1.341770410773773392e+02
1.341747218241629866e+02
1.341725868567112059e+02
1.341707361328946320e+02
1.341690792489292505e+02
1.341676938126606728e+02
1.341665122005051103e+02
1.341655897736494296e+02
1.341648815348655717e+02
1.341644206718300723e+02
1.341641847114441930e+02
