1.994936647681655462e-02
2.014554791359629560e-02
2.006714706986800767e-02
2.011758759663623275e-02
2.008020292734602474e-02
2.010997006131876041e-02
2.008521429644355427e-02
2.010642277883545326e-02
2.008786009665175509e-02
2.010437532324199639e-02
2.008949212339894430e-02
2.010304528672307578e-02
2.009059695768133924e-02
2.010211389634825041e-02
2.009139269687199025e-02
2.010142690953770073e-02
2.009199167949343723e-02
2.010090060087904584e-02
2.009245765444978016e-02
2.010048560095650805e-02
2.009282948410640035e-02
2.010015091744049576e-02
2.009313220530889454e-02
2.009987611534713725e-02
2.009338267260735167e-02
2.009964717705087223e-02
2.009359264600446560e-02
2.009945416876601776e-02
2.009377057859096372e-02
2.009928985620551556e-02
2.009392270086413079e-02
2.009914884756203168e-02
2.009405370471206709e-02
2.009902704343441426e-02
2.009416718953210834e-02
2.009892127264450989e-02
2.009426596173113921e-02
2.009882904453558217e-02
2.009435224093658601e-02
2.009874837645930779e-02
2.009442780517750604e-02
2.009867767107464953e-02
2.009449409515406959e-02
2.009861562741704910e-02
2.009455229047857339e-02
2.009856117533476150e-02
2.009460336634100175e-02
2.009851342639423777e-02
2.009464813626343771e-02
2.009847163658540214e-02
2.009468728481245137e-02
2.009843517760923071e-02
2.009472139296120119e-02
2.009840351449310170e-02
2.009475095799956312e-02
2.009837618793247627e-02
2.009477640935353193e-02
2.009835280020455528e-02
2.009479812129966181e-02
2.009833300381624888e-02
2.009481642329585815e-02
2.009831649227122874e-02
2.009483160846264882e-02
2.009830299250364716e-02
2.009484394061039625e-02
2.009829225864551150e-02
2.009485366010738128e-02
2.009828406688424218e-02
2.009486098881080318e-02
2.009827821123433278e-02
2.009486613422545309e-02
2.009827450010009953e-02
2.009486929301801394e-02
2.009827275354558740e-02
2.009487065398857242e-02
2.009827280121839754e-02
2.009487040058671736e-02
2.009827448089657187e-02
2.009486871306315203e-02
2.009827763763949449e-02
2.009486577036367905e-02
2.009828212353309551e-02
2.009486175191077528e-02
2.009828779801492438e-02
2.009485683948281087e-02
2.009829452875994127e-02
2.009485121950221886e-02
2.009830219309349797e-02
2.009484508619713283e-02
2.009831067988726572e-02
2.009483864632588546e-02
2.009831989189064805e-02
2.009483212649332273e-02
2.009832974847625131e-02
2.009482578459698132e-02
2.009834018886336171e-02
2.009481992773276549e-02
2.009835117609432009e-02
2.009481494015358249e-02
2.009836270250231482e-02
2.009481132695772887e-02
2.009837479837539576e-02
2.009480978275374197e-02
2.009838754753212609e-02
2.009481130090928769e-02
2.009840111775235139e-02
2.009481735083279430e-02
2.009841582315391451e-02
2.009483017390345516e-02
2.009843225606083861e-02
2.009485329389881780e-02
2.009845151371053573e-02
2.009489095827249328e-02
2.009843358786123080e-02
2.009353745786796042e-02
2.004166537955170968e-02
1.749157033727732902e-02
-3.226054838637615330e-02
-1.215978203613736486e-01
-1.821525217087259785e-01
-2.169404258021419285e-01
-2.354891674271578639e-01
-2.446993195075159444e-01
-2.487785474401162100e-01
-2.499559986455179850e-01
-2.494172390452508159e-01
-2.476844180554311214e-01
-2.449986725381921859e-01
-2.413107398949961291e-01
-2.364813070940385842e-01
-2.300419807657675397e-01
-2.213722321214635635e-01
-2.089899211019358716e-01
-1.905825128508421562e-01
-1.636561489497445065e-01
-1.597855289616693653e-01
-1.583983588225036654e-01
-1.570970786773382977e-01
-1.563469693956343054e-01
-1.559447686369616615e-01
-1.561799435399032210e-01
-1.569464766865322769e-01
-1.584387260462497005e-01
-1.605711297517366798e-01
-1.634510963871040889e-01
-1.669731126380463448e-01
-1.711574503008297110e-01
-1.758648318408301825e-01
-1.810431014869696986e-01
-1.865324576917430921e-01
-1.922412225977403744e-01
-1.980187499594114331e-01
-2.037714641404351767e-01
-2.093850453158233038e-01
-2.147896800542149764e-01
-2.199189190436360852e-01
-2.247341524944805047e-01
-2.292126117033207178e-01
-2.333411610679742287e-01
-2.371285200391436976e-01
-2.405766072541153933e-01
-2.437128934030528549e-01
-2.465450247931529337e-01
-2.491096242561416652e-01
-2.514138676619438462e-01
-2.534976288639423370e-01
-2.553643333863682696e-01
-2.570540701395622740e-01
-2.585652195118697816e-01
-2.599368587656191165e-01
-2.611621370190126412e-01
-2.622788831139592491e-01
-2.632753390523395187e-01
-2.641883204025029519e-01
-2.650016531618391014e-01
-2.657515588941260498e-01
-2.664179343759933705e-01
-2.670368673264829629e-01
-2.675847357259960035e-01
-2.680979321691652761e-01
-2.685496289584251572e-01
-2.689769199544783662e-01
-2.693499899939731934e-01
-2.697069867515894948e-01
-2.700152421305421213e-01
-2.703142727473906159e-01
-2.705686215125798766e-01
-2.708194605259924281e-01
-2.710285490231857941e-01
-2.712389813578770514e-01
-2.714096896104188361e-01
-2.715859452883846448e-01
-2.717237685770646505e-01
-2.718708579682494464e-01
-2.719802012109217015e-01
-2.721021743613591393e-01
-2.721865800664725610e-01
-2.722867283424965090e-01
-2.723490541220749406e-01
-2.724300681535246071e-01
-2.724726259993169308e-01
-2.725367205886126687e-01
-2.725613871935570476e-01
-2.726104013160791650e-01
-2.726187064900872925e-01
-2.726541845777806783e-01
-2.726473831028251027e-01
-2.726706423311961447e-01
-2.726497732911414285e-01
-2.726619604603753855e-01
-2.726278970575257143e-01
-2.726300377778376749e-01
-2.725835298262378470e-01
-2.725765720158567773e-01
-2.725182826182241391e-01
-2.725031357518323261e-01
-2.724336730788638472e-01
-2.724112441586321598e-01
-2.723311887314211477e-01
-2.723024155868891683e-01
-2.722123430055093385e-01
-2.721782252782437572e-01
-2.720787239433291038e-01
-2.720403520093870320e-01
-2.719320350470891823e-01
-2.718906172154709755e-01
-2.717741275168668036e-01
-2.717310161551366177e-01
-2.716070231052344908e-01
-2.715637409212808273e-01
-2.714329268660322647e-01
-2.713911954740141352e-01
-2.712542289852966082e-01
-2.712160032541671151e-01
-2.710734943645946582e-01
-2.710410082975506785e-01
-2.708934373516672656e-01
-2.708692713700995292e-01
-2.707168765669524801e-01
-2.707040643629404775e-01
-2.705466603076912002e-01
-2.705488712037288912e-01
-2.703855440201007321e-01
-2.704074173219334076e-01
-2.702359796677392678e-01
-2.702837880538492832e-01
-2.700997142012645513e-01
-2.701828146822427557e-01
-2.699768782980674908e-01
-2.701113471521505716e-01
-2.698633147370992913e-01
-2.700832214673969944e-01
-2.697391537361408798e-01
-2.701486533618261965e-01
-2.694669551630766713e-01
-2.711318519727471954e-01
