6.788912856173555888e+00
6.789379165521330250e+00
6.790311482022269196e+00
6.791710103312748714e+00
6.793574122575629204e+00
6.795904135595219664e+00
6.798698630230410878e+00
6.801958501438188698e+00
6.805681630579843322e+00
6.809869213326048332e+00
6.814518522887815344e+00
6.819631057711443844e+00
6.825203480716208304e+00
6.831237595713460564e+00
6.837729452687677068e+00
6.844681163940085078e+00
6.852088163360130935e+00
6.859952875409184969e+00
6.868270114185110131e+00
6.877042620536725437e+00
6.886264584515321197e+00
6.895939068155255036e+00
6.906059632621597721e+00
6.916629666519179764e+00
6.927642096672842698e+00
6.939100644247603533e+00
6.950997595625576508e+00
6.963337011147341826e+00
6.976110529962796569e+00
6.989322558852361311e+00
7.002964082213645192e+00
7.017039861206603391e+00
7.031540217177068008e+00
7.046470274309242221e+00
7.061819681763390477e+00
7.077593936131047592e+00
7.093782004357528592e+00
7.110389765600626966e+00
7.127405493597032127e+00
7.144835461047590819e+00
7.162667236445832586e+00
7.180907497877601742e+00
7.199543095432218820e+00
7.218581125340621796e+00
7.238007704904946493e+00
7.257830362239313438e+00
7.278034466146946713e+00
7.298627991408631388e+00
7.319595541168945729e+00
7.340945552780574701e+00
7.362661844988284798e+00
7.384753334829920135e+00
7.407203036178699129e+00
7.430020364177059911e+00
7.453187505456820183e+00
7.476714393102907863e+00
7.500582362049950547e+00
7.524801884709543032e+00
7.549353417566590174e+00
7.574247995436945935e+00
7.599465167068866656e+00
7.625016554623147869e+00
7.650880767022409934e+00
7.677070040772467685e+00
7.703562009776800501e+00
7.730369554174279401e+00
7.757469294209328403e+00
7.784874785496813665e+00
7.812561592148155043e+00
7.840543979966113852e+00
7.868796410180957324e+00
7.897333896735585057e+00
7.926129746456423320e+00
7.955199763060740281e+00
7.984516042103928513e+00
8.014095222923280915e+00
8.043908126941747838e+00
8.073972279812567265e+00
8.104257159229115715e+00
8.134781233484599028e+00
8.165512559363781619e+00
8.196470610707072169e+00
8.227621937665260177e+00
8.258987090300779599e+00
8.290531016761903516e+00
8.322275423260077076e+00
8.354183549687769883e+00
8.386278349467808368e+00
8.418521235704304218e+00
8.450936513647564041e+00
8.483483637255780252e+00
8.516188384925920118e+00
8.549008103610072240e+00
8.581970187035510733e+00
8.615029710029268983e+00
8.648215850282804595e+00
8.681481226398299000e+00
8.714857002737742775e+00
8.748293137126434971e+00
8.781823027958701289e+00
8.815393746454734725e+00
8.849041232018668879e+00
8.882709422691933199e+00
8.916437187027293376e+00
8.950165065699223987e+00
8.983935357337029970e+00
9.017684931361243272e+00
9.051460177537997254e+00
9.085194026994283689e+00
9.118937854103657870e+00
9.152620423570470010e+00
9.186299332690701647e+00
9.219899051103952914e+00
9.253485158943151490e+00
9.286977921056061902e+00
9.320453437185278744e+00
9.353828290172337745e+00
9.387186765828364088e+00
9.420391431238876123e+00
9.453448092962783988e+00
9.486156673966938513e+00
9.518544587749371289e+00
9.550407034143161056e+00
9.581788646213937000e+00
9.612448147810955135e+00
9.642428144760442521e+00
9.671414743064580932e+00
9.699429392264640626e+00
9.726027910408081567e+00
9.751174644966733140e+00
9.774170038865788612e+00
9.794828482605746345e+00
9.811851789233241306e+00
9.824610657533183300e+00
9.830176376834749874e+00
9.832193692237883198e+00
9.835900189213090172e+00
9.840518009040380321e+00
9.846687829317179563e+00
9.854001668398039371e+00
9.862831580942938103e+00
9.872917315577360853e+00
9.884510499873444545e+00
9.897407583179807844e+00
9.911781724327166643e+00
9.927449025447229403e+00
9.944522148150980456e+00
9.962820712077643748e+00
9.982409822826317836e+00
1.000310835091843664e+01
1.002494675280657610e+01
1.004774574669854914e+01
1.007151393033175069e+01
1.009607914764972492e+01
1.012143915191287036e+01
1.014743378700605270e+01
1.017405794647080342e+01
1.020116643003271761e+01
1.022875604909971692e+01
1.025669743125172673e+01
1.028499150312292976e+01
1.031352405167998576e+01
1.034230062566155439e+01
1.037122064969553747e+01
1.040029388792860132e+01
1.042943157066694049e+01
1.045864688997526493e+01
1.048786107354224839e+01
1.051708988003529122e+01
1.054626291412347250e+01
1.057539771495587466e+01
1.060443088791129718e+01
1.063338109723440716e+01
1.066219081537981239e+01
1.069087931429040239e+01
1.071939401547987281e+01
1.074775440513736946e+01
1.077591211668602966e+01
1.080388656007223247e+01
1.083163299046781702e+01
1.085917053294932622e+01
1.088645759171745908e+01
1.091351286174882596e+01
1.094029751664369954e+01
1.096682972436297199e+01
1.099307312192282460e+01
1.101904528982205100e+01
1.104471208090131817e+01
1.107009045514096179e+01
1.109514828015643850e+01
1.111990188289323456e+01
1.114432098206840394e+01
1.116842127450430766e+01
1.119217419664209245e+01
1.121559482973658284e+01
1.123865621939356707e+01
1.126137285471521210e+01
1.128371930247859822e+01
1.130570948986683888e+01
1.132731943408204955e+01
1.134856253594619169e+01
1.136941620697384536e+01
1.138989336140629938e+01
1.140997276150548601e+01
1.142966687810510606e+01
1.144895579149554088e+01
1.146785157501178887e+01
1.148633560366660689e+01
1.150441960137399811e+01
1.152208622270978466e+01
1.153934689186203144e+01
1.155618553476874766e+01
1.157261332659807707e+01
1.158861546221327821e+01
1.160420291874974019e+01
1.161936216204116512e+01
1.163410402153613887e+01
1.164841623911786961e+01
1.166230954506916184e+01
1.167577296374425799e+01
1.168881717144507171e+01
1.170143248075607545e+01
1.171362955395050598e+01
1.172539999456500581e+01
1.173675448324118342e+01
1.174768591137425844e+01
1.175820500005770164e+01
1.176830591646105795e+01
1.177799943074210631e+01
1.178728096126146418e+01
1.179616131893111941e+01
1.180463713252109059e+01
1.181271922491180959e+01
1.182040537465224794e+01
1.182770636397333952e+01
1.183462103747263505e+01
1.184116005753085332e+01
1.184732322557136541e+01
1.185312097670505516e+01
1.185855393347502940e+01
1.186363216813012222e+01
1.186835696312457067e+01
1.187273786636273876e+01
1.187677663695883723e+01
1.188048211605129900e+01
1.188385634038473349e+01
1.188690724877559468e+01
1.188963694987239172e+01
1.189205228194887454e+01
1.189415522462562080e+01
1.189595132724051396e+01
1.189744225727432791e+01
1.189863210997528142e+01
1.189952208865381600e+01
1.190011470542617822e+01
1.190041059042078686e+01
