9.079210787264928584e+00
9.079447110330139736e+00
9.079919720871178157e+00
9.080628547714633569e+00
9.081573484113791395e+00
9.082754387764705228e+00
9.084171080827628586e+00
9.085823349953798811e+00
9.087710946317562488e+00
9.089833585653849468e+00
9.092190948300984843e+00
9.094782679248822888e+00
9.097608388192218953e+00
9.100667649589796682e+00
9.103960002728044287e+00
9.107484951790688399e+00
9.111241965933366771e+00
9.115230479363569671e+00
9.119449891425842836e+00
9.123899566692251994e+00
9.128578835058069885e+00
9.133486991842691083e+00
9.138623297895756892e+00
9.143986979708468965e+00
9.149577229530075684e+00
9.155393205489517072e+00
9.161434031722205162e+00
9.167698798501930924e+00
9.174186562377858678e+00
9.180896346316615109e+00
9.187827139849417790e+00
9.194977899224255680e+00
9.202347547563066499e+00
9.209934975023921666e+00
9.217739038968153054e+00
9.225758564132434003e+00
9.233992342805777298e+00
9.242439135011396800e+00
9.251097668693459397e+00
9.259966639908638442e+00
9.269044713022491777e+00
9.278330520910603951e+00
9.287822665164457092e+00
9.297519716302046433e+00
9.307420213983137458e+00
9.317522667229194866e+00
9.327825554647921180e+00
9.338327324662367701e+00
9.349026395744598261e+00
9.359921156653863150e+00
9.371009966679244130e+00
9.382291155886736789e+00
9.393763025370743591e+00
9.405423847509917223e+00
9.417271866227334698e+00
9.429305297254957807e+00
9.441522328402335518e+00
9.453921119829518105e+00
9.466499804324117306e+00
9.479256487582521373e+00
9.492189248495153109e+00
9.505296139435786884e+00
9.518575186554860679e+00
9.532024390076722753e+00
9.545641724600791633e+00
9.559425139406576122e+00
9.573372558762505591e+00
9.587481882238529707e+00
9.601750985022428964e+00
9.616177718239811156e+00
9.630759909277719188e+00
9.645495362111821791e+00
9.660381857637119651e+00
9.675417154002147413e+00
9.690598986946575621e+00
9.705925070142203737e+00
9.721393095537278484e+00
9.737000733704070043e+00
9.752745634189681212e+00
9.768625425870013146e+00
9.784637717306846838e+00
9.800780097107992361e+00
9.817050134290427721e+00
9.833445378646398893e+00
9.849963361112411775e+00
9.866601594141064524e+00
9.883357572075663455e+00
9.900228771527565641e+00
9.917212651756189601e+00
9.934306655051647894e+00
9.951508207119916349e+00
9.968814717470527498e+00
9.986223579806683404e+00
1.000373217241774704e+01
1.002133785857407489e+01
1.003903798692409133e+01
1.005682989189357102e+01
1.007471089408707066e+01
1.009267830069143201e+01
1.011072940588130820e+01
1.012886149122665458e+01
1.014707182610211511e+01
1.016535766809824004e+01
1.018371626343448355e+01
1.020214484737391913e+01
1.022064064463958921e+01
1.023920086983245703e+01
1.025782272785088090e+01
1.027650341431153969e+01
1.029524011597176525e+01
1.031403001115320528e+01
1.033287027016675985e+01
1.035175805573872410e+01
1.037069052343806419e+01
1.038966482210478226e+01
1.040867809427929380e+01
1.042772747663274480e+01
1.044681010039822233e+01
1.046592309180277880e+01
1.048506357250021281e+01
1.050422866000453404e+01
1.052341546812405859e+01
1.054262110739606051e+01
1.056184268552190630e+01
1.058107730780263545e+01
1.060032207757488187e+01
1.061957409664710461e+01
1.063883046573604929e+01
1.065808828490335713e+01
1.067734465399230004e+01
1.069659667306452455e+01
1.071584144283677098e+01
1.073507606511750012e+01
1.075429764324334592e+01
1.077350328251534783e+01
1.079269009063487239e+01
1.081185517813919361e+01
1.083099565883662585e+01
1.085010865024118232e+01
1.086919127400666163e+01
1.088824065636011262e+01
1.090725392853462417e+01
1.092622822720134224e+01
1.094516069490068233e+01
1.096404848047264480e+01
1.098288873948620115e+01
1.100167863466764118e+01
1.102041533632786496e+01
1.103909602278852375e+01
1.105771788080694762e+01
1.107627810599981721e+01
1.109477390326548552e+01
1.111320248720492110e+01
1.113156108254116461e+01
1.114984692453728954e+01
1.116805725941275007e+01
1.118618934475809823e+01
1.120424044994797441e+01
1.122220785655233577e+01
1.124008885874583541e+01
1.125788076371531510e+01
1.127558089206532976e+01
1.129318657822165761e+01
1.131069517083272302e+01
1.132810403316887715e+01
1.134541054351949008e+01
1.136261209558775853e+01
1.137970609888321505e+01
1.139668997911183901e+01
1.141356117856374297e+01
1.143031715649834190e+01
1.144695538952699465e+01
1.146347337199300753e+01
1.147986861634897693e+01
1.149613865353141229e+01
1.151228103333255781e+01
1.152829332476939328e+01
1.154417311644972344e+01
1.155991801693533638e+01
1.157552565510212794e+01
1.159099368049720269e+01
1.160631976369283080e+01
1.162150159663725724e+01
1.163653689300228500e+01
1.165142338852758463e+01
1.166615884136168546e+01
1.168074103239959349e+01
1.169516776561697569e+01
1.170943686840087672e+01
1.172354619187689906e+01
1.173749361123283030e+01
1.175127702603861479e+01
1.176489436056268367e+01
1.177834356408454397e+01
1.179162261120361954e+01
1.180472950214425332e+01
1.181766226305688328e+01
1.183041894631528734e+01
1.184299763080988832e+01
1.185539642223706913e+01
1.186761345338444862e+01
1.187964688441206995e+01
1.189149490312948920e+01
1.190315572526866283e+01
1.191462759475266964e+01
1.192590878396016230e+01
1.193699759398554328e+01
1.194789235489480639e+01
1.195859142597703872e+01
1.196909319599148347e+01
1.197939608341020978e+01
1.198949853665626897e+01
1.199939903433735822e+01
1.200909608547494756e+01
1.201858822972880247e+01
1.202787403761691287e+01
1.203695211073076798e+01
1.204582108194594703e+01
1.205447961562800785e+01
1.206292640783362913e+01
1.207116018650697065e+01
1.207917971167125337e+01
1.208698377561548298e+01
1.209457120307633815e+01
1.210194085141515075e+01
1.210909161078998864e+01
1.211602240432279132e+01
1.212273218826154597e+01
1.212921995213747550e+01
1.213548471891719949e+01
1.214152554514988935e+01
1.214734152110932897e+01
1.215293177093093746e+01
1.215829545274364953e+01
1.216343175879671534e+01
1.216833991558133654e+01
1.217301918394715265e+01
1.217746885921356359e+01
1.218168827127583675e+01
1.218567678470603965e+01
1.218943379884871803e+01
1.219295874791136214e+01
1.219625110104960974e+01
1.219931036244718747e+01
1.220213607139058176e+01
1.220472780233841981e+01
1.220708516498555518e+01
1.220920780432184216e+01
1.221109540068560584e+01
1.221274766981177606e+01
1.221416436287470120e+01
1.221534526652561503e+01
1.221629020292477286e+01
1.221699902976822827e+01
1.221747164030926669e+01
1.221770796337447784e+01
