2.970661055165884079e-01
2.969364751521301193e-01
2.966773709936967318e-01
2.962891971814231029e-01
2.957724216845252774e-01
2.951278488489289531e-01
2.943562528426822422e-01
2.934588304105241185e-01
2.924366533417309677e-01
2.912912992222345676e-01
2.900241256386265065e-01
2.886370758896038002e-01
2.871317784688752206e-01
2.855105239223830749e-01
2.837751939195143902e-01
2.819284047335914867e-01
2.799722709023358402e-01
2.779097101780707013e-01
2.757430473837838569e-01
2.734754751362004632e-01
2.711095040138770673e-01
2.686485729084847618e-01
2.660953520291832186e-01
2.634534963909005989e-01
2.607258084799227160e-01
2.579161281464851796e-01
2.550273619472532838e-01
2.520635025748657054e-01
2.490275319729578773e-01
2.459235634073162757e-01
2.427546254194935249e-01
2.395249197213205061e-01
2.362374929168218063e-01
2.328966035804431733e-01
2.295052884379046587e-01
2.260678322643702165e-01
2.225872348784820876e-01
2.190677778646531182e-01
2.155123983068461258e-01
2.119253467930247714e-01
2.083094733026320255e-01
2.046689714849740660e-01
2.010065815232980335e-01
1.973264162872362393e-01
1.936310853327435910e-01
1.899245992058899712e-01
1.862094180070592853e-01
1.824894308652933173e-01
1.787669317007521408e-01
1.750456716935155643e-01
1.713277640224633303e-01
1.676168080183474962e-01
1.639147237401432644e-01
1.602249474313598154e-01
1.565491958132305683e-01
1.528907334614167945e-01
1.492510656425059812e-01
1.456332793031167305e-01
1.420386621416575290e-01
1.384701200674664512e-01
1.349287189665759890e-01
1.314171827658076885e-01
1.279363529957431023e-01
1.244887730100272399e-01
1.210750589388914084e-01
1.176975772059416780e-01
1.143567187559538512e-01
1.110546788334825230e-01
1.077916243980113903e-01
1.045695872502131890e-01
1.013885122330492050e-01
9.825027731070277992e-02
9.515460737948780445e-02
9.210323795872338293e-02
8.909567603823599635e-02
8.613352782009232878e-02
8.321608377985616201e-02
8.034483568012301680e-02
7.751885758296755968e-02
7.473954355068185285e-02
7.200574921371367954e-02
6.931878979800196183e-02
6.667729725254183115e-02
6.408252946496084679e-02
6.153288465016634734e-02
5.902958841206840113e-02
5.657078804179089399e-02
5.415770712323328406e-02
5.178821402418651298e-02
4.946356880290215391e-02
4.718131593270524782e-02
4.494280444479772929e-02
4.274518184521503700e-02
4.058996443064994547e-02
3.847377958071641901e-02
3.639844123811535742e-02
3.435983507745030141e-02
3.236031989256141217e-02
3.039460218786379023e-02
2.846607869179619207e-02
2.656686675289623295e-02
2.468440751157334467e-02
2.272073240915574444e-02
2.067793808501615024e-02
1.868997967452552464e-02
1.683912163535589146e-02
1.516853347443110171e-02
1.368108633502757368e-02
1.236909921246506609e-02
1.121341572775758945e-02
1.019735141581706861e-02
9.301679044856209222e-03
8.511812673168476368e-03
7.812551962232589658e-03
7.192878111099016043e-03
6.641373095607640623e-03
6.150042346358853586e-03
5.710345090690266412e-03
5.316575263011586068e-03
4.962266817120681781e-03
4.643430941857831784e-03
4.355073860159376122e-03
4.094588054856363075e-03
3.858045940707157621e-03
3.644346798978725325e-03
3.450697474755933317e-03
3.280635916260868454e-03
3.130514276064891473e-03
2.990165196200988539e-03
2.856289285950842569e-03
2.726873289374488231e-03
2.601702434799493726e-03
2.480338651712975153e-03
2.362635031920723525e-03
2.247498032172470100e-03
2.131818720089128250e-03
2.014456923189696536e-03
1.898853895614754927e-03
1.787855950783372042e-03
1.683136052133465737e-03
1.585150103609012226e-03
1.493986198938859625e-03
1.409335075799696656e-03
1.330906032407964306e-03
1.258276138135868208e-03
1.191108716014766542e-03
1.129003643481373172e-03
1.071639535353062110e-03
1.018654008471646041e-03
9.697492465926126504e-04
9.245995191109106313e-04
8.829336928782100186e-04
8.444626174532197721e-04
8.089448220731036265e-04
7.761279645830539923e-04
7.458017211821745636e-04
7.177494977160162439e-04
6.917915140028442792e-04
6.677443349353282334e-04
6.454564471833181341e-04
6.247739635245062916e-04
6.055704216381234406e-04
5.877174741247903969e-04
5.711101912586222197e-04
5.556418314072160240e-04
5.412255932428970771e-04
5.277727527730494356e-04
5.152115663760367930e-04
5.034682020837494450e-04
4.924833203551786309e-04
4.821953371482120589e-04
4.725550847588716788e-04
4.635110315842357162e-04
4.550223355299146924e-04
4.470457153544107171e-04
4.395471433814405484e-04
4.324901194716146229e-04
4.258462007572525257e-04
4.195844743468215600e-04
4.136810845946428672e-04
4.081097368173438244e-04
4.028503538859227432e-04
3.978804723186677708e-04
3.931831374615027039e-04
3.887390767688530808e-04
3.845339249394343962e-04
3.805510781648802987e-04
3.767783261943441898e-04
3.732013067405788261e-04
3.698096097522591240e-04
3.665907637450121917e-04
3.635358679733650109e-04
3.606340527715959886e-04
3.578776873953367125e-04
3.552572649643280837e-04
3.527662271511638353e-04
3.503962313694347305e-04
3.481416279658845325e-04
3.459950731727224216e-04
3.439516898081858330e-04
3.420049944327022270e-04
3.401507686232452385e-04
3.383832729156430901e-04
3.366988523644236925e-04
3.350924133584324400e-04
3.335607843092211911e-04
3.320994344070502956e-04
3.307056078159491415e-04
3.293752659828848837e-04
3.281060115904462600e-04
3.268942382168577975e-04
3.257378584536524445e-04
3.246336465981666179e-04
3.235797837392352400e-04
3.225733807954961991e-04
3.216128519704137970e-04
3.206956068691990095e-04
3.198202624948325219e-04
3.189844944167271440e-04
3.181870963964608494e-04
3.174259816698625633e-04
3.167000983335569006e-04
3.160075727616344383e-04
3.153474880340906804e-04
3.147181623586499800e-04
3.141187970644909104e-04
3.135478836553050276e-04
3.130047272135538339e-04
3.124879763856874349e-04
3.119970274328432705e-04
3.115306720548462562e-04
3.110883867731624886e-04
3.106690940465391278e-04
3.102723411733211483e-04
3.098971706464600747e-04
3.095431923080452620e-04
3.092095593420187338e-04
3.088959369977979305e-04
3.086015810315542317e-04
3.083262059329070002e-04
3.080691630052148026e-04
3.078302106748810629e-04
3.076087897525630558e-04
3.074046980745235875e-04
3.072174608140207678e-04
3.070469113948256037e-04
3.068926550291105034e-04
3.067545575514840509e-04
3.066323006496011225e-04
3.065257799900231823e-04
3.064347508836743716e-04
3.063591368097518669e-04
3.062987645227629009e-04
3.062535838251967206e-04
3.062234913786745106e-04
3.062084623279356260e-04
