3.000965695101621145e-01
3.000965695101621145e-01
3.000965695101621145e-01
3.000965695101621145e-01
3.000965695101621145e-01
3.000965695101621145e-01
3.000965695101621145e-01
3.000965695101621145e-01
3.000965695101621145e-01
3.000965695101621145e-01
3.000965695101621145e-01
3.000965695101621145e-01
3.000965695101621145e-01
3.000965695101621145e-01
3.000965695101621145e-01
3.000965695101621145e-01
3.000965695101621145e-01
3.000965695101621145e-01
3.000965695101621145e-01
3.000965695101621145e-01
3.000965695101621145e-01
3.000965695101621145e-01
3.000965695101621145e-01
3.000965695101621145e-01
3.000965695101621145e-01
3.000965695101621145e-01
3.000965695101621145e-01
3.000965695101621145e-01
3.000965695101621145e-01
3.000965695101621145e-01
3.000965695101621145e-01
3.000965695101621145e-01
3.000965695101621145e-01
3.000965695101621145e-01
3.000965695101621145e-01
3.000965695101621145e-01
3.000965695101621145e-01
3.000965695101621145e-01
3.000965695101621145e-01
3.000965695101621145e-01
3.000965695101621145e-01
3.000965695101621145e-01
3.000965695101621145e-01
3.000965695101621145e-01
3.000965695101621145e-01
3.000965695101621145e-01
3.000965695101621145e-01
3.000965695101621145e-01
3.000965695101621145e-01
3.000965695101621145e-01
3.000965695101621145e-01
3.000965695101621145e-01
3.000965695101621145e-01
3.000965695101621145e-01
3.000965695101621145e-01
3.000965695101621145e-01
3.000965695101621145e-01
3.000965695101621145e-01
3.000965695101621145e-01
3.000965695101621145e-01
3.000965695101621145e-01
3.000965695101621145e-01
3.000965695101621145e-01
3.000965695101621145e-01
3.000965695101621145e-01
3.000965695101621145e-01
3.000965695101621145e-01
3.000965695101621145e-01
3.000965695101621145e-01
3.000965695101621145e-01
3.000965695101621145e-01
3.000965695101621145e-01
3.000965695101621145e-01
3.000965695101621145e-01
3.000965695101621145e-01
3.000965695101621145e-01
3.000965695101621145e-01
3.000965695101621145e-01
3.000965695101621145e-01
3.000965695101621145e-01
3.000965695101621145e-01
3.000965695101621145e-01
3.000965695101621145e-01
3.000965695101621145e-01
3.000965695101621145e-01
3.000965695101621145e-01
3.000965695101621145e-01
3.000965695101621145e-01
3.000965695101621145e-01
3.000965695101621145e-01
3.000965695101621145e-01
3.000965695101621145e-01
3.000965695101621145e-01
3.000965695101621145e-01
3.000965695101621145e-01
3.000965695101621145e-01
3.000965695101621145e-01
3.000965695101621145e-01
3.000965695101621145e-01
3.000965695101621145e-01
3.000965695101621145e-01
3.000965695101621145e-01
3.000965695101621145e-01
3.000965695101621145e-01
3.000965695101621145e-01
3.000965695101621145e-01
3.000965695101620589e-01
3.000965695101614483e-01
3.000965695101523445e-01
3.000965695100010766e-01
3.000965695071832751e-01
3.000965694476063206e-01
3.000965679995244995e-01
3.000965269302242056e-01
3.000951494724061752e-01
3.000397235816996133e-01
2.974930724341385280e-01
2.477373969536208476e-01
1.584034185442877996e-01
9.784478579432030754e-02
6.306032182673745878e-02
4.450667205291219258e-02
3.530025068201535221e-02
3.121433399455156299e-02
3.004079288047138349e-02
3.056976756012591556e-02
3.230623249266882657e-02
3.497660503873466914e-02
3.866684425905402706e-02
4.347007375266297852e-02
4.990798359519466043e-02
5.852782328168786019e-02
7.090009318790010950e-02
8.919248061526896532e-02
1.161870877013312792e-01
1.201865458353444521e-01
1.215248989435916555e-01
1.228566646595359441e-01
1.235812727503916575e-01
1.240019669731348417e-01
1.237498253394203468e-01
1.229971606558174640e-01
1.214924252860927756e-01
1.193716418391599643e-01
1.164819342013412723e-01
1.129702288650206998e-01
1.087778860465325736e-01
1.040798942247285752e-01
9.889467298252585525e-02
9.341395967208854234e-02
8.769882583688368149e-02
8.192930491803934734e-02
7.617049259806263350e-02
7.056438286486958755e-02
6.515372171025478332e-02
6.003151932496975790e-02
5.521020230622943059e-02
5.073843645447897316e-02
4.660365608954715466e-02
4.282272433016314633e-02
3.936818801371190502e-02
3.623812448425302313e-02
3.339926497710503372e-02
3.084073149070935480e-02
2.852942487502952221e-02
2.645161006509000670e-02
2.457745326570176178e-02
2.289357180653621426e-02
2.137452734389922934e-02
2.000867382892140486e-02
1.877500263470127315e-02
1.766398834439873028e-02
1.665858396503780078e-02
1.575129077419755788e-02
1.492839263580710701e-02
1.418413667875492203e-02
1.350751259492883292e-02
1.289419139092299466e-02
1.233531906591247423e-02
1.182769179282964871e-02
1.136415693271515710e-02
1.094238300522406594e-02
1.055655434266527387e-02
1.020500792722077270e-02
9.882978543284671319e-03
9.589311672915415766e-03
9.320069448390821271e-03
9.074482330550356218e-03
8.849266802187913047e-03
8.643943761865488518e-03
8.455749966259164946e-03
8.284424694074169968e-03
8.127620850114463530e-03
7.985241219490776809e-03
7.855273674123388478e-03
7.737742643479936580e-03
7.630907338491651516e-03
7.534881764675481139e-03
7.448146280244000855e-03
7.370879739750673364e-03
7.301743762360703507e-03
7.240962810236065833e-03
7.187347804639304151e-03
7.141153662413370594e-03
7.101314770819516786e-03
7.068104391117381070e-03
7.040559296007705380e-03
7.018961248435931326e-03
7.002432051206866279e-03
6.991253830605091875e-03
6.984619022411962981e-03
6.982803289144500110e-03
6.985057703216120996e-03
6.991645694263746644e-03
7.001866987763944242e-03
7.015967932925211599e-03
7.033288686414696303e-03
7.054054550400564241e-03
7.077639508048033483e-03
7.104244760321363171e-03
7.133273058419776699e-03
7.164899433859756028e-03
7.198551857645971684e-03
7.234378186866373579e-03
7.271829529560814090e-03
7.311026664638795372e-03
7.351443122719606219e-03
7.393173760242909703e-03
7.435715001704802825e-03
7.479137849599323470e-03
7.522963001548279433e-03
7.567240338605503262e-03
7.611516768569818493e-03
7.655824133126622015e-03
7.699737677604710957e-03
7.743274320109583449e-03
7.786039648903197476e-03
7.828038562455936697e-03
7.868908683176988050e-03
7.908645459206798192e-03
7.946919882902867341e-03
7.983720198413608166e-03
8.018751841530960545e-03
8.051997887545741736e-03
8.083199195433068279e-03
8.112335640778579535e-03
8.139184557189335298e-03
8.163724629564295468e-03
8.185770881903661408e-03
8.205302871105882995e-03
8.222174673409504003e-03
8.236368739635522088e-03
8.247779580086801732e-03
8.256394340313869332e-03
8.262149171380310866e-03
8.265037277483670841e-03
