1.625725478609890695e-02
2.137082378033872132e-02
1.933037307702545338e-02
2.064352541842734423e-02
1.967049850335850225e-02
2.044526049130784839e-02
1.980104829817153078e-02
2.035289843999282811e-02
1.986998660895911151e-02
2.029956619336842349e-02
1.991252457170383794e-02
2.026490452054319213e-02
1.994133490341970516e-02
2.024061764393825236e-02
1.996209744849009038e-02
2.022269121517827895e-02
1.997773771619071326e-02
2.020894602142664365e-02
1.998991584570963820e-02
2.019809697289104422e-02
1.999964391023206778e-02
2.018933726529498207e-02
2.000757396770064256e-02
2.018213486951014879e-02
2.001414501608639318e-02
2.017612478419744670e-02
2.001966339906741110e-02
2.017104830226151835e-02
2.002434935522823256e-02
2.016671698063338125e-02
2.002836525249024335e-02
2.016299033457297218e-02
2.003183339781777761e-02
2.015976152100451557e-02
2.003484765295465708e-02
2.015694786025040708e-02
2.003748123232829137e-02
2.015448438970895984e-02
2.003979207178691047e-02
2.015231937467809598e-02
2.004182660826564488e-02
2.015041111584636724e-02
2.004362249427310561e-02
2.014872563585068388e-02
2.004521058280578361e-02
2.014723497408232866e-02
2.004661640292865199e-02
2.014591591007908189e-02
2.004786127373625604e-02
2.014474899383478235e-02
2.004896315777099369e-02
2.014371779906687365e-02
2.004993732437687637e-02
2.014280834048820523e-02
2.005079687303301661e-02
2.014200861300602385e-02
2.005155315286433204e-02
2.014130822233617391e-02
2.005221610504664964e-02
2.014069808456575572e-02
2.005279454829766994e-02
2.014017017785713071e-02
2.005329642318454120e-02
2.013971733350733428e-02
2.005372900801938307e-02
2.013933305647203076e-02
2.005409911729899575e-02
2.013901136756435228e-02
2.005441329280288620e-02
2.013874666110165856e-02
2.005467799753385405e-02
2.013853357299821845e-02
2.005489982374430991e-02
2.013836685538844540e-02
2.005508572857928051e-02
2.013824125502855500e-02
2.005524331484098699e-02
2.013815139432473256e-02
2.005538118084093657e-02
2.013809165645602528e-02
2.005550937364503072e-02
2.013805608074742404e-02
2.005563999665799235e-02
2.013803828321275580e-02
2.005578804972246720e-02
2.013803143393205763e-02
2.005597262559677407e-02
2.013802835540806635e-02
2.005621866572621093e-02
2.013802187024960055e-02
2.005655961995783665e-02
2.013800565624623840e-02
2.005704161926963325e-02
2.013797613507184447e-02
2.005773027555884935e-02
2.013793633093807767e-02
2.005871936838654612e-02
2.013784597769002760e-02
2.005883106966938056e-02
2.010370157687335624e-02
1.906511113578507333e-02
-2.367302154310468865e-03
-8.065509665790013272e-02
-1.496041529973978490e-01
-1.948869116236631727e-01
-2.221807514468634448e-01
-2.378493280750107741e-01
-2.461541749558986969e-01
-2.502496393717781875e-01
-2.514871635624024160e-01
-2.511840738604070311e-01
-2.494635429781069669e-01
-2.470402781353039368e-01
-2.435726936341884863e-01
-2.396418244187862867e-01
-2.346833073554995264e-01
-2.293110852831363178e-01
-2.227882371972941811e-01
-2.158242671771484766e-01
-2.074647628110205533e-01
-1.985125726498913057e-01
-1.876107985944523437e-01
-1.754545745056158290e-01
-1.595276928109962133e-01
-1.387965231079003603e-01
-1.041918378570461934e-01
-3.475280534281727229e-02
-2.965290291238487086e-03
1.213924531649690497e-02
1.548094442288905359e-02
1.717911043471381793e-02
1.694192798384264176e-02
1.737488060271824564e-02
1.525710090542337083e-02
4.923779491894930693e-04
-4.412396749407734853e-02
-8.929046283290209551e-02
-1.201587112246105260e-01
-1.395131202740429455e-01
-1.524783414812272142e-01
-1.617903161223330777e-01
-1.697645589920909748e-01
-1.768271969170158164e-01
-1.838725046965185572e-01
-1.905165256351006586e-01
-1.972578461142789064e-01
-2.035228453130255022e-01
-2.097649933826005730e-01
-2.153995893744824752e-01
-2.209224486188551828e-01
-2.257688495511055993e-01
-2.304844826176517536e-01
-2.345161611400711221e-01
-2.384488512452469233e-01
-2.417264174269717347e-01
-2.449626946946384665e-01
-2.475869449612825568e-01
-2.502357932547930042e-01
-2.523161762328277047e-01
-2.544854624316931768e-01
-2.561234221224989449e-01
-2.579088551584092226e-01
-2.591911507043087592e-01
-2.606728123019241283e-01
-2.616703475788304534e-01
-2.629130663408972279e-01
-2.636822674406563705e-01
-2.647375805579171293e-01
-2.653226607971410078e-01
-2.662311810477305252e-01
-2.666664802612847551e-01
-2.674601298387154769e-01
-2.677721902982113100e-01
-2.684761048249115212e-01
-2.686853854317474699e-01
-2.693194545987235289e-01
-2.694416923327982438e-01
-2.700217714807905955e-01
-2.700690391297061455e-01
-2.706078873986537126e-01
-2.705894051839766168e-01
-2.710974064823887808e-01
-2.710201607218543640e-01
-2.715058765478516878e-01
-2.713750897503681703e-01
-2.718456837588729136e-01
-2.716651714197695355e-01
-2.721267370376919681e-01
-2.718991783677771612e-01
-2.723569935448845736e-01
-2.720841368186509568e-01
-2.725428642837181004e-01
-2.722256823616384103e-01
-2.726895293654739150e-01
-2.723283370082338894e-01
-2.728011852382926650e-01
-2.723957268362579565e-01
-2.728812407507619220e-01
-2.724307548112994692e-01
-2.729324748627630637e-01
-2.724357398398109531e-01
-2.729571657820801800e-01
-2.724125304414862780e-01
-2.729571990248010893e-01
-2.723625993893319941e-01
-2.729341601571081966e-01
-2.722871240627776634e-01
-2.728894166174813951e-01
-2.721870559496012976e-01
-2.728241919315345099e-01
-2.720631816168895822e-01
-2.727396347463755810e-01
-2.719161764854558516e-01
-2.726368844079427589e-01
-2.717466518649044316e-01
-2.725171343183651063e-01
-2.715551949592177050e-01
-2.723816941248741186e-01
-2.713424009742370080e-01
-2.722320520318970427e-01
-2.711088960739832521e-01
-2.720699393254791820e-01
-2.708553496800241156e-01
-2.718974006373069408e-01
-2.705824742282804674e-01
-2.717168755608476149e-01
-2.702910094375429173e-01
-2.715312999399372984e-01
-2.699816854739116034e-01
-2.713442386288361652e-01
-2.696551537291477230e-01
-2.711600665639837260e-01
-2.693118632359132736e-01
-2.709842238923644286e-01
-2.689518416342792650e-01
-2.708235890509175237e-01
-2.685743052759248517e-01
-2.706870529410111414e-01
-2.681769577948068806e-01
-2.705864645390844703e-01
-2.677547009963041069e-01
-2.705383193078002013e-01
-2.672971708862006968e-01
-2.705670562341153662e-01
-2.667837159680963577e-01
-2.707121710628171973e-01
-2.661721278753992337e-01
-2.710455283178880848e-01
-2.653695770019637856e-01
-2.717209713769214163e-01
-2.641406051804232602e-01
-2.731568748034658989e-01
-2.617005712143965490e-01
-2.770962762940215041e-01
-2.530588777627802988e-01
-3.131159943622653374e-01
