2.513616058006729048e+01
2.513604846893228384e+01
2.513582237115377538e+01
2.513548577550097107e+01
2.513503305282487688e+01
2.513447118533632008e+01
2.513379078236507169e+01
2.513300232894054531e+01
2.513209265970116135e+01
2.513107577664162307e+01
2.512993472119671168e+01
2.512868703134178006e+01
2.512731193137937780e+01
2.512583051928482547e+01
2.512421817278849545e+01
2.512249957906287534e+01
2.512064623419882992e+01
2.511868644915744753e+01
2.511658779755932969e+01
2.511438225440327088e+01
2.511203342408916583e+01
2.510957699187646597e+01
2.510697254009969015e+01
2.510425951685210322e+01
2.510139342327165224e+01
2.509841752965422756e+01
2.509528319031659294e+01
2.509203756444737010e+01
2.508862778720519415e+01
2.508510498130245026e+01
2.508141198346438472e+01
2.507760396323014618e+01
2.507361937245077854e+01
2.506951752033044301e+01
2.506523238002107945e+01
2.506082750378796931e+01
2.505623228467585051e+01
2.505151463318007643e+01
2.504659925308553170e+01
2.504155854150898008e+01
2.503631239597597258e+01
2.503093784357596263e+01
2.502534985071768858e+01
2.501963023486759852e+01
2.501368889872387058e+01
2.500761263012303814e+01
2.500130612803473085e+01
2.499486135333825132e+01
2.498817765441219763e+01
2.498135239432252419e+01
2.497427941810451912e+01
2.496706175130878336e+01
2.495958757845892961e+01
2.495196588486603773e+01
2.494407903514276015e+01
2.493604231587499243e+01
2.492773211315780912e+01
2.491927040908809232e+01
2.491052745482880226e+01
2.490163237212069447e+01
2.489244906191090934e+01
2.488311397123671753e+01
2.487348289185207051e+01
2.486369390052065143e+01
2.485357907531681576e+01
2.484326078906833857e+01
2.483254462537296803e+01
2.482155284892466796e+01
2.481007970842584598e+01
2.479825528214535879e+01
2.478586420882670538e+01
2.477304521774022916e+01
2.475957199393058161e+01
2.474559121919163118e+01
2.473086319633695496e+01
2.471554131442391977e+01
2.469936959017129041e+01
2.468250672787064204e+01
2.466467726102564129e+01
2.464604375695347116e+01
2.462630774664419775e+01
2.460563413079984585e+01
2.458369753765954258e+01
2.456066362646702572e+01
2.453617587915636022e+01
2.451039928833778703e+01
2.448294183352294340e+01
2.445396700826222158e+01
2.442304329840036914e+01
2.439033316359698134e+01
2.435536262821719689e+01
2.431829568966449884e+01
2.427861451278937110e+01
2.423648980529759100e+01
2.419135992254411960e+01
2.414340962535220925e+01
2.409203355966603866e+01
2.403743827503819475e+01
2.397897205320983360e+01
2.391686861928469554e+01
2.385042116695824532e+01
2.377989143629752533e+01
2.370450071899082189e+01
2.362453537864251985e+01
2.353912064306530993e+01
2.344856357729544172e+01
2.335186481689720850e+01
2.324935330860806104e+01
2.313987426973628558e+01
2.302378896973293720e+01
2.289975017347642350e+01
2.276816970792266659e+01
2.262744753456385638e+01
2.247805902559861124e+01
2.231802142898293084e+01
2.214783935158395423e+01
2.196481920683503830e+01
2.176926861229850729e+01
2.155681643645410261e+01
2.132651602341703168e+01
2.106874415109064458e+01
2.077609457927373882e+01
2.042063736059420620e+01
2.002118678387665796e+01
1.962685551345723667e+01
1.924853995252352945e+01
1.890683070413086142e+01
1.862052178453310347e+01
1.841373045704064992e+01
1.830053650937733423e+01
1.828487288719095361e+01
1.835286058531806219e+01
1.848244528476126902e+01
1.864587645946637551e+01
1.881947673201510796e+01
1.898292618352138561e+01
1.912394073903815439e+01
1.923528372295179167e+01
1.931694638054528212e+01
1.937160883764198971e+01
1.940518651322848953e+01
1.942263889898542217e+01
1.942932160974962486e+01
1.942840964297533901e+01
1.942304926125474651e+01
1.941454606365413227e+01
1.940451512988987659e+01
1.939324091863705846e+01
1.938158418720385967e+01
1.936939931623827604e+01
1.935722294566357604e+01
1.934476100450843816e+01
1.933241551127330737e+01
1.931985645121312700e+01
1.930742567831737233e+01
1.929479659188102048e+01
1.928227847352106394e+01
1.926955978783553647e+01
1.925692753094049792e+01
1.924408747610867465e+01
1.923130863481340924e+01
1.921831351642040886e+01
1.920535542399024820e+01
1.919217236634943191e+01
1.917900348546395861e+01
1.916560101887862189e+01
1.915219117541291283e+01
1.913853927114326581e+01
1.912485962473395773e+01
1.911092962169323783e+01
1.909695260090558122e+01
1.908271713733694952e+01
1.906841639513193343e+01
1.905384937092039266e+01
1.903919977220021664e+01
1.902427634618858932e+01
1.900925398906379726e+01
1.899395061131906104e+01
1.897853288192242971e+01
1.896282736045832351e+01
1.894699302120556084e+01
1.893086462307035944e+01
1.891459393471916073e+01
1.889802352189234114e+01
1.888129840024501505e+01
1.886426860130289285e+01
1.884707280986193823e+01
1.882956822884262493e+01
1.881188760915087954e+01
1.879389507346517618e+01
1.877571781522955163e+01
1.875722666481654599e+01
1.873854361821692649e+01
1.871954603841594178e+01
1.870035107121454132e+01
1.868084247199470127e+01
1.866113287415726063e+01
1.864111231837426175e+01
1.862088925685031171e+01
1.860035994004214643e+01
1.857962896607072167e+01
1.855859874989347347e+01
1.853737036063216337e+01
1.851585236129609768e+01
1.849414261662430192e+01
1.847215584851703696e+01
1.844998704242928156e+01
1.842755711538895369e+01
1.840495849934097450e+01
1.838211836562731705e+01
1.835912691837861743e+01
1.833591766213075402e+01
1.831257889688233575e+01
1.828905055458348627e+01
1.826541934937737111e+01
1.824163174441756397e+01
1.821777317570323262e+01
1.819379674341536557e+01
1.816978689530342805e+01
1.814570346679449386e+01
1.812163017980783053e+01
1.809753368357826275e+01
1.807349719682383693e+01
1.804949422681521298e+01
1.802560765680648558e+01
1.800181784465317136e+01
1.797820743319098469e+01
1.795476355193802220e+01
1.793156860557076726e+01
1.790861632323863262e+01
1.788598875938490096e+01
1.786368595526334246e+01
1.784178936706484109e+01
1.782030492367713848e+01
1.779931307940742968e+01
1.777882507117778133e+01
1.775891977707683012e+01
1.773961299531135793e+01
1.772098127533102385e+01
1.770304406015847576e+01
1.768587464377840490e+01
1.766949503801885513e+01
1.765397419801622547e+01
1.763933549452531580e+01
1.762564233813698777e+01
1.761291815747032885e+01
1.760121954183481918e+01
1.759056864474075965e+01
1.758101395314364979e+01
1.757257505352149707e+01
1.756529112296639283e+01
1.755917801113960408e+01
1.755426453364465900e+01
1.755056183705013950e+01
1.754808755781360929e+01
1.754684744911592276e+01
