8.521380225307501055e-01
8.516735120603383669e-01
8.507444789582739864e-01
8.493507786839306073e-01
8.474923739392575817e-01
8.451689735476208831e-01
8.423805126188390613e-01
8.391265491185536662e-01
8.354069864306773452e-01
8.312212252523888401e-01
8.265691313660018524e-01
8.214499395042406116e-01
8.158634701388539634e-01
8.098087809244528534e-01
8.032856373582980547e-01
7.962929063131248819e-01
7.888302865372959216e-01
7.808964376104319260e-01
7.724909774532482398e-01
7.636123387645615823e-01
7.542600420163382280e-01
7.444322700336767351e-01
7.341284263868355087e-01
7.233464172299000072e-01
7.120855065964419861e-01
7.003432928850108485e-01
6.881188743529749186e-01
6.754095056882820636e-01
6.622140890186820616e-01
6.485294937908978596e-01
6.343543909212199239e-01
6.196852166553529218e-01
6.045203701450841960e-01
5.888557990095171224e-01
5.726895837113790133e-01
5.560171190882673420e-01
5.388361125228421367e-01
5.211413316396680262e-01
5.029300475468028164e-01
4.841963140428687806e-01
4.649368923230157158e-01
4.451450212066566658e-01
4.248168658718786128e-01
4.039447315244760750e-01
3.825240862492724769e-01
3.605461618296793569e-01
3.380056100853149337e-01
3.148924237185367625e-01
2.912002970996919737e-01
2.669177863695313402e-01
2.420374603133320646e-01
2.165462015049690048e-01
1.904352517892045626e-01
1.636895335989590750e-01
1.362987192640364997e-01
1.082454216759490412e-01
7.951744959396937762e-02
5.009467639850486570e-02
1.996268852553904211e-02
-1.090191482218809405e-02
-4.251621002524093307e-02
-7.490754485440442867e-02
-1.080962026386541597e-01
-1.421143364398428643e-01
-1.769861120484562400e-01
-2.127496007835536496e-01
-2.494336916333083076e-01
-2.870838464562140424e-01
-3.257347206136291251e-01
-3.654411649297148457e-01
-4.062448743907037252e-01
-4.482128995872357025e-01
-4.913954475933797750e-01
-5.358759348966048996e-01
-5.817144442876085453e-01
-6.290172450875988197e-01
-6.778523797369706561e-01
-7.283473610754882532e-01
-7.804642284164626798e-01
-8.336380050469628378e-01
-8.846212999074402061e-01
-9.287503646273357338e-01
-9.645063488711048683e-01
-9.927134370537034069e-01
-1.014673808912099018e+00
-1.031705085960609392e+00
-1.044976962862495640e+00
-1.055440127202808887e+00
-1.063844163690971678e+00
-1.070744483487340304e+00
-1.076559195324250595e+00
-1.081583017295303817e+00
-1.086036531054355381e+00
-1.090069548987891546e+00
-1.093796979792845514e+00
-1.097293445265374645e+00
-1.100619560135354336e+00
-1.103811907662229919e+00
-1.106903470132069911e+00
-1.109911709243071032e+00
-1.112855463655568089e+00
-1.115742579942774926e+00
-1.118584559108504406e+00
-1.121384419247051900e+00
-1.124149787649638688e+00
-1.126881286591093767e+00
-1.129584459513335082e+00
-1.132258785629301601e+00
-1.134908667911610936e+00
-1.137533098261124698e+00
-1.140135849054062289e+00
-1.142715775527765931e+00
-1.145276304558687119e+00
-1.147816348303528855e+00
-1.150339156270065111e+00
-1.152843809697184030e+00
-1.155333490802064711e+00
-1.157807516600071640e+00
-1.160269095841959253e+00
-1.162717800050123040e+00
-1.165157008962903751e+00
-1.167586139876693796e+00
-1.170005906685466890e+00
-1.172378311872567247e+00
-1.174611495042009013e+00
-1.176656155284006688e+00
-1.178527004184842797e+00
-1.180236710514943166e+00
-1.181803482225797897e+00
-1.183238446292486090e+00
-1.184556395037697607e+00
-1.185766271037069108e+00
-1.186880214397505240e+00
-1.187905274129450017e+00
-1.188851485976461397e+00
-1.189724332925798489e+00
-1.190532166008639425e+00
-1.191279198157495278e+00
-1.191972427234512688e+00
-1.192615046703928705e+00
-1.193212965030402639e+00
-1.193768562237130348e+00
-1.194286867373687278e+00
-1.194769613781857753e+00
-1.195221118168720675e+00
-1.195642600971912772e+00
-1.196037799469022334e+00
-1.196407527970496432e+00
-1.196755050131748543e+00
-1.197080859139040721e+00
-1.197387829379824575e+00
-1.197676200517713729e+00
-1.197948525071804715e+00
-1.198204842951437366e+00
-1.198447438812228816e+00
-1.198676195612657702e+00
-1.198893173560827252e+00
-1.199098132786707849e+00
-1.199292944084071832e+00
-1.199477272003871331e+00
-1.199652826308658327e+00
-1.199819197773924540e+00
-1.199977958224900831e+00
-1.200128642143566182e+00
-1.200272702292241256e+00
-1.200409630905370895e+00
-1.200540777179442076e+00
-1.200665602409431099e+00
-1.200785365010114791e+00
-1.200899504458068145e+00
-1.201009198982955661e+00
-1.201113873612570826e+00
-1.201214635217246807e+00
-1.201310900339245036e+00
-1.201403711876022351e+00
-1.201492482715245336e+00
-1.201578197993173669e+00
-1.201660270859699731e+00
-1.201739633938624818e+00
-1.201815703818967407e+00
-1.201889365068077531e+00
-1.201960040290504850e+00
-1.202028569797680468e+00
-1.202094384297525576e+00
-1.202158283101639302e+00
-1.202219706710658143e+00
-1.202279416238182685e+00
-1.202336863341107120e+00
-1.202392773356077305e+00
-1.202446610192793752e+00
-1.202499065511290155e+00
-1.202549616351336503e+00
-1.202598922525292657e+00
-1.202646474899761619e+00
-1.202692903037558603e+00
-1.202737712180008245e+00
-1.202781503041252975e+00
-1.202823795662199435e+00
-1.202865163139751781e+00
-1.202905140637414272e+00
-1.202944274720046058e+00
-1.202982115912343497e+00
-1.203019185205475905e+00
-1.203055048653919767e+00
-1.203090202523010577e+00
-1.203124228507563842e+00
-1.203157598898328740e+00
-1.203189911093053954e+00
-1.203221614074431844e+00
-1.203252320966352151e+00
-1.203282458035618063e+00
-1.203311654123530250e+00
-1.203340313307980747e+00
-1.203368080113644822e+00
-1.203395336899614421e+00
-1.203421743820731526e+00
-1.203447661938270796e+00
-1.203472766970717700e+00
-1.203497399060839079e+00
-1.203521249416752870e+00
-1.203544637607718126e+00
-1.203567270255961219e+00
-1.203589446675400687e+00
-1.203610888831625481e+00
-1.203631876082248642e+00
-1.203652145676933571e+00
-1.203671957304888629e+00
-1.203691063459077171e+00
-1.203709704445312667e+00
-1.203727647984926818e+00
-1.203745115290753454e+00
-1.203761889330736246e+00
-1.203778172528561008e+00
-1.203793763157084751e+00
-1.203808845175305731e+00
-1.203823232265186727e+00
-1.203837090271813848e+00
-1.203850248440312853e+00
-1.203862854882286726e+00
-1.203874754611173881e+00
-1.203886078415225214e+00
-1.203896687330010540e+00
-1.203906695256205861e+00
-1.203915979547169224e+00
-1.203924637668628561e+00
-1.203932563617579499e+00
-1.203939838880608848e+00
-1.203946374438072509e+00
-1.203952236238303053e+00
-1.203957352578409745e+00
-1.203961774273129004e+00
-1.203965447240906927e+00
-1.203968407508658300e+00
-1.203970618869326215e+00
-1.203972102827371993e+00
-1.203972841231831570e+00
