1.660168675405737915e+01
1.660000050243372982e+01
1.659662763385150441e+01
1.659156744140182838e+01
1.658481882308384314e+01
1.657638035301137336e+01
1.656625017441172076e+01
1.655442611804869202e+01
1.654090554180497108e+01
1.652568549593706493e+01
1.650876250933442080e+01
1.649013280106320067e+01
1.646979201341244092e+01
1.644773546901987871e+01
1.642395785082036852e+01
1.639845350387524547e+01
1.637121606232680904e+01
1.634223879487059961e+01
1.631151417878704635e+01
1.627903428779912431e+01
1.624479031319334510e+01
1.620877299258819448e+01
1.617097207806375536e+01
1.613137680412278030e+01
1.608997530261333964e+01
1.604675510788406001e+01
1.600170251809588962e+01
1.595480313524440064e+01
1.590604117220025060e+01
1.585540002487736899e+01
1.580286152399833810e+01
1.574840653620484332e+01
1.569201415908787567e+01
1.563366234743578254e+01
1.557332704946519009e+01
1.551098285363953266e+01
1.544660206323678153e+01
1.538015535818945523e+01
1.531161080406275232e+01
1.524093452208367694e+01
1.516808962718398845e+01
1.509303689768556289e+01
1.501573363515173121e+01
1.493613432291421006e+01
1.485418939787723858e+01
1.476984588397009190e+01
1.468304606247234645e+01
1.459372806220781804e+01
1.450182440996852584e+01
1.440726255332052119e+01
1.430996326562468468e+01
1.420984106894965926e+01
1.410680245794713805e+01
1.400074617850145664e+01
1.389156121964564683e+01
1.377912688734025970e+01
1.366331049297810019e+01
1.354396715098630999e+01
1.342093711038033454e+01
1.329404544108522579e+01
1.316310014432947462e+01
1.302789801888280508e+01
1.288825268785475942e+01
1.274410765422121550e+01
1.259572892811676859e+01
1.244372850422095489e+01
1.228887235205198358e+01
1.213193544301610416e+01
1.197363886844721748e+01
1.181462420076586817e+01
1.165544311059188409e+01
1.149655935797564155e+01
1.133835520217781578e+01
1.118114276580988609e+01
1.102517425602905199e+01
1.087065347902233903e+01
1.071774420845115650e+01
1.056657890746449446e+01
1.041726417369413049e+01
1.026988668041852470e+01
1.012451626691600914e+01
9.981209874076077071e+00
9.840013077897944882e+00
9.700962742828274088e+00
9.564087613854368897e+00
9.429410189344601179e+00
9.296946770244460367e+00
9.166708863199392709e+00
9.038702925817759137e+00
8.912931482642916237e+00
8.789392704628776087e+00
8.668081342717664839e+00
8.548988220426698703e+00
8.432101045073899570e+00
8.317403859173257530e+00
8.204877764599505241e+00
8.094500360607664646e+00
7.986246402727134708e+00
7.880087245696694609e+00
7.775991450930389348e+00
7.673924246933813365e+00
7.573848092952341737e+00
7.475722164496411359e+00
7.379502873645569672e+00
7.285143381215484659e+00
7.192594064220855010e+00
7.101802047513339211e+00
7.012711593925669007e+00
6.925263634800280954e+00
6.839396034117771528e+00
6.755043074634365929e+00
6.672135504923356386e+00
6.590599897809085839e+00
6.510358317122054039e+00
6.431327419177223170e+00
6.353417545372471054e+00
6.276531743577450584e+00
6.200565357634252983e+00
6.125409789584932874e+00
6.050964782236660788e+00
5.977161553365868407e+00
5.903974108221563988e+00
5.831406592151190615e+00
5.759476177156582111e+00
5.688202734954206363e+00
5.617606520083930910e+00
5.547706747254985693e+00
5.478522610954787098e+00
5.410072291649949960e+00
5.342375396641997121e+00
5.275466382829901768e+00
5.209479686369439477e+00
5.144703616928721246e+00
5.081405034538075682e+00
5.019751521360721114e+00
4.959829542586657425e+00
4.901669445361164890e+00
4.845268642887773147e+00
4.790604723278140575e+00
4.737645080022517163e+00
4.686350959654644655e+00
4.636681073420301225e+00
4.588592454489131889e+00
4.542042045563891683e+00
4.496986598172179050e+00
4.453383568972416384e+00
4.411190751880106120e+00
4.370366909084490104e+00
4.330871347080256228e+00
4.292664426107398512e+00
4.255707143393673064e+00
4.219961572817474860e+00
4.185390472116637284e+00
4.151957673491826206e+00
4.119627717368184783e+00
4.088366203899141738e+00
4.058139452028445504e+00
4.028914817900748346e+00
4.000660377221496589e+00
3.973345214894474786e+00
3.946939128738008229e+00
3.921412893770937824e+00
3.896737985560045470e+00
3.872886821989505624e+00
3.849832504723799342e+00
3.827549040863632346e+00
3.806011101182489309e+00
3.785194223733641561e+00
3.765074587660186101e+00
3.745629200544431825e+00
3.726835686707764772e+00
3.708672459868549875e+00
3.691118524946345847e+00
3.674153637405875195e+00
3.657758117663886921e+00
3.641912998337551777e+00
3.626599850425029636e+00
3.611800919540474553e+00
3.597498963103379133e+00
3.583677376524858182e+00
3.570320040698105934e+00
3.557411438998575814e+00
3.544936514419133378e+00
3.532880778157498902e+00
3.521230175786288719e+00
3.509971188122591901e+00
3.499090705865409046e+00
3.488576123373131388e+00
3.478415221239674615e+00
3.468596253544096175e+00
3.459107837872691160e+00
3.449939036550285110e+00
3.441079253648576142e+00
3.432518310659966154e+00
3.424246350063039124e+00
3.416253905856175166e+00
3.408531813279912726e+00
3.401071274588104210e+00
3.393863774553513402e+00
3.386901141819492977e+00
3.380175469839981517e+00
3.373679174122859781e+00
3.367404918278891213e+00
3.361345667439576079e+00
3.355494619111487165e+00
3.349845253025497183e+00
3.344391266513645267e+00
3.339126621023505326e+00
3.334045481753967533e+00
3.329142261047588924e+00
3.324411562039679247e+00
3.319848219122641275e+00
3.315447245380162222e+00
3.311203870299883611e+00
3.307113490780889897e+00
3.303171706255684459e+00
3.299374273074318520e+00
3.295717137182344825e+00
3.292196391699404590e+00
3.288808307287274690e+00
3.285549292754355033e+00
3.282415923235884048e+00
3.279404903668981408e+00
3.276513094896535527e+00
3.273737479869578415e+00
3.271075187776571358e+00
3.268523462841647298e+00
3.266079686572021412e+00
3.263741349031683558e+00
3.261506069291439047e+00
3.259371569068093777e+00
3.257335691454056104e+00
3.255396376822076832e+00
3.253551679904131522e+00
3.251799747871302326e+00
3.250138835825186145e+00
3.248567286971358659e+00
3.247083546580344038e+00
3.245686144181737287e+00
3.244373706045928341e+00
3.243144939334055454e+00
3.241998643146208003e+00
3.240933694569840817e+00
3.239949058335103604e+00
3.239043774711912516e+00
3.238216967807498126e+00
3.237467835269530081e+00
3.236795655256198945e+00
3.236199777909301911e+00
3.235679631022453151e+00
3.235234713254406813e+00
3.234864598516215661e+00
3.234568930901529971e+00
3.234347427808663245e+00
3.234199876570446275e+00
3.234126136322863942e+00
