7.665128755104740899e-01
7.660068484007868106e-01
7.649946396701509110e-01
7.634761269442635889e-01
7.614508448274213137e-01
7.589185450745085104e-01
7.558784457837234294e-01
7.523301657764995820e-01
7.482725971546069221e-01
7.437052150355772939e-01
7.386265719799395280e-01
7.330359847043169674e-01
7.269316483593840639e-01
7.203127023336485246e-01
7.131769618129081278e-01
7.055233653004922001e-01
6.973493203064784485e-01
6.886535357514110833e-01
6.794329780087370318e-01
6.696860919365852371e-01
6.594093628180364153e-01
6.486009303891282496e-01
6.372567514739435612e-01
6.253746120588604684e-01
6.129498845840569698e-01
5.999799438700685883e-01
5.864595120792637228e-01
5.723854851522985898e-01
5.577518573588465811e-01
5.425549658777635287e-01
5.267879855697232827e-01
5.104466004769506737e-01
4.935230579064963097e-01
4.760122769927213060e-01
4.579054492852304703e-01
4.391965961982321476e-01
4.198757009134611584e-01
3.999357286702502901e-01
3.793652717113036310e-01
3.581560491588571260e-01
3.362950426216670952e-01
3.137724962033124898e-01
2.905735147209570490e-01
2.666865897889843517e-01
2.420946244804602077e-01
2.167840194578324609e-01
1.907350757658655416e-01
1.639316875532439155e-01
1.363510556129883533e-01
1.079740540899862544e-01
7.877415566015047443e-02
4.872857656666686188e-02
1.780625790527855593e-02
-1.402003556790858488e-02
-4.678694124014311229e-02
-8.052711411036336808e-02
-1.152841254596917164e-01
-1.510969622375106514e-01
-1.880169964591678344e-01
-2.260855539220529009e-01
-2.653408561784503794e-01
-3.057140405005517869e-01
-3.467517887662361908e-01
-3.868464942817496088e-01
-4.235407941645089047e-01
-4.554019458869182913e-01
-4.823565440180698216e-01
-5.048339399794905535e-01
-5.234369509721250591e-01
-5.387790756004549042e-01
-5.514558034396437325e-01
-5.619857419956212352e-01
-5.708232960391389499e-01
-5.783335375480022078e-01
-5.848222471971397107e-01
-5.905222054369866358e-01
-5.956266821169987624e-01
-6.002761433270190627e-01
-6.045900059763075207e-01
-6.086504424261308666e-01
-6.125318249092081002e-01
-6.162813984121225941e-01
-6.199472458072642356e-01
-6.235563490848549106e-01
-6.271420242518040977e-01
-6.307198573977754741e-01
-6.343153524852209735e-01
-6.379380353402750448e-01
-6.416098489015500395e-01
-6.453375445715041625e-01
-6.491422165820386336e-01
-6.530299737522027304e-01
-6.570229223113879247e-01
-6.611280209880326941e-01
-6.653697828121675206e-01
-6.697571480968501634e-01
-6.743181674347872301e-01
-6.790646705086547108e-01
-6.840292078529164321e-01
-6.892272430150132578e-01
-6.946966672776686558e-01
-7.004571955491855073e-01
-7.065528261216568184e-01
-7.130080749664085005e-01
-7.198738333755603236e-01
-7.271800311394497340e-01
-7.349854537437955360e-01
-7.433263886782557339e-01
-7.522711137014017613e-01
-7.618640741000697325e-01
-7.721859672749535886e-01
-7.832930689813529801e-01
-7.952841109905849359e-01
-8.082345115855003037e-01
-8.222710222644611378e-01
-8.374993038591983519e-01
-8.540795826390584766e-01
-8.721230339047936209e-01
-8.916875637370005325e-01
-9.125317200830369568e-01
-9.341350862369208752e-01
-9.559492240832532239e-01
-9.777051107497840565e-01
-9.992783897786513547e-01
-1.020671814801881183e+00
-1.041845060212969187e+00
-1.062830436051410921e+00
-1.083573759709754114e+00
-1.104118476625373546e+00
-1.124338028388769395e+00
-1.143675021650155443e+00
-1.159545303450249643e+00
-1.170464913306130894e+00
-1.177646423001109888e+00
-1.182258941068242919e+00
-1.185327854231828182e+00
-1.187411731016232208e+00
-1.188939508709478954e+00
-1.190091646334426212e+00
-1.191036727055425182e+00
-1.191818744763956772e+00
-1.192513423523294813e+00
-1.193121748784558678e+00
-1.193685587411290383e+00
-1.194193373162093730e+00
-1.194673352102976427e+00
-1.195111149928158145e+00
-1.195528706029992394e+00
-1.195911840517440483e+00
-1.196278997820655388e+00
-1.196616976152199197e+00
-1.196941907744076827e+00
-1.197241658751065474e+00
-1.197530626684783162e+00
-1.197797650440892259e+00
-1.198055731488131048e+00
-1.198294558300885271e+00
-1.198525967606997922e+00
-1.198740387270639696e+00
-1.198948662497948403e+00
-1.199141869563896678e+00
-1.199329998209391235e+00
-1.199504698975697892e+00
-1.199675215739852918e+00
-1.199833712449013712e+00
-1.199988776802837664e+00
-1.200133035575216001e+00
-1.200274494539322223e+00
-1.200406200726013228e+00
-1.200535640055238273e+00
-1.200656243572288728e+00
-1.200775029684573170e+00
-1.200885782283612535e+00
-1.200995096742381918e+00
-1.201097082758263213e+00
-1.201197950735363174e+00
-1.201292112537950318e+00
-1.201385426391549105e+00
-1.201472585523566616e+00
-1.201559124396881506e+00
-1.201639999185943219e+00
-1.201720445352757016e+00
-1.201795665631867793e+00
-1.201870618172529159e+00
-1.201940737621025157e+00
-1.202010723899815225e+00
-1.202076230419102831e+00
-1.202141715744029504e+00
-1.202203040204488982e+00
-1.202264435978867452e+00
-1.202321959611732050e+00
-1.202379630229467811e+00
-1.202433690887226181e+00
-1.202487959577594356e+00
-1.202538857045953424e+00
-1.202590010836466439e+00
-1.202638011348198477e+00
-1.202686305284163648e+00
-1.202731645358654067e+00
-1.202777306093705922e+00
-1.202820195804579884e+00
-1.202863424656806846e+00
-1.202904050412589854e+00
-1.202945025964949899e+00
-1.202983552873660322e+00
-1.203022433184507189e+00
-1.203059007061716645e+00
-1.203095931540960173e+00
-1.203130680611823156e+00
-1.203165771610047230e+00
-1.203198807948669291e+00
-1.203232172100177522e+00
-1.203263592844264096e+00
-1.203295322200263806e+00
-1.203325210575004744e+00
-1.203355383559756353e+00
-1.203383809742255339e+00
-1.203412491962898567e+00
-1.203439513816955131e+00
-1.203466758756741140e+00
-1.203492422467351552e+00
-1.203518272091962382e+00
-1.203542612729336936e+00
-1.203567098036755656e+00
-1.203590140080758264e+00
-1.203613281626477960e+00
-1.203635039483889724e+00
-1.203656847914760686e+00
-1.203677326463274966e+00
-1.203697803094593510e+00
-1.203716998288391515e+00
-1.203736135759267079e+00
-1.203754035330822703e+00
-1.203771818371735858e+00
-1.203788402662286039e+00
-1.203804809005271981e+00
-1.203820051951434600e+00
-1.203835053406666189e+00
-1.203848923702208085e+00
-1.203862487414302462e+00
-1.203874949853581677e+00
-1.203887039736444287e+00
-1.203898056729562960e+00
-1.203908635060275012e+00
-1.203918168290198265e+00
-1.203927197421539086e+00
-1.203935209591834754e+00
-1.203942653721390421e+00
-1.203949110322319882e+00
-1.203954937236634937e+00
-1.203959808240060880e+00
-1.203963990938117012e+00
-1.203967252321431980e+00
-1.203969770416063456e+00
-1.203971405414844265e+00
-1.203972246215804009e+00
