2.141471695476612069e+01
2.141468681041068223e+01
2.141462649211283420e+01
2.141453594067259658e+01
2.141441506723031196e+01
2.141426375318946640e+01
2.141408185012541310e+01
2.141386917965989412e+01
2.141362553332941232e+01
2.141335067241653789e+01
2.141304432778436606e+01
2.141270619967236755e+01
2.141233595750627572e+01
2.141193323966917816e+01
2.141149765329982912e+01
2.141102877405368332e+01
2.141052614590736169e+01
2.140998928092933795e+01
2.140941765911465211e+01
2.140881072819229658e+01
2.140816790352269194e+01
2.140748856797864619e+01
2.140677207195005849e+01
2.140601773334936908e+01
2.140522483778487484e+01
2.140439263876134390e+01
2.140352035810819586e+01
2.140260718647578031e+01
2.140165228414237575e+01
2.140065478195444726e+01
2.139961378270146852e+01
2.139852836273747982e+01
2.139739757424666067e+01
2.139622044799436296e+01
2.139499599716662814e+01
2.139372322234391888e+01
2.139240111882191897e+01
2.139102868729233364e+01
2.138960495136163331e+01
2.138812898722559552e+01
2.138659997827291548e+01
2.138501731846962528e+01
2.138338081496301513e+01
2.138169108419349840e+01
2.137995030856893663e+01
2.137816357262414968e+01
2.137634084539546464e+01
2.137449888451106617e+01
2.137266097820139166e+01
2.137085272439690442e+01
2.136909594777401367e+01
2.136740530702292062e+01
2.136578878344673882e+01
2.136424982706397913e+01
2.136278927018749840e+01
2.136140652135350848e+01
2.136010020297626255e+01
2.135886846949593476e+01
2.135770916536300135e+01
2.135661990776011621e+01
2.135559813595694933e+01
2.135464114623886189e+01
2.135374612107055015e+01
2.135291015596461506e+01
2.135213028552193038e+01
2.135140350898073791e+01
2.135072681523435278e+01
2.135009720701943792e+01
2.134951172388202423e+01
2.134896746351682140e+01
2.134846160104807922e+01
2.134799140593464628e+01
2.134755425619063018e+01
2.134714764980325441e+01
2.134676921324798116e+01
2.134641670721661910e+01
2.134608802966506858e+01
2.134578121648443272e+01
2.134549444003740604e+01
2.134522600595815689e+01
2.134497434849752651e+01
2.134473802481366889e+01
2.134451570845441282e+01
2.134430618237281863e+01
2.134410833164776022e+01
2.134392113617025544e+01
2.134374366338598250e+01
2.134357506127837212e+01
2.134341455161396794e+01
2.134326142357422640e+01
2.134311502774611569e+01
2.134297477055444503e+01
2.134284010907667906e+01
2.134271054629810038e+01
2.134258562673080917e+01
2.134246493244048892e+01
2.134234807939708745e+01
2.134223471418706453e+01
2.134212451100169972e+01
2.134201716893739587e+01
2.134191240952439728e+01
2.134180997452013884e+01
2.134170962388732562e+01
2.134161113399448695e+01
2.134151429596315452e+01
2.134141891420126314e+01
2.134132480505110152e+01
2.134123179559310657e+01
2.134113972253772218e+01
2.134104843124811168e+01
2.134095777482937706e+01
2.134086761332827820e+01
2.134077781298218213e+01
2.134068824556191046e+01
2.134059878775023478e+01
2.134050932060069883e+01
2.134041972902150874e+01
2.134032990132881480e+01
2.134023972881661990e+01
2.134014910538751764e+01
2.134005792719334238e+01
2.133996609232979580e+01
2.133987350053582333e+01
2.133978005294149582e+01
2.133968565181665511e+01
2.133959020036365217e+01
2.133949360250799288e+01
2.133939576272943484e+01
2.133929658588883527e+01
2.133919597709267890e+01
2.133909384155179367e+01
2.133899008447549761e+01
2.133888461095890676e+01
2.133877732590391219e+01
2.133866813393263584e+01
2.133855693933316999e+01
2.133844364599756815e+01
2.133832815739097910e+01
2.133821037651289387e+01
2.133809020588879335e+01
2.133796754755409708e+01
2.133784230306773466e+01
2.133771437351834876e+01
2.133758365955978320e+01
2.133745006143943357e+01
2.133731347905549924e+01
2.133717381200778718e+01
2.133703095967687347e+01
2.133688482129753083e+01
2.133673529606017283e+01
2.133658228320713945e+01
2.133642568215675794e+01
2.133626539262276367e+01
2.133610131476132210e+01
2.133593334931379815e+01
2.133576139777689562e+01
2.133558536256903793e+01
2.133540514722357528e+01
2.133522065657878386e+01
2.133503179699411589e+01
2.133483847656346200e+01
2.133464060535416351e+01
2.133443809564303351e+01
2.133423086217743858e+01
2.133401882243337511e+01
2.133380189689754047e+01
2.133358000934634902e+01
2.133335308714771372e+01
2.133312106155927523e+01
2.133288386804824910e+01
2.133264144660688544e+01
2.133239374208810091e+01
2.133214070453573186e+01
2.133188228953324383e+01
2.133161845854582239e+01
2.133134917927896979e+01
2.133107442602902282e+01
2.133079418004783179e+01
2.133050842989779028e+01
2.133021717181834376e+01
2.132992041008106199e+01
2.132961815735332678e+01
2.132931043504828850e+01
2.132899727368063481e+01
2.132867871320605957e+01
2.132835480336338208e+01
2.132802560399760239e+01
2.132769118538241671e+01
2.132735162852072008e+01
2.132700702544094895e+01
2.132665747946863632e+01
2.132630310549005870e+01
2.132594403018797991e+01
2.132558039226592683e+01
2.132521234264136467e+01
2.132484004462376959e+01
2.132446367405849941e+01
2.132408341945195573e+01
2.132369948205956334e+01
2.132331207595154865e+01
2.132292142803882484e+01
2.132252777807322985e+01
2.132213137860541252e+01
2.132173249491417266e+01
2.132133140489110446e+01
2.132092839889405056e+01
2.132052377955413291e+01
2.132011786154950173e+01
2.131971097133111570e+01
2.131930344681370570e+01
2.131889563701813728e+01
2.131848790167768470e+01
2.131808061079572525e+01
2.131767414416693285e+01
2.131726889085042487e+01
2.131686524860677068e+01
2.131646362328827493e+01
2.131606442819425240e+01
2.131566808338153862e+01
2.131527501494203847e+01
2.131488565423831005e+01
2.131450043710894704e+01
2.131411980303564491e+01
2.131374419428356504e+01
2.131337405500791249e+01
2.131300983033804286e+01
2.131265196543305862e+01
2.131230090451989412e+01
2.131195708990884441e+01
2.131162096099731684e+01
2.131129295325744266e+01
2.131097349721829914e+01
2.131066301743896929e+01
2.131036193148296221e+01
2.131007064889100988e+01
2.130978957016220576e+01
2.130951908574124687e+01
2.130925957502143930e+01
2.130901140536157712e+01
2.130877493112593157e+01
2.130855049274600077e+01
2.130833841581258170e+01
2.130813901019729073e+01
2.130795256921129521e+01
2.130777936880102175e+01
2.130761966678737807e+01
2.130747370214879410e+01
2.130734169435396197e+01
2.130722384274429615e+01
2.130712032597142525e+01
2.130703130148970814e+01
2.130695690510819418e+01
2.130689725060206996e+01
2.130685242938676893e+01
2.130682251025515583e+01
2.130680753917965831e+01
