7.999999999999996697e-03
7.999999999999996697e-03
7.999999999999996697e-03
7.999999999999994962e-03
7.999999999999998432e-03
7.999999999999996697e-03
7.999999999999996697e-03
7.999999999999994962e-03
7.999999999999998432e-03
7.999999999999996697e-03
7.999999999999996697e-03
7.999999999999996697e-03
7.999999999999996697e-03
7.999999999999996697e-03
7.999999999999996697e-03
7.999999999999998432e-03
7.999999999999994962e-03
7.999999999999996697e-03
7.999999999999996697e-03
7.999999999999996697e-03
7.999999999999996697e-03
7.999999999999996697e-03
7.999999999999996697e-03
7.999999999999994962e-03
7.999999999999998432e-03
7.999999999999996697e-03
7.999999999999996697e-03
7.999999999999996697e-03
7.999999999999996697e-03
7.999999999999996697e-03
7.999999999999996697e-03
7.999999999999996697e-03
7.999999999999996697e-03
7.999999999999998432e-03
7.999999999999994962e-03
7.999999999999996697e-03
7.999999999999996697e-03
7.999999999999998432e-03
7.999999999999994962e-03
7.999999999999996697e-03
7.999999999999996697e-03
7.999999999999996697e-03
7.999999999999996697e-03
7.999999999999996697e-03
7.999999999999996697e-03
7.999999999999996697e-03
7.999999999999996697e-03
7.999999999999996697e-03
7.999999999999996697e-03
7.999999999999996697e-03
7.999999999999996697e-03
7.999999999999998432e-03
7.999999999999994962e-03
7.999999999999998432e-03
7.999999999999994962e-03
7.999999999999998432e-03
7.999999999999994962e-03
7.999999999999996697e-03
7.999999999999996697e-03
7.999999999999996697e-03
7.999999999999996697e-03
7.999999999999996697e-03
7.999999999999996697e-03
7.999999999999996697e-03
7.999999999999996697e-03
7.999999999999996697e-03
7.999999999999996697e-03
7.999999999999996697e-03
7.999999999999996697e-03
7.999999999999996697e-03
7.999999999999996697e-03
7.999999999999996697e-03
7.999999999999996697e-03
7.999999999999998432e-03
7.999999999999994962e-03
7.999999999999993228e-03
8.000000000000000167e-03
7.999999999999996697e-03
7.999999999999996697e-03
7.999999999999996697e-03
7.999999999999996697e-03
7.999999999999996697e-03
7.999999999999996697e-03
7.999999999999994962e-03
7.999999999999998432e-03
7.999999999999996697e-03
7.999999999999996697e-03
7.999999999999996697e-03
7.999999999999996697e-03
7.999999999999998432e-03
7.999999999999994962e-03
7.999999999999998432e-03
7.999999999999994962e-03
7.999999999999998432e-03
7.999999999999994962e-03
7.999999999999996697e-03
7.999999999999996697e-03
7.999999999999994962e-03
7.999999999999998432e-03
7.999999999999996697e-03
7.999999999999996697e-03
7.999999999999996697e-03
7.999999999999996697e-03
7.999999999999998432e-03
7.999999999999994962e-03
7.999999999999996697e-03
7.999999999999996697e-03
7.999999999999996697e-03
7.999999999999996697e-03
7.999999999999996697e-03
7.999999999999996697e-03
7.999999999999998432e-03
7.999999999999994962e-03
7.999999999999996697e-03
7.999999999999996697e-03
7.999999999999994962e-03
7.999999999999998432e-03
7.999999999999994962e-03
7.999999999999998432e-03
7.999999999999998432e-03
7.999999999999994962e-03
7.999999999999998432e-03
7.999999999999994962e-03
7.999999999999996697e-03
7.999999999999996697e-03
7.999999999999996697e-03
7.999999999999996697e-03
7.999999999999996697e-03
7.999999999999996697e-03
7.999999999999996697e-03
7.999999999999996697e-03
7.999999999999998432e-03
7.999999999999994962e-03
7.999999999999996697e-03
7.999999999999996697e-03
7.999999999999996697e-03
7.999999999999996697e-03
7.999999999999994962e-03
7.999999999999998432e-03
7.999999999999996697e-03
7.999999999999996697e-03
7.999999999999996697e-03
7.999999999999996697e-03
7.999999999999998432e-03
7.999999999999994962e-03
7.999999999999998432e-03
7.999999999999994962e-03
7.999999999999994962e-03
7.999999999999998432e-03
7.999999999999996697e-03
7.999999999999996697e-03
7.999999999999993228e-03
8.000000000000000167e-03
7.999999999999994962e-03
7.999999999999998432e-03
7.999999999999996697e-03
7.999999999999996697e-03
7.999999999999994962e-03
7.999999999999998432e-03
7.999999999999998432e-03
7.999999999999994962e-03
7.999999999999996697e-03
7.999999999999996697e-03
7.999999999999998432e-03
7.999999999999994962e-03
7.999999999999998432e-03
7.999999999999994962e-03
7.999999999999996697e-03
7.999999999999996697e-03
7.999999999999996697e-03
7.999999999999996697e-03
7.999999999999996697e-03
7.999999999999996697e-03
7.999999999999996697e-03
7.999999999999996697e-03
7.999999999999996697e-03
7.999999999999996697e-03
7.999999999999996697e-03
7.999999999999996697e-03
8.000000000000000167e-03
7.999999999999993228e-03
7.999999999999996697e-03
7.999999999999996697e-03
7.999999999999998432e-03
7.999999999999994962e-03
7.999999999999996697e-03
7.999999999999996697e-03
7.999999999999996697e-03
7.999999999999996697e-03
7.999999999999996697e-03
7.999999999999996697e-03
7.999999999999996697e-03
7.999999999999996697e-03
7.999999999999996697e-03
7.999999999999996697e-03
7.999999999999996697e-03
7.999999999999996697e-03
7.999999999999996697e-03
7.999999999999996697e-03
7.999999999999996697e-03
7.999999999999996697e-03
7.999999999999996697e-03
7.999999999999996697e-03
7.999999999999994962e-03
7.999999999999998432e-03
7.999999999999996697e-03
7.999999999999996697e-03
7.999999999999996697e-03
7.999999999999996697e-03
7.999999999999996697e-03
7.999999999999996697e-03
7.999999999999994962e-03
7.999999999999998432e-03
7.999999999999996697e-03
7.999999999999996697e-03
7.999999999999996697e-03
7.999999999999996697e-03
7.999999999999998432e-03
7.999999999999994962e-03
7.999999999999996697e-03
7.999999999999996697e-03
7.999999999999994962e-03
7.999999999999998432e-03
7.999999999999996697e-03
7.999999999999996697e-03
7.999999999999996697e-03
7.999999999999996697e-03
7.999999999999996697e-03
7.999999999999996697e-03
7.999999999999994962e-03
7.999999999999998432e-03
7.999999999999998432e-03
7.999999999999994962e-03
7.999999999999996697e-03
7.999999999999996697e-03
7.999999999999998432e-03
7.999999999999994962e-03
7.999999999999998432e-03
7.999999999999994962e-03
7.999999999999998432e-03
7.999999999999994962e-03
7.999999999999996697e-03
7.999999999999996697e-03
7.999999999999994962e-03
7.999999999999998432e-03
7.999999999999996697e-03
7.999999999999996697e-03
7.999999999999998432e-03
7.999999999999994962e-03
7.999999999999994962e-03
7.999999999999998432e-03
7.999999999999996697e-03
7.999999999999996697e-03
7.999999999999996697e-03
7.999999999999996697e-03
7.999999999999996697e-03
