8.791787478423430002e+00
8.790624681037250809e+00
8.788306760578240784e+00
8.784823681377787352e+00
8.780198475601032726e+00
8.774411085725358106e+00
8.767499930296647648e+00
8.759434959231409579e+00
8.750270027732259592e+00
8.739965141007820293e+00
8.728589666576889172e+00
8.716093735276828625e+00
8.702562332032002246e+00
8.687935809877783910e+00
8.672314908859705795e+00
8.655630329094273989e+00
8.637998736760470919e+00
8.619341330889186636e+00
8.599790904499668542e+00
8.579259327937597490e+00
8.557895742359365343e+00
8.535602870228363059e+00
8.512546427928359805e+00
8.488620161669407693e+00
8.464006576336865706e+00
8.438590582566368070e+00
8.412571650161448034e+00
8.385825939258022999e+00
8.358569998800483347e+00
8.330671241202344035e+00
8.302363319517636953e+00
8.273504790540835430e+00
8.244346318671277984e+00
8.214737356852785055e+00
8.184945341117769502e+00
8.154810202148533804e+00
8.124615732644626220e+00
8.094191724659136611e+00
8.063837712822277126e+00
8.033372514016368982e+00
8.003110573590779708e+00
7.972858664345674917e+00
7.942945090466033697e+00
7.913163281967285023e+00
7.883854142091522910e+00
7.854796250823941506e+00
7.826341675349279825e+00
7.798252471053798374e+00
7.770890310068415019e+00
7.743998938903988716e+00
7.717948015206751222e+00
7.692461146302004948e+00
7.667914357576115947e+00
7.644009296246145446e+00
7.621126788946093633e+00
7.598944757866164856e+00
7.577847372401374848e+00
7.557487207595830370e+00
7.538250569069274931e+00
7.519763430527355297e+00
7.502413592461868674e+00
7.485799923405494383e+00
7.470312040490354022e+00
7.455522298634967626e+00
7.441823635264158909e+00
7.428763628004654507e+00
7.416741082901230797e+00
7.405281381054542145e+00
7.394792363194752305e+00
7.384780139178657166e+00
7.375664841248051218e+00
7.366936070271472126e+00
7.359029142813485969e+00
7.351419375176517335e+00
7.344559517416035632e+00
7.337912108540329825e+00
7.331948855659462083e+00
7.326120312857367090e+00
7.320918014361939008e+00
7.315780727460286847e+00
7.311220183576621956e+00
7.306663133920044295e+00
7.302641547101583974e+00
7.298569661471516312e+00
7.294999539296874502e+00
7.291332268321591314e+00
7.288139785624602851e+00
7.284809336937336788e+00
7.281932510649094858e+00
7.278882018720706171e+00
7.276268913581782627e+00
7.273450709518842316e+00
7.271057792146965681e+00
7.268431853667925324e+00
7.266222545614228423e+00
7.263755154892985288e+00
7.261698595035207759e+00
7.259361201993114854e+00
7.257431206772475996e+00
7.255199480139962631e+00
7.253373680026879100e+00
7.251226722312863693e+00
7.249485849660969983e+00
7.247405551116875344e+00
7.245732855069270784e+00
7.243703363316369881e+00
7.242084129719979835e+00
7.240091414436112593e+00
7.238512571678787033e+00
7.236544066782972351e+00
7.234993861489019906e+00
7.233038170190772220e+00
7.231505899499168777e+00
7.229552550199154659e+00
7.228028339784869694e+00
7.226067583060719279e+00
7.224542202118908740e+00
7.222564840906737338e+00
7.221029547023325001e+00
7.219026793646443174e+00
7.217473201868377153e+00
7.215436556814689872e+00
7.213856528355781172e+00
7.211777676711073504e+00
7.210163223629558082e+00
7.208033945877785342e+00
7.206377148779358421e+00
7.204189243320110236e+00
7.202482179709113197e+00
7.200227394946970172e+00
7.198462076296114454e+00
7.196132050551987014e+00
7.194300366510065992e+00
7.191886574310529134e+00
7.189980242735683369e+00
7.187473946268589486e+00
7.185484467975674860e+00
7.182876672671097751e+00
7.180795289926583891e+00
7.178076703241226930e+00
7.175894361135873645e+00
7.173055353693268188e+00
7.170762663578363671e+00
7.167793231852662927e+00
7.165380436044538115e+00
7.162270165776474684e+00
7.159727102720610858e+00
7.156465132224084869e+00
7.153781201267397805e+00
7.150356183727074821e+00
7.147520308578275916e+00
7.143920372355598403e+00
7.140920962221263935e+00
7.137133668081040661e+00
7.133958575352969511e+00
7.129970869398654543e+00
7.126607342638974885e+00
7.122405503605571120e+00
7.118840134434635480e+00
7.114409713838079519e+00
7.110628376180797794e+00
7.105954129666732122e+00
7.101941909661422692e+00
7.097007717740385857e+00
7.092748832466339692e+00
7.087537608672603184e+00
7.083015311715444184e+00
7.077508896089853785e+00
7.072705367843805213e+00
7.066884403523327585e+00
7.061780624033347387e+00
7.055624414637165387e+00
7.050200016716678064e+00
7.043686362154778280e+00
7.037919462479422350e+00
7.031024470775264490e+00
7.024891476649337108e+00
7.017589349360633832e+00
7.011064738875454339e+00
7.003327527706875166e+00
6.996383601047100775e+00
6.988180933259071637e+00
6.980787532943869778e+00
6.972086303146479480e+00
6.964210500986567354e+00
6.954974526828243242e+00
6.946580275294321538e+00
6.936769914360185751e+00
6.927817659835810105e+00
6.917389384692429921e+00
6.907835639651524140e+00
6.896741567327917544e+00
6.886538437742021124e+00
6.874725808914460501e+00
6.863820472044395160e+00
6.851231073664642679e+00
6.839565199687408281e+00
6.826134722599865867e+00
6.813643831095077985e+00
6.799301151129693466e+00
6.785913890090384371e+00
6.770580256944955799e+00
6.756217587417926218e+00
6.739805700032356128e+00
6.724379963384230052e+00
6.706792903029690223e+00
6.690206739705296002e+00
6.671336722073192504e+00
6.653481799908544048e+00
6.633208694255439575e+00
6.613964189995610532e+00
6.592153735682257043e+00
6.571384493975634733e+00
6.547886120767524076e+00
6.525440388545918680e+00
6.500084514183651407e+00
6.475791111950465861e+00
6.448385744744885351e+00
6.422050485220432314e+00
6.392376894594452352e+00
6.363777986144459220e+00
6.331585110408494366e+00
6.300467176180130302e+00
6.265464298808169019e+00
6.231530483833980227e+00
6.193377501566892818e+00
6.156278898275417077e+00
6.114573183615792829e+00
6.073894428406191537e+00
6.028152781349995770e+00
5.983392068468144309e+00
5.933025425408624542e+00
5.883566181051659072e+00
5.827843358223216974e+00
5.772913100259171593e+00
5.710907424159562318e+00
5.649516275944395538e+00
5.580024544518300544e+00
5.510870180571119548e+00
5.432284986650959269e+00
5.353599623710241673e+00
5.263699083354250519e+00
5.172990828400230612e+00
5.068573057228173973e+00
4.962161552163911971e+00
4.838365288171866396e+00
4.710482899918972066e+00
4.559413894454349858e+00
4.400291778317599878e+00
4.207933862058745866e+00
3.999208658264247429e+00
3.737551027884220556e+00
3.439838290906927387e+00
3.046375859810044773e+00
2.579799036201563922e+00
2.074486645397471740e+00
