-1.020722503934863079e+00
-1.020960153533480907e+00
-1.021435678529688529e+00
-1.022149532422950369e+00
-1.023102400151094660e+00
-1.024295203822150002e+00
-1.025729110247149078e+00
-1.027405540597814637e+00
-1.029326181875592772e+00
-1.031493000699180707e+00
-1.033908258987822348e+00
-1.036574532255490233e+00
-1.039494729998670763e+00
-1.042672119133326802e+00
-1.046110349887021673e+00
-1.049813485383580103e+00
-1.053786034271716465e+00
-1.058032987970143335e+00
-1.062559861855875809e+00
-1.067372742374845140e+00
-1.072478339420821269e+00
-1.077884046468371881e+00
-1.083598007894458259e+00
-1.089629196626605623e+00
-1.095987501753670212e+00
-1.102683830107366925e+00
-1.109730221837679442e+00
-1.117139985192861174e+00
-1.124927851217701003e+00
-1.133110155291240817e+00
-1.141705047388571037e+00
-1.150732740448462188e+00
-1.160215800583791257e+00
-1.170179491916081727e+00
-1.180652182191197941e+00
-1.191665825620339847e+00
-1.203256529763194083e+00
-1.215465221011517549e+00
-1.228338400300748035e+00
-1.241928964231790999e+00
-1.256296980706812949e+00
-1.271510162871210659e+00
-1.287643419026090585e+00
-1.304776186411335193e+00
-1.322985061566821940e+00
-1.342328013532125608e+00
-1.362817557830248161e+00
-1.384389422374807666e+00
-1.406890310862170868e+00
-1.430108198204327774e+00
-1.453829115831767549e+00
-1.477876453067821894e+00
-1.502116285755138891e+00
-1.526444499024488533e+00
-1.550772385329842962e+00
-1.575016750395383358e+00
-1.599094500343885894e+00
-1.622920284871194552e+00
-1.646406012123044382e+00
-1.669461500324770586e+00
-1.691995846394232395e+00
-1.713919254521894420e+00
-1.735145147443219127e+00
-1.755592406093235081e+00
-1.775187595703997978e+00
-1.793867033377954945e+00
-1.811578562872373732e+00
-1.828282911554607093e+00
-1.843954535761707092e+00
-1.858581893849557964e+00
-1.872167138069731784e+00
-1.884725261069881252e+00
-1.896282782358960528e+00
-1.906876088488051124e+00
-1.916549562610540214e+00
-1.925353635149478659e+00
-1.933342877997196840e+00
-1.940574236592285784e+00
-1.947105469933388067e+00
-1.952993835631168018e+00
-1.958295035711527632e+00
-1.963062414609102913e+00
-1.967346390468136086e+00
-1.971194088346606588e+00
-1.974649143852102107e+00
-1.977751641702180985e+00
-1.980538159537477361e+00
-1.983041887296922212e+00
-1.985292800270637592e+00
-1.987317864808433754e+00
-1.989141263185575603e+00
-1.990784624385834034e+00
-1.992267253961953033e+00
-1.993606355399348606e+00
-1.994817240624749521e+00
-1.995913525696487056e+00
-1.996907311982379252e+00
-1.997809350924220739e+00
-1.998629194092045536e+00
-1.999375327673507341e+00
-2.000055293711684001e+00
-2.000675797680042223e+00
-2.001242804873450964e+00
-2.001761625321191840e+00
-2.002236989639842424e+00
-2.002673115491673261e+00
-2.003073766906322550e+00
-2.003442306028654141e+00
-2.003781739360503078e+00
-2.004094757943480243e+00
-2.004383773364727173e+00
-2.004650948927224619e+00
-2.004898227699558610e+00
-2.005127356700158181e+00
-2.005339908787068026e+00
-2.005537301442275044e+00
-2.005720813900343735e+00
-2.005891601763201137e+00
-2.006050710449464702e+00
-2.006199086588863700e+00
-2.006337588625432211e+00
-2.006466995721597701e+00
-2.006588016155613996e+00
-2.006701294296099114e+00
-2.006807417285672912e+00
-2.006906920516739579e+00
-2.007000292979528755e+00
-2.007087981570430557e+00
-2.007170395395594831e+00
-2.007247909167089617e+00
-2.007320866686696625e+00
-2.007389583527016352e+00
-2.007454349869248755e+00
-2.007515432621887808e+00
-2.007573077747331514e+00
-2.007627511936737719e+00
-2.007678944530423948e+00
-2.007727568841293664e+00
-2.007773563751017232e+00
-2.007817094754279275e+00
-2.007858315295028895e+00
-2.007897367588242776e+00
-2.007934383746823759e+00
-2.007969486425540406e+00
-2.008002789778513542e+00
-2.008034399960628491e+00
-2.008064415947283798e+00
-2.008092929921260872e+00
-2.008120027979946709e+00
-2.008145790429951560e+00
-2.008170292401922019e+00
-2.008193604070715566e+00
-2.008215791193954658e+00
-2.008236915272018308e+00
-2.008257034023333887e+00
-2.008276201495656110e+00
-2.008294468488598383e+00
-2.008311882625457123e+00
-2.008328488731492278e+00
-2.008344328873789664e+00
-2.008359442702216668e+00
-2.008373867463411511e+00
-2.008387638310065615e+00
-2.008400788293996708e+00
-2.008413348648393271e+00
-2.008425348764018015e+00
-2.008436816448227358e+00
-2.008447777887621744e+00
-2.008458257886984288e+00
-2.008468279821098434e+00
-2.008477865856219680e+00
-2.008487036893296995e+00
-2.008495812774136802e+00
-2.008504212217892881e+00
-2.008512253013720272e+00
-2.008519951952063121e+00
-2.008527325005319053e+00
-2.008534387255188847e+00
-2.008541153062620488e+00
-2.008547635992277147e+00
-2.008553848972838285e+00
-2.008559804219459455e+00
-2.008565513385329293e+00
-2.008570987482871661e+00
-2.008576237027318800e+00
-2.008581271957263770e+00
-2.008586101770915899e+00
-2.008590735446518671e+00
-2.008595181571833699e+00
-2.008599448264871246e+00
-2.008603543297084126e+00
-2.008607474014756811e+00
-2.008611247456342674e+00
-2.008614870274816777e+00
-2.008618348849501078e+00
-2.008621689209648231e+00
-2.008624897141067400e+00
-2.008627978111159340e+00
-2.008630937370602165e+00
-2.008633779880031334e+00
-2.008636510407028730e+00
-2.008639133454587000e+00
-2.008641653353617773e+00
-2.008644074193342455e+00
-2.008646399909488345e+00
-2.008648634216723128e+00
-2.008650780692700533e+00
-2.008652842712636666e+00
-2.008654823529346434e+00
-2.008656726210036769e+00
-2.008658553712469708e+00
-2.008660308824036012e+00
-2.008661994234159476e+00
-2.008663612475713567e+00
-2.008665165993753110e+00
-2.008666657089340557e+00
-2.008668087984689432e+00
-2.008669460769436643e+00
-2.008670777462286505e+00
-2.008672039959760625e+00
-2.008673250094412666e+00
-2.008674409586090448e+00
-2.008675520096787182e+00
-2.008676583184437536e+00
-2.008677600354461301e+00
-2.008678573016124069e+00
-2.008679502530823058e+00
-2.008680390171022179e+00
-2.008681237165333311e+00
-2.008682044660049293e+00
-2.008682813761047292e+00
-2.008683545497941481e+00
-2.008684240862851134e+00
-2.008684900777171656e+00
-2.008685526127250931e+00
-2.008686117733785803e+00
-2.008686676384431546e+00
-2.008687202805842009e+00
-2.008687697693229079e+00
-2.008688161685056706e+00
-2.008688595389577003e+00
-2.008688999362176819e+00
-2.008689374128917127e+00
-2.008689720166534354e+00
-2.008690037923003491e+00
-2.008690327800190190e+00
-2.008690590171458901e+00
-2.008690825366986399e+00
-2.008691033688412286e+00
-2.008691215396821494e+00
-2.008691370724454028e+00
-2.008691499865355556e+00
-2.008691602984151725e+00
-2.008691680209368169e+00
-2.008691731639278277e+00
-2.008691757337897066e+00
