2.617343329648752004e+01
2.617333515111795350e+01
2.617326304879215115e+01
2.617296838769325973e+01
2.617282388088553091e+01
2.617233202789273250e+01
2.617211451060676453e+01
2.617142433478994334e+01
2.617113289380948871e+01
2.617024280345631482e+01
2.616987621324603808e+01
2.616878414737166025e+01
2.616834086322221964e+01
2.616704428053583698e+01
2.616652242990217658e+01
2.616501829513831368e+01
2.616441566710480160e+01
2.616270043460086114e+01
2.616201446738850578e+01
2.616008406176204559e+01
2.615931182817275058e+01
2.615716162191875682e+01
2.615629981258803483e+01
2.615392460038052747e+01
2.615296950468331971e+01
2.615036347412282325e+01
2.614931095854622001e+01
2.614646765704761933e+01
2.614531314080901936e+01
2.614222543826877043e+01
2.614096386591749521e+01
2.613762391273680308e+01
2.613624972343059127e+01
2.613264890339808133e+01
2.613115599649196596e+01
2.612728487394580767e+01
2.612566657046847141e+01
2.612151483105953886e+01
2.611976383057978879e+01
2.611532021484386945e+01
2.611342854714455797e+01
2.610868077595677761e+01
2.610663974683372146e+01
2.610157443766052054e+01
2.609937456804546585e+01
2.609397714072071039e+01
2.609160809818652638e+01
2.608586266871452608e+01
2.608331319025228368e+01
2.607720245087069699e+01
2.607446025562528646e+01
2.606796533903660062e+01
2.606501702944204979e+01
2.605811735472833846e+01
2.605494830418512464e+01
2.604762140144131877e+01
2.604421562631241471e+01
2.603643693644521306e+01
2.603277694969754918e+01
2.602451959511284585e+01
2.602058623837409002e+01
2.601182075937776617e+01
2.600759300948513086e+01
2.599828706010274360e+01
2.599374180535152945e+01
2.598385980086785096e+01
2.597897158107234006e+01
2.596847428781712708e+01
2.596321499090516127e+01
2.595205904655478335e+01
2.594639755263770198e+01
2.593453490240925774e+01
2.592843666397458335e+01
2.591581389435240013e+01
2.590924043824347578e+01
2.589579798500816210e+01
2.588870631794232580e+01
2.587437751887086890e+01
2.586671941306526534e+01
2.585142936717007345e+01
2.584315049571126011e+01
2.582681467948119192e+01
2.581785356169409695e+01
2.580037613732469737e+01
2.579066284155411637e+01
2.577193457089578743e+01
2.576138910430166362e+01
2.574128475266456917e+01
2.572981504257819552e+01
2.570819011474646842e+01
2.569568945034967911e+01
2.567237604121342898e+01
2.565871979232426625e+01
2.563352124704549695e+01
2.561856259988627116e+01
2.559124654836238832e+01
2.557481088204449904e+01
2.554510001469127900e+01
2.552697736273325546e+01
2.549453700704010828e+01
2.547447176393622925e+01
2.543889283007430535e+01
2.541656939937098869e+01
2.537734445506157144e+01
2.535236675459990963e+01
2.530885561413860074e+01
2.528071698914033760e+01
2.523209576757171746e+01
2.520013337098611927e+01
2.514531644689102663e+01
2.510863936405535313e+01
2.504615488663423761e+01
2.500352553202196404e+01
2.493130675330776569e+01
2.488093368933117944e+01
2.479594701147903635e+01
2.473509602135350605e+01
2.463262355745213128e+01
2.455681546560772333e+01
2.442891753552624579e+01
2.433004574821256227e+01
2.416173719530547359e+01
2.402273129186250955e+01
2.378011625707228305e+01
2.355574763260788629e+01
2.314441449819569030e+01
2.271274427103279336e+01
2.191785372961981437e+01
2.104937045649142391e+01
1.964465541027150763e+01
1.931533339305830665e+01
2.094165162577497341e+01
2.161572477435107231e+01
2.170878935612856964e+01
2.166418630389701150e+01
2.169205212007200245e+01
2.165689706741638432e+01
2.167628691952087294e+01
2.164721273109735122e+01
2.166124465097317042e+01
2.163600239893643007e+01
2.164631020850927712e+01
2.162364399687042038e+01
2.163117443730655154e+01
2.161031509301029629e+01
2.161566007422142732e+01
2.159610139424857422e+01
2.159965248168898455e+01
2.158104193580307140e+01
2.158306927534688313e+01
2.156514983118822570e+01
2.156584570291126113e+01
2.154842263287580550e+01
2.154792702862563303e+01
2.153084787016613078e+01
2.152926429517864548e+01
2.151240617529944288e+01
2.150981182719966611e+01
2.149307312559244920e+01
2.148952568447773714e+01
2.147282036462852872e+01
2.146836265783422704e+01
2.145161629954818494e+01
2.144627958736102258e+01
2.142942653873790348e+01
2.142323287842868496e+01
2.140621416457809545e+01
2.139917814224758530e+01
2.138193989777793291e+01
2.137406991651219457e+01
2.135656218815958951e+01
2.134786143835605188e+01
2.133003725405776763e+01
2.132050445188863819e+01
2.130231908487630932e+01
2.129194903884595291e+01
2.127335941669556618e+01
2.126214346494651153e+01
2.124310768798930837e+01
2.123103403731174765e+01
2.121151098083393904e+01
2.119856497032562004e+01
2.117851395209985554e+01
2.116467825891349719e+01
2.114405875880007812e+01
2.112931355964426672e+01
2.110808498192907479e+01
2.109240808147393409e+01
2.107052955372213887e+01
2.105389648949775605e+01
2.103132669432051571e+01
2.101371082690271663e+01
2.099040786540596315e+01
2.097178046256573936e+01
2.094770175058312134e+01
2.092803207460800152e+01
2.090313427530584889e+01
2.088238968391932104e+01
2.085662868319793262e+01
2.083477475650192545e+01
2.080810569102534302e+01
2.078510639983045749e+01
2.075748375176134530e+01
2.073330168678513630e+01
2.070467946471265819e+01
2.067927615174621891e+01
2.064960818429026190e+01
2.062294451799882111e+01
2.059218489569246557e+01
2.056422173481026761e+01
2.053232544778878577e+01
2.050302442784811419e+01
2.046994826247538057e+01
2.043927289982766737e+01
2.040497667774196699e+01
2.037289386165232585e+01
2.033734213108708744e+01
2.030382413046219270e+01
2.026698845350811595e+01
2.023201560276972089e+01
2.019387762485389715e+01
2.015744190078469344e+01
2.011799744092280307e+01
2.008010719931538901e+01
2.003937166112651269e+01
2.000005786697311905e+01
1.995807333742324730e+01
1.991739768899761387e+01
1.987424215460007204e+01
1.983230755550050972e+01
1.978810670320396881e+01
1.974507054773550152e+01
1.970001258960024160e+01
1.965610324167908374e+01
1.961045703777512728e+01
1.956599361082913191e+01
1.952012994963858006e+01
1.947554489591574267e+01
1.942995996261361213e+01
1.938582287126784465e+01
1.934116149820527042e+01
1.929820069892428336e+01
1.925527480838829320e+01
1.921439083156330341e+01
1.917418565847180290e+01
1.913644767092589305e+01
1.910010559677164466e+01
1.906671976608956243e+01
1.903549057765287955e+01
1.900773011875317664e+01
1.898287984071901846e+01
1.896197301264995261e+01
1.894465353652924122e+01
1.893163941508047898e+01
1.892273742252260504e+01
1.891831673175465411e+01
