3.571555175620661604e+00
3.569694978629964766e+00
3.565975917562358433e+00
3.560400570604524972e+00
3.552973073531406012e+00
3.543698860867904976e+00
3.532585276707517874e+00
3.519641154806820715e+00
3.504877698429392563e+00
3.488307909651756855e+00
3.469947690523729644e+00
3.449815124152663781e+00
3.427931730725129800e+00
3.404321589210434595e+00
3.379012668878303760e+00
3.352035767745833006e+00
3.323425843036199812e+00
3.293220740843660899e+00
3.261462475342803202e+00
3.228195739499700512e+00
3.193469129822175123e+00
3.157333454563415742e+00
3.119842951289569566e+00
3.081053430847251029e+00
3.041023567056156729e+00
2.999812917755422248e+00
2.957483368610811514e+00
2.914097056475930092e+00
2.869718029470265996e+00
2.824410074578984187e+00
2.778238630137550125e+00
2.731268502105222318e+00
2.683566046163833541e+00
2.635196751395386894e+00
2.586227702101402404e+00
2.536725012559239545e+00
2.486756581768843954e+00
2.436389374709993394e+00
2.385692492803339615e+00
2.334734312634859421e+00
2.283585907412635230e+00
2.232318072026314049e+00
2.181005141976556594e+00
2.129721951876178299e+00
2.078548099102326407e+00
2.027564892982914202e+00
1.976860077352332379e+00
1.926524803017472642e+00
1.876658703208214485e+00
1.827366801859153345e+00
1.778764538295546593e+00
1.730974228003884230e+00
1.684129106133086973e+00
1.638368544507774027e+00
1.593839717654547794e+00
1.550690818739626220e+00
1.509069487990931213e+00
1.469114673458810527e+00
1.430953027596927774e+00
1.394692094271541061e+00
1.360417374044405436e+00
1.328189291133621941e+00
1.298042276149922625e+00
1.269985484813021426e+00
1.244003232255353586e+00
1.220058090112302818e+00
1.198091791270962769e+00
1.178029707440778839e+00
1.159781884537158136e+00
1.143248309732048273e+00
1.128319831432842646e+00
1.114883601773051680e+00
1.102823511356639585e+00
1.092025204436044561e+00
1.082375727476522886e+00
1.073767746406588230e+00
1.066098344970166645e+00
1.059272371424226256e+00
1.053200539078966047e+00
1.047802034407210092e+00
1.043002171074352002e+00
1.038734466084673791e+00
1.034938092012475996e+00
1.031559613309350754e+00
1.028550421611919896e+00
1.025868273358674365e+00
1.023474823740569084e+00
1.021337053873013545e+00
1.019424962322787120e+00
1.017712929632592855e+00
1.016177588054345993e+00
1.014799145256620516e+00
1.013559430494263003e+00
1.012443184823712761e+00
1.011436270727121389e+00
1.010526929199357049e+00
1.009704135520864021e+00
1.008958820981193050e+00
1.008282356960160442e+00
1.007667738684834280e+00
1.007108181075799580e+00
1.006598262534566413e+00
1.006132618018004132e+00
1.005707041745857566e+00
1.005317265093372825e+00
1.004960017972474695e+00
1.004631881105727542e+00
1.004330306543226969e+00
1.004052535596532625e+00
1.003796579478018591e+00
1.003560195613746542e+00
1.003341829748206404e+00
1.003139644541631847e+00
1.002952424701517353e+00
1.002778652738051335e+00
1.002617378797220793e+00
1.002467339235317167e+00
1.002327792865647327e+00
1.002197678653626411e+00
1.002076420073501728e+00
1.001963118748437020e+00
1.001857328563071858e+00
1.001758282501983954e+00
1.001665638091622901e+00
1.001578735044692081e+00
1.001497313520363974e+00
1.001420800476553241e+00
1.001349002147010170e+00
1.001281417249966887e+00
1.001217904989166518e+00
1.001158023475305914e+00
1.001101674468211300e+00
1.001048465544159605e+00
1.000998332710110184e+00
1.000950925001118375e+00
1.000906206015851341e+00
1.000863859758479135e+00
1.000823872068171028e+00
1.000785956632651574e+00
1.000750117213237367e+00
1.000716092855583383e+00
1.000683901745970994e+00
1.000653304731007776e+00
1.000624331580172388e+00
1.000596762002218698e+00
1.000570635033157796e+00
1.000545746804370140e+00
1.000522143723968638e+00
1.000499636311464435e+00
1.000478276793370425e+00
1.000457888372735082e+00
1.000438527816695400e+00
1.000420029577100411e+00
1.000402453908121325e+00
1.000385645297311221e+00
1.000369666615023023e+00
1.000354371354204019e+00
1.000339824279964374e+00
1.000325887011670023e+00
1.000312625610319417e+00
1.000299909068549375e+00
1.000287804245180379e+00
1.000276186857968819e+00
1.000265124148648432e+00
1.000254497999937264e+00
1.000244375690349630e+00
1.000234644781423210e+00
1.000225372299354598e+00
1.000216451060864653e+00
1.000207947598155789e+00
1.000199759612488526e+00
1.000191952939908591e+00
1.000184429840684786e+00
1.000177255285548128e+00
1.000170335806775723e+00
1.000163735368266860e+00
1.000157364520377179e+00
1.000151286101829573e+00
1.000145414455584580e+00
1.000139811196333772e+00
1.000134394258794357e+00
1.000129223951175872e+00
1.000124221620453779e+00
1.000119446199745576e+00
1.000114822287399452e+00
1.000110407384528388e+00
1.000106129196229876e+00
1.000102043744589997e+00
1.000098081711134679e+00
1.000094297600279347e+00
1.000090624952228557e+00
1.000087116722192304e+00
1.000083709202444160e+00
1.000080453773476652e+00
1.000077289382908186e+00
1.000074265816117691e+00
1.000071324588149180e+00
1.000068513873208387e+00
1.000065777673722733e+00
1.000063162540349992e+00
1.000060614889927146e+00
1.000058179640303191e+00
1.000055805556118393e+00
1.000053535915796710e+00
1.000051321770930812e+00
1.000049204756134902e+00
1.000047138154322113e+00
1.000045161953793116e+00
1.000043231617913086e+00
1.000041385487747680e+00
1.000039581160600433e+00
1.000037855330704994e+00
1.000036167686795485e+00
1.000034553277797222e+00
1.000032973845064843e+00
1.000031462794667592e+00
1.000029983885229123e+00
1.000028568883207125e+00
1.000027183532364861e+00
1.000025857963473319e+00
1.000024559876375729e+00
1.000023317770674103e+00
1.000022101276172082e+00
1.000020937266377530e+00
1.000019797277795774e+00
1.000018706563465143e+00
1.000017638546177423e+00
1.000016616864724650e+00
1.000015616810682850e+00
1.000014660415523782e+00
1.000013724825149719e+00
1.000012830471568970e+00
1.000011956343889175e+00
1.000011121283777227e+00
1.000010306116247749e+00
1.000009528103590561e+00
1.000008769904044748e+00
1.000008047214262064e+00
1.000007344528981212e+00
1.000006675997301642e+00
1.000006027961928945e+00
1.000005413049632974e+00
1.000004819474780371e+00
1.000004258379367794e+00
1.000003719892982978e+00
1.000003213733336782e+00
1.000002732024689811e+00
1.000002283167918282e+00
1.000001861435437567e+00
1.000001474129583956e+00
1.000001118008033707e+00
1.000000799817451824e+00
1.000000519743509342e+00
1.000000285878079875e+00
1.000000105988453347e+00
1.000000000647674581e+00
