-9.342658391860492184e-03
-9.581977224102311563e-03
-9.958280264959984418e-03
-1.056054989493743212e-02
-1.133850489398957606e-02
-1.232971245622915824e-02
-1.350135060765683681e-02
-1.488062380286370168e-02
-1.643862265502887832e-02
-1.819734519680582530e-02
-2.012688574042026390e-02
-2.224473102756080456e-02
-2.451654044306278424e-02
-2.695418459512155529e-02
-2.951563525660039211e-02
-3.220503355595172312e-02
-3.496952306262540722e-02
-3.780319843257801127e-02
-4.064017312981343943e-02
-4.346347540709621926e-02
-4.619478457540188154e-02
-4.880867652533416035e-02
-5.122014569776645043e-02
-5.340352878533405345e-02
-5.527864816605998488e-02
-5.683208471311224086e-02
-5.800164731783280514e-02
-5.879657982089891988e-02
-5.917961139615179889e-02
-5.918395458684422294e-02
-5.879342384952146450e-02
-5.805699597856195382e-02
-5.696865212511642573e-02
-5.558187208594073114e-02
-5.389022443377766702e-02
-5.194360120640706402e-02
-4.972914394558852758e-02
-4.728988904313535802e-02
-4.460490002796585474e-02
-4.171037912379987889e-02
-3.857802387509257080e-02
-3.523848974830007252e-02
-3.165746361429078171e-02
-2.786130636760075774e-02
-2.381077673958659213e-02
-1.952860423811125790e-02
-1.497112778466491712e-02
-1.015745259922290478e-02
-5.039545400324696445e-03
3.674372349080079481e-04
6.115743769859516288e-03
1.219393431220250346e-02
1.865692149851205794e-02
2.549449701430345216e-02
3.275926643539991967e-02
4.043547950002404634e-02
4.856359139764007682e-02
5.711117514475633206e-02
6.609396111270054996e-02
7.545198968611424584e-02
8.516770178522847790e-02
9.515037809437434935e-02
1.053508301859309437e-01
1.156553780292481626e-01
1.259951179750186390e-01
1.362491327540452102e-01
1.463458363094971293e-01
1.561745618110634559e-01
1.656769990371055323e-01
1.747663184537736059e-01
1.834077229738697579e-01
1.915445954061627265e-01
1.991683893478298217e-01
2.062517059910197736e-01
2.128087191527571198e-01
2.188352506575716450e-01
2.243613392980555732e-01
2.293981893600518795e-01
2.339844130914667808e-01
2.381393659590586298e-01
2.419042935611075973e-01
2.453012699575379818e-01
2.483701865073497939e-01
2.511323759437080194e-01
2.536241753971480994e-01
2.558643299512651237e-01
2.578847371263841559e-01
2.597008171520731046e-01
2.613399680563538441e-01
2.628142112553745746e-01
2.641468290779337980e-01
2.653467114943308669e-01
2.664335985619091240e-01
2.674136537939824088e-01
2.683036886983787284e-01
2.691075676713288178e-01
2.698397505176451383e-01
2.705021947308456354e-01
2.711075156074592152e-01
2.716560975721554194e-01
2.721591409667303285e-01
2.726157278319412125e-01
2.730359998893800988e-01
2.734179484769569957e-01
2.737709494611702543e-01
2.740920638122356090e-01
2.743901417604890369e-01
2.746614312492898224e-01
2.749144550681112409e-01
2.751447301984644711e-01
2.753606174112195326e-01
2.755569560867751067e-01
2.757420854087139772e-01
2.759101971355836791e-01
2.760697306945145701e-01
2.762142409819103861e-01
2.763523760851763211e-01
2.764770487378109265e-01
2.765972148876230663e-01
2.767051260701268722e-01
2.768101394901779644e-01
2.769038143642207350e-01
2.769959995544541420e-01
2.770775198523975358e-01
2.771588055311559051e-01
2.772298945260489034e-01
2.773018896415921364e-01
2.773639794986271223e-01
2.774280336960951998e-01
2.774823190537227258e-01
2.775395709865086102e-01
2.775870517413144278e-01
2.776384678500624648e-01
2.776799834485320084e-01
2.777263892431763859e-01
2.777626462678041142e-01
2.778047516967166453e-01
2.778363461378006161e-01
2.778747662810168717e-01
2.779022015803653267e-01
2.779374736370476828e-01
2.779611753541103569e-01
2.779937726879557203e-01
2.780141004569487984e-01
2.780444443044566283e-01
2.780617016095481286e-01
2.780901709329265947e-01
2.781046131185481718e-01
2.781315529897721572e-01
2.781433938371868364e-01
2.781691226661343053e-01
2.781785398006822452e-01
2.782033556634302962e-01
2.782104950039521185e-01
2.782346812842743100e-01
2.782396607049816284e-01
2.782634912288874940e-01
2.782664035715660122e-01
2.782901473915633805e-01
2.782910629409110492e-01
2.783149889087268014e-01
2.783139574238523428e-01
2.783383386810842075e-01
2.783353910609506765e-01
2.783605095708379662e-01
2.783556592207278024e-01
2.783818104656419212e-01
2.783750544227429624e-01
2.784025523967209037e-01
2.783938722683358957e-01
2.784230549045416114e-01
2.784124176692270858e-01
2.784436528582988069e-01
2.784310115802579588e-01
2.784647039600693930e-01
2.784499984679715268e-01
2.784865971923181638e-01
2.784697547790520034e-01
2.785097625177244129e-01
2.784906987242917742e-01
2.785346821936739992e-01
2.785133017510831310e-01
2.785619041447243704e-01
2.785381021626590070e-01
2.785920579345743664e-01
2.785657214490089850e-01
2.786258740168797154e-01
2.785968840331946583e-01
2.786642071123555109e-01
2.786324413301889957e-01
2.787080648020226481e-01
2.786734012585608267e-01
2.787586427345840057e-01
2.787209646943766828e-01
2.788173682765411332e-01
2.787765708091913819e-01
2.788859550126119857e-01
2.788419538802385800e-01
2.789664713156004283e-01
2.789192150357834854e-01
2.790614273206010187e-01
2.790109136413581603e-01
2.791738862226570972e-01
2.791201847831168426e-01
2.793076080586991972e-01
2.792508918069091517e-01
2.794672373603021009e-01
2.794078264945853984e-01
2.796585507572546536e-01
2.795969747594403976e-01
2.798887875222970112e-01
2.798258736231132859e-01
2.801670963804627212e-01
2.801040970997401014e-01
2.805051476104073460e-01
2.804439268090983539e-01
2.809179837263396373e-01
2.808612915374309460e-01
2.814252202525650559e-01
2.813771051837086756e-01
2.820527695971113968e-01
2.820192061411527229e-01
2.828353622403833589e-01
2.828252239193699280e-01
2.838203103573154196e-01
2.838469090659003768e-01
2.850732557392939848e-01
2.851568335098021434e-01
2.866871756301341834e-01
2.868590453425344799e-01
2.887969071091920359e-01
2.891065442945260910e-01
2.916033572127736395e-01
2.921309788318627865e-01
2.954154203311921134e-01
2.962952278517262950e-01
3.007258366843995612e-01
3.021910929146268132e-01
3.083558291318854727e-01
3.108314911907897882e-01
3.197486715640749377e-01
3.240556558218630201e-01
3.376128155297710154e-01
3.454596513957701731e-01
3.674718948780889560e-01
3.827779560564700256e-01
4.218892086602739622e-01
4.549116683598629640e-01
5.340453602496166852e-01
6.171569552085813815e-01
8.128515897017363212e-01
1.081849507393142673e+00
1.761866783227026501e+00
3.118581205601699935e+00
7.394640843708898181e+00
1.660212046514316953e+01
