2.842702082890183890e-01
2.843510418598542144e-01
2.845111694763043375e-01
2.847494249437002023e-01
2.850612067360332458e-01
2.854441295483179930e-01
2.858906083909071305e-01
2.863969892917068161e-01
2.869529214362435132e-01
2.875535397822923667e-01
2.881861932909781099e-01
2.888450943469409449e-01
2.895161005354832118e-01
2.901931077251604929e-01
2.908616430155742671e-01
2.915161812836410959e-01
2.921432823652683197e-01
2.927389907630895682e-01
2.932921499286783029e-01
2.938011409794031303e-01
2.942578614091370115e-01
2.946632815520701665e-01
2.950124112524574738e-01
2.953084563184702471e-01
2.955489206230528798e-01
2.957384421640680827e-01
2.958759881471786368e-01
2.959666694900344730e-01
2.960097972579462944e-01
2.960100978419735185e-01
2.959662390066850612e-01
2.958819230651765220e-01
2.957543775396940244e-01
2.955858302014414130e-01
2.953713855040641101e-01
2.951114143760349973e-01
2.947981765488738026e-01
2.944297099492573788e-01
2.939944791010979386e-01
2.934874400333732924e-01
2.928918695246559567e-01
2.921984298553537696e-01
2.913831479590706652e-01
2.904305365697641972e-01
2.893064550584409367e-01
2.879867029978977477e-01
2.864232666249695858e-01
2.845803560266014776e-01
2.823924814560898611e-01
2.798107150366197504e-01
2.767513896171855392e-01
2.731562312141276316e-01
2.689311902116438002e-01
2.640238266608444517e-01
2.583517007933471832e-01
2.518965090956428732e-01
2.446191060276242946e-01
2.365627238299233825e-01
2.277509710252323127e-01
2.182908347025423190e-01
2.082579161344408070e-01
1.977973638437039161e-01
1.870085848043149535e-01
1.760452797720046536e-01
1.650079928723399425e-01
1.540403116438662234e-01
1.432308578513293018e-01
1.327018253865281383e-01
1.225207101054814063e-01
1.127800676176946432e-01
1.035199143433171431e-01
9.479922766123401179e-02
8.662934045533372818e-02
7.903761713032431135e-02
7.201096801613797449e-02
6.555177394702153826e-02
5.962998071668631356e-02
5.423141233153974672e-02
4.931689490144489790e-02
4.486343796919977506e-02
4.082913000722921543e-02
3.718797545467830701e-02
3.389961245724126826e-02
3.093873484382915137e-02
2.826890181454696713e-02
2.586746149665994018e-02
2.370285696633215797e-02
2.175586648807751114e-02
1.999989569145243715e-02
1.841921738389349153e-02
1.699180368827836116e-02
1.570511972028801675e-02
1.454110575209712451e-02
1.348996844259072597e-02
1.253697582962511395e-02
1.167460015621615312e-02
1.089083770258733076e-02
1.017998654019347179e-02
9.532247856898627345e-03
8.943366716680426279e-03
8.405310841289615267e-03
7.914959265962442231e-03
7.465688316109045895e-03
7.055259120569395970e-03
6.678169017399024354e-03
6.332862042151772390e-03
6.014727736002022443e-03
5.722737328544154865e-03
5.452991537124743035e-03
5.204867984743732044e-03
4.975035710655588243e-03
4.763185482071043315e-03
4.566441972127682249e-03
4.384737340433564681e-03
4.215562890786956306e-03
4.059037075269396333e-03
3.912947356801621188e-03
3.777556220963645441e-03
3.650891299152306518e-03
3.533326729022110736e-03
3.423085638380185276e-03
3.320629025527179184e-03
3.224339701997697930e-03
3.134746567440035384e-03
3.050363254597556091e-03
2.971772089944240986e-03
2.897594132952984857e-03
2.828454115693888708e-03
2.763061446072851216e-03
2.702074904307765011e-03
2.644276587630355491e-03
2.590353026142066476e-03
2.539146066057769002e-03
2.491365284852961257e-03
2.445901507421925115e-03
2.403483896212146257e-03
2.363043223045595883e-03
2.325325739764404296e-03
2.289294531226011842e-03
2.255711199672650463e-03
2.223564636758050290e-03
2.193630650823744522e-03
2.164918346401532075e-03
2.138217063617201333e-03
2.112551265796320989e-03
2.088723524490602220e-03
2.065769408633584287e-03
2.044504720971110443e-03
2.023972371173108926e-03
2.005001636497843326e-03
1.986639398959088101e-03
1.969728854095891685e-03
1.953317808892907070e-03
1.938263988875391476e-03
1.923613337129184610e-03
1.910238864673542486e-03
1.897182068048902312e-03
1.885332125633840117e-03
1.873723666806687439e-03
1.863263033487395784e-03
1.852975691480355592e-03
1.843786249134076252e-03
1.834708803628698742e-03
1.826687435420882091e-03
1.818722730382734592e-03
1.811779548800329523e-03
1.804842858836873658e-03
1.798899712399599669e-03
1.792917365861932538e-03
1.787906583168924306e-03
1.782814804619937922e-03
1.778678142173295822e-03
1.774422083878867285e-03
1.771109850505916440e-03
1.767642788385451148e-03
1.765113124346000522e-03
1.762395798597382601e-03
1.760614091842613348e-03
1.758614176447685596e-03
1.757552602184753133e-03
1.756244290877096619e-03
1.755881463750737182e-03
1.755245162938029501e-03
1.755565893909040052e-03
1.755588015621713759e-03
1.756583168133863098e-03
1.757256018445580359e-03
1.758922460852495274e-03
1.760244221510462318e-03
1.762584875114672983e-03
1.764559678460150003e-03
1.767583663037503678e-03
1.770221762832252001e-03
1.773944644336117836e-03
1.777262688007591809e-03
1.781706836462393362e-03
1.785728247737358937e-03
1.790923317370679687e-03
1.795678802536398869e-03
1.801662351266075787e-03
1.807190547701503476e-03
1.814008819576175789e-03
1.820357112158134654e-03
1.828066014776879309e-03
1.835291554869189186e-03
1.843957874899630192e-03
1.852128848682910818e-03
1.861831763380281720e-03
1.871028972421049123e-03
1.881861934990336971e-03
1.892180773844014509e-03
1.904253877723150303e-03
1.915806823464705861e-03
1.929249788334088398e-03
1.942169558887406723e-03
1.957135534248984499e-03
1.971579131853858340e-03
1.988249589805822330e-03
2.004403531633254434e-03
2.022994630641297611e-03
2.041081794251808131e-03
2.061852758930032836e-03
2.082141458294000866e-03
2.105405766947464601e-03
2.128221962074327341e-03
2.154362515128278085e-03
2.180106507755012746e-03
2.209596554206131810e-03
2.238766243181701879e-03
2.272198825052539322e-03
2.305422785986161686e-03
2.343553109258595182e-03
2.381638794018657405e-03
2.425446795855419266e-03
2.469452740307132455e-03
2.520238287011231787e-03
2.571585843509355176e-03
2.631118746071729134e-03
2.691771695623909957e-03
2.762538141106584463e-03
2.835304872464536243e-03
2.920932988932528965e-03
3.010003752817908083e-03
3.116044889851322074e-03
3.228014530614782118e-03
3.363491577440124933e-03
3.509482252726191503e-03
3.690273866741128946e-03
3.890864696315451000e-03
4.148118421039926132e-03
4.446636590403400986e-03
4.851554324162093111e-03
5.357419481640366028e-03
6.107979054729769687e-03
7.135587457663706071e-03
8.444527508810044727e-03
