-4.508447279901866964e-05
-2.919531062269677482e-06
-1.973281973517344471e-05
-8.829744810916954727e-06
-1.676965834195360929e-05
-1.027441572584913318e-05
-1.544895007687861497e-05
-1.075791943000329868e-05
-1.455222068514339479e-05
-1.083568702889095524e-05
-1.379157386192043022e-05
-1.067907129021648447e-05
-1.306564322191211036e-05
-1.036006176135271279e-05
-1.233093920595104413e-05
-9.915118256630588389e-06
-1.156624349466866297e-05
-9.364691815798872296e-06
-1.075958445457565461e-05
-8.720300592713451401e-06
-9.902535704114078798e-06
-7.987529046110076892e-06
-8.987620491729676574e-06
-7.167755197482753944e-06
-8.007415914352024040e-06
-6.259624105595475014e-06
-6.954700456213756863e-06
-5.260544064015219951e-06
-5.823188570991671699e-06
-4.168173843355606717e-06
-4.608510127611720421e-06
-2.981806125397054386e-06
-3.309228618450217344e-06
-1.703604638764770773e-06
-1.927822196006089782e-06
-3.397220767994110483e-07
-4.716395901023412752e-07
1.098634900203223452e-06
1.046118698781090891e-06
2.594119322223412001e-06
2.605336862001287868e-06
4.122070892044628225e-06
4.177787912580609990e-06
5.649208607381784473e-06
5.725781609530594968e-06
7.132194383984398543e-06
7.200729398278450712e-06
8.516254611026167270e-06
8.542015436374579359e-06
9.734567340510542804e-06
9.677364007393367466e-06
1.071026066837646868e-05
1.052734402720305807e-05
1.136441814893058276e-05
1.101777610742591319e-05
1.163324796437121789e-05
1.110098033960318236e-05
1.149114465391873012e-05
1.077693792671145922e-05
1.096538351776650246e-05
1.009785682523021582e-05
1.012906085971587808e-05
9.151271639720956418e-06
9.078362988506252294e-06
8.036372126547472697e-06
7.911609124607030656e-06
6.847503427125860542e-06
6.717085142351791547e-06
5.665264130084662532e-06
5.566305524907865684e-06
4.551231132291920166e-06
4.510086946076941191e-06
3.545499563191984233e-06
3.577811440921171481e-06
2.667688461399964997e-06
2.780084092987992958e-06
1.920879571443433406e-06
2.113569656948773478e-06
1.296863380655707222e-06
1.566279202271110561e-06
7.811216816207141139e-07
1.122052428911755408e-06
3.566717011495183152e-07
7.637307651062471470e-07
6.577814702605415343e-09
4.750655089799435761e-07
-2.846674514378241691e-07
2.416555456204760331e-07
-5.305618719548620597e-07
5.124759100902374841e-08
-7.425031726470222668e-07
-1.063290096756714769e-07
-9.299606180858846566e-07
-2.394053626186120453e-07
-1.100760277452491899e-06
-3.547797658953115479e-07
-1.261398543084296945e-06
-4.580259634378974514e-07
-1.417340489985221699e-06
-5.537739734296844890e-07
-1.573284920571285153e-06
-6.459535199916754604e-07
-1.733392075742932117e-06
-7.380000750740070933e-07
-1.901476773476490177e-06
-8.330282177571353086e-07
-2.081172665950118895e-06
-9.339785393940508943e-07
-2.276074250129755796e-06
-1.043744656024576505e-06
-2.489862812464253960e-06
-1.165286200202149290e-06
-2.726422165476839841e-06
-1.301733285472728772e-06
-2.989949069905431177e-06
-1.456486870649566448e-06
-3.285062802098804338e-06
-1.633319225929164291e-06
-3.616917856272773007e-06
-1.836478061161695041e-06
-3.991323274940374019e-06
-2.070797576316603799e-06
-4.414871992512695397e-06
-2.341819815297227414e-06
-4.895083537291466408e-06
-2.655929189428350659e-06
-5.440563406672429468e-06
-3.020503516207976417e-06
-6.061182624394593850e-06
-3.444084947931379971e-06
-6.768281228273244513e-06
-3.936574338005822939e-06
-7.574899748361948646e-06
-4.509453178171241227e-06
-8.496043383642377914e-06
-5.176037509040514098e-06
-9.548983987465541176e-06
-5.951768984555537210e-06
-1.075360574532042476e-05
-6.854548955148394243e-06
-1.213280171443696077e-05
-7.905122493363401790e-06
-1.371292889513066661e-05
-9.127520290454897326e-06
-1.552433152684301883e-05
-1.054956801826830404e-05
-1.760194386407000798e-05
-1.220347448975274910e-05
-1.998598581548558499e-05
-1.412651204863707958e-05
-2.272276743443018662e-05
-1.636180586080675681e-05
-2.586562187243657252e-05
-1.895925180666567704e-05
-2.947599056867060194e-05
-2.197658736479439335e-05
-3.362468912542132727e-05
-2.548064471433804812e-05
-3.839338951708315563e-05
-2.954882299416016216e-05
-4.387636119669664818e-05
-3.427082356534947097e-05
-5.018252453890792962e-05
-3.975070335368883958e-05
-5.743788055198447643e-05
-4.610931308022150589e-05
-6.578839728818011105e-05
-5.348720280831474318e-05
-7.540344998385357391e-05
-6.204809614913909220e-05
-8.647993486936645985e-05
-7.198305713124117649e-05
-9.924720328890957106e-05
-8.351550234711314197e-05
-1.139729987072245172e-04
-9.690724671245489429e-05
-1.309706163798515929e-04
-1.124658120374595063e-04
-1.506075635612413237e-04
-1.305532864233174860e-04
-1.733160580896648249e-04
-1.515970859224364078e-04
-1.996057898123844096e-04
-1.761030604249178000e-04
-2.300794725297575141e-04
-2.046714971881265720e-04
-2.654518565019693818e-04
-2.380167186570940861e-04
-3.065730440249471878e-04
-2.769911689866981475e-04
-3.544571974019525566e-04
-3.226151314081407168e-04
-4.103180414854769027e-04
-3.761135726340465398e-04
-4.756129989243893181e-04
-4.389620687890472559e-04
-5.520983815170864761e-04
-5.129444205893040395e-04
-6.418988804192584524e-04
-6.002254490556183401e-04
-7.475957234511851216e-04
-7.034437168922413105e-04
-8.723394645326513564e-04
-8.258306855413032489e-04
-1.019995628336403627e-03
-9.713653391245593476e-04
-1.195334680557801890e-03
-1.144976954439782440e-03
-1.404282516504181191e-03
-1.352814030232413938e-03
-1.654254610106518876e-03
-1.602605315218906101e-03
-1.954607352029941354e-03
-1.904150801098377374e-03
-2.317255883872969876e-03
-2.269998831387827574e-03
-2.757532101651776878e-03
-2.716394000054323313e-03
-3.295394875800483452e-03
-3.264625915722538761e-03
-3.957166249443797891e-03
-3.942982788847787697e-03
-4.778068913890146617e-03
-4.789636960424177581e-03
-5.806011661117305676e-03
-5.857000368163641293e-03
-7.107367035968255135e-03
-7.218459992778545990e-03
-8.776018395237717568e-03
-8.979081809553106711e-03
-1.094794262783520440e-02
-1.129315666279338652e-02
-1.382550478139563284e-02
-1.439400071151996675e-02
-1.771950120881960605e-02
-1.864669331994480567e-02
-2.312521111684413128e-02
-2.464601350926092990e-02
-3.086734092947061858e-02
-3.340903041671387796e-02
-4.239410455103492792e-02
-4.678098266649194370e-02
-6.042124833568897346e-02
-6.836702408099080974e-02
-9.048373893220841568e-02
-1.059162046648495642e-01
-1.451636713851879590e-01
-1.783548156252019179e-01
-2.576756653768169092e-01
-3.410272865480694637e-01
-5.370004483419477115e-01
-8.063761676376757226e-01
-1.486865432353056793e+00
-2.844280151571264792e+00
-7.121298582221627704e+00
-1.632999948790703826e+01
