4.791744094847398969e+02
4.789248378693756081e+02
4.784258734677971461e+02
4.776778621800453948e+02
4.766813588785549314e+02
4.754370926813522829e+02
4.739460489019748479e+02
4.722094127132346557e+02
4.702286871906677561e+02
4.680056167458913592e+02
4.655423348627676887e+02
4.628412676447339322e+02
4.599053023277936632e+02
4.567376694446787724e+02
4.533421214666925039e+02
4.497227903814227261e+02
4.458843661925092761e+02
4.418319264863185936e+02
4.375711080558743333e+02
4.331079070917919580e+02
4.284488434997690547e+02
4.236007339222824726e+02
4.185708550924225619e+02
4.133666948210040459e+02
4.079961250269873858e+02
4.024671362329865474e+02
3.967880312723304996e+02
3.909671466787333998e+02
3.850130754091355243e+02
3.789343753856315402e+02
3.727398260822074576e+02
3.664381221306782663e+02
3.600381660799602059e+02
3.535487442124019140e+02
3.469788568315086650e+02
3.403373740983880111e+02
3.336334056198089684e+02
3.268759356905850950e+02
3.200742352391516761e+02
3.132374779471674628e+02
3.063751992861115809e+02
2.994968973871265803e+02
2.926125454041696230e+02
2.857321834541202179e+02
2.788664906457462962e+02
2.720263757701129634e+02
2.652236108979184337e+02
2.584704251931876229e+02
2.517801858564102133e+02
2.451669833270073298e+02
2.386463054156921828e+02
2.322345624670143138e+02
2.259496298519724178e+02
2.198102062630063358e+02
2.138360372348784324e+02
2.080470049671965285e+02
2.024629174751114817e+02
1.971024165957783794e+02
1.919824945389517836e+02
1.871175798283626364e+02
1.825191435681028906e+02
1.781952925177222369e+02
1.741506460283868591e+02
1.703864324687965563e+02
1.669005474931457798e+02
1.636879695593803774e+02
1.607408813139817028e+02
1.580492703211062633e+02
1.556010679738738531e+02
1.533828561433556388e+02
1.513799906066963956e+02
1.495773312338609173e+02
1.479593003147074342e+02
1.465105554157260315e+02
1.452159422299975233e+02
1.440610603807132009e+02
1.430321022031988036e+02
1.421163017515185345e+02
1.413016799591995039e+02
1.405773945538257124e+02
1.399334253121269569e+02
1.393608526042368112e+02
1.388515155746297012e+02
1.383982450921863006e+02
1.379945196606192894e+02
1.376346717114199407e+02
1.373135567486116884e+02
1.370267448239653731e+02
1.367702108228348266e+02
1.365405175343362600e+02
1.363345298460777428e+02
1.361495923381492048e+02
1.359832671492686984e+02
1.358335070773323139e+02
1.356984153752834459e+02
1.355764144070327575e+02
1.354660250512387165e+02
1.353660306127193280e+02
1.352752734405976014e+02
1.351928137459670438e+02
1.351177412148992971e+02
1.350493284636281999e+02
1.349868556960852004e+02
1.349297586476373567e+02
1.348774646221774844e+02
1.348295348913518126e+02
1.347855107109535879e+02
1.347450502376314319e+02
1.347077833544924488e+02
1.346734432376771906e+02
1.346417290143193952e+02
1.346124321591606190e+02
1.345853061672038677e+02
1.345601879898499078e+02
1.345368740344762841e+02
1.345152368647945025e+02
1.344951069452106651e+02
1.344763848350949615e+02
1.344589281817198980e+02
1.344426596360390818e+02
1.344274586681519565e+02
1.344132654254022157e+02
1.343999770018724575e+02
1.343875474499142797e+02
1.343758881826909430e+02
1.343649643388971811e+02
1.343546990368695901e+02
1.343450662801378428e+02
1.343359988146953867e+02
1.343274777507421334e+02
1.343194438026068553e+02
1.343118837899871494e+02
1.343047450637158136e+02
1.342980190382254477e+02
1.342916586266276511e+02
1.342856589451711500e+02
1.342799775985665178e+02
1.342746126869390082e+02
1.342695257974659171e+02
1.342647174347808630e+02
1.342601525881845532e+02
1.342558336976226769e+02
1.342517286773007186e+02
1.342478415212133029e+02
1.342441426741883674e+02
1.342406373734563942e+02
1.342372982671718660e+02
1.342341315816364897e+02
1.342311118953750793e+02
1.342282462153095821e+02
1.342255108216399151e+02
1.342229133304767004e+02
1.342204315312047811e+02
1.342180735077695601e+02
1.342158183959868438e+02
1.342136746307996020e+02
1.342116225562241141e+02
1.342096708614116949e+02
1.342078009806520811e+02
1.342060217769582664e+02
1.342043156738480718e+02
1.342026916413735478e+02
1.342011330053219922e+02
1.341996487871186616e+02
1.341982231396672205e+02
1.341968650893275878e+02
1.341955595508970589e+02
1.341943155168835062e+02
1.341931186071410878e+02
1.341919777479014328e+02
1.341908792143483709e+02
1.341898318393143654e+02
1.341888225096384133e+02
1.341878599420587648e+02
1.341869315965645342e+02
1.341860460548133176e+02
1.341851913158759828e+02
1.341843758104518827e+02
1.341835880464432762e+02
1.341828362903284528e+02
1.341821095318943549e+02
1.341814158623363937e+02
1.341807447292439690e+02
1.341801040393244762e+02
1.341794836763847911e+02
1.341788913550087727e+02
1.341783173758174144e+02
1.341777692549622998e+02
1.341772376923941863e+02
1.341767300006477512e+02
1.341762372632058202e+02
1.341757665847553085e+02
1.341753094180078278e+02
1.341748726563797902e+02
1.341744481088346674e+02
1.341740424547819828e+02
1.341736478476414902e+02
1.341732707506611177e+02
1.341729036509781281e+02
1.341725527940186282e+02
1.341722109908469349e+02
1.341718842678248507e+02
1.341715657510075630e+02
1.341712612468049315e+02
1.341709641880989921e+02
1.341706801607594173e+02
1.341704028970312663e+02
1.341701377619080517e+02
1.341698787801732351e+02
1.341696310958205345e+02
1.341693890199312307e+02
1.341691574755533907e+02
1.341689310543631848e+02
1.341687144586673810e+02
1.341685025555300399e+02
1.341682998268456970e+02
1.341681014103234872e+02
1.341679115678809069e+02
1.341677257035615582e+02
1.341675478598325242e+02
1.341673737031730695e+02
1.341672070572060420e+02
1.341670438473420006e+02
1.341668876790403715e+02
1.341667347335226168e+02
1.341665883988393944e+02
1.341664451092839840e+02
1.341663080363332199e+02
1.341661738650040832e+02
1.341660455511287466e+02
1.341659200285082250e+02
1.341658000383840772e+02
1.341656827618492969e+02
1.341655707267787534e+02
1.341654613605782060e+02
1.341653569792268854e+02
1.341652552560833840e+02
1.341651582970745551e+02
1.341650640219512525e+02
1.341649743290144272e+02
1.341648873859457183e+02
1.341648048868040632e+02
1.341647252503808545e+02
1.341646499715317873e+02
1.341645777260021077e+02
1.341645098175595194e+02
1.341644451895627412e+02
1.341643849691075445e+02
1.341643283877578199e+02
1.341642764252248128e+02
1.341642286465051370e+02
1.341641859567588995e+02
1.341641483808964495e+02
1.341641170045565730e+02
1.341640928698305686e+02
1.341640787368820327e+02
