5.300308471303925018e+00
5.300195343589710895e+00
5.299968992365100107e+00
5.299629220404339591e+00
5.299175747505700862e+00
5.298608193909608133e+00
5.297926116685236053e+00
5.297128983030772176e+00
5.296216223422177904e+00
5.295187195779762490e+00
5.294041253345713294e+00
5.292777700332943702e+00
5.291395871474919410e+00
5.289895078908695147e+00
5.288274699456850136e+00
5.286534111472469100e+00
5.284672785734883860e+00
5.282690210397753994e+00
5.280585982483845697e+00
5.278359719423797891e+00
5.276011150589956067e+00
5.273540015088441280e+00
5.270946155804611344e+00
5.268229404324696219e+00
5.265389682328306620e+00
5.262426874894360118e+00
5.259340944948457164e+00
5.256131795531787887e+00
5.252799402551054264e+00
5.249343665391094760e+00
5.245764562264005448e+00
5.242061987577976367e+00
5.238235933583662352e+00
5.234286312640508143e+00
5.230213169069381607e+00
5.226016484994825184e+00
5.221696427458563328e+00
5.217253137841363575e+00
5.212687021392361508e+00
5.207998522424351684e+00
5.203188466521990740e+00
5.198257827001132370e+00
5.193208134161343636e+00
5.188041243101080724e+00
5.182759828844236694e+00
5.177367170853757194e+00
5.171867754886244839e+00
5.166267091772906106e+00
5.160572438041186594e+00
5.154792654787223150e+00
5.148939020774310649e+00
5.143025090337792982e+00
5.137067480251205964e+00
5.131085590038955146e+00
5.125102111929226822e+00
5.119142397193065186e+00
5.113234408499242711e+00
5.107407637658949007e+00
5.101692478351994353e+00
5.096118958989944936e+00
5.090715874281253939e+00
5.085509776574406615e+00
5.080524208072329628e+00
5.075779168048129897e+00
5.071290543806322049e+00
5.067070043944885249e+00
5.063124835724683415e+00
5.059457910714184159e+00
5.056067949875695078e+00
5.052950073400276132e+00
5.050095900121734260e+00
5.047494553271824280e+00
5.045132797601062258e+00
5.042996120520003345e+00
5.041068811693981466e+00
5.039334966712905484e+00
5.037778423993401589e+00
5.036383611872167876e+00
5.035135325784691140e+00
5.034019408089562830e+00
5.033022395640508684e+00
5.032132060479533209e+00
5.031336975379736565e+00
5.030626954767827286e+00
5.029992582692310421e+00
5.029425588802168612e+00
5.028918371423125144e+00
5.028464333569827360e+00
5.028057421325495824e+00
5.027692435465592524e+00
5.027364595546911730e+00
5.027069835797686181e+00
5.026804398831114185e+00
5.026565120075718873e+00
5.026349051242775090e+00
5.026153735109269327e+00
5.025976856939087689e+00
5.025816510207838483e+00
5.025670873381778314e+00
5.025538466664817960e+00
5.025417851371685174e+00
5.025307877639360044e+00
5.025207403775897141e+00
5.025115534909269321e+00
5.025031359968721745e+00
5.024954181334599035e+00
5.024883267418261745e+00
5.024818073473763747e+00
5.024758008038220147e+00
5.024702645147827162e+00
5.024651503163695132e+00
5.024604248694061859e+00
5.024560486555731842e+00
5.024519955742142940e+00
5.024482329459197594e+00
5.024447403498625953e+00
5.024414905443387980e+00
5.024384675811718992e+00
5.024356485656403137e+00
5.024330210840832756e+00
5.024305657363036026e+00
5.024282729114226242e+00
5.024261260346673197e+00
5.024241177250023505e+00
5.024222337055451071e+00
5.024204683747295341e+00
5.024188093357252249e+00
5.024172524109951077e+00
5.024157867512522024e+00
5.024144093213523732e+00
5.024131105536896236e+00
5.024118883314737438e+00
5.024107341551885320e+00
5.024096466474833100e+00
5.024086182045125248e+00
5.024076480449422455e+00
5.024067293207479246e+00
5.024058617312148201e+00
5.024050390701651381e+00
5.024042614243214189e+00
5.024035231360252318e+00
5.024028246039322632e+00
5.024021606421211317e+00
5.024015318997965274e+00
5.024009335993082637e+00
5.024003665903459037e+00
5.023998264508255041e+00
5.023993141899660841e+00
5.023988256972794275e+00
5.023983621079122663e+00
5.023979195861201674e+00
5.023974993653337329e+00
5.023970978535251319e+00
5.023967163596087637e+00
5.023963515090318133e+00
5.023960046673413338e+00
5.023956726551674024e+00
5.023953568790690660e+00
5.023950543358366438e+00
5.023947664600712848e+00
5.023944904084209462e+00
5.023942276327396428e+00
5.023939754355001064e+00
5.023937352768197862e+00
5.023935045928665133e+00
5.023932848445199717e+00
5.023930735911148027e+00
5.023928722880263820e+00
5.023926786085800344e+00
5.023924939974079074e+00
5.023923162337959880e+00
5.023921467472497682e+00
5.023919834159633169e+00
5.023918276506470271e+00
5.023916774221836690e+00
5.023915341194191697e+00
5.023913958004221136e+00
5.023912638296068600e+00
5.023911363473406944e+00
5.023910146914617236e+00
5.023908970802824392e+00
5.023907848232754603e+00
5.023906762128074632e+00
5.023905725284966373e+00
5.023904721332755230e+00
5.023903762756726898e+00
5.023902833860511841e+00
5.023901946808290830e+00
5.023901086549736661e+00
5.023900264919537229e+00
5.023899467487877857e+00
5.023898705753100380e+00
5.023897965882783367e+00
5.023897259033384799e+00
5.023896571948894163e+00
5.023895915439457127e+00
5.023895276806407573e+00
5.023894666510084761e+00
5.023894072391808407e+00
5.023893504559420187e+00
5.023892951378395644e+00
5.023892422602066254e+00
5.023891907105615395e+00
5.023891414286424606e+00
5.023890933516182322e+00
5.023890473835365356e+00
5.023890025100099521e+00
5.023889595993410673e+00
5.023889176844824611e+00
5.023888775979712840e+00
5.023888384190912326e+00
5.023888009446221048e+00
5.023887642992566072e+00
5.023887292440501362e+00
5.023886949482621489e+00
5.023886621372767536e+00
5.023886300241529490e+00
5.023885992986739879e+00
5.023885692170012796e+00
5.023885404334018645e+00
5.023885122465092223e+00
5.023884852751723251e+00
5.023884588599297096e+00
5.023884335843220583e+00
5.023884088302887463e+00
5.023883851461839356e+00
5.023883619549046387e+00
5.023883397697537667e+00
5.023883180542061844e+00
5.023882972866635654e+00
5.023882769708650109e+00
5.023882575504816650e+00
5.023882385692754582e+00
5.023882204363848025e+00
5.023882027354364510e+00
5.023881858412737600e+00
5.023881693773304846e+00
5.023881536844531759e+00
5.023881384259536453e+00
5.023881239090743911e+00
5.023881098372545040e+00
5.023880964846799912e+00
5.023880835954318336e+00
5.023880714114549839e+00
5.023880597184184005e+00
5.023880487273394202e+00
5.023880382672001765e+00
5.023880285204236351e+00
5.023880193626381718e+00
5.023880109524124116e+00
5.023880032193412504e+00
5.023879963099272317e+00
5.023879902282027743e+00
5.023879851498816329e+00
5.023879812436287118e+00
5.023879789561829234e+00
