1.283651717551411719e-01
1.284203843891381369e-01
1.285299501716215542e-01
1.286942071916835073e-01
1.289105280800732778e-01
1.291794900021651649e-01
1.294965445206175958e-01
1.298622948753039852e-01
1.302699955067870563e-01
1.307199203850602232e-01
1.312027013345864190e-01
1.317177510697017939e-01
1.322524839489665205e-01
1.328047264745042810e-01
1.333579377353572570e-01
1.339075011597106457e-01
1.344321978762897940e-01
1.349242313562162565e-01
1.353574204802386605e-01
1.357207520288840896e-01
1.359840113223323987e-01
1.361345133266374519e-01
1.361410125291633577e-01
1.359928864057189657e-01
1.356629309624855784e-01
1.351476639988391515e-01
1.344291047857453791e-01
1.335145671052085370e-01
1.323973821387832150e-01
1.310952423673865108e-01
1.296103619584834110e-01
1.279666744409472534e-01
1.261703260434567930e-01
1.242465988441145974e-01
1.222012639650102567e-01
1.200577864912343445e-01
1.178194373761050212e-01
1.155068642140751334e-01
1.131205870663645752e-01
1.106788060655670702e-01
1.081799891416751480e-01
1.056407611514568468e-01
1.030584832625532493e-01
1.004490832430404990e-01
9.780967927776310078e-02
9.515621303745792903e-02
9.248625471750636373e-02
8.981628998093557636e-02
8.714487059113759648e-02
8.448939197093872921e-02
8.184973880561433046e-02
7.924437551941417024e-02
7.667458927533410407e-02
7.415971078222829971e-02
7.170200623906235193e-02
6.932089019564856291e-02
6.701852633107575896e-02
6.481303839813366829e-02
6.270496944049101795e-02
6.070967093114680579e-02
5.882479253356837773e-02
5.706203828478943751e-02
5.541568981305434322e-02
5.389378767670564147e-02
5.248750808235570081e-02
5.120178609108511081e-02
5.002532828334393250e-02
4.896075978743968243e-02
4.799507979802200563e-02
4.712946557357763216e-02
4.634998269499930601e-02
4.565718799870288613e-02
4.503690546744297529e-02
4.448976797574121650e-02
4.400188514171907844e-02
4.357446476747573599e-02
4.319422678433657015e-02
4.286324408016042170e-02
4.256898450127055700e-02
4.231450223953380635e-02
4.208801138980842321e-02
4.189354408739596330e-02
4.171997425438957185e-02
4.157224100378398290e-02
4.143975209468979404e-02
4.132825412617614075e-02
4.122755376294463120e-02
4.114410175049702106e-02
4.106797718823212290e-02
4.100624090451026466e-02
4.094913430834191959e-02
4.090424893437067527e-02
4.086189676724510250e-02
4.083013630454260939e-02
4.079927572168217526e-02
4.077779109422537823e-02
4.075592738168629797e-02
4.074254107136832115e-02
4.072776677139207380e-02
4.072081415837625062e-02
4.071167007381044228e-02
4.070987803644501857e-02
4.070524723065312156e-02
4.070764180702491492e-02
4.070666913151228805e-02
4.071250551855280092e-02
4.071453665973018277e-02
4.072324622158354085e-02
4.072778156297781477e-02
4.073893171817345032e-02
4.074559140033809368e-02
4.075885523095608420e-02
4.076735265797942070e-02
4.078248584985407627e-02
4.079260756521167763e-02
4.080943087816400056e-02
4.082102124789479397e-02
4.083940716340460353e-02
4.085235669435944433e-02
4.087221922601114166e-02
4.088645563980902731e-02
4.090774254524068981e-02
4.092322394781099798e-02
4.094591077035560078e-02
4.096262042080942717e-02
4.098670593059054734e-02
4.100464823558601368e-02
4.103015094565893445e-02
4.104934839703274635e-02
4.107630390941868770e-02
4.109679475153618644e-02
4.112525374753740748e-02
4.114709021250067406e-02
4.117711694658059141e-02
4.120036393450824536e-02
4.123203512506899704e-02
4.125676923638686017e-02
4.129017327278544647e-02
4.131648212226354810e-02
4.135171852745828797e-02
4.137970028739353795e-02
4.141687939126769552e-02
4.144664252510344565e-02
4.148588531591925616e-02
4.151754847468924758e-02
4.155898660618152773e-02
4.159267866925975277e-02
4.163645460920067931e-02
4.167231485845439287e-02
4.171858217164891441e-02
4.175676059469505402e-02
4.180568435963124413e-02
4.184634208379169745e-02
4.189809944788452922e-02
4.194140931186802340e-02
4.199619019559266975e-02
4.204233747109041575e-02
4.210034543647684507e-02
4.214952871685851560e-02
4.221098202090539653e-02
4.226341429916741221e-02
4.232854715784525879e-02
4.238445712093374257e-02
4.245352121460180261e-02
4.251315478626011696e-02
4.258642104262473638e-02
4.265004321204358267e-02
4.272780390819678337e-02
4.279570088701148411e-02
4.287827211772941849e-02
4.295075387332220745e-02
4.303847843868940926e-02
4.311588165743274886e-02
4.320913242911904317e-02
4.329182396922612308e-02
4.339100780152876230e-02
4.347938870176982357e-02
4.358495096113548795e-02
4.367946107911790943e-02
4.379189087463203345e-02
4.389301423708276417e-02
4.401285044496220517e-02
4.412112140313095843e-02
4.424895959133540863e-02
4.436496988811765296e-02
4.450147026393009436e-02
4.462587713681406137e-02
4.477177366205126186e-02
4.490530912909686950e-02
4.506141997645750352e-02
4.520490148331413743e-02
4.537214104574124190e-02
4.552648369295626135e-02
4.570587640909989924e-02
4.587210703418573982e-02
4.606480336137037945e-02
4.624407682394694741e-02
4.645137178111057724e-02
4.664498989802825374e-02
4.686834472236862947e-02
4.707777843118116784e-02
4.731884605377068703e-02
4.754576155830315953e-02
4.780641681946107974e-02
4.805270670569574548e-02
4.833508251955370705e-02
4.860290314500598924e-02
4.890943421159379273e-02
4.920125109721468909e-02
4.953472728859698720e-02
4.985337082338639481e-02
5.021700309516432398e-02
5.056573766554559035e-02
5.096324035173363520e-02
5.134585112872086521e-02
5.178154589578049666e-02
5.220244910326721915e-02
5.268139786693540327e-02
5.314578264755095288e-02
5.367395970620223583e-02
5.418797306705355754e-02
5.477249107726882282e-02
5.534348243492703823e-02
5.599289346591333760e-02
5.662974300884685008e-02
5.735444613211695963e-02
5.806801326194376001e-02
5.888081632007417798e-02
5.968456376099611632e-02
6.060147330114573627e-02
6.151235438604736594e-02
6.255371192809898451e-02
6.359346300698118237e-02
6.478562251033648245e-02
6.598269872704713712e-02
6.736057855454005705e-02
6.875314890015821190e-02
7.036425298865810196e-02
7.200501467064958361e-02
7.391603794451934162e-02
7.588031595496073922e-02
7.818855124896974262e-02
8.058869893855981348e-02
8.344297881089389468e-02
8.645579164651789883e-02
9.009799093097661804e-02
9.402160594681656380e-02
9.887735741875629258e-02
1.042633949361684298e-01
1.111676103398319404e-01
1.191774548109335585e-01
1.300387303771781966e-01
1.436054331216895796e-01
1.637307456618187218e-01
1.912819699784386873e-01
2.263734179443782912e-01
