-9.342658431049588597e-03
-9.581977215309567253e-03
-9.958280274050601566e-03
-1.056054989117127807e-02
-1.133850490066240502e-02
-1.232971245353553513e-02
-1.350135061381951829e-02
-1.488062380028920551e-02
-1.643862266124740401e-02
-1.819734519403964912e-02
-2.012688574687904186e-02
-2.224473102439938899e-02
-2.451654044991202763e-02
-2.695418459133963607e-02
-2.951563526387784853e-02
-3.220503355138426560e-02
-3.496952307031758744e-02
-3.780319842701018729e-02
-4.064017313782147811e-02
-4.346347540033557166e-02
-4.619478458357911821e-02
-4.880867651719994482e-02
-5.122014570593380611e-02
-5.340352877569171097e-02
-5.527864817407146525e-02
-5.683208470195244555e-02
-5.800164732560997294e-02
-5.879657980835434339e-02
-5.917961140374466966e-02
-5.918395457316300012e-02
-5.879342385708252738e-02
-5.805699596406044272e-02
-5.696865213282581442e-02
-5.558187207091097592e-02
-5.389022444182506311e-02
-5.194360119111912644e-02
-4.972914395407929122e-02
-4.728988902779573955e-02
-4.460490003700096073e-02
-4.171037910857661180e-02
-3.857802388468090093e-02
-3.523848973333620904e-02
-3.165746362440025052e-02
-2.786130635304073788e-02
-2.381077675015297324e-02
-1.952860422409774532e-02
-1.497112779557868700e-02
-1.015745258592315459e-02
-5.039545411433088429e-03
3.674372472851628046e-04
6.115743758746738923e-03
1.219393432343263139e-02
1.865692148758418822e-02
2.549449702417322383e-02
3.275926642479523587e-02
4.043547950839856964e-02
4.856359138739962944e-02
5.711117515160873959e-02
6.609396110278112357e-02
7.545198969153288360e-02
8.516770177556931554e-02
9.515037809849991035e-02
1.053508301765396782e-01
1.156553780322336356e-01
1.259951179659772325e-01
1.362491327560650667e-01
1.463458363009371432e-01
1.561745618122939716e-01
1.656769990291584171e-01
1.747663184543958304e-01
1.834077229666417341e-01
1.915445954063507150e-01
1.991683893413703221e-01
2.062517059909197148e-01
2.128087191470714734e-01
2.188352506572961709e-01
2.243613392931087525e-01
2.293981893596829524e-01
2.339844130872010541e-01
2.381393659586530653e-01
2.419042935574406694e-01
2.453012699571320843e-01
2.483701865042079737e-01
2.511323759433217173e-01
2.536241753944507571e-01
2.558643299509099078e-01
2.578847371240607922e-01
2.597008171517584119e-01
2.613399680543420089e-01
2.628142112550992393e-01
2.641468290761824766e-01
2.653467114940928351e-01
2.664335985603745738e-01
2.674136537937789604e-01
2.683036886970240342e-01
2.691075676711520703e-01
2.698397505164472632e-01
2.705021947306976426e-01
2.711075156063846303e-01
2.716560975720322402e-01
2.721591409657626581e-01
2.726157278318357413e-01
2.730359998885025230e-01
2.734179484768723412e-01
2.737709494603691174e-01
2.740920638121631669e-01
2.743901417597527370e-01
2.746614312492360876e-01
2.749144550674337828e-01
2.751447301984099036e-01
2.753606174105983628e-01
2.755569560867228707e-01
2.757420854081432671e-01
2.759101971355389926e-01
2.760697306939807194e-01
2.762142409818643118e-01
2.763523760846802735e-01
2.764770487377678498e-01
2.765972148871645997e-01
2.767051260700719162e-01
2.768101394897593548e-01
2.769038143641541772e-01
2.769959995540766107e-01
2.770775198523258154e-01
2.771588055308079057e-01
2.772298945259570879e-01
2.773018896412841050e-01
2.773639794985131579e-01
2.774280336958333537e-01
2.774823190535893880e-01
2.775395709862698568e-01
2.775870517411564986e-01
2.776384678498808878e-01
2.776799834483491547e-01
2.777263892430347769e-01
2.777626462675746866e-01
2.778047516966334340e-01
2.778363461375211174e-01
2.778747662809993857e-01
2.779022015800238776e-01
2.779374736371147403e-01
2.779611753537029051e-01
2.779937726880901683e-01
2.780141004564625762e-01
2.780444443046681258e-01
2.780617016090092819e-01
2.780901709332416205e-01
2.781046131179027991e-01
2.781315529901835504e-01
2.781433938364346603e-01
2.781691226666758721e-01
2.781785397997804665e-01
2.782033556641284044e-01
2.782104950029365420e-01
2.782346812850907680e-01
2.782396607038251091e-01
2.782634912298742602e-01
2.782664035702123173e-01
2.782901473927436586e-01
2.782910629393759439e-01
2.783149889101480534e-01
2.783139574220734325e-01
2.783383386827121830e-01
2.783353910589525526e-01
2.783605095726952583e-01
2.783556592185152945e-01
2.783818104677657224e-01
2.783750544202301946e-01
2.784025523992070261e-01
2.783938722654763498e-01
2.784230549073806182e-01
2.784124176659114047e-01
2.784436528615574780e-01
2.784310115766742699e-01
2.784647039637039856e-01
2.784499984638226788e-01
2.784865971964345932e-01
2.784697547745079715e-01
2.785097625223577067e-01
2.784906987191273497e-01
2.785346821989646560e-01
2.785133017453313431e-01
2.785619041505140170e-01
2.785381021562925996e-01
2.785920579412515807e-01
2.785657214417132099e-01
2.786258740242982812e-01
2.785968840252245893e-01
2.786642071206923421e-01
2.786324413212483142e-01
2.787080648112407744e-01
2.786734012486545842e-01
2.787586427448440207e-01
2.787209646833724852e-01
2.788173682879770410e-01
2.787765707969276363e-01
2.788859550254620956e-01
2.788419538666346287e-01
2.789664713297280163e-01
2.789192150207563947e-01
2.790614273362858055e-01
2.790109136246611277e-01
2.791738862402142751e-01
2.791201847646002099e-01
2.793076080781166093e-01
2.792508917865289542e-01
2.794672373815298982e-01
2.794078264721827076e-01
2.796585507807186621e-01
2.795969747346148671e-01
2.798887875484633025e-01
2.798258735956687948e-01
2.801670964092904947e-01
2.801040970695589660e-01
2.805051476419463952e-01
2.804439267760031052e-01
2.809179837615691788e-01
2.808612915003326771e-01
2.814252202918557377e-01
2.813771051423440972e-01
2.820527696405545903e-01
2.820192060962865566e-01
2.828353622875384721e-01
2.828252238696447041e-01
2.838203104098965257e-01
2.838469090109221882e-01
2.850732557978904458e-01
2.851568334484769207e-01
2.866871756949924688e-01
2.868590452748916997e-01
2.887969071812843680e-01
2.891065442185927203e-01
2.916033572930635254e-01
2.921309787479458020e-01
2.954154204185989729e-01
2.962952277619289587e-01
3.007258367797990828e-01
3.021910928134109442e-01
3.083558292375186971e-01
3.108314910812809972e-01
3.197486716753117353e-01
3.240556557072295507e-01
3.376128156402250502e-01
3.454596512907088801e-01
3.674718949611284757e-01
3.827779559867474646e-01
4.218892086583873047e-01
4.549116684279829181e-01
5.340453599836760823e-01
6.171569557778067150e-01
8.128515882701462525e-01
1.081849510348495524e+00
1.761866774657083745e+00
3.118581229688881074e+00
7.394640734041677987e+00
1.660212120274242409e+01
