-8.071772012119549089e+00
-8.071771692708898271e+00
-8.071771081879212772e+00
-8.071769691362304044e+00
-8.071767601987525964e+00
-8.071763830020946884e+00
-8.071758499648735707e+00
-8.071750117181990092e+00
-8.071738834213807223e+00
-8.071722625130075102e+00
-8.071701646288051535e+00
-8.071673310410686142e+00
-8.071637748966677961e+00
-8.071591775123254209e+00
-8.071535458382625094e+00
-8.071464965813269998e+00
-8.071380259926158374e+00
-8.071276805883496053e+00
-8.071154405592208647e+00
-8.071007756486178408e+00
-8.070836436885569398e+00
-8.070634299747565521e+00
-8.070400626500312313e+00
-8.070128336839120564e+00
-8.069816330505341639e+00
-8.069456491749946281e+00
-8.069047240903527651e+00
-8.068579309514632314e+00
-8.068050526062330974e+00
-8.067450334980064142e+00
-8.066775843514239597e+00
-8.066015054845708576e+00
-8.065164205921135476e+00
-8.064209681672597441e+00
-8.063146676683889069e+00
-8.061959754095374464e+00
-8.060642867291834435e+00
-8.059178523531556948e+00
-8.057559205611768860e+00
-8.055765096767968814e+00
-8.053786946819716519e+00
-8.051602311911802090e+00
-8.049199915690115503e+00
-8.046554356060701352e+00
-8.043652021070395008e+00
-8.040464217390736579e+00
-8.036974716182923473e+00
-8.033151269470568678e+00
-8.028974890380890628e+00
-8.024409753803594114e+00
-8.019434370898704145e+00
-8.014009935143812768e+00
-8.008113648602741108e+00
-8.001705681477901067e+00
-7.994765029976563575e+00
-7.987255327568413499e+00
-7.979163566385576445e+00
-7.970464646581979729e+00
-7.961162488295348894e+00
-7.951251787674964433e+00
-7.940759325469826990e+00
-7.929700086311898488e+00
-7.918117059166442928e+00
-7.906031827834329562e+00
-7.893485967555071703e+00
-7.880490233103522257e+00
-7.867071556928459941e+00
-7.853222285204410902e+00
-7.838952538359869493e+00
-7.824237546990064907e+00
-7.809073764801578221e+00
-7.793422654792985682e+00
-7.777270042496307489e+00
-7.760565767272493254e+00
-7.743286607885972117e+00
-7.725371661825447767e+00
-7.706789512492209226e+00
-7.687469317381837364e+00
-7.667373093516371085e+00
-7.646422561068256130e+00
-7.624577642238057784e+00
-7.601759129990585784e+00
-7.577934641484198153e+00
-7.553036991799531030e+00
-7.527058714919141025e+00
-7.499965410778036912e+00
-7.471799434821869923e+00
-7.442586496018700259e+00
-7.412448552193502849e+00
-7.381501185139681454e+00
-7.349976073539242982e+00
-7.318107228937215325e+00
-7.286265718162703742e+00
-7.254835363196931119e+00
-7.224366795456671930e+00
-7.195446942046709538e+00
-7.168884469780867796e+00
-7.145579291429492663e+00
-7.126752151004496660e+00
-7.113811329223196367e+00
-7.108620138148451062e+00
-7.113312774678940187e+00
-7.130525039137062038e+00
-7.163013025990265348e+00
-7.213703646715772244e+00
-7.284995472940165584e+00
-7.378743388809496651e+00
-7.495553512432119980e+00
-7.635275357687314468e+00
-7.796579509210269876e+00
-7.978091452157048735e+00
-8.177721830950069659e+00
-8.396451499382914463e+00
-8.634147443462195426e+00
-8.885907974990564284e+00
-9.146667119474333418e+00
-9.410058093620447650e+00
-9.668487925423526974e+00
-9.912296974302067909e+00
-1.013110591005175642e+01
-1.031563770879745690e+01
-1.046103762701772943e+01
-1.056822147150368707e+01
-1.064320898531771142e+01
-1.069406751133167610e+01
-1.072856640930626781e+01
-1.075264593316662776e+01
-1.077045874606538689e+01
-1.078453852593857221e+01
-1.079645644428688733e+01
-1.080703715277790167e+01
-1.081679394839052399e+01
-1.082594427809357107e+01
-1.083465792092725088e+01
-1.084297378960236458e+01
-1.085096410482273122e+01
-1.085862302323256046e+01
-1.086599663535426785e+01
-1.087307011811971869e+01
-1.087988172889550853e+01
-1.088641591909103923e+01
-1.089270742709575934e+01
-1.089874152802914509e+01
-1.090455049783475339e+01
-1.091012057232943810e+01
-1.091548192662502892e+01
-1.092062165384266414e+01
-1.092556803859828563e+01
-1.093030891158758067e+01
-1.093487083212905375e+01
-1.093924226637230745e+01
-1.094344818998673041e+01
-1.094747762124248958e+01
-1.095135407657346072e+01
-1.095506705872570663e+01
-1.095863873534933397e+01
-1.096205903871810605e+01
-1.096534888649693151e+01
-1.096849859580673225e+01
-1.097152792324866688e+01
-1.097442753444000907e+01
-1.097721610536476433e+01
-1.097988462056337333e+01
-1.098245074849815950e+01
-1.098490576858548273e+01
-1.098726640842289015e+01
-1.098952422276638075e+01
-1.099169505931739721e+01
-1.099377073231897484e+01
-1.099576626548120650e+01
-1.099767371968871643e+01
-1.099950734602646918e+01
-1.100125944162709324e+01
-1.100294353222522403e+01
-1.100455214280290406e+01
-1.100609811731213838e+01
-1.100757420180434565e+01
-1.100899259864275059e+01
-1.101034626947598838e+01
-1.101164681219007946e+01
-1.101288739961004914e+01
-1.101407905943090171e+01
-1.101521517207254242e+01
-1.101630622672784376e+01
-1.101734580849396750e+01
-1.101834389735654440e+01
-1.101929428069175643e+01
-1.102020645636127938e+01
-1.102107441202164395e+01
-1.102190718844650519e+01
-1.102269897187522396e+01
-1.102345836913049126e+01
-1.102417976355676110e+01
-1.102487134939866387e+01
-1.102552770578107655e+01
-1.102615663410185398e+01
-1.102675290804008590e+01
-1.102732395434830259e+01
-1.102786474008758155e+01
-1.102838233413909386e+01
-1.102887189579167959e+01
-1.102934015149554270e+01
-1.102978245160251092e+01
-1.103020519432507385e+01
-1.103060391988013578e+01
-1.103098471126854285e+01
-1.103134329732420937e+01
-1.103168545776938103e+01
-1.103200710874416579e+01
-1.103231373760127099e+01
-1.103260144640524665e+01
-1.103287544008896326e+01
-1.103313200518396897e+01
-1.103337607325440572e+01
-1.103360411376448802e+01
-1.103382079311951891e+01
-1.103402276210673527e+01
-1.103421442939586328e+01
-1.103439262541671084e+01
-1.103456150779204137e+01
-1.103471808484995798e+01
-1.103486626916997437e+01
-1.103500324517975528e+01
-1.103513268578229933e+01
-1.103525194966290535e+01
-1.103536447482402849e+01
-1.103546779233682962e+01
-1.103556510953283620e+01
-1.103565412798236700e+01
-1.103573782807236192e+01
-1.103581407998692399e+01
-1.103588564043300657e+01
-1.103595054634179995e+01
-1.103601133358299080e+01
-1.103606620400523042e+01
-1.103611747510008811e+01
-1.103616351185971567e+01
-1.103620641550971726e+01
-1.103624471248643424e+01
-1.103628028954928553e+01
-1.103631183297288310e+01
-1.103634101657026712e+01
-1.103636668496019091e+01
-1.103639030027925116e+01
-1.103641086412544681e+01
-1.103642962800654992e+01
-1.103644574928053501e+01
-1.103646026967636118e+01
-1.103647250125309043e+01
-1.103648327663500694e+01
-1.103649206169703412e+01
-1.103649948047540974e+01
-1.103650515196038384e+01
-1.103650949197425390e+01
-1.103651227211577179e+01
-1.103651370023628786e+01
