1.115656318558362337e+00
1.115475712139692099e+00
1.115111506019055954e+00
1.114564683010187407e+00
1.113826118444832813e+00
1.112897449519149262e+00
1.111762968407892682e+00
1.110424270562931026e+00
1.108858257343232623e+00
1.107065346634975134e+00
1.105013819040935985e+00
1.102701258694511299e+00
1.100085632601568664e+00
1.097159493896652904e+00
1.093868434186164196e+00
1.090197436884912108e+00
1.086077740096572652e+00
1.081484592036410675e+00
1.076334134307081136e+00
1.070591663071820854e+00
1.064160770029437542e+00
1.057000876258363142e+00
1.049011111915118644e+00
1.040155008001139914e+00
1.030340851116383849e+00
1.019550006313166834e+00
1.007713959761732614e+00
9.948421558708017143e-01
9.808952889124433749e-01
9.659105009048902790e-01
9.498715888026574294e-01
9.328328599125901288e-01
9.147878376055919025e-01
8.957948417059633517e-01
8.758448184240984480e-01
8.549910906659283771e-01
8.332152831988872688e-01
8.105624701005533783e-01
7.870033953658671644e-01
7.625756001116078542e-01
7.372403292279452458e-01
7.110300636942363806e-01
6.838990366038422142e-01
6.558775780282982693e-01
6.269156329276021067e-01
5.970442981160767326e-01
5.662120391795754104e-01
5.344537492681404878e-01
5.017195251401216360e-01
4.680515141460986905e-01
4.334051568768518270e-01
3.978339915273858551e-01
3.613031950709195694e-01
3.238823434266905332e-01
2.855508870343815842e-01
2.463986507337026233e-01
2.064227041571732035e-01
1.657353362003959329e-01
1.243519031409836412e-01
8.240629779811202427e-02
3.992974591452698452e-02
-2.925903507137506132e-03
-4.611826837669764229e-02
-8.948300583540738651e-02
-1.329726802627423099e-01
-1.764169530583108991e-01
-2.197700979623047057e-01
-2.628624900463665259e-01
-3.056565553695392845e-01
-3.479892040562494460e-01
-3.898360497292543414e-01
-4.310445450156800695e-01
-4.716064768798940987e-01
-5.113817335456201096e-01
-5.503792455362109814e-01
-5.884714251283318376e-01
-6.256838030437287257e-01
-6.619002044406961938e-01
-6.971613339265441134e-01
-7.313607162141707585e-01
-7.645524472374217728e-01
-7.966378731417258496e-01
-8.276826860050927603e-01
-8.575942663901449103e-01
-8.864482738971860565e-01
-9.141565440096791617e-01
-9.408033088716534209e-01
-9.663035173372582776e-01
-9.907488169186067228e-01
-1.014056152724751581e+00
-1.036323643571569253e+00
-1.057469307108819701e+00
-1.077596968647240860e+00
-1.096624953648436263e+00
-1.114662175079780937e+00
-1.131626629073470003e+00
-1.147631814602176448e+00
-1.162594862713389965e+00
-1.176633450589809282e+00
-1.189663388965820578e+00
-1.201806201042229905e+00
-1.212975986345071533e+00
-1.223297843489115078e+00
-1.232683821800549140e+00
-1.241262375611687618e+00
-1.248943207435861513e+00
-1.255857950391453093e+00
-1.261913698599349321e+00
-1.267245123545425622e+00
-1.271756478676010049e+00
-1.275585365078813815e+00
-1.278632987981067171e+00
-1.281039797119260193e+00
-1.282703762990264007e+00
-1.283768127745775756e+00
-1.284127458592803972e+00
-1.283927756042366530e+00
-1.283060030777966709e+00
-1.281673027661956565e+00
-1.279654060657807513e+00
-1.277154623203498707e+00
-1.274058203347541607e+00
-1.270519063990683373e+00
-1.266416747232243400e+00
-1.261908321615516027e+00
-1.256869270729562782e+00
-1.251459519029606504e+00
-1.245550384943183042e+00
-1.239304712139050801e+00
-1.232589551681812612e+00
-1.225570741860991797e+00
-1.218110967254956156e+00
-1.210379147481361661e+00
-1.202233503291540995e+00
-1.193846132947721461e+00
-1.185070696587165351e+00
-1.176082578460798889e+00
-1.166730780688024494e+00
-1.157194090405663900e+00
-1.147316752574571330e+00
-1.137281083297324136e+00
-1.126926468421309613e+00
-1.116438888009531283e+00
-1.105652762984163484e+00
-1.094757881111725784e+00
-1.083583587704571638e+00
-1.072323630658308158e+00
-1.060802163119816344e+00
-1.049217054256308401e+00
-1.037387141632729382e+00
-1.025514585682195445e+00
-1.013412777119468977e+00
-1.001288346725892175e+00
-9.889490982429264276e-01
-9.766063213099733797e-01
-9.640620826910411001e-01
-9.515325292659924106e-01
-9.388138298750308142e-01
-9.261271974483897829e-01
-9.132627299044777658e-01
-9.004469261315107831e-01
-8.874636269054771986e-01
-8.745448488700285905e-01
-8.614679749678680887e-01
-8.484707842089082019e-01
-8.353239852010341249e-01
-8.222713778105896765e-01
-8.090767625476189551e-01
-7.959902337269023631e-01
-7.827684311550825447e-01
-7.696680336851209336e-01
-7.564382472390214218e-01
-7.433426433850217618e-01
-7.301226984931484809e-01
-7.170492049190880790e-01
-7.038555892109356060e-01
-6.908202145335821109e-01
-6.776681103844353071e-01
-6.646855850441317770e-01
-6.515888941363479070e-01
-6.386726923046739390e-01
-6.256440519197443706e-01
-6.128064051991655159e-01
-5.998571959801228815e-01
-5.871090986749416540e-01
-5.742494436094123245e-01
-5.616006493542060607e-01
-5.488394037174096907e-01
-5.362984132321910735e-01
-5.236431451873759801e-01
-5.112171848770726834e-01
-4.986741463465686475e-01
-4.863691373636557236e-01
-4.739432246420534067e-01
-4.617637418695257345e-01
-4.494584452326995105e-01
-4.374076654003435927e-01
-4.252250066478459045e-01
-4.133046444437213918e-01
-4.012451008687537013e-01
-3.894553314203023642e-01
-3.775177440952381946e-01
-3.658571095314661070e-01
-3.540385729813121940e-01
-3.425038698994497532e-01
-3.307995991484947162e-01
-3.193857426267017185e-01
-3.077889121598136879e-01
-2.964887703880806913e-01
-2.849903176472473598e-01
-2.737945091561238553e-01
-2.623828926214539781e-01
-2.512795352764078394e-01
-2.399404337043052060e-01
-2.289148308103542695e-01
-2.176307654374059208e-01
-2.066650090240585436e-01
-1.954148639147282596e-01
-1.844873278702530706e-01
-1.732457341937185535e-01
-1.623304193394204675e-01
-1.510669557980585387e-01
-1.401326335680747048e-01
-1.288107752127059524e-01
-1.178198536283812381e-01
-1.063955711853049740e-01
-9.530257179870181561e-02
-8.372243719108941884e-02
-7.247191697545368738e-02
-6.067049721490447300e-02
-4.919416158446504594e-02
-3.709036349372168279e-02
-2.530297138433743043e-02
-1.279479830025255505e-02
-5.882115961050392956e-04
1.245495784913888335e-02
2.522067079614960169e-02
3.896980994229710255e-02
5.248013077644271551e-02
6.716504418693454437e-02
8.167315126698274086e-02
9.761291129624255491e-02
1.134771202464761597e-01
1.311329790627589753e-01
1.488839623497755782e-01
1.689576993189494947e-01
1.894285999777094720e-01
2.130613698053361593e-01
2.376648702222830256e-01
2.668843702481767388e-01
2.982776394767726047e-01
3.371378004762641267e-01
3.810214237804717685e-01
4.385700379339602106e-01
5.065067369236790906e-01
5.798546057581811519e-01
