nan
nan
nan
nan
nan
nan
nan
nan
nan
nan
nan
nan
nan
nan
nan
nan
nan
nan
nan
nan
nan
nan
nan
nan
nan
nan
nan
nan
nan
nan
nan
nan
nan
nan
nan
nan
nan
4.320772979349696286e+00
3.986303598731164577e+00
3.785987493948448801e+00
3.635940900462237391e+00
3.511560004559819426e+00
3.399908585695797125e+00
3.293896646663695638e+00
3.186240195502325179e+00
3.069803054880766435e+00
2.931699657681452464e+00
2.747133735239966956e+00
2.432373616374416514e+00
nan
nan
nan
nan
nan
nan
nan
nan
nan
nan
nan
nan
nan
nan
nan
nan
nan
nan
nan
nan
nan
nan
nan
nan
nan
nan
nan
nan
nan
nan
nan
nan
nan
nan
nan
nan
nan
nan
6.496122880737328131e+00
6.132142186163829223e+00
5.952133125457046425e+00
5.834700860978095704e+00
5.749360286341327786e+00
5.682618065320116152e+00
5.628618488687444632e+00
5.582870263186040738e+00
5.543728945301152677e+00
5.508814271864078016e+00
5.477829740831896110e+00
5.449085599977231631e+00
5.422896279021466981e+00
5.397815763474145712e+00
5.374514950287518467e+00
5.351611841707859085e+00
5.330029331186931785e+00
5.308364078756098614e+00
5.287742930271850383e+00
5.266695613255342856e+00
5.246528838078533319e+00
5.225679063870873442e+00
5.205619678683022222e+00
5.184678045532540303e+00
5.164486097499995765e+00
5.143252659850045205e+00
5.122762301470244140e+00
5.101100132902783635e+00
5.080198233268380825e+00
5.058015895070759882e+00
5.036627622109994817e+00
5.013867125469730901e+00
4.991945918097985491e+00
4.968574207216394534e+00
4.946094611514727291e+00
4.922097379516836568e+00
4.899049811568650270e+00
4.874426907920704544e+00
4.850813748007491100e+00
4.825575700524030509e+00
4.801408329234427619e+00
4.775573665260381517e+00
4.750870180008686106e+00
4.724463332963325435e+00
4.699246765144876825e+00
4.672296418094635584e+00
4.646593324560453375e+00
4.619131085720879604e+00
4.592970424128407281e+00
4.565029758256457626e+00
4.538441980334090964e+00
4.510057340017353589e+00
4.483073653833137939e+00
4.454279768569446851e+00
4.426931533065800117e+00
4.397762824025662987e+00
4.370081047775325800e+00
4.340571143373553653e+00
4.312586066004301166e+00
4.282767398742137743e+00
4.254508138271031470e+00
4.224411607457772000e+00
4.195905860494323569e+00
4.165560548508006278e+00
4.136834333165826827e+00
4.106267265619733209e+00
4.077344699297786867e+00
4.046580641447725668e+00
4.017483747547237805e+00
3.986545031105684256e+00
3.957293570424738505e+00
3.926199946454340672e+00
3.896811270281820061e+00
3.865579785293124626e+00
3.836068708554153162e+00
3.804713601967335102e+00
3.775092295828388789e+00
3.743624918194392581e+00
3.713902822411139670e+00
3.682331574542917263e+00
3.652515330672060134e+00
3.620845624634231985e+00
3.590939031749007082e+00
3.559173275098810763e+00
3.529177270001740752e+00
3.497314874839189347e+00
3.467227538747293725e+00
3.435264957013679066e+00
3.405081550341926722e+00
3.373012336158056623e+00
3.342725362191414362e+00
3.310540260963024561e+00
3.280139557907155723e+00
3.247826620343304604e+00
3.217299479313624033e+00
3.184844196281706008e+00
3.154175500504756258e+00
3.121560952040746795e+00
3.090733329527979301e+00
3.057940338226860177e+00
3.026934317034918553e+00
2.993941592625025905e+00
2.962735744339218602e+00
2.929520002856902394e+00
2.898091056450781799e+00
2.864627094125245410e+00
2.832949999243158157e+00
2.799210698188438151e+00
2.767258614211603795e+00
2.733214854760222856e+00
2.700959039877950829e+00
2.666579492674262308e+00
2.633989065963909582e+00
2.599239835811371524e+00
2.566281384472292704e+00
2.531125477270960378e+00
2.497762480736626323e+00
2.462159063979699081e+00
2.428351105629720230e+00
2.392254531322345557e+00
2.357956266670725665e+00
2.321314821926659278e+00
2.286474667673546346e+00
2.249229011411357781e+00
2.213787511860470403e+00
2.175868744626026086e+00
2.139756558184241264e+00
2.101083853021400660e+00
2.064219280130809686e+00
2.024696973970841807e+00
1.986982914604518369e+00
1.946496916504379948e+00
1.907817096686226233e+00
1.866230405136798609e+00
1.826444639036940210e+00
1.783591666744247961e+00
1.742529812454453930e+00
1.698209075214379471e+00
1.655663179017272224e+00
1.609627689708777787e+00
1.565341561104117929e+00
1.517285933708869106e+00
1.470940994103242527e+00
1.420483722077600541e+00
1.371679318472405873e+00
1.318337796674647677e+00
1.266563072222731456e+00
1.209717393079927428e+00
1.154309876866720375e+00
1.093148676210863535e+00
1.033231217843588512e+00
9.666676752228364755e-01
9.010485205128424546e-01
8.275843606211248371e-01
7.545911606108741676e-01
6.720847710013941878e-01
5.892724239784365992e-01
4.945173697624776765e-01
3.981151191253919364e-01
2.860093851097973983e-01
1.697721778862089637e-01
3.149990625398441796e-02
-1.159878102946494266e-01
-2.975086288173046656e-01
-5.001970117457464893e-01
-7.632295662320860430e-01
-1.077426615520922004e+00
-1.480330179552673098e+00
-1.641649753066591222e+00
