1.949589655743230927e-04
1.949837489567149786e-04
1.950327832386119196e-04
1.951066507843123563e-04
1.952037551956962828e-04
1.953252662478061551e-04
1.954685268748549895e-04
1.956353044141402099e-04
1.958218866964532893e-04
1.960306536662358363e-04
1.962568456027833372e-04
1.965034739335205739e-04
1.967647395136659498e-04
1.970443054506889995e-04
1.973353389292722688e-04
1.976421721380909071e-04
1.979569377338119063e-04
1.982846466595754298e-04
1.986163853904661055e-04
1.989578416754174720e-04
1.992990313640780053e-04
1.996463047340620055e-04
1.999885717512614176e-04
2.003328221683565405e-04
2.006668200895455679e-04
2.009981698695991023e-04
2.013134536164599617e-04
2.016208717668594222e-04
2.019058009129220282e-04
2.021770327841442949e-04
2.024187351105408248e-04
2.026403056998031158e-04
2.028247265385234571e-04
2.029820406942691509e-04
2.030940998899143101e-04
2.031716609232830180e-04
2.031955396882521316e-04
2.031773105236837212e-04
2.030968951040654615e-04
2.029668325774977567e-04
2.027663497795739874e-04
2.025091523918397837e-04
2.021740431855947547e-04
2.017761651157858179e-04
2.012942558740060933e-04
2.007452531434000982e-04
2.001082944404724130e-04
1.994025721520290961e-04
1.986082025152631242e-04
1.977471906684425307e-04
1.968012922461228383e-04
1.957959108944956465e-04
1.947150493627306542e-04
1.935879143593828339e-04
1.924010089048042247e-04
1.911871979501260420e-04
1.899349902783397997e-04
1.886799027698262885e-04
1.874110841982985190e-04
1.861650027890729181e-04
1.849296734494210843e-04
1.837407902949455055e-04
1.825837456287921856e-04
1.814922591428670803e-04
1.804482052930350580e-04
1.794827424539160153e-04
1.785738780798361769e-04
1.777501463686627251e-04
1.769858096935010767e-04
1.763071757035542225e-04
1.756852858911947741e-04
1.751449670046077787e-04
1.746548102286876617e-04
1.742390525211074141e-04
1.738646369819986696e-04
1.735560367144268036e-04
1.732792065652564149e-04
1.730594848260155001e-04
1.728622773702555607e-04
1.727141863762753885e-04
1.725802941832059575e-04
1.724886687271889050e-04
1.724041316830748698e-04
1.723562810632986398e-04
1.723096382941048199e-04
1.722953151294702239e-04
1.722774403708146065e-04
1.722885851462287675e-04
1.722923741639943533e-04
1.723227726037410016e-04
1.723427900455450415e-04
1.723877242795871531e-04
1.724198686096466561e-04
1.724758026039603751e-04
1.725170152987523520e-04
1.725813298190393417e-04
1.726293560330058286e-04
1.727001345947933421e-04
1.727533327975923718e-04
1.728291935419106016e-04
1.728863875283172681e-04
1.729663536421916317e-04
1.730267192721361073e-04
1.731101204163201454e-04
1.731730998779088850e-04
1.732594978926701968e-04
1.733247353048971394e-04
1.734138685908174907e-04
1.734811619148872745e-04
1.735729040117685036e-04
1.736421693087133458e-04
1.737364981875435372e-04
1.738077431663913796e-04
1.739047185671666051e-04
1.739780230993022902e-04
1.740777698961646638e-04
1.741532717438333793e-04
1.742559678209745712e-04
1.743338522668623752e-04
1.744397197711322915e-04
1.745202121685362421e-04
1.746295112930081061e-04
1.747128718059394415e-04
1.748258964747899445e-04
1.749124164642030437e-04
1.750294914506173103e-04
1.751194911023568892e-04
1.752409702315903099e-04
1.753347971256988616e-04
1.754610623053846940e-04
1.755590907042919684e-04
1.756905515916068559e-04
1.757931822832940793e-04
1.759302764495854232e-04
1.760379370263074662e-04
1.761811305188261878e-04
1.762942760062036131e-04
1.764440642368716745e-04
1.765631780150288754e-04
1.767200869303363038e-04
1.768456819104576982e-04
1.770102694163765383e-04
1.771428894541344557e-04
1.773157470868930738e-04
1.774559686299386559e-04
1.776377234785798812e-04
1.777861574596211966e-04
1.779774743603499169e-04
1.781347683609242963e-04
1.783363523969054879e-04
1.785031931204096600e-04
1.787157924744730870e-04
1.788929085806018082e-04
1.791173178024766494e-04
1.793054831694230826e-04
1.795425469339998359e-04
1.797425844296536123e-04
1.799932018785474984e-04
1.802059877376998318e-04
1.804711175131182147e-04
1.806975864343698230e-04
1.809782525321489068e-04
1.812194036259158264e-04
1.815167022134682017e-04
1.817736059511704618e-04
1.820887133161106690e-04
1.823625196502144468e-04
1.826967014666606233e-04
1.829886493119201258e-04
1.833432714338293886e-04
1.836546997217646882e-04
1.840312407365335184e-04
1.843636012782400577e-04
1.847636670794722334e-04
1.851185394966753731e-04
1.855438801631827703e-04
1.859229891748231738e-04
1.863755184746771626e-04
1.867807538574759525e-04
1.872625717329038828e-04
1.876960113112370490e-04
1.882094297447048012e-04
1.886733658103017695e-04
1.892209385277496107e-04
1.897179081470437036e-04
1.903024646854231108e-04
1.908352844269365235e-04
1.914599691862268766e-04
1.920317748989315934e-04
1.927000919219275298e-04
1.933143843270580114e-04
1.940302487141618525e-04
1.946909457491302631e-04
1.954587428342076632e-04
1.961702399233009942e-04
1.969948936287374737e-04
1.977621333709952728e-04
1.986491855493654655e-04
1.994777387355636214e-04
2.004334418239620431e-04
2.013296022567944397e-04
2.023610282605391142e-04
2.033319246020126104e-04
2.044470943461723297e-04
2.055008232190652976e-04
2.067088610406459827e-04
2.078546469577461297e-04
2.091659676745636146e-04
2.104143571906725153e-04
2.118408944419082932e-04
2.132039944090489991e-04
2.147594825621850032e-04
2.162512557978199241e-04
2.179515819220581216e-04
2.195882183942887093e-04
2.214518668640363410e-04
2.232522552990982780e-04
2.253008762638046547e-04
2.272872108883521990e-04
2.295463564619429581e-04
2.317449279876945638e-04
2.342450187086304067e-04
2.366872602093467648e-04
2.394648725960856351e-04
2.421887638531325534e-04
2.452883735875740438e-04
2.483403589863974093e-04
2.518167434879909836e-04
2.552544012096384890e-04
2.591760180214308781e-04
2.630718547846073291e-04
2.675257011590085232e-04
2.719726795844658405e-04
2.770714666613523463e-04
2.821912841866519085e-04
2.880843512114430950e-04
2.940402493088522867e-04
3.009307613386493852e-04
3.079481155639562993e-04
3.161213134376591734e-04
3.245222735852625116e-04
3.343942589419965990e-04
3.446593372790400728e-04
3.568666363018459112e-04
3.697519504581888556e-04
3.853290115889008017e-04
4.021096315747193302e-04
4.228767974023385306e-04
4.459118880333606122e-04
4.754399014639793366e-04
5.096964608242372970e-04
5.561479882258751548e-04
6.141700619544593950e-04
7.002419305687305725e-04
8.180728639384770564e-04
9.681517284752929947e-04
