4.391810494868492870e-03
4.389891070131912362e-03
4.386055342501082865e-03
4.380309577070236847e-03
4.372663025789725114e-03
4.363127991045649690e-03
4.351719520277910584e-03
4.338455510566073536e-03
4.323356269697591070e-03
4.306444662215744464e-03
4.287745561124432433e-03
4.267286040170758556e-03
4.245094748762450083e-03
4.221202161249216524e-03
4.195639912807593540e-03
4.168441121081806200e-03
4.139639718575782723e-03
4.109270861136249918e-03
4.077370279713388168e-03
4.043974781779550477e-03
4.009121623873239566e-03
3.972849099204301543e-03
3.935195909900033630e-03
3.896201824072997952e-03
3.855907012736926529e-03
3.814352758627301190e-03
3.771580721972160512e-03
3.727633691330818708e-03
3.682554751655035732e-03
3.636388078904935050e-03
3.589177995864441511e-03
3.540969821363296102e-03
3.491808808237630360e-03
3.441741061892655395e-03
3.390812358566294704e-03
3.339069147242518590e-03
3.286557245840373946e-03
3.233322937043582763e-03
3.179411537124332901e-03
3.124868591811919612e-03
3.069738309194960241e-03
3.014064857506602944e-03
2.957890652448197811e-03
2.901257756330461769e-03
2.844206016136440439e-03
2.786774567301081654e-03
2.728999843129330423e-03
2.670917208535589921e-03
2.612558927377132620e-03
2.553956015627485438e-03
2.495136395317403173e-03
2.436127185690862163e-03
2.376953492549491436e-03
2.317641487984496186e-03
2.258218403113644232e-03
2.198716569325389648e-03
2.139174730370415386e-03
2.079642324314178847e-03
2.020181063258636410e-03
1.960867677930072574e-03
1.901794082749681510e-03
1.843067180893022232e-03
1.784806981705589326e-03
1.727143717180157486e-03
1.670214659862087874e-03
1.614159782567201572e-03
1.559118346420042571e-03
1.505224284914752700e-03
1.452603400427348191e-03
1.401369386162764708e-03
1.351622236875574517e-03
1.303445530352489870e-03
1.256906335903116862e-03
1.212053949634199664e-03
1.168921162986681509e-03
1.127524215582650664e-03
1.087864971095896856e-03
1.049931618285575774e-03
1.013701220367381342e-03
9.791406956667643002e-04
9.462093126811991226e-04
9.148596185498073657e-04
8.850396272496027436e-04
8.566935249477172993e-04
8.297634542598868309e-04
8.041899483154917472e-04
7.799133155826371965e-04
7.568738252837983608e-04
7.350127477484492619e-04
7.142723434166190974e-04
6.945966293044123071e-04
6.759312284845774531e-04
6.582239300277137935e-04
6.414244486113405974e-04
6.254848342810241917e-04
6.103591807693746095e-04
5.960039288035543642e-04
5.823775508855121453e-04
5.694407805046491347e-04
5.571562921467628935e-04
5.454888795995432730e-04
5.344051431443251187e-04
5.238736331934697741e-04
5.138645517457923360e-04
5.043498725344505804e-04
4.953030604920225215e-04
4.866991759986772715e-04
4.785146139075339457e-04
4.707271969849020172e-04
4.633159346583965279e-04
4.562611090265161285e-04
4.495440526571760007e-04
4.431472293801870630e-04
4.370540299982547824e-04
4.312488492938486425e-04
4.257168982890461488e-04
4.204442783777925124e-04
4.154178086968616027e-04
4.106250979517551253e-04
4.060543854791510260e-04
4.016946111119224796e-04
3.975352685846724279e-04
3.935664736408660356e-04
3.897788285321282346e-04
3.861634884814273681e-04
3.827120361376809598e-04
3.794165464550531240e-04
3.762694700772263156e-04
3.732636966618570347e-04
3.703924462778816610e-04
3.676493311877889478e-04
3.650282544432280319e-04
3.625234701305883882e-04
3.601294884435007003e-04
3.578411343955047804e-04
3.556534587322970941e-04
3.535617951167551636e-04
3.515616763190233720e-04
3.496488898822751649e-04
3.478193990954905673e-04
3.460693971520973516e-04
3.443952324692085409e-04
3.427934613551186414e-04
3.412607772905564322e-04
3.397940621245723928e-04
3.383903189787970341e-04
3.370467219943512117e-04
3.357605525598490563e-04
3.345292476345517753e-04
3.333503390356305687e-04
3.322215003647696944e-04
3.311404891206152709e-04
3.301051922575405336e-04
3.291135709157345197e-04
3.281637046418430523e-04
3.272537385523931306e-04
3.263819262465833841e-04
3.255465792390217273e-04
3.247461085951754926e-04
3.239789764871505730e-04
3.232437365821838864e-04
3.225389875907805110e-04
3.218634124382604967e-04
3.212157336882040157e-04
3.205947515264999945e-04
3.199993009550380820e-04
3.194282886169597774e-04
3.188806516660713211e-04
3.183553934611548083e-04
3.178515440258512402e-04
3.173681946389229273e-04
3.169044598075681737e-04
3.164595107795075031e-04
3.160325389599269799e-04
3.156227883702153502e-04
3.152295204451530520e-04
3.148520454620413176e-04
3.144896886604652323e-04
3.141418206644821035e-04
3.138078248723467369e-04
3.134871268933572472e-04
3.131791631594800312e-04
3.128834093973728472e-04
3.125993504178979253e-04
3.123265076428326410e-04
3.120644100318868881e-04
3.118126206825912769e-04
3.115707088577239297e-04
3.113382756759015195e-04
3.111149272052510305e-04
3.109002992613124215e-04
3.106940315354534787e-04
3.104957915157863322e-04
3.103052496212617352e-04
3.101221022604367414e-04
3.099460479443675687e-04
3.097768094972703189e-04
3.096141111233310711e-04
3.094576997825044195e-04
3.093073231882052408e-04
3.091627503607441126e-04
3.090237505345475011e-04
3.088901129010125732e-04
3.087616264054428229e-04
3.086380986904484680e-04
3.085193367641975745e-04
3.084051651548377080e-04
3.082954074329893532e-04
3.081899035870479036e-04
3.080884923840756595e-04
3.079910279752584752e-04
3.078973630804785616e-04
3.078073648326433193e-04
3.077208987723065669e-04
3.076378439390390772e-04
3.075580776634471644e-04
3.074814899132715371e-04
3.074079688710875725e-04
3.073374145422944005e-04
3.072697251077042831e-04
3.072048098001146010e-04
3.071425760217925960e-04
3.070829414959011234e-04
3.070258221396830961e-04
3.069711434965447373e-04
3.069188293565271305e-04
3.068688124744176223e-04
3.068210239298173650e-04
3.067754031362219039e-04
3.067318879337135092e-04
3.066904238935207411e-04
3.066509551370461147e-04
3.066134329399907289e-04
3.065778072720922072e-04
3.065440347044602371e-04
3.065120706650716629e-04
3.064818766525005873e-04
3.064534132028533231e-04
3.064266464126160308e-04
3.064015416133576068e-04
3.063780692058736704e-04
3.063561990396507337e-04
3.063359055598795515e-04
3.063171628893085019e-04
3.062999492889532742e-04
3.062842429405693919e-04
3.062700257208745202e-04
3.062572796831653996e-04
3.062459901432623764e-04
3.062361428578917895e-04
3.062277264168836296e-04
3.062207301091027386e-04
3.062151456011097633e-04
3.062109654333866745e-04
3.062081838533552624e-04
3.062067954589377076e-04
