8.060060616528652751e-04
8.056937149421872788e-04
8.050714440536943994e-04
8.041372772542351027e-04
8.028984656660166207e-04
8.013510632323099644e-04
7.995071007826825204e-04
7.973606533700198671e-04
7.949284518323040775e-04
7.922025869173097718e-04
7.892043814207715417e-04
7.859239369544948964e-04
7.823870349218574544e-04
7.785817849552725258e-04
7.745382716455241796e-04
7.702426127368542860e-04
7.657290214473089218e-04
7.609816267136774656e-04
7.560385788972383064e-04
7.508820230722432513e-04
7.455538396529261085e-04
7.400341943717592304e-04
7.343684755785207918e-04
7.285348706712567457e-04
7.225820390828160186e-04
7.164861840444239176e-04
7.102989850163894670e-04
7.039946453444745778e-04
6.976276003949821378e-04
6.911700255472351829e-04
6.846788367365677077e-04
6.781241390868051168e-04
6.715650450377139537e-04
6.649695317014501844e-04
6.583986182446219812e-04
6.518180798646207481e-04
6.452905504711289354e-04
6.387795132952621066e-04
6.323489268690888829e-04
6.259598771295808153e-04
6.196773637394942637e-04
6.134599567074217356e-04
6.073734255408410904e-04
6.013736955996786503e-04
5.955270535245392851e-04
5.897866456391715959e-04
5.842190484403965217e-04
5.787744943463914030e-04
5.735196544408358152e-04
5.684017168036626039e-04
5.634872886657135054e-04
5.587203906689759735e-04
5.541674456381286617e-04
5.497691900800425000e-04
5.455917761155710090e-04
5.415725423102604307e-04
5.377773146209865150e-04
5.341399266340495378e-04
5.307258652788347060e-04
5.274653875477182743e-04
5.244237117694515275e-04
5.215275378527689781e-04
5.188420234916925767e-04
5.162904715947029370e-04
5.139383493793493697e-04
5.117058660884833687e-04
5.096593006967093742e-04
5.077161664728519581e-04
5.059441181398584980e-04
5.042583907344567757e-04
5.027285608986867922e-04
5.012679526577582456e-04
4.999485290730873747e-04
4.986819720740497857e-04
4.975429789933697843e-04
4.964417423008312888e-04
4.954559198601913867e-04
4.944942589977836681e-04
4.936374998187844547e-04
4.927929040263322354e-04
4.920443385932847784e-04
4.912974824855525103e-04
4.906393252303672308e-04
4.899738345601995860e-04
4.893910925550792055e-04
4.887932148097182518e-04
4.882733368487830305e-04
4.877315811880825604e-04
4.872640990232804089e-04
4.867688857729314555e-04
4.863450776166448886e-04
4.858884189185503147e-04
4.855010098326044020e-04
4.850762305060112261e-04
4.847191344037946178e-04
4.843206344705522663e-04
4.839887367864103402e-04
4.836117930144984709e-04
4.833007702542448645e-04
4.829413722170174312e-04
4.826475435008352141e-04
4.823022591118456860e-04
4.820224646964933355e-04
4.816883303492387140e-04
4.814198324866293482e-04
4.810942634290937500e-04
4.808346654955536004e-04
4.805153826849335903e-04
4.802625631405748252e-04
4.799475334391900007e-04
4.796995917690697166e-04
4.793869789033855370e-04
4.791421912163034802e-04
4.788303154064478344e-04
4.785870978130052984e-04
4.782744023873701641e-04
4.780312806486999898e-04
4.777163042929215265e-04
4.774718885332636582e-04
4.771532420944277469e-04
4.769062056143242635e-04
4.765825525995608623e-04
4.763316140216683394e-04
4.760016541047459382e-04
4.757455622398845522e-04
4.754080172281745882e-04
4.751455381727646044e-04
4.747991399968929630e-04
4.745290460706257313e-04
4.741725264458202319e-04
4.738935866552521255e-04
4.735256681313911183e-04
4.732366399051826959e-04
4.728560280753809015e-04
4.725556500632777752e-04
4.721610267413165938e-04
4.718480125041390268e-04
4.714380297113279295e-04
4.711110621551654236e-04
4.706843367790551321e-04
4.703420632049931096e-04
4.698971722070009824e-04
4.695381998592843714e-04
4.690736759168683467e-04
4.686965679183108485e-04
4.682108953906374393e-04
4.678141669551582932e-04
4.673057780600206536e-04
4.668878928690685338e-04
4.663551639537653892e-04
4.659145305767940868e-04
4.653557783574692225e-04
4.648907465871485786e-04
4.643042242203678774e-04
4.638130811816835943e-04
4.631969740195925490e-04
4.626779398991158823e-04
4.620303607662717212e-04
4.614815839947238041e-04
4.608005678116296709e-04
4.602201195204532760e-04
4.595036170871126860e-04
4.588894846493977932e-04
4.581353553932117437e-04
4.574854348523317029e-04
4.566914383397735586e-04
4.560035255270537499e-04
4.551673115393503350e-04
4.544390916864853936e-04
4.535581886675189010e-04
4.527872243318507980e-04
4.518590260331173240e-04
4.510427431756263675e-04
4.500644933496052743e-04
4.492001654376267823e-04
4.481689404681008394e-04
4.472536705179656902e-04
4.461663599240248395e-04
4.451970604529790349e-04
4.440503452620821407e-04
4.430237161830245232e-04
4.418140452361093550e-04
4.407265498009390508e-04
4.394501141265716123e-04
4.382979531010105308e-04
4.369506585719102991e-04
4.357297429020344200e-04
4.343071814607323325e-04
4.330131037631070978e-04
4.315105235671477736e-04
4.301385288330998634e-04
4.285508037160268725e-04
4.270957596576079800e-04
4.254173583205856420e-04
4.238737257915563164e-04
4.220986811216639900e-04
4.204604850109042104e-04
4.185823638548140336e-04
4.168431647609717049e-04
4.148550383553305200e-04
4.130079051988346829e-04
4.109023202591184231e-04
4.089398037590357641e-04
4.067087539440267132e-04
4.046228605698496371e-04
4.022577576547364700e-04
4.000399232423770086e-04
3.975315668323634488e-04
3.951726285109831709e-04
3.925111724861227798e-04
3.900013368728287404e-04
3.871762499410781231e-04
3.845050546873377668e-04
3.815050713881051989e-04
3.786613360496770978e-04
3.754743932208378797e-04
3.724461539867651434e-04
3.690593059703900611e-04
3.658337268936021460e-04
3.622330304324190083e-04
3.587962812468997774e-04
3.549666378367240466e-04
3.513037248957768892e-04
3.472286638676576136e-04
3.433231956693509265e-04
3.389845747684707930e-04
3.348184360937498890e-04
3.301960266340462540e-04
3.257489240914739135e-04
3.208198329361185348e-04
3.160686572674817297e-04
3.108065145319095432e-04
3.057244371424845935e-04
3.000982406068104617e-04
2.946534157403363891e-04
2.886258593466744225e-04
2.827795245952161008e-04
2.763045276477846257e-04
2.700081554345544629e-04
2.630271080278237072e-04
2.562180000757937606e-04
2.486538573263451083e-04
2.412480634729474976e-04
2.329956512917730638e-04
2.248760334039537497e-04
2.157852858689666769e-04
2.067802021232970988e-04
1.966253356597421568e-04
1.864679478843638298e-04
1.748870011560088361e-04
1.631328647192511420e-04
1.495073835082736714e-04
1.353830544175701285e-04
1.187421169265714618e-04
1.016391147818163830e-04
8.588343633826046300e-05
