5.156135819872239345e+00
5.156090879496895596e+00
5.156001041110290117e+00
5.155866311092254684e+00
5.155686810345962101e+00
5.155462538936964378e+00
5.155193678754170783e+00
5.154880200112947897e+00
5.154522319774354600e+00
5.154119947571568439e+00
5.153673304412059508e+00
5.153182205767458335e+00
5.152646845569371692e+00
5.152066911845085251e+00
5.151442543640214033e+00
5.150773272197039176e+00
5.150059159320118596e+00
5.149299555314757804e+00
5.148494428710230331e+00
5.147642929727184402e+00
5.146744923149534578e+00
5.145799343353567146e+00
5.144805944528456187e+00
5.143763430191935271e+00
5.142671438049172039e+00
5.141528423274325910e+00
5.140333899230031811e+00
5.139086049354225416e+00
5.137784249949111981e+00
5.136426379915032037e+00
5.135011658170743232e+00
5.133537613216404338e+00
5.132003275948826548e+00
5.130405761397042852e+00
5.128743868501684844e+00
5.127014213285789879e+00
5.125215301769387999e+00
5.123343135661696301e+00
5.121395844905267225e+00
5.119368661009902510e+00
5.117259224980173826e+00
5.115061785054781929e+00
5.112773339592501465e+00
5.110386856948132994e+00
5.107898481714065575e+00
5.105299478879738118e+00
5.102584846467506097e+00
5.099743521167209082e+00
5.096768946197194339e+00
5.093646766853356489e+00
5.090368308797392771e+00
5.086914352718896914e+00
5.083273372846778493e+00
5.079418597016600145e+00
5.075335897250755401e+00
5.071027440564059852e+00
5.066715857040208881e+00
5.062628020288093111e+00
5.058790533189568173e+00
5.055224135578654021e+00
5.051925972562004930e+00
5.048902499586159109e+00
5.046144144829955103e+00
5.043647058730210908e+00
5.041395680083137876e+00
5.039379272326228509e+00
5.037578696910531839e+00
5.035979735516907141e+00
5.034562293983492864e+00
5.033311447007617012e+00
5.032208155858617360e+00
5.031238609409848905e+00
5.030385984733163340e+00
5.029638502166352332e+00
5.028981985654770170e+00
5.028406946805072053e+00
5.027901807402649581e+00
5.027459243466551264e+00
5.027069976955441888e+00
5.026728543784026115e+00
5.026427580836820397e+00
5.026163132466872518e+00
5.025929369439225525e+00
5.025723514344882403e+00
5.025540937323003554e+00
5.025379758240328343e+00
5.025236271647157693e+00
5.025109268804381024e+00
5.024995751399725208e+00
5.024895006744102055e+00
5.024804576100758702e+00
5.024724109733078592e+00
5.024651561151368462e+00
5.024586843993297691e+00
5.024528228068382951e+00
5.024475816576477349e+00
5.024428123607662222e+00
5.024385387528863767e+00
5.024346312690590288e+00
5.024311232682683759e+00
5.024279001527146349e+00
5.024250018765623160e+00
5.024223257486604588e+00
5.024199161760661170e+00
5.024176800551384936e+00
5.024156646794028624e+00
5.024137847646518829e+00
5.024120893467272531e+00
5.024104996034429504e+00
5.024090654785726251e+00
5.024077135617250001e+00
5.024064940976956883e+00
5.024053382685168323e+00
5.024042961803736773e+00
5.024033029627785751e+00
5.024024082668710811e+00
5.024015506572852452e+00
5.024007791045412397e+00
5.024000351974652112e+00
5.023993670674750334e+00
5.023987189947870746e+00
5.023981381628050968e+00
5.023975712709457753e+00
5.023970644823131160e+00
5.023965666907078464e+00
5.023961229936841022e+00
5.023956842919226062e+00
5.023952945920884261e+00
5.023949066438564870e+00
5.023945633522732379e+00
5.023942191818194125e+00
5.023939159358463691e+00
5.023936096785679872e+00
5.023933411192607501e+00
5.023930678223426760e+00
5.023928294161216890e+00
5.023925848784328352e+00
5.023923727735530420e+00
5.023921534164775160e+00
5.023919643269822544e+00
5.023917670897372290e+00
5.023915982012151282e+00
5.023914204556396257e+00
5.023912693483553404e+00
5.023911088292488003e+00
5.023909734151770223e+00
5.023908281631089601e+00
5.023907066341424255e+00
5.023905749483078331e+00
5.023904657334825608e+00
5.023903461326791664e+00
5.023902478627056745e+00
5.023901390529081468e+00
5.023900505306458264e+00
5.023899513779552350e+00
5.023898715537398196e+00
5.023897810617319770e+00
5.023897090126812515e+00
5.023896263033681642e+00
5.023895612159590129e+00
5.023894855137281290e+00
5.023894266690773769e+00
5.023893572870939295e+00
5.023893040484766814e+00
5.023892403771323067e+00
5.023891921793626203e+00
5.023891336764267912e+00
5.023890900167917728e+00
5.023890361989877817e+00
5.023889966294822429e+00
5.023889470652584954e+00
5.023889111859117129e+00
5.023888654892177286e+00
5.023888329423416899e+00
5.023887907672532904e+00
5.023887612324688057e+00
5.023887222685327281e+00
5.023886954584567022e+00
5.023886594266459227e+00
5.023886350831404002e+00
5.023886017323313524e+00
5.023885796232324452e+00
5.023885487271270378e+00
5.023885286433855235e+00
5.023884999978163179e+00
5.023884817509903122e+00
5.023884551715544156e+00
5.023884385916073114e+00
5.023884139115841307e+00
5.023883988449448168e+00
5.023883759134602833e+00
5.023883622213114464e+00
5.023883409017150470e+00
5.023883284584794495e+00
5.023883086269075982e+00
5.023882973189071066e+00
5.023882788630081642e+00
5.023882685872735898e+00
5.023882514050753478e+00
5.023882420682877381e+00
5.023882260671890698e+00
5.023882175847379727e+00
5.023882026806099077e+00
5.023881949757528886e+00
5.023881810921363211e+00
5.023881740952485409e+00
5.023881611626368482e+00
5.023881548105405770e+00
5.023881427657377330e+00
5.023881370011015868e+00
5.023881257866472438e+00
5.023881205574481257e+00
5.023881101211014055e+00
5.023881053801419583e+00
5.023880956744183557e+00
5.023880913788936198e+00
5.023880823606486246e+00
5.023880784717563941e+00
5.023880701018114792e+00
5.023880665844021820e+00
5.023880588272077397e+00
5.023880556494692229e+00
5.023880484728009854e+00
5.023880456059749200e+00
5.023880389806609337e+00
5.023880363987871078e+00
5.023880302984617074e+00
5.023880279781478997e+00
5.023880223790296640e+00
5.023880202992447863e+00
5.023880151799369642e+00
5.023880133218244559e+00
5.023880086631358211e+00
5.023880070098464934e+00
5.023880027946298732e+00
5.023880013311717185e+00
5.023879975441800205e+00
5.023879962572843638e+00
5.023879928850417897e+00
5.023879917630440062e+00
5.023879887937320099e+00
5.023879878264660093e+00
5.023879852498226661e+00
5.023879844285284335e+00
5.023879822357607772e+00
5.023879815530040815e+00
5.023879797367124311e+00
5.023879791863165245e+00
5.023879777404304470e+00
5.023879773174185104e+00
5.023879762371441515e+00
5.023879759376931098e+00
5.023879752194713610e+00
5.023879750408758227e+00
5.023879746823512349e+00
5.023879746229980903e+00
