1.283651717638220613e-01
1.284203843975436632e-01
1.285299501805912958e-01
1.286942071998279091e-01
1.289105280893446948e-01
1.291794900100591281e-01
1.294965445302018459e-01
1.298622948829542545e-01
1.302699955166917445e-01
1.307199203924693798e-01
1.312027013448095469e-01
1.317177510768630655e-01
1.322524839594931001e-01
1.328047264814004869e-01
1.333579377461563131e-01
1.339075011663116710e-01
1.344321978873083689e-01
1.349242313624755274e-01
1.353574204913962076e-01
1.357207520347449015e-01
1.359840113335226142e-01
1.361345133320393530e-01
1.361410125402675864e-01
1.359928864106176860e-01
1.356629309733938527e-01
1.351476640032246157e-01
1.344291047963830366e-01
1.335145671091205188e-01
1.323973821491239156e-01
1.310952423709064452e-01
1.296103619685426700e-01
1.279666744441722293e-01
1.261703260532729409e-01
1.242465988471382066e-01
1.222012639746173773e-01
1.200577864941346773e-01
1.178194373855224186e-01
1.155068642169061882e-01
1.131205870756006454e-01
1.106788060683614183e-01
1.081799891507263939e-01
1.056407611542311831e-01
1.030584832714084020e-01
1.004490832458010546e-01
9.780967928641016995e-02
9.515621304019693250e-02
9.248625472593444141e-02
8.981628998363587468e-02
8.714487059934176993e-02
8.448939197357523134e-02
8.184973881359212944e-02
7.924437552195713608e-02
7.667458928308734656e-02
7.415971078464904387e-02
7.170200624658572275e-02
6.932089019792966877e-02
6.701852633835456152e-02
6.481303840027613505e-02
6.270496944750254820e-02
6.070967093316442798e-02
5.882479254029393534e-02
5.706203828669706435e-02
5.541568981949045181e-02
5.389378767851626950e-02
5.248750808851677940e-02
5.120178609280751775e-02
5.002532828925590480e-02
4.896075978908231985e-02
4.799507980371769955e-02
4.712946557514893775e-02
4.634998270051390173e-02
4.565718800021159596e-02
4.503690547281216650e-02
4.448976797719684378e-02
4.400188514697517955e-02
4.357446476888739845e-02
4.319422678950817635e-02
4.286324408153641824e-02
4.256898450638169074e-02
4.231450224088183221e-02
4.208801139487972770e-02
4.189354408872162511e-02
4.171997425943714533e-02
4.157224100509336606e-02
4.143975209972602242e-02
4.132825412747388044e-02
4.122755376797916649e-02
4.114410175178702389e-02
4.106797719327300034e-02
4.100624090579528536e-02
4.094913431339437804e-02
4.090424893565377390e-02
4.086189677231317346e-02
4.083013630582637415e-02
4.079927572676843306e-02
4.077779109551107894e-02
4.075592738679363614e-02
4.074254107265735947e-02
4.072776677652147764e-02
4.072081415967115231e-02
4.071167007896198814e-02
4.070987803774615832e-02
4.070524723582712168e-02
4.070764180833340989e-02
4.070666913670909631e-02
4.071250551986960869e-02
4.071453666494879303e-02
4.072324622290973001e-02
4.072778156821801887e-02
4.073893171950968700e-02
4.074559140559878834e-02
4.075885523230297208e-02
4.076735266326029367e-02
4.078248585121208719e-02
4.079260757051071662e-02
4.080943087953429332e-02
4.082102125321086794e-02
4.083940716478710875e-02
4.085235669969145000e-02
4.087221922740646995e-02
4.088645564515541037e-02
4.090774254664907017e-02
4.092322395317025963e-02
4.094591077177778954e-02
4.096262042617987431e-02
4.098670593202691920e-02
4.100464824096628630e-02
4.103015094710979471e-02
4.104934840242124849e-02
4.107630391088393923e-02
4.109679475693085032e-02
4.112525374901774416e-02
4.114709021789998700e-02
4.117711694807635325e-02
4.120036393991037549e-02
4.123203512658023956e-02
4.125676924179053073e-02
4.129017327431207945e-02
4.131648212766653172e-02
4.135171852900082490e-02
4.137970029279426643e-02
4.141687939282637926e-02
4.144664253049956670e-02
4.148588531749419078e-02
4.151754848007935261e-02
4.155898660777220671e-02
4.159267867464191276e-02
4.163645461080783816e-02
4.167231486382658168e-02
4.171858217327268498e-02
4.175676060005537038e-02
4.180568436127154314e-02
4.184634208913825398e-02
4.189809944954107912e-02
4.194140931719922416e-02
4.199619019726595626e-02
4.204233747640401253e-02
4.210034543816708330e-02
4.214952872215208673e-02
4.221098202261211463e-02
4.226341430444038871e-02
4.232854715956786001e-02
4.238445712618346684e-02
4.245352121634140413e-02
4.251315479148441018e-02
4.258642104438095655e-02
4.265004321724082809e-02
4.272780390996933769e-02
4.279570089217989148e-02
4.287827211951808493e-02
4.295075387845983389e-02
4.303847844049448618e-02
4.311588166253771393e-02
4.320913243094027384e-02
4.329182397429628959e-02
4.339100780336591773e-02
4.347938870680435192e-02
4.358495096298842242e-02
4.367946108411412121e-02
4.379189087650090656e-02
4.389301424203918833e-02
4.401285044684710712e-02
4.412112140804596433e-02
4.424895959323631861e-02
4.436496989298976262e-02
4.450147026584678339e-02
4.462587714164174130e-02
4.477177366398444464e-02
4.490530913387871109e-02
4.506141997840749230e-02
4.520490148804865577e-02
4.537214104770821016e-02
4.552648369764307479e-02
4.570587641108374982e-02
4.587210703882332180e-02
4.606480336337247933e-02
4.624407682853474977e-02
4.645137178313168969e-02
4.664498990256525646e-02
4.686834472440938593e-02
4.707777843566755133e-02
4.731884605583231568e-02
4.754576156273890297e-02
4.780641682154530836e-02
4.805270671008046723e-02
4.833508252166229813e-02
4.860290314933991135e-02
4.890943421372861977e-02
4.920125110149903974e-02
4.953472729076078412e-02
4.985337082762200667e-02
5.021700309735996348e-02
5.056573766973312262e-02
5.096324035396443408e-02
5.134585113286165015e-02
5.178154589805053498e-02
5.220244910736344252e-02
5.268139786924881662e-02
5.314578265160450898e-02
5.367395970856435328e-02
5.418797307106650724e-02
5.477249107968639591e-02
5.534348243890153951e-02
5.599289346839226439e-02
5.662974301278656669e-02
5.735444613466479657e-02
5.806801326585132178e-02
5.888081632270103505e-02
5.968456376487297349e-02
6.060147330386166792e-02
6.151235438989631488e-02
6.255371193091617543e-02
6.359346301080429087e-02
6.478562251326890065e-02
6.598269873084376680e-02
6.736057855760453628e-02
6.875314890392654477e-02
7.036425299187350213e-02
7.200501467438204239e-02
7.391603794790939375e-02
7.588031595864096202e-02
7.818855125256043981e-02
8.058869894215382745e-02
8.344297881471632317e-02
8.645579164995505217e-02
9.009799093506276613e-02
9.402160594994581067e-02
9.887735742312880882e-02
1.042633949386362197e-01
1.111676103444706187e-01
1.191774548117961463e-01
1.300387303818939799e-01
1.436054331178483745e-01
1.637307456658558813e-01
1.912819699582849198e-01
2.263734179393903923e-01
