2.566133561347430009e-06
2.562141291820906179e-06
2.554178209655220305e-06
2.542286930227438104e-06
2.526530973968832780e-06
2.506993885901953335e-06
2.483778750492078327e-06
2.457006772164787235e-06
2.426816599934534805e-06
2.393362436952438502e-06
2.356813232476856855e-06
2.317350408367887300e-06
2.275166987012145645e-06
2.230465036108795750e-06
2.183454806384183331e-06
2.134352002332987293e-06
2.083377002762366540e-06
2.030752064360679618e-06
1.976700691686473753e-06
1.921444873155830319e-06
1.865204655939563459e-06
1.808195501318468709e-06
1.750628105346028213e-06
1.692705943999708275e-06
1.634625363888445428e-06
1.576573368876956110e-06
1.518727988084017041e-06
1.461256336315389006e-06
1.404315250504553696e-06
1.348049637829908070e-06
1.292593357743118374e-06
1.238067855255813078e-06
1.184583254602456719e-06
1.132237261697247978e-06
1.081116427749140812e-06
1.031295294774247253e-06
9.828377832313506214e-07
9.357965478416134945e-07
8.902144423534657324e-07
8.461240495872335751e-07
8.035491783484453215e-07
7.625045311806376412e-07
7.229971926610189869e-07
6.850264002820589581e-07
6.485849892646411445e-07
6.136592357318286130e-07
5.802302301789070587e-07
5.482737671363780535e-07
5.177616270779815304e-07
4.886614927109813990e-07
4.609381270925892032e-07
4.345533033025664694e-07
4.094668746898633528e-07
3.856367116409488101e-07
3.630196674883731914e-07
3.415715216904268446e-07
3.212478485366477527e-07
3.020039638763972572e-07
2.837956933792540063e-07
2.665792977321744191e-07
2.503121043730333944e-07
2.349523513399919058e-07
2.204596286605592567e-07
2.067946029000418891e-07
1.939192840130535474e-07
1.817966917875951240e-07
1.703910495402122286e-07
1.596674884746555515e-07
1.495922439982404136e-07
1.401324308943637704e-07
1.312562496422397275e-07
1.229328148924436210e-07
1.151323527320928076e-07
1.078260581698087324e-07
1.009862685352348994e-07
9.458633479634860467e-08
8.860076552793457429e-08
8.300510513303765972e-08
7.777604876525913898e-08
7.289132510389608364e-08
6.832978533307638823e-08
6.407129017857665905e-08
6.009677692501202474e-08
5.638815118328967145e-08
5.292833593762895105e-08
4.970116868351869298e-08
4.669143614660932404e-08
4.388477735665051216e-08
4.126770720808274108e-08
3.882752587177452765e-08
3.655233387867167158e-08
3.443094808624585657e-08
3.245291050821959358e-08
3.060841087499141722e-08
2.888829102430076359e-08
2.728397393498747471e-08
2.578746514426591759e-08
2.439128799310013147e-08
2.308848325053022016e-08
2.187255018065865672e-08
2.073744534000869501e-08
1.967752894509918034e-08
1.868756368203896070e-08
1.776266568404713958e-08
1.689830420203429970e-08
1.609025619952023467e-08
1.533460803273034118e-08
1.462771193660692880e-08
1.396619203411947224e-08
1.334689857982384504e-08
1.276692560050996566e-08
1.222356709090564394e-08
1.171473734242564196e-08
1.123965740725869686e-08
1.079723711625934847e-08
1.038568395425133661e-08
1.000290079280384808e-08
9.646719631607348998e-09
9.315053660886443733e-09
9.005943935384698829e-09
8.717590822115038597e-09
8.448344620390699852e-09
8.196705556068842326e-09
7.961304763843469393e-09
7.740898749986346176e-09
7.534351709172371996e-09
7.340630189644423108e-09
7.158788335155715484e-09
6.987963663686953368e-09
6.827364969310221427e-09
6.676269168588900979e-09
6.534011369982080748e-09
6.399982589874808508e-09
6.273621553038086088e-09
6.154413085728574521e-09
6.041881298386971156e-09
5.935588497031246828e-09
5.835129475551068685e-09
5.740130820483266667e-09
5.650246100034971544e-09
5.565155465492326531e-09
5.484561569917655509e-09
5.408189391666296290e-09
5.335782750779598704e-09
5.267104297332858132e-09
5.201932520554267778e-09
5.140061858042553744e-09
5.081300113582180599e-09
5.025468653535396409e-09
4.972400165669910132e-09
4.921938916943906999e-09
4.873938798505364719e-09
4.828263625190662185e-09
4.784785422007216875e-09
4.743384750374585511e-09
4.703949199473728492e-09
4.666373727894047539e-09
4.630559329685705175e-09
4.596413382883081791e-09
4.563848465282471219e-09
4.532782703480212054e-09
4.503138717588611255e-09
4.474843966099313118e-09
4.447829802152973986e-09
4.422031810828604892e-09
4.397388962357685779e-09
4.373843939433774232e-09
4.351342375037499325e-09
4.329833168122830217e-09
4.309267795593214385e-09
4.289600615304341775e-09
4.270788243282370452e-09
4.252789843426214631e-09
4.235566562347187507e-09
4.219081805489335183e-09
4.203300723044602909e-09
4.188190472460595158e-09
4.173719749786367227e-09
4.159859038722320705e-09
4.146580182509807779e-09
4.133856619811962273e-09
4.121662992901126613e-09
4.109975370754158101e-09
4.098770889834654802e-09
4.088027964851509012e-09
4.077725958894920962e-09
4.067845382347454480e-09
4.058367589529448107e-09
4.049274966274382688e-09
4.040550650577984461e-09
4.032178709359693415e-09
4.024143880901975151e-09
4.016431741318715167e-09
4.009028466823744081e-09
4.001920990418455613e-09
3.995096782247717022e-09
3.988543997005292262e-09
3.982251270825399741e-09
3.976207859887018134e-09
3.970403452455932867e-09
3.964828299148417687e-09
3.959473038884186784e-09
3.954328821248000941e-09
3.949387145242565490e-09
3.944639974163306531e-09
3.940079586152877206e-09
3.935698681981490352e-09
3.931490246504764569e-09
3.927447649718444050e-09
3.923564518310465316e-09
3.919834830335695025e-09
3.916252796132264403e-09
3.912812946940045465e-09
3.909510024521435157e-09
3.906339064026270949e-09
3.903295291720636034e-09
3.900374202379870938e-09
3.897571464586599145e-09
3.894882992913356151e-09
3.892304860302647632e-09
3.889833365282550830e-09
3.887464950987432444e-09
3.885196267632463415e-09
3.883024097776448518e-09
3.880945414263718958e-09
3.878957311369361753e-09
3.877057058401560716e-09
3.875242036404363687e-09
3.873509787598309931e-09
3.871857957348535327e-09
3.870284339607561422e-09
3.868786823885900271e-09
3.867363436847415534e-09
3.866012294047032057e-09
3.864731637816067838e-09
3.863519793557472212e-09
3.862375204046013940e-09
3.861296390094288810e-09
3.860281981381701363e-09
3.859330681326024991e-09
3.858441294543383734e-09
3.857612695780789419e-09
3.856843854098225067e-09
3.856133805736358966e-09
3.855481675101166385e-09
3.854886651458739503e-09
3.854348006792502184e-09
3.853865076233241643e-09
3.853437272849242563e-09
3.853064071735161948e-09
3.852745021784625734e-09
3.852479733377303741e-09
3.852267887173646151e-09
3.852109225352836381e-09
3.852003557459546848e-09
3.851950755159914147e-09
