1.297204560534527396e+01
1.297253876262334416e+01
1.297352474496191199e+01
1.297500208182747272e+01
1.297696977481655978e+01
1.297942487797597977e+01
1.298236572138960376e+01
1.298578787375559429e+01
1.298968898451890652e+01
1.299406312174332179e+01
1.299890724093573802e+01
1.300421388841012060e+01
1.300997930773796973e+01
1.301619449590299205e+01
1.302285496116346053e+01
1.302995011632304667e+01
1.303747470472119474e+01
1.304541651187649087e+01
1.305376947934867715e+01
1.306251971282402202e+01
1.307166030673409374e+01
1.308117562352405372e+01
1.309105785518708664e+01
1.310128954495904452e+01
1.311186191535212764e+01
1.312275559982383655e+01
1.313396077048898292e+01
1.314545604338498030e+01
1.315723044283053156e+01
1.316926043972045690e+01
1.318153379350911081e+01
1.319402467848773242e+01
1.320671944863860858e+01
1.321958980206110112e+01
1.323262051853066446e+01
1.324578060716452299e+01
1.325905307154334700e+01
1.327240398044426861e+01
1.328581432107431759e+01
1.329924692752906523e+01
1.331268048953752370e+01
1.332607426891305380e+01
1.333940434028514943e+01
1.335262602375673957e+01
1.336571244771893774e+01
1.337861462966591475e+01
1.339130247434772691e+01
1.340372245155541897e+01
1.341584118585954677e+01
1.342760072457740428e+01
1.343896495696438365e+01
1.344987256032427680e+01
1.346028662936574527e+01
1.347014554407195064e+01
1.347941636670595322e+01
1.348804397199289973e+01
1.349600868834375156e+01
1.350327349628792462e+01
1.350984518301596538e+01
1.351571730310259944e+01
1.352093157095722376e+01
1.352551237085618396e+01
1.352952591703625984e+01
1.353300657967734999e+01
1.353601855619143457e+01
1.353858024288752482e+01
1.354073440736665646e+01
1.354247272268238156e+01
1.354381401016110331e+01
1.354472595421832182e+01
1.354520896077265135e+01
1.354521255780558597e+01
1.354472408771107794e+01
1.354367890225728388e+01
1.354205435881793740e+01
1.353977355714157937e+01
1.353680556314837702e+01
1.353306254347167403e+01
1.352850736746320237e+01
1.352304400087780678e+01
1.351663387009825712e+01
1.350917933315248121e+01
1.350065036844451072e+01
1.349096068271804683e+01
1.348010621170031698e+01
1.346803273521154054e+01
1.345478724115132430e+01
1.344037483167569746e+01
1.342492354182477321e+01
1.340852744537301611e+01
1.339142599494251762e+01
1.337383062735404948e+01
1.335612218651098182e+01
1.333866061661195701e+01
1.332200871413642496e+01
1.330672788635806469e+01
1.329364185484574001e+01
1.328362287703430233e+01
1.327791032520943837e+01
1.327788195222752954e+01
1.328542425573111174e+01
1.330263688705976755e+01
1.333218490260710531e+01
1.337678394679840821e+01
1.343939879457938247e+01
1.352237827090839062e+01
1.362762851808871289e+01
1.375568963616120932e+01
1.390648657145613676e+01
1.407858982632142464e+01
1.427075731281989590e+01
1.448079809013757391e+01
1.471119099301825628e+01
1.496283884379829843e+01
1.522975707691778702e+01
1.550620522598480910e+01
1.578524653404968348e+01
1.605909961946189313e+01
1.631790708491967479e+01
1.655128078736745323e+01
1.674987293254434206e+01
1.690886615084874478e+01
1.702914451123718820e+01
1.711677185887826624e+01
1.717979701582380159e+01
1.722603126032739951e+01
1.726140212694214782e+01
1.729010066479363772e+01
1.731465108697731381e+01
1.733665960567197928e+01
1.735694352100807691e+01
1.737604824616014199e+01
1.739418535732400883e+01
1.741155421659849978e+01
1.742818894188653545e+01
1.744418912342589323e+01
1.745954491603285419e+01
1.747432782125393302e+01
1.748851959971007375e+01
1.750218216675748195e+01
1.751529698728701590e+01
1.752792087350793793e+01
1.754003642559159104e+01
1.755169655083522429e+01
1.756288503150032199e+01
1.757365135277506596e+01
1.758398030681570745e+01
1.759391827239006290e+01
1.760345087952458698e+01
1.761262165862078888e+01
1.762141693602883663e+01
1.762987761821235821e+01
1.763799061518532696e+01
1.764579440837755087e+01
1.765327640245453722e+01
1.766047283180328265e+01
1.766737152570938463e+01
1.767400663192313104e+01
1.768036634954711062e+01
1.768648288508142130e+01
1.769234476487838137e+01
1.769798238657848444e+01
1.770338457105452790e+01
1.770858002810357590e+01
1.771355784829488300e+01
1.771834516454226716e+01
1.772293131862741333e+01
1.772734196857229705e+01
1.773156669395455154e+01
1.773562977183578937e+01
1.773952101020404726e+01
1.774326339180197465e+01
1.774684694682719766e+01
1.775029344371519002e+01
1.775359313116587501e+01
1.775676663726296667e+01
1.775980442743069077e+01
1.776272605780259539e+01
1.776552221021825417e+01
1.776821143215384424e+01
1.777078462264974235e+01
1.777325937910594789e+01
1.777562681933940425e+01
1.777790364490078545e+01
1.778008119450355196e+01
1.778217532404448420e+01
1.778417759560014133e+01
1.778610306587106393e+01
1.778794352295162540e+01
1.778971326733411473e+01
1.779140431584830750e+01
1.779303025254204940e+01
1.779458332566238354e+01
1.779607643957798402e+01
1.779750207652311289e+01
1.779887249516170300e+01
1.780018041411541319e+01
1.780143747771865748e+01
1.780263664316811401e+01
1.780378896942190892e+01
1.780488765419637431e+01
1.780594319776859180e+01
1.780694904005623869e+01
1.780791514724469238e+01
1.780883520285986066e+01
1.780971866162024853e+01
1.781055945178744793e+01
1.781136653740493259e+01
1.781213409231890665e+01
1.781287060897917485e+01
1.781357050739290315e+01
1.781424182590160754e+01
1.781487923098683979e+01
1.781549032287831835e+01
1.781607001459575557e+01
1.781662548286491443e+01
1.781715188707361364e+01
1.781765599375716036e+01
1.781813320828583258e+01
1.781858989911226487e+01
1.781902171700809134e+01
1.781943464332865901e+01
1.781982457349221605e+01
1.782019711169849430e+01
1.782054839710686167e+01
1.782088366573363558e+01
1.782119929944703429e+01
1.782150017415249010e+01
1.782178291329267239e+01
1.782205203990102760e+01
1.782230441778311913e+01
1.782254422356764678e+01
1.782276856015945299e+01
1.782298126353624923e+01
1.782317967441159468e+01
1.782336729320693536e+01
1.782354169715140202e+01
1.782370605559658827e+01
1.782385818101536046e+01
1.782400091561445876e+01
1.782413230588273834e+01
1.782425487028866939e+01
1.782436688817511339e+01
1.782447055719952900e+01
1.782456438848258173e+01
1.782465026135381692e+01
1.782472691773968521e+01
1.782479592071171481e+01
1.782485624215056674e+01
1.782490913055326232e+01
1.782495378703794842e+01
1.782499114684671682e+01
1.782502063976504303e+01
1.782504288875381704e+01
1.782505755185186658e+01
1.782506494038038980e+01
