2.262694238878570463e+00
2.263998128911476115e+00
2.266606983559730448e+00
2.270522495029075660e+00
2.275747888051882217e+00
2.282286545234319064e+00
2.290143844810005991e+00
2.299324856930937688e+00
2.309837120241312380e+00
2.321687390056267564e+00
2.334885377897816028e+00
2.349439524633041732e+00
2.365361735513006103e+00
2.382662143213287731e+00
2.401354879620027472e+00
2.421451785249601141e+00
2.442969268115720016e+00
2.465920907113505756e+00
2.490325457860262048e+00
2.516198288219711809e+00
2.543560601127328180e+00
2.572429630397571554e+00
2.602829161319387463e+00
2.634778404119504369e+00
2.668303904653362313e+00
2.703427001262604268e+00
2.740177230312802248e+00
2.778578259544961071e+00
2.818662906661845824e+00
2.860457428478043074e+00
2.903998285397144663e+00
2.949314650546277949e+00
2.996447069020729881e+00
3.045428034572641884e+00
3.096302710189404728e+00
3.149107401640534931e+00
3.203892525661204083e+00
3.260698789659471686e+00
3.319582616054252977e+00
3.380589815819451172e+00
3.443783703333712864e+00
3.509216028802063292e+00
3.576958049134258744e+00
3.647068462458306293e+00
3.719627740805279803e+00
3.794702793524265871e+00
3.872384924948239604e+00
3.952750953375242737e+00
4.035905248604582773e+00
4.121937072857302375e+00
4.210967313464370143e+00
4.303101935827672975e+00
4.398484310227559924e+00
4.497244925004891591e+00
4.599560632633148849e+00
4.705601074957967533e+00
4.815596429821129121e+00
4.929780616204546995e+00
5.048467945305098681e+00
5.171990443367469936e+00
5.300780140948554653e+00
5.435294123018122647e+00
5.576098696554426581e+00
5.723780132739482163e+00
5.879036497941445560e+00
6.042581424256031397e+00
6.215254070503245742e+00
6.397920181089602920e+00
6.591603714949627602e+00
6.797382412968794974e+00
7.016541649993819796e+00
7.250461458270140547e+00
7.500795604201707434e+00
7.769348735384070004e+00
8.058285956856106935e+00
8.369998636961948790e+00
8.707350020571769988e+00
9.073525147329004170e+00
9.472315303320558044e+00
9.907939778831940103e+00
1.038536418854768328e+01
1.091006663070823102e+01
1.148836951569790088e+01
1.212709727765503054e+01
1.283387676633719465e+01
1.361659691675285266e+01
1.448360005383446136e+01
1.544280736252805042e+01
1.650168574207434702e+01
1.766584762996456703e+01
1.893863440339100634e+01
2.031892734728834782e+01
2.180012642955302127e+01
2.336680707822079484e+01
2.499280018668944692e+01
2.663627750541709460e+01
2.823681676372665450e+01
2.970914513024857229e+01
3.094084917841484383e+01
3.178879908992396608e+01
3.208617222668687674e+01
3.165621613378888810e+01
3.034866963910496196e+01
2.808782302765720829e+01
2.493239307977013297e+01
2.110424255587328091e+01
1.696707269019561082e+01
1.293363925536147363e+01
9.354981255641332538e+00
6.436846401706983301e+00
4.229594772923027435e+00
2.665476280604544446e+00
1.620461910162112940e+00
9.561470485193619417e-01
5.506532578396879929e-01
3.120494068278962807e-01
1.760371412967107752e-01
1.005002139832727875e-01
5.930552713059219355e-02
3.704496402436752850e-02
2.501273343489248194e-02
1.846343216434007464e-02
1.486526741256474250e-02
1.287670352329309785e-02
1.177816996631227305e-02
1.117636885759868033e-02
1.085136259037873009e-02
1.067938858305289736e-02
1.059041382794173071e-02
1.054572373658830588e-02
1.052391804079366201e-02
1.051382061557517081e-02
1.050940028743941289e-02
1.050781691401188496e-02
1.050747575732162431e-02
1.050780082636959198e-02
1.050834726294066351e-02
1.050908180723601239e-02
1.050983034961344015e-02
1.051067060792984856e-02
1.051149021443126969e-02
1.051238245913836862e-02
1.051325197310103848e-02
1.051418940817182811e-02
1.051510732745981717e-02
1.051609112861746735e-02
1.051705920917721249e-02
1.051809181939271712e-02
1.051911238227799632e-02
1.052019646399461605e-02
1.052127197866444160e-02
1.052241025399795575e-02
1.052354326148927446e-02
1.052473847631953986e-02
1.052593155783803150e-02
1.052718645981080836e-02
1.052844221005662904e-02
1.052975952617601733e-02
1.053108052603253693e-02
1.053246293810396195e-02
1.053385172582319007e-02
1.053530184353807138e-02
1.053676088414705163e-02
1.053828121577007719e-02
1.053981286855789831e-02
1.054140578923867637e-02
1.054301227326040133e-02
1.054467999102809937e-02
1.054636334862972362e-02
1.054810786818227188e-02
1.054986992662293802e-02
1.055169301106847514e-02
1.055353534238140205e-02
1.055543847314876181e-02
1.055736235245256435e-02
1.055934668764785429e-02
1.056135305018522826e-02
1.056341938173208615e-02
1.056550877898583367e-02
1.056765748895224961e-02
1.056983004425481390e-02
1.057206106083245431e-02
1.057431642495372699e-02
1.057662917861765944e-02
1.057896648588083598e-02
1.058135986632853694e-02
1.058377769186702975e-02
1.058625000637752715e-02
1.058874632520159960e-02
1.059129525912634422e-02
1.059386740772212676e-02
1.059648998785026573e-02
1.059913462907257319e-02
1.060182719065911293e-02
1.060454028271625403e-02
1.060729844098635445e-02
1.061007521133173863e-02
1.061289383828369071e-02
1.061572876324043575e-02
1.061860197057417840e-02
1.062148876150665472e-02
1.062440989048507936e-02
1.062734148730792860e-02
1.063030310632128925e-02
1.063327167909206179e-02
1.063626558964638966e-02
1.063926254892396187e-02
1.064227980069355414e-02
1.064529581725896269e-02
1.064832673275776555e-02
1.065135176719227313e-02
1.065438597649290796e-02
1.065740931898017697e-02
1.066043580478381186e-02
1.066344612536033153e-02
1.066645327855820710e-02
1.066943868787279155e-02
1.067241437357731998e-02
1.067536249404038573e-02
1.067829412787179612e-02
1.068119217488541599e-02
1.068406680910435197e-02
1.068690168186228057e-02
1.068970610073488939e-02
1.069246448187438289e-02
1.069518530544987835e-02
1.069785376862820471e-02
1.070047756389944961e-02
1.070304268816944099e-02
1.070555608639152043e-02
1.070800457605397896e-02
1.071039439480825882e-02
1.071271320324198272e-02
1.071496657166995034e-02
1.071714302748925755e-02
1.071924751297159348e-02
1.072126944672744352e-02
1.072321318117866983e-02
1.072506905072961869e-02
1.072684085459537501e-02
1.072851986720933272e-02
1.073010936921805873e-02
1.073160159845412687e-02
1.073299934917488867e-02
1.073429584461448733e-02
1.073549342192115300e-02
1.073658630988736165e-02
1.073757641451809561e-02
1.073845898803821655e-02
1.073923552757979558e-02
1.073990232399688223e-02
1.074046048379186276e-02
1.074090734863258553e-02
1.074124364832906159e-02
1.074146778426464909e-02
1.074158011897209317e-02
