4.283732939917794802e-03
4.364518501496217340e-03
4.524572125183479177e-03
4.762780877149652703e-03
5.074460637906397231e-03
5.457285432027114691e-03
5.903624060990431133e-03
6.409861153398865863e-03
6.965613522487479337e-03
7.566045004646637651e-03
8.198479646073064675e-03
8.857153011246399199e-03
9.527902435503610157e-03
1.020464316859781562e-02
1.087288520807400127e-02
1.152712002514827416e-02
1.215389255725107809e-02
1.274926169626489081e-02
1.330205757110974885e-02
1.381067385773854239e-02
1.426699589491670084e-02
1.467200503642041021e-02
1.502069990631826890e-02
1.531629606596163207e-02
1.555628700880168358e-02
1.574531949092800032e-02
1.588235117986730449e-02
1.597250101818664669e-02
1.601507142756020130e-02
1.601479632804064801e-02
1.597033581036644279e-02
1.588539942696792773e-02
1.575720807919511746e-02
1.558799666634869130e-02
1.537286416303235148e-02
1.511218867470620619e-02
1.479822569446881397e-02
1.442902052795386192e-02
1.399303481541597227e-02
1.348523232318687981e-02
1.288888843538255058e-02
1.219467369651772160e-02
1.137861529242639724e-02
1.042523493236824361e-02
9.300394061355354847e-03
7.979902127531635081e-03
6.415749421969207944e-03
4.572156939146254651e-03
2.383640994328251050e-03
-1.987144554337350044e-04
-3.258568875739720205e-03
-6.854184216594116918e-03
-1.107960206008484771e-02
-1.598725195214212302e-02
-2.165956778528432825e-02
-2.811484716300993725e-02
-3.539223491566872992e-02
-4.344849974847611596e-02
-5.226003897845482582e-02
-6.171987305424692094e-02
-7.175241151389286087e-02
-8.221251717631083977e-02
-9.300079581994916134e-02
-1.039635588583132098e-01
-1.150002745636480306e-01
-1.259673665954490762e-01
-1.367762240287153375e-01
-1.473046622358067381e-01
-1.574851939507471155e-01
-1.672252703034878274e-01
-1.764848808297575511e-01
-1.852050521542695782e-01
-1.933744547382500178e-01
-2.009657256851685170e-01
-2.079919558167542259e-01
-2.144507638859277643e-01
-2.203722036837805764e-01
-2.257704495574919812e-01
-2.306846740415742225e-01
-2.351378653325674473e-01
-2.391719331573091689e-01
-2.428128706670347192e-01
-2.461010377943970151e-01
-2.490617384555515457e-01
-2.517314115790073581e-01
-2.541327071117643888e-01
-2.562971802150493250e-01
-2.582440511156792184e-01
-2.599999125161947533e-01
-2.615804905557082560e-01
-2.630078114821842727e-01
-2.642944095967827423e-01
-2.654583429590635091e-01
-2.665094048063697540e-01
-2.674623253050764649e-01
-2.683246326009610105e-01
-2.691083283969710749e-01
-2.698191155258081730e-01
-2.704667904646502197e-01
-2.710556096044028918e-01
-2.715936024691266715e-01
-2.720838920787570503e-01
-2.725330988276124522e-01
-2.729434643071826372e-01
-2.733204872580915490e-01
-2.736657271114956713e-01
-2.739837896380316606e-01
-2.742757079200137671e-01
-2.745453756453642979e-01
-2.747934204661806046e-01
-2.750231666851651324e-01
-2.752349299125537718e-01
-2.754315775764670238e-01
-2.756131851599016303e-01
-2.757822520177507508e-01
-2.759386687951624895e-01
-2.760846370147031492e-01
-2.762199049623660918e-01
-2.763464320548218445e-01
-2.764638568545504937e-01
-2.765739410411630628e-01
-2.766762385387483980e-01
-2.767723487541142724e-01
-2.768617602712295511e-01
-2.769459386859303152e-01
-2.770243221075825435e-01
-2.770982652544857761e-01
-2.771671672334696246e-01
-2.772322904328893833e-01
-2.772930038342217296e-01
-2.773504925439117530e-01
-2.774041023154617536e-01
-2.774549532099608862e-01
-2.775023731460659060e-01
-2.775474270990598291e-01
-2.775894294113097627e-01
-2.776293980698525399e-01
-2.776666372542679340e-01
-2.777021245205515410e-01
-2.777351566829779905e-01
-2.777666761314818711e-01
-2.777959746801486607e-01
-2.778239637153349650e-01
-2.778499321336119210e-01
-2.778747635204996680e-01
-2.778977457805579809e-01
-2.779197370458329486e-01
-2.779400261049623788e-01
-2.779594472008341532e-01
-2.779772919288163724e-01
-2.779943714688021816e-01
-2.780099822810119803e-01
-2.780249125909954322e-01
-2.780384660032332311e-01
-2.780514071784610519e-01
-2.780630494523618212e-01
-2.780741325684057963e-01
-2.780839825778764762e-01
-2.780933121685332798e-01
-2.781014635858639061e-01
-2.781091194715750725e-01
-2.781156423449449577e-01
-2.781216808700056609e-01
-2.781266226406420294e-01
-2.781310773549813264e-01
-2.781344633410637868e-01
-2.781373451415766751e-01
-2.781391784961126934e-01
-2.781404752224758137e-01
-2.781407363528684562e-01
-2.781404118125221925e-01
-2.781390572295440733e-01
-2.781370496051663865e-01
-2.781340101476166282e-01
-2.781302297169594984e-01
-2.781254080744168244e-01
-2.781197341456476679e-01
-2.781130015742311334e-01
-2.781052785085352252e-01
-2.780964706019613542e-01
-2.780865027572987369e-01
-2.780754140957938381e-01
-2.780629594789393311e-01
-2.780493369291777705e-01
-2.780340992843019499e-01
-2.780176336607977361e-01
-2.779992526473548664e-01
-2.779795683648093041e-01
-2.779576073791349411e-01
-2.779342496191121725e-01
-2.779081806842529923e-01
-2.778805994584752082e-01
-2.778497844329976263e-01
-2.778173147358204420e-01
-2.777809818571316258e-01
-2.777428188416409260e-01
-2.777000332978533659e-01
-2.776552010551583405e-01
-2.776048278354113497e-01
-2.775521398643669424e-01
-2.774927965180336020e-01
-2.774308052822569426e-01
-2.773608013448357057e-01
-2.772877333364880958e-01
-2.772049919374544036e-01
-2.771186632676016504e-01
-2.770206186464505560e-01
-2.769183241549103003e-01
-2.768017862031476595e-01
-2.766801521057203894e-01
-2.765411251974345674e-01
-2.763959108613316951e-01
-2.762293484534869004e-01
-2.760551761983466856e-01
-2.758546438648706856e-01
-2.756446253952366532e-01
-2.754018312759263787e-01
-2.751470432237546060e-01
-2.748511732088917969e-01
-2.745399084758210484e-01
-2.741766684140413690e-01
-2.737933478153191658e-01
-2.733435570241005697e-01
-2.728671149893598380e-01
-2.723045967365200215e-01
-2.717060328792557100e-01
-2.709943749504455934e-01
-2.702329465749777615e-01
-2.693203931593647904e-01
-2.683375250800345002e-01
-2.671486765334561975e-01
-2.658579021616521709e-01
-2.642797568908036299e-01
-2.625494806716718865e-01
-2.604070133169342216e-01
-2.580296797402212849e-01
-2.550410861086788716e-01
-2.516751890635026134e-01
-2.473652441174271355e-01
-2.424194961148451455e-01
-2.359403705382721594e-01
-2.283248084755968854e-01
-2.180541785602647387e-01
-2.055944883933881195e-01
-1.881370853831548229e-01
-1.660265127394977003e-01
-1.333802294404742295e-01
-8.940340278936587115e-02
-1.931750198354820203e-02
8.444770260508932536e-02
2.711029210756981112e-01
5.953421338945708019e-01
1.317556751064263398e+00
2.999560122103128279e+00
7.973776370555143878e+00
1.162738556150680935e+01
