4.484171472580424478e+00
4.426241178663235409e+00
4.446359230405535712e+00
4.429575709439419917e+00
4.436436205441689040e+00
4.423821491044876986e+00
4.425328347638842530e+00
4.413460291268930469e+00
4.411440034948350686e+00
4.399247765152990652e+00
4.394436289386614902e+00
4.381459060225876279e+00
4.374243549419855270e+00
4.360254618345288158e+00
4.350878854892067160e+00
4.335763226111594371e+00
4.324403372572242610e+00
4.308108053613550759e+00
4.294905885143025515e+00
4.277416380596395840e+00
4.262495578848627176e+00
4.243823452083461234e+00
4.227298179445504012e+00
4.207473814836772519e+00
4.189453395639549882e+00
4.168521399514922621e+00
4.149112882022883753e+00
4.127128914587711250e+00
4.106438409750808205e+00
4.083466835088244373e+00
4.061600122206666441e+00
4.037712154038780810e+00
4.014774839254307892e+00
3.990047006204339386e+00
3.966144405631856884e+00
3.940657237195507534e+00
3.915894097089863912e+00
3.889730972840081513e+00
3.864211095809655383e+00
3.837457223540474249e+00
3.811283048848378208e+00
3.784024549976849006e+00
3.757296718032114402e+00
3.729619805053426163e+00
3.702436725300680465e+00
3.674426962118284123e+00
3.646884397892618423e+00
3.618626034002753844e+00
3.590816712037777858e+00
3.562392085835225597e+00
3.534405335887144783e+00
3.505894341764448807e+00
3.477815769430269377e+00
3.449295385054694574e+00
3.421206580417364140e+00
3.392750451224137986e+00
3.364728734559986556e+00
3.336406812103876351e+00
3.308525017805470370e+00
3.280403249913665054e+00
3.252729549246745400e+00
3.224869618863142495e+00
3.197467381956919485e+00
3.169926491803731761e+00
3.142854189420363209e+00
3.115684889045386985e+00
3.088996034231751509e+00
3.062246085179181065e+00
3.035989215912190176e+00
3.009701489418415754e+00
2.983920193647468189e+00
2.958132593858906034e+00
2.932865580346105006e+00
2.907610982522821796e+00
2.882892204467931929e+00
2.858198392541854815e+00
2.834057237330202650e+00
2.809946815795275388e+00
2.786408387540811660e+00
2.762898626089822951e+00
2.739984181312818290e+00
2.717086756012863091e+00
2.694814582514080570e+00
2.672535908789793080e+00
2.650926425321898705e+00
2.629283408380647558e+00
2.608430085933089781e+00
2.587725305480069515e+00
2.568874113487398247e+00
2.553759131009126548e+00
2.553825740719684045e+00
2.599360685790967462e+00
2.757591169976106649e+00
3.075654587451896127e+00
3.500000138780559045e+00
3.927764044939691335e+00
4.247700553818022584e+00
4.436350247506402944e+00
4.487179805362734974e+00
4.515208172947641430e+00
4.495976838624399896e+00
4.497537239036150325e+00
4.472328849639986892e+00
4.469071396532531715e+00
4.444684283792107671e+00
4.439272577208128290e+00
4.416000578120153897e+00
4.408995349266330521e+00
4.386572520175682222e+00
4.378232931167619135e+00
4.356412260548289339e+00
4.346911995397198858e+00
4.325505180396866045e+00
4.314973886660614433e+00
4.293840087518466575e+00
4.282379314240579937e+00
4.261412996287345045e+00
4.249105293975378395e+00
4.228227265960583736e+00
4.215142026501612627e+00
4.194293065391051734e+00
4.180490406812331194e+00
4.159626677085874746e+00
4.145160067899155365e+00
4.124249765620035646e+00
4.109167821881449356e+00
4.088188670384579559e+00
4.072536393073526995e+00
4.051473740653661615e+00
4.035293377924592306e+00
4.014138723906477857e+00
3.997470372708734399e+00
3.976220214161477085e+00
3.959102241171403858e+00
3.937757154752622668e+00
3.920226491275601077e+00
3.898790394861023856e+00
3.880882743442749749e+00
3.859362296716071672e+00
3.841112277301698796e+00
3.819516387563763882e+00
3.800957638815257056e+00
3.779297056382272757e+00
3.760462307386169822e+00
3.738749286320693255e+00
3.719670407680393254e+00
3.697918424647036684e+00
3.678626465731579476e+00
3.656849982148422828e+00
3.637375199865036546e+00
3.615589463638102519e+00
3.595961344244922309e+00
3.574182222899383810e+00
3.554429502349577774e+00
3.532673341033630621e+00
3.512824022795196122e+00
3.491107527886149420e+00
3.471188900574112335e+00
3.449529038886622434e+00
3.429567695654771597e+00
3.407981612347017908e+00
3.388003469693189107e+00
3.366508419469315339e+00
3.346538738024803283e+00
3.325152029177699475e+00
3.305215435386939848e+00
3.283954382856875132e+00
3.264074892510458348e+00
3.242956781216553619e+00
3.223157823862324189e+00
3.202199878478497741e+00
3.182504322446447542e+00
3.161723684428293435e+00
3.142153863553334148e+00
3.121567573268282381e+00
3.102145312705809843e+00
3.081770296089832328e+00
3.062516939499791757e+00
3.042369998822521016e+00
3.023306434549556165e+00
3.003404241087121562e+00
2.984550928759537758e+00
2.964910018496863309e+00
2.946287013917155306e+00
2.926923784259010120e+00
2.908550764450601900e+00
2.889481471793244882e+00
2.871377757078674264e+00
2.852618515412173483e+00
2.834803091108770268e+00
2.816369868885267191e+00
2.798861405296074523e+00
2.780770022136505482e+00
2.763586891344140373e+00
2.745853014256934177e+00
2.729013305028467062e+00
2.711652441527410140e+00
2.695173972283396058e+00
2.678201462073951600e+00
2.662101790775116328e+00
2.645532794160827539e+00
2.629829225747322585e+00
2.613678710032353969e+00
2.598388300990309041e+00
2.582671022915117742e+00
2.567810583432292404e+00
2.552541068164678517e+00
2.538127162601827358e+00
2.523319678215298012e+00
2.509368622818992645e+00
2.495037150860891284e+00
2.481565010708022712e+00
2.467723212036930125e+00
2.454745796535246605e+00
2.441406970963056811e+00
2.428939830503962227e+00
2.416116871027287782e+00
2.404175293330430119e+00
2.391880633666994882e+00
2.380479644472686562e+00
2.368725196940120625e+00
2.357879565269622724e+00
2.346676649437863027e+00
2.336400900674736825e+00
2.325760157760470292e+00
2.316068600127592081e+00
2.305999890125868479e+00
2.296906658851845862e+00
2.287418932634571522e+00
2.278938062514218377e+00
2.270039198978785588e+00
2.262184739304341274e+00
2.253881329574827230e+00
2.246667524185427478e+00
2.238964575191538575e+00
2.232406144512297796e+00
2.225306653902948906e+00
2.219419246180867056e+00
2.212923559256339878e+00
2.207724488935959961e+00
2.201829278641463272e+00
2.197338780855361495e+00
2.192035317870597133e+00
2.188278803010122342e+00
2.183549803861500216e+00
2.180562207523616625e+00
2.176375527656170039e+00
2.174210587264670647e+00
2.170504950312198478e+00
2.169258034256157153e+00
2.165904424450343146e+00
2.165782661771184170e+00
2.162444536343862467e+00
2.164089884338272096e+00
2.159275094120026051e+00
2.169334969667274571e+00
