-2.062931644091485772e+00
-2.062313611240409905e+00
-2.061078201288087275e+00
-2.059226729607234851e+00
-2.056761158593435113e+00
-2.053684109302792216e+00
-2.049998836260106039e+00
-2.045709246916619595e+00
-2.040819863882973983e+00
-2.035335852299879900e+00
-2.029262969520964521e+00
-2.022607600526871163e+00
-2.015376695091686265e+00
-2.007577811408925772e+00
-1.999219040783603685e+00
-1.990309059676404813e+00
-1.980857041971187282e+00
-1.970872719681013407e+00
-1.960366282847255226e+00
-1.949348449187513710e+00
-1.937830351686897767e+00
-1.925823617502610663e+00
-1.913340243309683331e+00
-1.900392683809582373e+00
-1.886993714891123775e+00
-1.873156532120450857e+00
-1.858894601772497657e+00
-1.844221769706843039e+00
-1.829152100315534657e+00
-1.813699996213605781e+00
-1.797880025135147442e+00
-1.781707050888666100e+00
-1.765196048214981994e+00
-1.748362245476361654e+00
-1.731220927467135073e+00
-1.713787590322080723e+00
-1.696077732243638669e+00
-1.678107021129799481e+00
-1.659891073150712604e+00
-1.641445633609740273e+00
-1.622786343267256681e+00
-1.603928932961236731e+00
-1.584888977537230570e+00
-1.565682104767391669e+00
-1.546323736703076435e+00
-1.526829313444268088e+00
-1.507214021685131078e+00
-1.487493033899871087e+00
-1.467681223801858614e+00
-1.447793421527896918e+00
-1.427844115678206016e+00
-1.407847725099509617e+00
-1.387818287116159066e+00
-1.367769746534352349e+00
-1.347715629613811972e+00
-1.327669350941669046e+00
-1.307643872629311366e+00
-1.287652029736090054e+00
-1.267706174106937311e+00
-1.247818519064417986e+00
-1.228000767229138201e+00
-1.208264475245266256e+00
-1.188620664847338748e+00
-1.169080208440985702e+00
-1.149653422596042196e+00
-1.130350475373153918e+00
-1.111180961333668726e+00
-1.092154331586946636e+00
-1.073279449311819622e+00
-1.054565043602521346e+00
-1.036019244394277061e+00
-1.017650061312622922e+00
-9.994648967867947320e-01
-9.814710512645814511e-01
-9.636752131817829525e-01
-9.460839921019272847e-01
-9.287033840892381376e-01
-9.115393345825162363e-01
-8.945971775950832816e-01
-8.778822304535301990e-01
-8.613992051251015969e-01
-8.451528373717620557e-01
-8.291472683905262153e-01
-8.133867114908958085e-01
-7.978748021382706668e-01
-7.826153060178624443e-01
-7.676114355148373480e-01
-7.528666040746097021e-01
-7.383837071714527411e-01
-7.241659293730808855e-01
-7.102159880166138972e-01
-6.965370016280455490e-01
-6.831316950108107244e-01
-6.700033412419846846e-01
-6.571549280875542687e-01
-6.445901919277589043e-01
-6.323127482859439707e-01
-6.203272473775769402e-01
-6.086384780163984765e-01
-5.972526960212083402e-01
-5.861767208467387746e-01
-5.754195125139125455e-01
-5.649912093068307772e-01
-5.549046530102373920e-01
-5.451722612325223816e-01
-5.357998140827752165e-01
-5.267699380902323147e-01
-5.180523272299828452e-01
-5.096281738300081354e-01
-5.014891456872846431e-01
-4.936243445548490483e-01
-4.860160890446765247e-01
-4.786383481962337982e-01
-4.714625797436026167e-01
-4.644625023731281388e-01
-4.576194185904225442e-01
-4.509206398351426337e-01
-4.443593896644502661e-01
-4.379309908810419816e-01
-4.316334689975220296e-01
-4.254646015716409546e-01
-4.194237469594248591e-01
-4.135091519498133028e-01
-4.077204878333692273e-01
-4.020559036312194023e-01
-3.965151544400816741e-01
-3.910961121096956372e-01
-3.857986223086096178e-01
-3.806201689247793452e-01
-3.755608042905922983e-01
-3.706174499435111458e-01
-3.657906177667173964e-01
-3.610761905000540728e-01
-3.564754784827356970e-01
-3.519795459383208147e-01
-3.475711115893105885e-01
-3.431067787061139462e-01
-3.384077610717083906e-01
-3.334876651573692175e-01
-3.284400823233357136e-01
-3.233493928664946115e-01
-3.182790215800117006e-01
-3.132746030690209960e-01
-3.083642774712166412e-01
-3.035663037125134189e-01
-2.988895458911938752e-01
-2.943392639249107767e-01
-2.899161865120847836e-01
-2.856204050541600870e-01
-2.814496658286402830e-01
-2.774021817840324200e-01
-2.734747221939091144e-01
-2.696648601385777666e-01
-2.659691157778846793e-01
-2.623848799863927606e-01
-2.589086878489724186e-01
-2.555379244842086450e-01
-2.522692377012241138e-01
-2.491000785058242462e-01
-2.460272424480992315e-01
-2.430482759810649596e-01
-2.401601323647033215e-01
-2.373604651413034061e-01
-2.346463851175050463e-01
-2.320156566876450110e-01
-2.294655440692706660e-01
-2.269939226967484236e-01
-2.245982046189755887e-01
-2.222763747776259624e-01
-2.200259870305673604e-01
-2.178451333812314594e-01
-2.157315034091388528e-01
-2.136832931919198653e-01
-2.116983220153851597e-01
-2.097748866925771560e-01
-2.079109303218308613e-01
-2.061048468764320463e-01
-2.043546975153972822e-01
-2.026589696407525010e-01
-2.010158368735096568e-01
-1.994238762178310309e-01
-1.978813683197407636e-01
-1.963869759130010550e-01
-1.949390814007862238e-01
-1.935364293681698655e-01
-1.921774988832617437e-01
-1.908611125313641466e-01
-1.895858411344722716e-01
-1.883505814811870238e-01
-1.871539914218203482e-01
-1.859950382273555802e-01
-1.848724622394211092e-01
-1.837852975839513736e-01
-1.827323627472635381e-01
-1.817127551901039362e-01
-1.807253673878035649e-01
-1.797693567336198783e-01
-1.788436857266383628e-01
-1.779475684160100046e-01
-1.770800335481596544e-01
-1.762403486826989718e-01
-1.754276052232920102e-01
-1.746411212293290105e-01
-1.738800473546239789e-01
-1.731437492842851089e-01
-1.724314336942349146e-01
-1.717425111583597841e-01
-1.710762413211708022e-01
-1.704320770448986000e-01
-1.698093280586868981e-01
-1.692074870476473203e-01
-1.686259111059204285e-01
-1.680641304087186760e-01
-1.675215468544068442e-01
-1.669977259054230834e-01
-1.664921118568776226e-01
-1.660043033822544978e-01
-1.655337849136426509e-01
-1.650801863826299454e-01
-1.646430302407430879e-01
-1.642219758443524136e-01
-1.638165816837404698e-01
-1.634265348227120218e-01
-1.630514279413179113e-01
-1.626909742058084973e-01
-1.623447987638052536e-01
-1.620126393878806581e-01
-1.616941520932032028e-01
-1.613890978680670718e-01
-1.610971621130578846e-01
-1.608181277439838519e-01
-1.605517081786841105e-01
-1.602977070717847563e-01
-1.600558646005988406e-01
-1.598260040667774662e-01
-1.596078912565002117e-01
-1.594013681211942368e-01
-1.592062250096457632e-01
-1.590223216183017096e-01
-1.588494719141303746e-01
-1.586875525245244334e-01
-1.585364001899154662e-01
-1.583959077437263330e-01
-1.582659339529908782e-01
-1.581463872201143983e-01
-1.580371476881828330e-01
-1.579381387783439228e-01
-1.578492614542385541e-01
-1.577704536914456002e-01
-1.577016368126832047e-01
-1.576427629689146070e-01
-1.575937734736546081e-01
-1.575546343589345200e-01
-1.575253066533722490e-01
-1.575057700601024402e-01
-1.574960051392896021e-01
