-2.369004572873917969e+00
-2.368496586746631216e+00
-2.367480892493450284e+00
-2.365958523886002141e+00
-2.363930235716612760e+00
-2.361397917036263117e+00
-2.358362547948956944e+00
-2.354826506411739739e+00
-2.350790598283762911e+00
-2.346257248000968687e+00
-2.341226757343525477e+00
-2.335701407703111077e+00
-2.329681055960630243e+00
-2.323168082322932815e+00
-2.316162263810643829e+00
-2.308666421743399866e+00
-2.300680524370321667e+00
-2.292207962520900644e+00
-2.283248960463382993e+00
-2.273807443954247276e+00
-2.263883882018137061e+00
-2.253482674575685962e+00
-2.242604542337389706e+00
-2.231254326815807598e+00
-2.219433043973461750e+00
-2.207145973581209120e+00
-2.194394499064490134e+00
-2.181184355428249511e+00
-2.167517386584283390e+00
-2.153399815016659335e+00
-2.138834055378748822e+00
-2.123826863682492849e+00
-2.108381351129072545e+00
-2.092504866654500084e+00
-2.076201357419347193e+00
-2.059478836932027601e+00
-2.042342237986501274e+00
-2.024800319998683484e+00
-2.006859156052529070e+00
-1.988528338030998377e+00
-1.969815231513308174e+00
-1.950730346113052516e+00
-1.931282480145511515e+00
-1.911483136478427713e+00
-1.891342663272616686e+00
-1.870873612561824384e+00
-1.850087964331977863e+00
-1.828999345670613286e+00
-1.807621403609075639e+00
-1.785968826425235800e+00
-1.764056906862779606e+00
-1.741901333148389019e+00
-1.719518959409396475e+00
-1.696926361037392139e+00
-1.674141804408545431e+00
-1.651182588070901680e+00
-1.628068180275947352e+00
-1.604816392711294615e+00
-1.581447632830064398e+00
-1.557979979211232990e+00
-1.534434477021649812e+00
-1.510829202521613013e+00
-1.487185514808656350e+00
-1.463521210812554374e+00
-1.439857635119817791e+00
-1.416212035752748566e+00
-1.392605426492562914e+00
-1.369054257948566500e+00
-1.345578923290589035e+00
-1.322194859058964278e+00
-1.298921585282424740e+00
-1.275773346857031143e+00
-1.252768582196764902e+00
-1.229920209631511385e+00
-1.207245424433157188e+00
-1.184755726370000595e+00
-1.162466952535452069e+00
-1.140389132702621211e+00
-1.118536674222098348e+00
-1.096918121787535449e+00
-1.075546420179398499e+00
-1.054428644990355268e+00
-1.033576278672853510e+00
-1.012994969061343120e+00
-9.926947636338808723e-01
-9.726799435680797412e-01
-9.529591700567556778e-01
-9.335354333082125367e-01
-9.144160729674742916e-01
-8.956028740028263435e-01
-8.771019306659910697e-01
-8.589139146199706865e-01
-8.410437583802736761e-01
-8.234911153155564101e-01
-8.062598441547456085e-01
-7.893486755849854486e-01
-7.727604842282758124e-01
-7.564931724062324836e-01
-7.405487200489659916e-01
-7.249242927193333408e-01
-7.096210632922674844e-01
-6.946355484555174487e-01
-6.799681987698863450e-01
-6.656149655129940390e-01
-6.515756579793201553e-01
-6.378457406363100546e-01
-6.244244583225604384e-01
-6.113068621754310650e-01
-5.984917048048996602e-01
-5.859736922684961602e-01
-5.737511523989609064e-01
-5.618185091928091790e-01
-5.501737283054395355e-01
-5.388110095376702491e-01
-5.277280141292649551e-01
-5.169187705330060556e-01
-5.063806885765214094e-01
-4.961076733715953369e-01
-4.860969317085805930e-01
-4.763422887306172915e-01
-4.668407921028944196e-01
-4.575862259628956652e-01
-4.485755184920374727e-01
-4.398024476134447247e-01
-4.312638576056512241e-01
-4.229535510417185007e-01
-4.148683200398647908e-01
-4.070020190080455014e-01
-3.993514160376347988e-01
-3.919104411245463160e-01
-3.846758630901787601e-01
-3.776417080842850438e-01
-3.708047672711711762e-01
-3.641591805732431464e-01
-3.577017801968177535e-01
-3.514268347425965056e-01
-3.453312334700399666e-01
-3.394093860770951432e-01
-3.336582524193289490e-01
-3.280723934421670429e-01
-3.226488508845164471e-01
-3.173823450295618076e-01
-3.122700087351469866e-01
-3.073067278514290956e-01
-3.024897337339974568e-01
-2.978140823567519968e-01
-2.932771092801724766e-01
-2.888740436641425990e-01
-2.846023294843938456e-01
-2.804573708217242833e-01
-2.764367229450763741e-01
-2.725359654200671944e-01
-2.687527665082257156e-01
-2.650828807983629520e-01
-2.615240902085232411e-01
-2.580723229983495903e-01
-2.547254745036041101e-01
-2.514796445359314681e-01
-2.483328408296404943e-01
-2.452813319772000344e-01
-2.423232364242012826e-01
-2.394549882246892469e-01
-2.366748142827828916e-01
-2.339793103415378495e-01
-2.313668090386639675e-01
-2.288340636660815830e-01
-2.263795094823482790e-01
-2.240000528976816008e-01
-2.216942283669360581e-01
-2.194590907666926494e-01
-2.172932700797411409e-01
-2.151939648371785641e-01
-2.131598966981650134e-01
-2.111884029308751520e-01
-2.092782928897027328e-01
-2.074270376045831143e-01
-2.056335300616619066e-01
-2.038953700610195707e-01
-2.022115301159585765e-01
-2.005797338247405082e-01
-1.989990291179716264e-01
-1.974672584704832146e-01
-1.959835411458894783e-01
-1.945458336503392283e-01
-1.931533225480718541e-01
-1.918040736293066262e-01
-1.904973368006572521e-01
-1.892312825048894365e-01
-1.880052201255156263e-01
-1.868174202561789510e-01
-1.856672479999514902e-01
-1.845530697404030585e-01
-1.834743026635222984e-01
-1.824294047305666799e-01
-1.814178417044936820e-01
-1.804381590660061596e-01
-1.794898677877606041e-01
-1.785715969684905924e-01
-1.776828995681092038e-01
-1.768224845593956984e-01
-1.759899438166767915e-01
-1.751840625987214350e-01
-1.744044687746266475e-01
-1.736500204534934533e-01
-1.729203787356088096e-01
-1.722144712916850728e-01
-1.715319898480170413e-01
-1.708719284876328293e-01
-1.702340071182090464e-01
-1.696172832157308297e-01
-1.690215025872553456e-01
-1.684457832006630851e-01
-1.678898946452375696e-01
-1.673530125841591609e-01
-1.668349284387529441e-01
-1.663348728595868686e-01
-1.658526573183394803e-01
-1.653875648165639978e-01
-1.649394252626784074e-01
-1.645075714277478562e-01
-1.640918502064778184e-01
-1.636916416007701824e-01
-1.633068081904754665e-01
-1.629367747132242084e-01
-1.625814182522438422e-01
-1.622402058577721295e-01
-1.619130279986762677e-01
-1.615993917658500589e-01
-1.612991998702119345e-01
-1.610119974800890696e-01
-1.607376982527988218e-01
-1.604758840284966903e-01
-1.602264778190317929e-01
-1.599890975844854846e-01
-1.597636736892228682e-01
-1.595498607135817093e-01
-1.593475939460143320e-01
-1.591565660295807538e-01
-1.589767144477439997e-01
-1.588077717765839225e-01
-1.586496749037032694e-01
-1.585021979235259615e-01
-1.583652745182305421e-01
-1.582387210844447833e-01
-1.581224657849421289e-01
-1.580163671974917639e-01
-1.579203458438137586e-01
-1.578343016220847550e-01
-1.577581451187677897e-01
-1.576918159899104721e-01
-1.576352116517299728e-01
-1.575883083686347996e-01
-1.575509842973267516e-01
-1.575232419357436298e-01
-1.575049239818642477e-01
-1.574959710102336319e-01
