5.282887039290188547e+00
5.282877086275784784e+00
5.282857186443094655e+00
5.282827349489193303e+00
5.282787593949495708e+00
5.282737939109947156e+00
5.282678415689131768e+00
5.282609052350703216e+00
5.282529891744782269e+00
5.282440971608460600e+00
5.282342346187993698e+00
5.282234061909710121e+00
5.282116184211158583e+00
5.281988767758711845e+00
5.281851888722155941e+00
5.281705609508698274e+00
5.281550016521547875e+00
5.281385179372915850e+00
5.281211194173095258e+00
5.281028137177443682e+00
5.280836113658438968e+00
5.280635205933680076e+00
5.280425527879544667e+00
5.280207167279003855e+00
5.279980246042017100e+00
5.279744856803470832e+00
5.279501128922454711e+00
5.279249159251981460e+00
5.278989083996850518e+00
5.278721003567946823e+00
5.278445060386668608e+00
5.278161357727464420e+00
5.277870043565760838e+00
5.277571223302939707e+00
5.277265049764389815e+00
5.276951629691200019e+00
5.276631120005416342e+00
5.276303627942188434e+00
5.275969313710558772e+00
5.275628284128512036e+00
5.275280701819659690e+00
5.274926672201485367e+00
5.274566359371187119e+00
5.274199866284160265e+00
5.273827357496113422e+00
5.273448932354353857e+00
5.273064754778170382e+00
5.272674919269602078e+00
5.272279587930105649e+00
5.271878849079981499e+00
5.271472861726684833e+00
5.271061706562714555e+00
5.270645538119720364e+00
5.270224427893177577e+00
5.269798524436912324e+00
5.269367888338903683e+00
5.268932660533207191e+00
5.268492888824374276e+00
5.268048704718218289e+00
5.267600141162111171e+00
5.267147318222863639e+00
5.266690251675895773e+00
5.266229047887989623e+00
5.265763702849212358e+00
5.265294306650723399e+00
5.264820832508301685e+00
5.264343351261024928e+00
5.263861809882942389e+00
5.263376256467528158e+00
5.262886607662571770e+00
5.262392884648023461e+00
5.261894968856067223e+00
5.261392849496260737e+00
5.260886366834522043e+00
5.260375471869079611e+00
5.259859956333879261e+00
5.259339725180943503e+00
5.258814512338633840e+00
5.258284166708975249e+00
5.257748352539409531e+00
5.257206849694711970e+00
5.256659237278011432e+00
5.256105208981557197e+00
5.255544238297887638e+00
5.254975909784627142e+00
5.254399563808108908e+00
5.253814644562774916e+00
5.253220321737418708e+00
5.252615856088374002e+00
5.252000194628826613e+00
5.251372354423968325e+00
5.250730986722159876e+00
5.250074779324379826e+00
5.249401983195997268e+00
5.248710833040149737e+00
5.247999026705331360e+00
5.247264161949317440e+00
5.246503153001077280e+00
5.245712677878258567e+00
5.244888505150642644e+00
5.244025940413979292e+00
5.243119023188356209e+00
5.242160996050551525e+00
5.241143521564813668e+00
5.240058241002324202e+00
5.238899927953966973e+00
5.237674961068920609e+00
5.236396493494813953e+00
5.235072223288502968e+00
5.233704722844671586e+00
5.232297913496022801e+00
5.230859232873235953e+00
5.229400511637889437e+00
5.227935110096942672e+00
5.226475522118763095e+00
5.225030637983202553e+00
5.223606444378439129e+00
5.222205997397821875e+00
5.220831284901112923e+00
5.219482896662923643e+00
5.218161489863410551e+00
5.216866867321373391e+00
5.215599325207707970e+00
5.214358383614026593e+00
5.213144264562486363e+00
5.211956327971878800e+00
5.210794821814451083e+00
5.209658954003863585e+00
5.208549066070093048e+00
5.207464168261242143e+00
5.206404795511857309e+00
5.205369646415372031e+00
5.204359700639796138e+00
5.203373189156232037e+00
5.202413449149836389e+00
5.201488021876250478e+00
5.200667956979964757e+00
5.200043216052130823e+00
5.199607999280099868e+00
5.199315886845247370e+00
5.199124334399694902e+00
5.199000709000072717e+00
5.198920878954073288e+00
5.198869206784070052e+00
5.198834848356566951e+00
5.198811578626147067e+00
5.198794943282951664e+00
5.198782748863258085e+00
5.198773134283414699e+00
5.198765433499384692e+00
5.198758776942644211e+00
5.198753048931849641e+00
5.198747767192869240e+00
5.198743011199908004e+00
5.198738462078631883e+00
5.198734265035560576e+00
5.198730177507049355e+00
5.198726361713588595e+00
5.198722615132146174e+00
5.198719098597159416e+00
5.198715633644290790e+00
5.198712373299020584e+00
5.198709155720819375e+00
5.198706124449535615e+00
5.198703130516551418e+00
5.198700308075443921e+00
5.198697518889005664e+00
5.198694888397382918e+00
5.198692287688277958e+00
5.198689834275670663e+00
5.198687407531672022e+00
5.198685117788762966e+00
5.198682851872500343e+00
5.198680713594015401e+00
5.198678596540084129e+00
5.198676598574101249e+00
5.198674619454369150e+00
5.198672751593204744e+00
5.198670900411667795e+00
5.198669153302149404e+00
5.198667420905821679e+00
5.198665785971174458e+00
5.198664163971926655e+00
5.198662633342286732e+00
5.198661114047361309e+00
5.198659680497450530e+00
5.198658256847322079e+00
5.198656913740359542e+00
5.198655579253002479e+00
5.198654320490141423e+00
5.198653069210934063e+00
5.198651889185608610e+00
5.198650715642229692e+00
5.198649609198898069e+00
5.198648508360644627e+00
5.198647470757450151e+00
5.198646437998500680e+00
5.198645464873451694e+00
5.198644495939630517e+00
5.198643583279917380e+00
5.198642674258596941e+00
5.198641818372740531e+00
5.198640965665540570e+00
5.198640163158068539e+00
5.198639363456059925e+00
5.198638611204461135e+00
5.198637861465620347e+00
5.198637156599350106e+00
5.198636454028032539e+00
5.198635793909358149e+00
5.198635135937581531e+00
5.198634518144095829e+00
5.198633902414458774e+00
5.198633324723093807e+00
5.198632749073172299e+00
5.198632209445568364e+00
5.198631671893633843e+00
5.198631168462742203e+00
5.198630667194691135e+00
5.198630198252486956e+00
5.198629731609861082e+00
5.198629295596072453e+00
5.198628862065069356e+00
5.198628457556833560e+00
5.198628055758228506e+00
5.198627681460589400e+00
5.198627310140479629e+00
5.198626964877667511e+00
5.198626622898991023e+00
5.198626305606416587e+00
5.198625991941167257e+00
5.198625701658086129e+00
5.198625415380193182e+00
5.198625151242992182e+00
5.198624891521813396e+00
5.198624652757883879e+00
5.198624418852284101e+00
5.198624204774453084e+00
5.198623996027430749e+00
5.198623806028924932e+00
5.198623621862780375e+00
5.198623455412705319e+00
5.198623295324710014e+00
5.198623151964025801e+00
5.198623015522602309e+00
5.198622894860590371e+00
5.198622781701979889e+00
5.198622683413186785e+00
5.198622593238598100e+00
5.198622517060254467e+00
5.198622449633496956e+00
5.198622395363412529e+00
5.198622350508998124e+00
5.198622318003920384e+00
5.198622295605646038e+00
5.198622284780092251e+00
