-6.408278955978499170e+00
-6.408786942105785478e+00
-6.409802636358966410e+00
-6.411325004966414554e+00
-6.413353293135803490e+00
-6.415885611816153578e+00
-6.418920980903459750e+00
-6.422457022440677399e+00
-6.426492930568653783e+00
-6.431026280851448007e+00
-6.436056771508891217e+00
-6.441582121149305173e+00
-6.447602472891786896e+00
-6.454115446529483435e+00
-6.461121265041772865e+00
-6.468617107109016828e+00
-6.476603004482094583e+00
-6.485075566331516050e+00
-6.494034568389033701e+00
-6.503476084898169418e+00
-6.513399646834280077e+00
-6.523800854276730732e+00
-6.534678986515026544e+00
-6.546029202036608652e+00
-6.557850484878954944e+00
-6.570137555271207574e+00
-6.582889029787926560e+00
-6.596099173424167184e+00
-6.609766142268132860e+00
-6.623883713835757803e+00
-6.638449473473667872e+00
-6.653456665169923845e+00
-6.668902177723344593e+00
-6.684778662197916610e+00
-6.701082171433069945e+00
-6.717804691920389537e+00
-6.734941290865915420e+00
-6.752483208853733210e+00
-6.770424372799888069e+00
-6.788755190821418317e+00
-6.807468297339108076e+00
-6.826553182739363734e+00
-6.846001048706905401e+00
-6.865800392373989425e+00
-6.885940865579800452e+00
-6.906409916290591866e+00
-6.927195564520438609e+00
-6.948284183181803186e+00
-6.969662125243341499e+00
-6.991314702427181338e+00
-7.013226621989637088e+00
-7.035382195704027453e+00
-7.057764569443020441e+00
-7.080357167815024333e+00
-7.103141724443871041e+00
-7.126100940781515014e+00
-7.149215348576469786e+00
-7.172467136141121635e+00
-7.195835896022352074e+00
-7.219303549641184148e+00
-7.242849051830766882e+00
-7.266454326330803681e+00
-7.290098014043760344e+00
-7.313762318039862542e+00
-7.337425893732598681e+00
-7.361071493099668572e+00
-7.384678102359854002e+00
-7.408229270903849972e+00
-7.431704605561827215e+00
-7.455088669793452638e+00
-7.478361943569991510e+00
-7.501510181995385551e+00
-7.524514946655651570e+00
-7.547363319220905531e+00
-7.570038104419259284e+00
-7.592527802482416099e+00
-7.614816576316965069e+00
-7.636894396149795483e+00
-7.658746854630318346e+00
-7.680365407064881467e+00
-7.701737108673018639e+00
-7.722854883862061648e+00
-7.743707250179562962e+00
-7.764288559791073574e+00
-7.784588765218535933e+00
-7.804603585284336731e+00
-7.824324358795661460e+00
-7.843748095544204268e+00
-7.862867455884942736e+00
-7.881680654849590795e+00
-7.900181598186425624e+00
-7.918369614232446452e+00
-7.936239770472143462e+00
-7.953792413536860728e+00
-7.971023684697671641e+00
-7.987934853267431023e+00
-8.004523044624141548e+00
-8.020790356446184433e+00
-8.036734808803450036e+00
-8.052359236133083797e+00
-8.067662465560148988e+00
-8.082647980396899356e+00
-8.097315330082530238e+00
-8.111668563339422988e+00
-8.125707870873096539e+00
-8.139437788216106640e+00
-8.152859070529856922e+00
-8.165976666676986184e+00
-8.178791824047516812e+00
-8.191309836583920756e+00
-8.203532376453456010e+00
-8.215465019659607293e+00
-8.227109800546976714e+00
-8.238472519314747444e+00
-8.249555514723152072e+00
-8.260364758319409972e+00
-8.270902840275894619e+00
-8.281175855480821468e+00
-8.291186597143836323e+00
-8.300941240121799680e+00
-8.310442736749521941e+00
-8.319697302889521140e+00
-8.328708010360379888e+00
-8.337481081238971470e+00
-8.346019671246764915e+00
-8.354329977810698082e+00
-8.362415208812551626e+00
-8.370281509844371470e+00
-8.377932112814782784e+00
-8.385373087727870711e+00
-8.392607665762238156e+00
-8.399641820768131595e+00
-8.406478761581245962e+00
-8.413124348279174214e+00
-8.419581748655598830e+00
-8.425856694109819855e+00
-8.431952295382377116e+00
-8.437874142775321218e+00
-8.443625276433087024e+00
-8.449211135410250151e+00
-8.454634677967900913e+00
-8.459901183822854165e+00
-8.465013520117269152e+00
-8.469976801000987265e+00
-8.474793795118419126e+00
-8.479469446495665252e+00
-8.484006419572244440e+00
-8.488409485188274317e+00
-8.492681199368023570e+00
-8.496826158030692966e+00
-8.500846805907340098e+00
-8.504747563432349722e+00
-8.508530762344191700e+00
-8.512200648054053076e+00
-8.515759438643893731e+00
-8.519211205854066549e+00
-8.522558054348811751e+00
-8.525803884316484726e+00
-8.528950688022776561e+00
-8.532002196875216882e+00
-8.534960292428214856e+00
-8.537828540627726781e+00
-8.540608714569634330e+00
-8.543304218510879622e+00
-8.545916719813753559e+00
-8.548449465186335416e+00
-8.550904019370069165e+00
-8.553283475954735593e+00
-8.555589300485481274e+00
-8.557824438085724239e+00
-8.559990258772675276e+00
-8.562089564015238352e+00
-8.564123632154251098e+00
-8.566095125921542319e+00
-8.568005235962713684e+00
-8.569856491247833219e+00
-8.571649998790755731e+00
-8.573388158791397373e+00
-8.575071998736458312e+00
-8.576703795027675881e+00
-8.578284499734445845e+00
-8.579816270381932952e+00
-8.581299987706527688e+00
-8.582737695202077077e+00
-8.584130206304344313e+00
-8.585479455223110179e+00
-8.586786192051759414e+00
-8.588052246347526619e+00
-8.589278308726900235e+00
-8.590466108596237049e+00
-8.591616280852464982e+00
-8.592730459112013719e+00
-8.593809226188893646e+00
-8.594854124121850347e+00
-8.595865687147922429e+00
-8.596845369786411339e+00
-8.597793661064656590e+00
-8.598711931883926241e+00
-8.599600629284307018e+00
-8.600461044293021828e+00
-8.601293585035740819e+00
-8.602099466253696036e+00
-8.602879060077789575e+00
-8.603633508398923269e+00
-8.604363150116807191e+00
-8.605069057560731594e+00
-8.605751539004399930e+00
-8.606411600364783254e+00
-8.607049521734207786e+00
-8.607666245636686142e+00
-8.608262026265160571e+00
-8.608837745651753082e+00
-8.609393634207179957e+00
-8.609930516268256895e+00
-8.610448600413663556e+00
-8.610948655992830325e+00
-8.611430871534077269e+00
-8.611895964035852558e+00
-8.612344103589737898e+00
-8.612775957424668505e+00
-8.613191678645938154e+00
-8.613591887251645929e+00
-8.613976720661941755e+00
-8.614346754139193152e+00
-8.614702110600173768e+00
-8.615043322994644370e+00
-8.615370500853741120e+00
-8.615684137086565997e+00
-8.615984328982204232e+00
-8.616271531372326820e+00
-8.616545830599617872e+00
-8.616807644823920143e+00
-8.617057051033384596e+00
-8.617294431267930932e+00
-8.617519855163193299e+00
-8.617733668138834346e+00
-8.617935934906402196e+00
-8.618126962822836745e+00
-8.618306814404672167e+00
-8.618475757075833243e+00
-8.618633853948713508e+00
-8.618781330928889872e+00
-8.618918254334186457e+00
-8.619044807767972216e+00
-8.619161063067474871e+00
-8.619267161654924791e+00
-8.619363183008603713e+00
-8.619449227230331800e+00
-8.619525383733648738e+00
-8.619591712862506583e+00
-8.619648317200686805e+00
-8.619695220483782450e+00
-8.619732544555089859e+00
-8.619760286916672953e+00
-8.619778604870552030e+00
-8.619787557842183645e+00
