-1.708873720458319312e-01
-1.709953499200484450e-01
-1.711844244777971091e-01
-1.714851457499362297e-01
-1.718162909898252322e-01
-1.722353810529929918e-01
-1.726079315594014063e-01
-1.730166734030375020e-01
-1.732852692586176468e-01
-1.735313192018768935e-01
-1.735622091087635765e-01
-1.735467645671047721e-01
-1.732928059256136077e-01
-1.730183106416085248e-01
-1.725191960446637029e-01
-1.720446368045659147e-01
-1.713600391937005474e-01
-1.707362705748369236e-01
-1.699025031064536340e-01
-1.691522638124670630e-01
-1.681807402646652849e-01
-1.673070293742009440e-01
-1.661956450299428845e-01
-1.651925309895657668e-01
-1.639340203746338376e-01
-1.627926483230189569e-01
-1.613785080770510638e-01
-1.600896476725033601e-01
-1.585117614796934526e-01
-1.570669205307250460e-01
-1.553183927862110403e-01
-1.537105201901398099e-01
-1.517863265928292571e-01
-1.500104477839695472e-01
-1.479080690638007456e-01
-1.459619233536728899e-01
-1.436819731679421230e-01
-1.415666339128860418e-01
-1.391134427369563609e-01
-1.368338716118275289e-01
-1.342159699088878722e-01
-1.317814439647911340e-01
-1.290118802527916442e-01
-1.264362266815491354e-01
-1.235326573158377766e-01
-1.208342366042151200e-01
-1.178187357460094981e-01
-1.150201306979625193e-01
-1.119186918387653495e-01
-1.090460875876666236e-01
-1.058878206164201863e-01
-1.029700963922394324e-01
-9.978616219502133011e-02
-9.685375371929828836e-02
-9.367611504301844028e-02
-9.075973973308808229e-02
-8.761983499597154890e-02
-8.474919347187072349e-02
-8.167665300883621138e-02
-7.887922468801919496e-02
-7.590074336971593116e-02
-7.320077998810682607e-02
-7.033923728905376593e-02
-6.775702905532635101e-02
-6.503091249655035266e-02
-6.258236366481717550e-02
-6.000551158783886535e-02
-5.770202330762209258e-02
-5.528366585840892994e-02
-5.313229121589796433e-02
-5.087734017468177605e-02
-4.888115393281720206e-02
-4.679067564891921382e-02
-4.494929083253040858e-02
-4.302109204122421537e-02
-4.133125601962910067e-02
-3.956051750325112470e-02
-3.801672871375283425e-02
-3.639663325844993969e-02
-3.499173272301083631e-02
-3.351404816852768948e-02
-3.223975432735103758e-02
-3.089534689474290191e-02
-2.974271568121080594e-02
-2.852198132328744029e-02
-2.748178446139965328e-02
-2.637499578097005429e-02
-2.543801846810035336e-02
-2.443559159652238660e-02
-2.359285611306066732e-02
-2.268554612113687224e-02
-2.192847090543360855e-02
-2.110750635411237988e-02
-2.042801125761818312e-02
-1.968517897226633451e-02
-1.907574732668129366e-02
-1.840343793272613410e-02
-1.785714520032258626e-02
-1.724836882599081744e-02
-1.675888633890910973e-02
-1.620726649486965709e-02
-1.576884738266972480e-02
-1.526859958653524821e-02
-1.487605261352667636e-02
-1.442195297259466630e-02
-1.407060875494891422e-02
-1.365795652375500525e-02
-1.334362951702199561e-02
-1.296820663475448283e-02
-1.268715538716272927e-02
-1.234518517416599917e-02
-1.209407262163555638e-02
-1.178217915919127674e-02
-1.155803417524237792e-02
-1.127320338628822784e-02
-1.107338437060147174e-02
-1.081292743660772042e-02
-1.063508840605392400e-02
-1.039660787336808140e-02
-1.023866728685946664e-02
-1.002002601331986043e-02
-9.880138397613511675e-03
-9.679431349084052089e-03
-9.555961680606682093e-03
-9.371490492419302931e-03
-9.262991217196907962e-03
-9.093241375362553711e-03
-8.998431904881322094e-03
-8.842052366965504409e-03
-8.759800864197709799e-03
-8.615585922727833634e-03
-8.544893183503224354e-03
-8.411766370200267351e-03
-8.351751605976001289e-03
-8.228751438907819238e-03
-8.178639774385137312e-03
-8.064907159321430680e-03
-8.024018669816885066e-03
-7.918785779467637370e-03
-7.886525906709882655e-03
-7.789106375617524565e-03
-7.764957575483433759e-03
-7.674737863066818586e-03
-7.658252353876670096e-03
-7.574684142770522766e-03
-7.565477637590581166e-03
-7.488071148547471856e-03
-7.485817469181850134e-03
-7.414135587118230418e-03
-7.418562070940820999e-03
-7.352215189083787308e-03
-7.363098812497180859e-03
-7.301740312959763279e-03
-7.318904467091588706e-03
-7.262226766580914296e-03
-7.285538631896614284e-03
-7.233269730690656055e-03
-7.262638207623330067e-03
-7.214538688500970152e-03
-7.249912851101065342e-03
-7.205773282671320765e-03
-7.247141331807787322e-03
-7.206780037748850357e-03
-7.254168739721854157e-03
-7.217429901902502366e-03
-7.270904507638344463e-03
-7.237656577063010521e-03
-7.297321226550372054e-03
-7.267455621639410009e-03
-7.333454248162646349e-03
-7.306884325146804915e-03
-7.379402084420602637e-03
-7.356062369703667003e-03
-7.435327630486437619e-03
-7.415173309802629460e-03
-7.501460255279406714e-03
-7.484466919446573080e-03
-7.578098822972047406e-03
-7.564262475120531876e-03
-7.665615730182755161e-03
-7.654953064623242452e-03
-7.764462067568599773e-03
-7.757011036042748067e-03
-7.875174041627370364e-03
-7.870994728660834008e-03
-7.998380823325629274e-03
-7.997556658827202278e-03
-8.134814025101372997e-03
-8.137453369250006660e-03
-8.285319047075597951e-03
-8.291557189832550467e-03
-8.450868576665255746e-03
-8.460870201708180216e-03
-8.632578572020443292e-03
-8.646540741998600885e-03
-8.831727105895827851e-03
-8.849882831621462553e-03
-9.049776486764865222e-03
-9.072398945411879606e-03
-9.288399096972899463e-03
-9.315806560219408450e-03
-9.549507373262607068e-03
-9.582068889844782070e-03
-9.835288267597276993e-03
-9.873430106181900826e-03
-1.014824230500872490e-02
-1.019245508637886544e-02
-1.049122689793585347e-02
-1.054207320355014972e-02
-1.086750271515370299e-02
-1.092562470960913024e-02
-1.128078037021416381e-02
-1.134690655255041897e-02
-1.173526208308044334e-02
-1.181021159222257408e-02
-1.223566871490614112e-02
-1.232035054024926100e-02
-1.278723603454742785e-02
-1.288263892455245203e-02
-1.339565490432709227e-02
-1.350282178697225985e-02
-1.406691940736891008e-02
-1.418689834102533805e-02
-1.480704028316869557e-02
-1.494080431698651366e-02
-1.562159401940407116e-02
-1.576992956530132856e-02
-1.651514421443637734e-02
-1.667853009142855267e-02
-1.749074335625096926e-02
-1.766928959809724309e-02
-1.855003246142098230e-02
-1.874361346926441824e-02
-1.969480101023077592e-02
-1.990355297415632996e-02
-2.093088946695788669e-02
-2.115615800754374123e-02
-2.227460937163219107e-02
-2.252021602455941268e-02
-2.376080290073343676e-02
-2.403436884748709826e-02
-2.545187278525555541e-02
-2.576621948623054187e-02
-2.745007711683770252e-02
-2.782547254283032970e-02
-2.992152838505104939e-02
-3.039076740816677724e-02
-3.315324014899263122e-02
-3.377448058286539045e-02
-3.770601440416931904e-02
-3.859941982549392608e-02
-4.491228349416431787e-02
-4.639591927441234082e-02
-5.923864931764889763e-02
-6.280717777874385288e-02
-1.118551150756724871e-01
