9.977604279439344026e+00
9.977568274394974068e+00
9.977496424360172256e+00
9.977389046646381487e+00
9.977246610204261401e+00
9.977069727572505542e+00
9.976859144303309890e+00
9.976615726615737145e+00
9.976340447081676999e+00
9.976034369410269775e+00
9.975698631973063613e+00
9.975334431391468470e+00
9.974943005602156632e+00
9.974525617918994058e+00
9.974083541221213878e+00
9.973618043936061994e+00
9.973130376614548709e+00
9.972621760889717635e+00
9.972093379259765911e+00
9.971546367600248928e+00
9.970981808486722997e+00
9.970400727361413473e+00
9.969804089276802728e+00
9.969192798409356016e+00
9.968567697751318235e+00
9.967929571372714292e+00
9.967279146363562603e+00
9.966617097088604993e+00
9.965944048590808180e+00
9.965260582053698357e+00
9.964567238901475221e+00
9.963864526755367379e+00
9.963152923574204678e+00
9.962432883528665073e+00
9.961704840682234163e+00
9.960969214374832958e+00
9.960226412114126404e+00
9.959476834227542597e+00
9.958720875792055338e+00
9.957958930459955837e+00
9.957191391385062929e+00
9.956418654241222299e+00
9.955641117197400192e+00
9.954859183225433839e+00
9.954073259235535431e+00
9.953283757814201493e+00
9.952491095660063181e+00
9.951695694910156931e+00
9.950897981020924377e+00
9.950098383838817284e+00
9.949297335060006020e+00
9.948495269186834022e+00
9.947692620679172038e+00
9.946889824917576561e+00
9.946087315134521489e+00
9.945285523482938927e+00
9.944484877810316092e+00
9.943685802910637861e+00
9.942888717180954572e+00
9.942094034117294754e+00
9.941302158872765915e+00
9.940513490044683209e+00
9.939728416135737987e+00
9.938947317670619341e+00
9.938170563546886882e+00
9.937398513514585474e+00
9.936631514390521502e+00
9.935869902933578857e+00
9.935114001884127077e+00
9.934364123270889024e+00
9.933620564225019933e+00
9.932883610761628290e+00
9.932153533304326487e+00
9.931430590996468410e+00
9.930715026854912253e+00
9.930007072684050584e+00
9.929306943754703241e+00
9.928614844420522445e+00
9.927930962185596897e+00
9.927255474162185678e+00
9.926588540342837774e+00
9.925930311098833059e+00
9.925280919401176405e+00
9.924640489664202647e+00
9.924009128588140882e+00
9.923386935994761515e+00
9.922773994533951480e+00
9.922170386362376249e+00
9.921576192863032162e+00
9.920991562135071717e+00
9.920416869558410511e+00
9.919853287274335685e+00
9.919303922259157247e+00
9.918774311374438213e+00
9.918269623488994213e+00
9.917791872480101745e+00
9.917340681171143757e+00
9.916914765352704109e+00
9.916512646233874406e+00
9.916132854294685828e+00
9.915774001871309196e+00
9.915434781767235251e+00
9.915113978185503996e+00
9.914810451282976445e+00
9.914523142107755760e+00
9.914251058159994301e+00
9.913993277166399665e+00
9.913748934460578255e+00
9.913517226243763858e+00
9.913297398537205041e+00
9.913088750135516491e+00
9.912890622865957013e+00
9.912702404344411633e+00
9.912523519328109600e+00
9.912353432339973125e+00
9.912191639944701649e+00
9.912037673280996941e+00
9.911891091123656850e+00
9.911751482346849329e+00
9.911618459659795377e+00
9.911491662014086046e+00
9.911370748919981821e+00
9.911255402804423298e+00
9.911145323830425014e+00
9.911040232208666367e+00
9.910939863454840904e+00
9.910843970655532686e+00
9.910752320108549895e+00
9.910664693542601711e+00
9.910580884093974419e+00
9.910500698478960757e+00
9.910423953267207153e+00
9.910350477005692937e+00
9.910280106754807861e+00
9.910212690162758520e+00
9.910148082235298972e+00
9.910086147359622899e+00
9.910026756282739768e+00
9.909969788084151077e+00
9.909915127341317742e+00
9.909862666050699431e+00
9.909812300961640119e+00
9.909763935445610628e+00
9.909717476982343953e+00
9.909672838977339637e+00
9.909629938386173009e+00
9.909588697480556263e+00
9.909549041598527452e+00
9.909510900859544336e+00
9.909474208029806164e+00
9.909438900186986032e+00
9.909404916691281429e+00
9.909372200800515174e+00
9.909340697738603154e+00
9.909310356261885389e+00
9.909281126817687024e+00
9.909252963062781916e+00
9.909225820105577398e+00
9.909199655977673160e+00
9.909174429953928609e+00
9.909150103978110025e+00
9.909126641055738816e+00
9.909104006634843032e+00
9.909082167067017721e+00
9.909061090944341288e+00
9.909040747624541012e+00
9.909021108525102761e+00
9.909002145708903697e+00
9.908983833136542074e+00
9.908966145309122453e+00
9.908949058479814553e+00
9.908932549350843999e+00
9.908916596245259001e+00
9.908901177855444331e+00
9.908886274376060399e+00
9.908871866301632636e+00
9.908857935521629301e+00
9.908844464164905830e+00
9.908831435657816655e+00
9.908818833613517896e+00
9.908806642853983604e+00
9.908794848342335371e+00
9.908783436169610326e+00
9.908772392528426565e+00
9.908761704665323578e+00
9.908751359894225175e+00
9.908741346515133941e+00
9.908731652865974127e+00
9.908722268208386197e+00
9.908713181816656501e+00
9.908704383831313578e+00
9.908695864383954444e+00
9.908687614419335432e+00
9.908679624854977774e+00
9.908671887372390685e+00
9.908664393610452592e+00
9.908657135926391746e+00
9.908650106621974984e+00
9.908643298674849831e+00
9.908636704996668598e+00
9.908630319135330211e+00
9.908624134564252728e+00
9.908618145356035356e+00
9.908612345502122665e+00
9.908606729558385950e+00
9.908601291994489912e+00
9.908596027811874762e+00
9.908590931922146794e+00
9.908585999737946182e+00
9.908581226579746826e+00
9.908576608240011296e+00
9.908572140417867047e+00
9.908567819256946407e+00
9.908563640807411588e+00
9.908559601537852757e+00
9.908555697824182218e+00
9.908551926435960056e+00
9.908548284051692079e+00
9.908544767719916990e+00
9.908541374400499535e+00
9.908538101400795384e+00
9.908534945942550465e+00
9.908531905573436660e+00
9.908528977759194944e+00
9.908526160270834993e+00
9.908523450801682841e+00
9.908520847330491321e+00
9.908518347763109801e+00
9.908515950271743478e+00
9.908513652960948548e+00
9.908511454183271283e+00
9.908509352229328826e+00
9.908507345620028772e+00
9.908505432820486902e+00
9.908503612509038661e+00
9.908501883314773551e+00
9.908500244063512596e+00
9.908498693538776436e+00
9.908497230704886860e+00
9.908495854491199850e+00
9.908494563992467974e+00
9.908493358276190932e+00
9.908492236560379141e+00
9.908491198043876125e+00
9.908490242061649411e+00
9.908489367937953318e+00
9.908488575119262620e+00
9.908487863050179811e+00
9.908487231284084373e+00
9.908486679381713458e+00
9.908486206999585377e+00
9.908485813811205745e+00
9.908485499573311373e+00
9.908485264069646803e+00
9.908485107155089011e+00
9.908485028721926824e+00
