3.120057779209096244e-02
3.120569667580234963e-02
3.121594115322856577e-02
3.123132593372305796e-02
3.125187095734472537e-02
3.127760527291437165e-02
3.130856150218424422e-02
3.134478233602457087e-02
3.138631223296283607e-02
3.143320658059173961e-02
3.148552062761633685e-02
3.154332137267992081e-02
3.160667372333863384e-02
3.167565518668316593e-02
3.175033923935459412e-02
3.183081290367971439e-02
3.191715730011037561e-02
3.200946819968125689e-02
3.210783371467622327e-02
3.221235792392337927e-02
3.232313563988962329e-02
3.244027920876911553e-02
3.256389027346776044e-02
3.269408985670408524e-02
3.283098702031626848e-02
3.297471234767249126e-02
3.312538338103773738e-02
3.328314163024437972e-02
3.344811465184609200e-02
3.362045672478455871e-02
3.380030741779477266e-02
3.398783608999475514e-02
3.418319677631476150e-02
3.438657669167582975e-02
3.459814724769692817e-02
3.481811676347621592e-02
3.504667740997020886e-02
3.528406235841051453e-02
3.553048843102027399e-02
3.578621794994108624e-02
3.605149685381570795e-02
3.632662154612348315e-02
3.661187221615554155e-02
3.690758502644485295e-02
3.721408035341366993e-02
3.753174070004421103e-02
3.786093354574097264e-02
3.820209542377223100e-02
3.855564904151544126e-02
3.892209402425061276e-02
3.930191793596937017e-02
3.969569426407063006e-02
4.010398693751402593e-02
4.052745621389389902e-02
4.096675625638362267e-02
4.142264968949328774e-02
4.189589775987781484e-02
4.238738445517655634e-02
4.289799873785486717e-02
4.342876928005769133e-02
4.398073822680661354e-02
4.455510779869941568e-02
4.515310501516198866e-02
4.577614166992493433e-02
4.642566943344596242e-02
4.710335503305518312e-02
4.781092516707964590e-02
4.855035915071616998e-02
4.932372313046174545e-02
5.013338302963452064e-02
5.098182767876072163e-02
5.187190567272795955e-02
5.280663727608031488e-02
5.378947987927530650e-02
5.482412896941699781e-02
5.591481838516833280e-02
5.706611137710594639e-02
5.828324402056524189e-02
5.957190860367300028e-02
6.093865168566289098e-02
6.239065402160987039e-02
6.393619934118562054e-02
6.558445817872354811e-02
6.734605025609650963e-02
6.923284462369860837e-02
7.125864879048987577e-02
7.343904566167280823e-02
7.579225838795415615e-02
7.833905787519494790e-02
8.110387771424468206e-02
8.411484898995273685e-02
8.740528280350497170e-02
9.101393160766814427e-02
9.498703571206204566e-02
9.937899521772941558e-02
1.042553320849883558e-01
1.096941359626544543e-01
1.157906125795744867e-01
1.226600343818760874e-01
1.304451138014935396e-01
1.393214356903384743e-01
1.495075419201017108e-01
1.612622293728631084e-01
1.748373894910645876e-01
1.901879186346797646e-01
2.061146631327062939e-01
2.203985950992337350e-01
2.330579963861086623e-01
2.453847352403216997e-01
2.576259651208980817e-01
2.692196542177515139e-01
2.792878126361260094e-01
2.871023477251481992e-01
2.924897134227156803e-01
2.958404598392765372e-01
2.977752297369390955e-01
2.988425780897952522e-01
2.994178702166751527e-01
2.997254209211592801e-01
2.998901472968577009e-01
2.999791197925382735e-01
3.000278111514562696e-01
3.000548880026452925e-01
3.000702113213232769e-01
3.000790188861063856e-01
3.000841170901278887e-01
3.000870032911550078e-01
3.000884414745605966e-01
3.000887090782197730e-01
3.000875862289589247e-01
3.000838385143448361e-01
3.000728665458598510e-01
3.000347544328790805e-01
2.998567643481003797e-01
2.986661158690651074e-01
2.885833480191104528e-01
2.422345593233372618e-01
1.780636325793860109e-01
1.246658290354138304e-01
8.482234600601583352e-02
5.668057433189020028e-02
3.758651424049277295e-02
2.500069292661274284e-02
1.686379532186519509e-02
1.166207865734046611e-02
8.351075381479970347e-03
6.240858062320647076e-03
4.888579239161607720e-03
4.015104927228194641e-03
3.445801843343190059e-03
3.071393299495808315e-03
2.822946142076086795e-03
2.656525689038419062e-03
2.543767385237586352e-03
2.466211998474571957e-03
2.411749257648620245e-03
2.372443781187743954e-03
2.343082209296682220e-03
2.320275692078303201e-03
2.301815067475839176e-03
2.286288874601096442e-03
2.272783763790164804e-03
2.260728956017373382e-03
2.249753038952374481e-03
2.239629781586587910e-03
2.230205966264669701e-03
2.221391070383337690e-03
2.213116665025821085e-03
2.205343823149968560e-03
2.198036320921755750e-03
2.191174423066005999e-03
2.184734232967063851e-03
2.178703220521740341e-03
2.173062553941264730e-03
2.167802613395052990e-03
2.162907023017816323e-03
2.158367553187634600e-03
2.154169325410924818e-03
2.150304943947648362e-03
2.146760637042563393e-03
2.143529611691394939e-03
2.140599005540571014e-03
2.137962505878688094e-03
2.135608030421787696e-03
2.133529662054642340e-03
2.131715996310558098e-03
2.130161442038547466e-03
2.128855184076513824e-03
2.127791895484982578e-03
2.126961271091387315e-03
2.126358191963505489e-03
2.125972791049961057e-03
2.125800105954994950e-03
2.125830642497873041e-03
2.126059547762684191e-03
2.126477641329987695e-03
2.127080136991222128e-03
2.127858114816526779e-03
2.128806816784337662e-03
2.129917535830893813e-03
2.131185507887812386e-03
2.132602196679983433e-03
2.134162802233077923e-03
2.135858922499314812e-03
2.137685696244812951e-03
2.139634824631517218e-03
2.141701364482113523e-03
2.143877094768202596e-03
2.146156974542124275e-03
2.148532840905253288e-03
2.150999544368363981e-03
2.153548966322745267e-03
2.156175843217501224e-03
2.158872092853543912e-03
2.161632337528842252e-03
2.164448529636077857e-03
2.167315182808575522e-03
2.170224288344785226e-03
2.173170262373187289e-03
2.176145145560479024e-03
2.179143273394212356e-03
2.182156752468438453e-03
2.185179860145692720e-03
2.188204791464410520e-03
2.191225793680182110e-03
2.194235178510757500e-03
2.197227196363180871e-03
2.200194309232833285e-03
2.203130808791838383e-03
2.206029345796328613e-03
2.208884295638102041e-03
2.211688540593553277e-03
2.214436585921918804e-03
2.217121591717619196e-03
2.219738242170852995e-03
2.222280024167592929e-03
2.224741851908508278e-03
2.227117589744775396e-03
2.229402433977490782e-03
2.231590677725752998e-03
2.233677851399544934e-03
2.235658727675913192e-03
2.237529221850833531e-03
2.239284635253456848e-03
2.240921316434690835e-03
2.242435141583839792e-03
2.243822937301303763e-03
2.245081196799134614e-03
2.246207264828724553e-03
2.247198288652729053e-03
2.248052165552395527e-03
2.248766727753195079e-03
2.249340452817963527e-03
2.249771881896775894e-03
2.250060093215236652e-03
2.250204353202014083e-03
