2.707102329854023104e-01
2.707218319429648412e-01
2.707419215825848657e-01
2.707728275574440846e-01
2.708128214313019755e-01
2.708624355496746516e-01
2.709203413567553009e-01
2.709865448607982064e-01
2.710597853175986116e-01
2.711397744682394473e-01
2.712252665322543721e-01
2.713158025001656259e-01
2.714101630205221771e-01
2.715078083421707533e-01
2.716075771002051664e-01
2.717089202498346179e-01
2.718107691195186804e-01
2.719126211037080076e-01
2.720135296396850588e-01
2.721130788206866935e-01
2.722104640604912085e-01
2.723053812771060178e-01
2.723971766575806197e-01
2.724856691503208528e-01
2.725703538613325483e-01
2.726511721761762375e-01
2.727277573357250740e-01
2.728001635176677819e-01
2.728681448217424865e-01
2.729318525052656930e-01
2.729911404051896806e-01
2.730462379312908472e-01
2.730970761513432654e-01
2.731439429284097664e-01
2.731868246877378059e-01
2.732260491462589203e-01
2.732616382971370661e-01
2.732939434654849675e-01
2.733230053783444746e-01
2.733491857563273286e-01
2.733725305415842244e-01
2.733934018757975259e-01
2.734118406716153360e-01
2.734282026133318944e-01
2.734425162965806178e-01
2.734551268027770043e-01
2.734660456038556786e-01
2.734756052924053882e-01
2.734837973509199882e-01
2.734909417582780944e-01
2.734970085485849411e-01
2.735023062584313047e-01
2.735067829366470415e-01
2.735107377491837743e-01
2.735140967313415272e-01
2.735171523391623505e-01
2.735198087380557030e-01
2.735223547010434686e-01
2.735246725732223272e-01
2.735270506986428596e-01
2.735293493495677408e-01
2.735318598597551998e-01
2.735344197071039596e-01
2.735373268052385121e-01
2.735403945022898409e-01
2.735439311256258610e-01
2.735477238003358180e-01
2.735520954843735919e-01
2.735568040609298590e-01
2.735621919347401843e-01
2.735679835800098325e-01
2.735745465804517162e-01
2.735815663643799689e-01
2.735894428035557380e-01
2.735978146850451820e-01
2.736071233393851387e-01
2.736169505892915299e-01
2.736277915097799496e-01
2.736391566570371414e-01
2.736516119412875092e-01
2.736645762587863184e-01
2.736787110738529427e-01
2.736933133412734476e-01
2.737091769366635230e-01
2.737254276941262776e-01
2.737430396466051241e-01
2.737608423226453036e-01
2.737798745979859727e-01
2.737976794517930079e-01
2.738121201042193475e-01
2.738075872322797144e-01
2.737510012667462300e-01
2.736184416136562270e-01
2.735295141028115662e-01
2.736010207538426275e-01
2.737776486574685086e-01
2.739878796250102000e-01
2.741995557826092944e-01
2.744043193708520789e-01
2.745985053967121559e-01
2.747830188315994460e-01
2.749571085524712410e-01
2.751223325453968638e-01
2.752782488644051062e-01
2.754263115729308486e-01
2.755661325479387691e-01
2.756990211219683684e-01
2.758246057979240606e-01
2.759440717773959939e-01
2.760570522814824734e-01
2.761646300870706505e-01
2.762664367505770491e-01
2.763634705393284152e-01
2.764553574531545821e-01
2.765430258005263098e-01
2.766260936112779900e-01
2.767054311711965586e-01
2.767806470431908306e-01
2.768525634071068997e-01
2.769207784226961899e-01
2.769860745028410731e-01
2.770480387983760839e-01
2.771074210455532483e-01
2.771637969617368746e-01
2.772178896975742712e-01
2.772692631970727906e-01
2.773186193093019614e-01
2.773655098876041114e-01
2.774106201073003874e-01
2.774534893967768867e-01
2.774947903492465673e-01
2.775340495920044503e-01
2.775719307883553477e-01
2.776079473311963142e-01
2.776427572455609782e-01
2.776758601902546975e-01
2.777079115480705074e-01
2.777383966722476449e-01
2.777679710577354855e-01
2.777961051058678299e-01
2.778234569817330524e-01
2.778494814117535294e-01
2.778748416308908786e-01
2.778989758898057216e-01
2.779225547672928842e-01
2.779449991585091762e-01
2.779669891621102118e-01
2.779879273579308752e-01
2.780085054666223687e-01
2.780281067112755911e-01
2.780474364837090540e-01
2.780658575252413778e-01
2.780840909134699723e-01
2.781014776967051794e-01
2.781187566347040341e-01
2.781352457821164581e-01
2.781517035736569277e-01
2.781674236763417296e-01
2.781831862023543267e-01
2.781982589391737148e-01
2.782134457009489137e-01
2.782279868004138290e-01
2.782427118116194142e-01
2.782568318679077835e-01
2.782712044055508649e-01
2.782850095574214699e-01
2.782991347793367654e-01
2.783127272583795220e-01
2.783267066927519462e-01
2.783401852454383540e-01
2.783541171560601768e-01
2.783675773425035582e-01
2.783815569720768934e-01
2.783950913431184615e-01
2.784092110357860306e-01
2.784229091891367580e-01
2.784372583927983702e-01
2.784512069083975860e-01
2.784658720568944923e-01
2.784801543115002498e-01
2.784952185869292718e-01
2.785099144481431033e-01
2.785254574238777425e-01
2.785406428244935340e-01
2.785567399904908537e-01
2.785724863850339572e-01
2.785892085582225564e-01
2.786055822651832825e-01
2.786229948895855846e-01
2.786400563246738682e-01
2.786582186681078044e-01
2.786760214763609467e-01
2.786949857332619018e-01
2.787135758305809285e-01
2.787333861435778437e-01
2.787528006814887771e-01
2.787734920978252595e-01
2.787937583687542520e-01
2.788153557513812220e-01
2.788364900553810255e-01
2.788590069725402909e-01
2.788810134702675581e-01
2.789044510913111785e-01
2.789273206716705311e-01
2.789516667008986595e-01
2.789753758953491536e-01
2.790006035791119388e-01
2.790251135575492203e-01
2.790511808034010777e-01
2.790764364887430293e-01
2.791032851376266111e-01
2.791292144777618445e-01
2.791567697722549535e-01
2.791832832078601778e-01
2.792114534999837194e-01
2.792384436653459479e-01
2.792671204072884605e-01
2.792944620980679638e-01
2.793235201572664139e-01
2.793510705934715843e-01
2.793803689313116290e-01
2.794079683360239930e-01
2.794373510852925513e-01
2.794648235887853271e-01
2.794941215619855535e-01
2.795212764263540484e-01
2.795503090832432980e-01
2.795769422238679747e-01
2.796055201266185453e-01
2.796314158815531581e-01
2.796593436701806379e-01
2.796842767337082147e-01
2.797113566706851406e-01
2.797350940567950861e-01
2.797611302252045462e-01
2.797834330475682529e-01
2.798082363646466897e-01
2.798288610853217340e-01
2.798522554485729508e-01
2.798709539991566797e-01
2.798927842126339161e-01
2.799093018899755370e-01
2.799294447374429673e-01
2.799435136660112788e-01
2.799618952039171771e-01
2.799732184265173451e-01
2.799898450514474169e-01
2.799980586565869456e-01
2.800130831343145554e-01
2.800176582653557955e-01
2.800315530210031878e-01
2.800314888190302276e-01
2.800456665095408249e-01
2.800380679078131596e-01
2.800590862794926639e-01
2.800148145227299157e-01
