-2.457641570607980164e-01
-2.467361935350912971e-01
-2.463266931061098564e-01
-2.465539005890868274e-01
-2.463322698786280240e-01
-2.464391064130078135e-01
-2.462629800149811476e-01
-2.463096685465512026e-01
-2.461464010841246941e-01
-2.461517646720048913e-01
-2.459881860895880290e-01
-2.459602266404209703e-01
-2.457893653358658170e-01
-2.457319081427747631e-01
-2.455493255660156360e-01
-2.454641818789651542e-01
-2.452666158489068549e-01
-2.451544591875886026e-01
-2.449392211518560680e-01
-2.447999941875292351e-01
-2.445646631196478626e-01
-2.443977830755635350e-01
-2.441400314463962329e-01
-2.439444977698600192e-01
-2.436619814193787537e-01
-2.434364310315553503e-01
-2.431267115809374046e-01
-2.428694433978965117e-01
-2.425299275530178877e-01
-2.422389074473606518e-01
-2.418667948405898160e-01
-2.415396471193277383e-01
-2.411318819387161250e-01
-2.407658707479081173e-01
-2.403190942412599673e-01
-2.399110967875692224e-01
-2.394215986558753395e-01
-2.389680711684045167e-01
-2.384317382763568860e-01
-2.379286749263230805e-01
-2.373409358494237564e-01
-2.367838202434939254e-01
-2.361395840319407413e-01
-2.355233323015666624e-01
-2.348169195068291748e-01
-2.341358133625069116e-01
-2.333608768445631920e-01
-2.326084841897331223e-01
-2.317579164778135470e-01
-2.309269962188469361e-01
-2.299928191888433171e-01
-2.290752056587025409e-01
-2.280484369438208481e-01
-2.270348977803738066e-01
-2.259053865417609830e-01
-2.247854457960503094e-01
-2.235416680971533399e-01
-2.223033836108065930e-01
-2.209321844467159179e-01
-2.195618648741834433e-01
-2.180481295951809395e-01
-2.165299714840850376e-01
-2.148562034654799835e-01
-2.131718220038686384e-01
-2.113175952802964219e-01
-2.094454128645084900e-01
-2.073866570604017412e-01
-2.053011005196542227e-01
-2.030091592518040722e-01
-2.006795975502919105e-01
-1.981199782508128726e-01
-1.955093049914343184e-01
-1.926400043057173994e-01
-1.897027291719600439e-01
-1.864719684622170581e-01
-1.831516225866267333e-01
-1.794947548545258176e-01
-1.757203279313173105e-01
-1.715555696404059971e-01
-1.672365689978432268e-01
-1.624590531633860468e-01
-1.574785914331672254e-01
-1.519520143139597712e-01
-1.461570759184114277e-01
-1.397019004166034084e-01
-1.328895932627709442e-01
-1.252663611822424916e-01
-1.171645177409909033e-01
-1.080502882366136397e-01
-9.829021409771823703e-02
-8.724540969438021598e-02
-7.532376053797562587e-02
-6.174545712838480638e-02
-4.697065580174247801e-02
-3.002557348901382928e-02
-1.144030568838577677e-02
1.003639097400010893e-02
3.377488751236545905e-02
6.144530490459454430e-02
9.225910758529276556e-02
1.285311723291697739e-01
1.690044806492283502e-01
2.161646547552810715e-01
2.632165858836036376e-01
2.935212041723991305e-01
2.518197003936880618e-01
1.628857646536584491e-01
1.207560702664947083e-01
1.166658676953745699e-01
1.214739397544430943e-01
1.244592829125215627e-01
1.230700578427486036e-01
1.148162330568714973e-01
1.000410727926467347e-01
7.782445546921828994e-02
4.945712394441942328e-02
1.448569717500269860e-02
-2.580488342885844943e-02
-7.178475968250785932e-02
-1.221552481671918655e-01
-1.770908999020807117e-01
-2.352032026314991864e-01
-2.965131013806961979e-01
-3.596464106804369565e-01
-4.246443026466882875e-01
-4.903054372124998062e-01
-5.567924821478095199e-01
-6.229659149771376025e-01
-6.886220301872842953e-01
-7.515418689981973044e-01
-8.091791853522030120e-01
-8.555523188957733227e-01
-8.834482521986913861e-01
-8.835164326903791610e-01
-8.504241270509306228e-01
-7.906051154147272220e-01
-7.389494253893431619e-01
-6.900569457351306557e-01
-6.296038157823171666e-01
-5.645124314535689969e-01
-5.030250660284880659e-01
-4.491776479039302217e-01
-4.052480921329844055e-01
-3.705749548273729044e-01
-3.445423186068134469e-01
-3.250896604093310160e-01
-3.112254626678184755e-01
-3.010731731774353159e-01
-2.941018432023320139e-01
-2.889427975760098244e-01
-2.855499135585742865e-01
-2.829314497778319670e-01
-2.813466032800329697e-01
-2.800044513312611172e-01
-2.793282970555343581e-01
-2.786204548573651962e-01
-2.783947095618516943e-01
-2.779929390752316487e-01
-2.779843273259889891e-01
-2.777228245475272250e-01
-2.778156219900365653e-01
-2.776134016239235058e-01
-2.777526809078376679e-01
-2.775718691821895123e-01
-2.777329381877523540e-01
-2.775565543718122030e-01
-2.777290006568836622e-01
-2.775496505228853827e-01
-2.777294537988938550e-01
-2.775439033273565115e-01
-2.777297641821108165e-01
-2.775364853502386153e-01
-2.777282140198594762e-01
-2.775263349004707392e-01
-2.777241826072752717e-01
-2.775130602402504643e-01
-2.777174565615309065e-01
-2.774965104515141889e-01
-2.777079663810017585e-01
-2.774766154227060744e-01
-2.776956909340876911e-01
-2.774533293653388966e-01
-2.776806251789866176e-01
-2.774266124846735404e-01
-2.776627707921219268e-01
-2.773964262002112102e-01
-2.776421348677852730e-01
-2.773627330403830027e-01
-2.776187314497117753e-01
-2.773254981223357007e-01
-2.775925841119203930e-01
-2.772846911648422230e-01
-2.775637290011233604e-01
-2.772402886694885771e-01
-2.775322181506683639e-01
-2.771922761215558917e-01
-2.774981230032880219e-01
-2.771406501232770991e-01
-2.774615381181185225e-01
-2.770854203778209124e-01
-2.774225850501313428e-01
-2.770266114325018458e-01
-2.773814163958436274e-01
-2.769642640693727453e-01
-2.773382200061174641e-01
-2.768984362074163874e-01
-2.772932233803375168e-01
-2.768292031491513816e-01
-2.772466982761020993e-01
-2.767566569669496768e-01
-2.771989656023872151e-01
-2.766809047736424887e-01
-2.771504007156614935e-01
-2.766020655551176266e-01
-2.771014393153075073e-01
-2.765202651491984187e-01
-2.770525842510530579e-01
-2.764356288221707647e-01
-2.770044137284499164e-01
-2.763482706934176636e-01
-2.769575916615159006e-01
-2.762582789584150933e-01
-2.769128813244686182e-01
-2.761656953865343489e-01
-2.768711640832874354e-01
-2.760704868136755752e-01
-2.768334659949240328e-01
-2.759725051084289671e-01
-2.768009967174123731e-01
-2.758714299902983447e-01
-2.767752079842551449e-01
-2.757666854237908471e-01
-2.767578838415379883e-01
-2.756573137092451775e-01
-2.767512839076703979e-01
-2.755417789705496556e-01
-2.767583783166218114e-01
-2.754176471988771802e-01
-2.767832482726024224e-01
-2.752810386763379635e-01
-2.768318023372509651e-01
-2.751256334957768446e-01
-2.769131363083990327e-01
-2.749407300071312621e-01
-2.770423204685628638e-01
-2.747070935730591135e-01
-2.772467176996402660e-01
-2.743869559476893594e-01
-2.775824229863836368e-01
-2.738955658678779992e-01
-2.781865866531706977e-01
-2.729968927980832571e-01
-2.795091534906470332e-01
-2.706987368298000018e-01
-2.843985565325621856e-01
-2.501305612729766703e-01
