0.000000000000000000e+00
0.000000000000000000e+00
8.153313109291131866e+01
2.448386161643386458e+02
4.903960261078532312e+02
8.189275367148043188e+02
1.231401330665010619e+03
1.729036164779472529e+03
2.313307129657393943e+03
2.985952636062892452e+03
3.748982669885823725e+03
4.604688365396190420e+03
5.555652954710565609e+03
6.604764160173527671e+03
7.755228105548831081e+03
9.010584831855059747e+03
1.037472551413073234e+04
1.185191148680207334e+04
1.344679519733906636e+04
1.516444322105197898e+04
1.701036148380591476e+04
1.899052285476345423e+04
2.111139728751219081e+04
2.337998470589732824e+04
2.580385084993906275e+04
2.839116631835762382e+04
3.115074906669594202e+04
3.409211064501727378e+04
3.722550648574548541e+04
4.056199058184666501e+04
4.411347492711624363e+04
4.789279412559227057e+04
5.191377561467458872e+04
5.619131598857145582e+04
6.074146395349729573e+04
6.558151049625597079e+04
7.073008690137996746e+04
7.620727131204729085e+04
8.203470459404434951e+04
8.823571633395217941e+04
9.483546187941415701e+04
1.018610714155306632e+05
1.093418121632894181e+05
1.173092648893038131e+05
1.257975160262564896e+05
1.348433668274378870e+05
1.444865611108431767e+05
1.547700332971040043e+05
1.657401786039275175e+05
1.774471474383830209e+05
1.899451662183669396e+05
2.032928870691189950e+05
2.175537690685546550e+05
2.327964939728338795e+05
2.490954196269069507e+05
2.665310745742387953e+05
2.851906977076614858e+05
3.051688271749557462e+05
3.265679431456997409e+05
3.494991694922161987e+05
3.740830399083609809e+05
4.004503345257508918e+05
4.287429936510919943e+05
4.591151158915830310e+05
4.917340486105523305e+05
5.267815794276047964e+05
5.644552382852055598e+05
6.049697205300359055e+05
6.485584424226469127e+05
6.954752416002377868e+05
7.459962361694484716e+05
8.004218574388254201e+05
8.590790726739458041e+05
9.223238158560055308e+05
9.905436460592427757e+05
1.064160654977841768e+06
1.143634647074399982e+06
1.229466618118145503e+06
1.322202560180837521e+06
1.422437623911388451e+06
1.530820671622282360e+06
1.648059258008825593e+06
1.774925078426762018e+06
1.912259928211371414e+06
2.060982218287035357e+06
2.222094088165310211e+06
2.396689121872978751e+06
2.585960505161701236e+06
2.791208735844561830e+06
3.013845006043759175e+06
3.255374597338408697e+06
3.517302574597489554e+06
3.800793308188520372e+06
4.105889403652065899e+06
4.430955001124609262e+06
4.773723758794899099e+06
5.132960289772072807e+06
5.508729338396525010e+06
5.901807903098814189e+06
6.313284521752076223e+06
6.744409415935213678e+06
7.196550585306309164e+06
7.671185284269316122e+06
8.169902979986426421e+06
8.694412345090653747e+06
9.246550006806412712e+06
9.828290370290508494e+06
1.044175633484257199e+07
1.108923088243198209e+07
1.177316957331847772e+07
1.249621400388252363e+07
1.326120629184396751e+07
1.407120465977515280e+07
1.492950019301987067e+07
1.583963485244463012e+07
1.680542082720476389e+07
1.783096131706040353e+07
1.892067283855214342e+07
2.007930915383136645e+07
2.131198692570886388e+07
2.262421320700008050e+07
2.402191487688282132e+07
2.551147014136686176e+07
2.709974221929660812e+07
2.879411533934996650e+07
3.060253317726479471e+07
3.253353986595370620e+07
3.459632371408232301e+07
3.680076377117197961e+07
3.915747937897247076e+07
4.167788284998876601e+07
4.437423541405376047e+07
4.725970657313882560e+07
5.034843700239781290e+07
5.365560513233108073e+07
5.719749754193066806e+07
6.099158328649793565e+07
6.505659227526253462e+07
6.941259780395400524e+07
7.408110333459059894e+07
7.908513360014137626e+07
8.444933009363590181e+07
9.020005098118004203e+07
9.636547545412454009e+07
1.029757125090829581e+08
1.100629141132013202e+08
1.176613926781418622e+08
1.258077427269330025e+08
1.345409665955795050e+08
1.439026039630970955e+08
1.539368649522545338e+08
1.646907664853500426e+08
1.762142715181705058e+08
1.885604307070236504e+08
2.017855259923037589e+08
2.159492155031859577e+08
2.311146791062510610e+08
2.473487638314532340e+08
2.647221283170192838e+08
2.833093853155218363e+08
3.031892412024225593e+08
3.244446313202575445e+08
3.471628498831622601e+08
3.714356730514794588e+08
3.973594736725465059e+08
4.250353260648232102e+08
4.545690991069782972e+08
4.860715357744165659e+08
5.196583171526412368e+08
5.554501088423112631e+08
5.935725875656083822e+08
6.341564456795575619e+08
6.773373712110295296e+08
7.232560009416966438e+08
7.720578440022796392e+08
8.238931733743996620e+08
8.789168826598916054e+08
9.372883054508167505e+08
9.991709946344928741e+08
1.064732458985197663e+09
1.134143854444445372e+09
1.207579627562740564e+09
1.285217108684707403e+09
1.367236052593712807e+09
1.453818124508996487e+09
1.545146329534229040e+09
1.641404383909492493e+09
1.742776026703286886e+09
1.849444270916434765e+09
1.961590593338288069e+09
2.079394062916321754e+09
2.203030407854598045e+09
2.332671022162769794e+09
2.468481912915430546e+09
2.610622590068964005e+09
2.759244901298690319e+09
2.914491814977741241e+09
3.076496155100427151e+09
3.245379292668631554e+09
3.421249798787923336e+09
3.604202065472647667e+09
3.794314900910980701e+09
3.991650106702569008e+09
4.196251045327536583e+09
4.408141206843632698e+09
4.627322784513815880e+09
4.853775269743627548e+09
5.087454077332470894e+09
5.328289212618197441e+09
5.576183992595944405e+09
5.831013833521956444e+09
6.092625117848044395e+09
6.360834153572964668e+09
6.635426239223439217e+09
6.916154847688075066e+09
7.202740942006738663e+09
7.494872435963646889e+09
7.792203811932621002e+09
8.094355907877526283e+09
8.400915884710448265e+09
8.711437384357524872e+09
9.025440887873508453e+09
9.342414281784324646e+09
9.661813639526958466e+09
9.983064223398880005e+09
1.030556171084233093e+10
1.062867364717040443e+10
1.095174112501709747e+10
1.127408068886626625e+10
1.159498646101162338e+10
1.191373248323060608e+10
1.222957526635130310e+10
1.254175653776319504e+10
1.284950617480815125e+10
1.315204530989556122e+10
1.344858959116094589e+10
1.373835258053347588e+10
1.402054926924665260e+10
1.429439968911725044e+10
1.455913259638337517e+10
1.481398920352703094e+10
1.505822693336514473e+10
1.529112316876331329e+10
1.551197897065597916e+10
1.572012273663629532e+10
1.591491377224070358e+10
1.609574574719078445e+10
1.626205000928451538e+10
1.641329872934455490e+10
1.654900785163774109e+10
1.666873982546122360e+10
1.677210609515074539e+10
1.685876932757248878e+10
1.692844535821703529e+10
1.698090483927531052e+10
1.701597457554160500e+10
