1.210611867152249310e+01
1.210666545823770690e+01
1.210775831761905685e+01
1.210939579993826243e+01
1.211157577126586560e+01
1.211429534844722689e+01
1.211755100193199830e+01
1.212133844696655949e+01
1.212565279754346648e+01
1.213048841319552906e+01
1.213583910376885022e+01
1.214169793102504791e+01
1.214805746392886832e+01
1.215490953414028219e+01
1.216224554155154003e+01
1.217005616268032853e+01
1.217833170628820660e+01
1.218706177366151344e+01
1.219623566428325923e+01
1.220584198699710043e+01
1.221586911587355750e+01
1.222630475127722249e+01
1.223713642625001086e+01
1.224835101652628566e+01
1.225993529793590398e+01
1.227187540442146840e+01
1.228415743713084929e+01
1.229676686947500741e+01
1.230968920872687811e+01
1.232290934711060970e+01
1.233641227684928054e+01
1.235018238619615261e+01
1.236420422897966986e+01
1.237846176437621359e+01
1.239293918209300394e+01
1.240762008454406029e+01
1.242248836889729802e+01
1.243752735015623223e+01
1.245272070138390674e+01
1.246805151601727779e+01
1.248350330767508254e+01
1.249905900984282603e+01
1.251470203677988557e+01
1.253041521851236517e+01
1.254618192448108260e+01
1.256198493156641938e+01
1.257780761226585575e+01
1.259363273324670374e+01
1.260944371001143871e+01
1.262522333322568890e+01
1.264095509202191714e+01
1.265662182507513478e+01
1.267220711491058793e+01
1.268769386038911762e+01
1.270306574462196636e+01
1.271830572517140290e+01
1.273339757843477216e+01
1.274832430345019141e+01
1.276306974589172150e+01
1.277761691087868279e+01
1.279194967002243111e+01
1.280605097804994585e+01
1.281990466665786954e+01
1.283349355904963396e+01
1.284680135467963424e+01
1.285981063493264998e+01
1.287250484317341659e+01
1.288486617372018550e+01
1.289687765194195102e+01
1.290852089733192187e+01
1.291977830870179389e+01
1.293063069046433178e+01
1.294105954824551041e+01
1.295104456533634085e+01
1.296056601427244814e+01
1.296960206769867519e+01
1.297813133167759325e+01
1.298612997182037176e+01
1.299357437439374863e+01
1.300043806446158356e+01
1.300669450156066809e+01
1.301231376186515654e+01
1.301726547691066749e+01
1.302151524675563543e+01
1.302502773399693048e+01
1.302776277002312533e+01
1.302967862373492558e+01
1.303072775828684904e+01
1.303086030531184392e+01
1.303001942276419811e+01
1.302814501893440458e+01
1.302516864437034272e+01
1.302101751562863541e+01
1.301560882269271069e+01
1.300885407483550438e+01
1.300065257075169889e+01
1.299089598174160365e+01
1.297946044100056007e+01
1.296621109057380750e+01
1.295099197629495613e+01
1.293363132082490985e+01
1.291393394236562564e+01
1.289171658095934170e+01
1.286693413699255828e+01
1.284028386146312428e+01
1.281468533036294311e+01
1.279425147384429984e+01
1.277789881347556111e+01
1.276223212112288863e+01
1.274587537278617333e+01
1.272860673318565361e+01
1.271053344739880409e+01
1.269186788810217337e+01
1.267285257070969706e+01
1.265372660771194013e+01
1.263469963515906791e+01
1.261595661843552030e+01
1.259765949385059081e+01
1.257996520027307774e+01
1.256302768914035184e+01
1.254701672044169491e+01
1.253212003729305302e+01
1.251856874907713291e+01
1.250664648889796027e+01
1.249672988993276945e+01
1.248931338732126761e+01
1.248507570460669491e+01
1.248492884062802766e+01
1.249011528708335028e+01
1.250226597692036989e+01
1.252348017926818002e+01
1.255627635620855287e+01
1.260346921758714167e+01
1.266777242736295328e+01
1.275134804487176154e+01
1.285525983528353500e+01
1.297967994866577079e+01
1.312351941316215509e+01
1.328372272534105569e+01
1.345618822463090503e+01
1.363648735481779539e+01
1.382005896726333383e+01
1.400221658104707601e+01
1.417817700161034189e+01
1.434319274438221115e+01
1.449293035489760939e+01
1.462399787653433414e+01
1.473449585666890549e+01
1.482428646464687105e+01
1.489486992920966912e+01
1.494887636763394489e+01
1.498943936299775892e+01
1.501963955451313737e+01
1.504217305599096832e+01
1.505920500117339955e+01
1.507237990027006092e+01
1.508288717019430614e+01
1.509156443483364107e+01
1.509898163669599036e+01
1.510552369867269995e+01
1.511144202913317258e+01
1.511690318027869928e+01
1.512201248217305682e+01
1.512684021972531845e+01
1.513142956583945598e+01
1.513581094161360596e+01
1.514000251599545699e+01
1.514401894815145866e+01
1.514786877935287279e+01
1.515156061037997581e+01
1.515509937882442415e+01
1.515849134498950157e+01
1.516174009364000774e+01
1.516485091207797709e+01
1.516782684003064219e+01
1.517067268111968481e+01
1.517339121175890604e+01
1.517598692733223764e+01
1.517846243916809534e+01
1.518082200190463737e+01
1.518306809860491136e+01
1.518520477460225315e+01
1.518723440175867267e+01
1.518916083560634256e+01
1.519098634773371082e+01
1.519271461922977728e+01
1.519434783044671811e+01
1.519588950166893859e+01
1.519734173039152125e+01
1.519870788873422818e+01
1.519998999935499562e+01
1.520119129804405311e+01
1.520231374030522709e+01
1.520336043666408443e+01
1.520433328276268270e+01
1.520523527414316511e+01
1.520606825341683432e+01
1.520683511061249682e+01
1.520753764160941657e+01
1.520817863955030447e+01
1.520875985928215002e+01
1.520928400481394149e+01
1.520975279499982236e+01
1.521016885156149634e+01
1.521053386168403243e+01
1.521085037071372170e+01
1.521112003772571342e+01
1.521134533664262811e+01
1.521152790118219578e+01
1.521167013781438015e+01
1.521177365681081461e+01
1.521184080016405993e+01
1.521187315574401033e+01
1.521187300303744294e+01
1.521184190767348632e+01
1.521178208760164630e+01
1.521169508548237381e+01
1.521158305770351404e+01
1.521144752234599018e+01
1.521129057324010425e+01
1.521111370141226082e+01
1.521091893620122448e+01
1.521070773827231370e+01
1.521048206964731797e+01
1.521024335653923032e+01
1.520999348999646550e+01
1.520973385696557933e+01
1.520946627310906152e+01
1.520919208064699824e+01
1.520891301477636937e+01
1.520863036697635984e+01
1.520834578633488121e+01
1.520806050712712043e+01
1.520777608624040766e+01
1.520749369395254824e+01
1.520721478853836928e+01
1.520694046928419141e+01
1.520667208925705616e+01
1.520641066969509225e+01
1.520615745182311862e+01
1.520591337185595471e+01
1.520567955265070559e+01
1.520545683865213604e+01
1.520524622808192561e+01
1.520504846724237069e+01
1.520486442385558590e+01
1.520469474022445588e+01
1.520454014824973221e+01
1.520440118102616012e+01
1.520427842998163648e+01
1.520417231456218765e+01
1.520408328185519409e+01
1.520401163408951817e+01
1.520395767102352735e+01
1.520392157505713904e+01
1.520390349658475415e+01
