1.390780712643323140e-02
1.392205505618292725e-02
1.394836699886736406e-02
1.398920270610340064e-02
1.403795283656012437e-02
1.409925630818435749e-02
1.416213816421933377e-02
1.423329795886741841e-02
1.429829383118628831e-02
1.436672650445472953e-02
1.442276435431382592e-02
1.448033358651051872e-02
1.452357623853510644e-02
1.457065863895971349e-02
1.460463048769549549e-02
1.464647573880938254e-02
1.467651282025832574e-02
1.471781594386656171e-02
1.474737866515724721e-02
1.479053396255915719e-02
1.482101530621626230e-02
1.486677322716463759e-02
1.489842559432304550e-02
1.494678313363012427e-02
1.497940803039855134e-02
1.503010144680782742e-02
1.506336378254330942e-02
1.511606337797148820e-02
1.514960360045990682e-02
1.520397865111786789e-02
1.523744981561240414e-02
1.529319117237389579e-02
1.532627397049088347e-02
1.538310513115207639e-02
1.541551694334526712e-02
1.547320167330326623e-02
1.550470319767369327e-02
1.556305109874011119e-02
1.559345088898107107e-02
1.565232081711858542e-02
1.568147746978463056e-02
1.574077852296558791e-02
1.576860028633798871e-02
1.582829021148734333e-02
1.585473197436829476e-02
1.591481305570758079e-02
1.593987090891382449e-02
1.600038363919584206e-02
1.602408744210546965e-02
1.608510250479546627e-02
1.610750709599705066e-02
1.616911636294542792e-02
1.619029219165841332e-02
1.625259953456452064e-02
1.627262353093441791e-02
1.633573623603367525e-02
1.635468367302173737e-02
1.641870513605730303e-02
1.643664307359504750e-02
1.650166725605218057e-02
1.651864992891401845e-02
1.658475781297596638e-02
1.660082406935172242e-02
1.666808210180782332e-02
1.668325476359138262e-02
1.675171506831506923e-02
1.676600190187927872e-02
1.683570389439820875e-02
1.684909977174765816e-02
1.692007273883873453e-02
1.693256253585509116e-02
1.700482874285685203e-02
1.701639055193818542e-02
1.708996849397543399e-02
1.710057680242826894e-02
1.717548430131592835e-02
1.718511288215690547e-02
1.726136982741672751e-02
1.726999418652702678e-02
1.734762481032264131e-02
1.735522411963404121e-02
1.743425877121229303e-02
1.744081728449432128e-02
1.752129372546887276e-02
1.752680171933628656e-02
1.760876599689636252e-02
1.761322030654701928e-02
1.769672728021446512e-02
1.770013151080260597e-02
1.778524511376101264e-02
1.778760960851637901e-02
1.787440292098257943e-02
1.787574456025314840e-02
1.796429976351947982e-02
1.796464165816506406e-02
1.805504992665845493e-02
1.805442105710514458e-02
1.814678243407460284e-02
1.814521727448228580e-02
1.823964056599246611e-02
1.823717872233409851e-02
1.833378143477638195e-02
1.833046731663775727e-02
1.842937565522553486e-02
1.842525819390068362e-02
1.852660713359106578e-02
1.852173955349330561e-02
1.862567298932080867e-02
1.862011263563222510e-02
1.872678361631864574e-02
1.872059183893523895e-02
1.883016288562524773e-02
1.882340497755180184e-02
1.893604848837985091e-02
1.892879367559245976e-02
1.904469241631673998e-02
1.903701389552886480e-02
1.915636157651640081e-02
1.914833659711376312e-02
1.927133853738623170e-02
1.926304852392079006e-02
1.938992240369719067e-02
1.938145311564745329e-02
1.951242981976170771e-02
1.950387154571791432e-02
1.963919610141782318e-02
1.963064388539427843e-02
1.977057649931011213e-02
1.976213039748845809e-02
1.990694759799122721e-02
1.989871296483279942e-02
2.004870885758327712e-02
2.004079666092927273e-02
2.019628430717345866e-02
2.018881147265359777e-02
2.035012440175962278e-02
2.034321418757254266e-02
2.051070805747433681e-02
2.050449046139405165e-02
2.067854488304246216e-02
2.067315708434487240e-02
2.085417762902064612e-02
2.084976446894748134e-02
2.103818488042288881e-02
2.103489938580339891e-02
2.123118402292425294e-02
2.122918797870166491e-02
2.143383451807785375e-02
2.143329909573829170e-02
2.164684152899045907e-02
2.164794797931387724e-02
2.187095994483097619e-02
2.187390036500355683e-02
2.210699886057527000e-02
2.211197704754578469e-02
2.235582657770954912e-02
2.236305898180184978e-02
2.261837620247675665e-02
2.262809299771892727e-02
2.289565193095569745e-02
2.290809822142182012e-02
2.318873612513027219e-02
2.320417330987389892e-02
2.349879730157279287e-02
2.351750462455899984e-02
2.382709917493232646e-02
2.384937549080221736e-02
2.417501092262436604e-02
2.420117671432186687e-02
2.454401886574708938e-02
2.457441855606405656e-02
2.493573979506578248e-02
2.497074440122046615e-02
2.535193621094691124e-02
2.539194639954073934e-02
2.579453379355353682e-02
2.583998340286523115e-02
2.626564147578850858e-02
2.631700158357231506e-02
2.676757455797559512e-02
2.682535818596816501e-02
2.730288138183513402e-02
2.736764894329159203e-02
2.787437417383420088e-02
2.794673978781154686e-02
2.848516477630369872e-02
2.856580359224502805e-02
2.913870611038885464e-02
2.922836280879372028e-02
2.983884035860197292e-02
2.993833901784259330e-02
3.058985501537202223e-02
3.070011056005140376e-02
3.139654812685026969e-02
3.151857959741933418e-02
3.226430421516074398e-02
3.239925011779633962e-02
3.319918253448638640e-02
3.334831853720930661e-02
3.420801939389384039e-02
3.437277861670406942e-02
3.529854622704065720e-02
3.548054230826885175e-02
3.647952475577885545e-02
3.668057772630188562e-02
3.776089974960950696e-02
3.798306444827388023e-02
3.915396813309268004e-02
3.939956434782366373e-02
4.067155989251243497e-02
4.094320244776183254e-02
4.232822035067824312e-02
4.262884573030181756e-02
4.414037334839845256e-02
4.447325678014452804e-02
4.612642851127524146e-02
4.649518128862716038e-02
4.830677058438993809e-02
4.871530137481506345e-02
5.070353341490940052e-02
5.115594963004353735e-02
5.334001981395664754e-02
5.384043810275736947e-02
5.623960221739195131e-02
5.679183834946100601e-02
5.942398764687164409e-02
6.003112357985108949e-02
6.291098322835959877e-02
6.357489568112235923e-02
6.671255594682873324e-02
6.743367141596907921e-02
7.083516981074348962e-02
7.161296400570464626e-02
7.528571735797838504e-02
7.612061575569555039e-02
8.008645595130091388e-02
8.098347257529343868e-02
8.529965764828353891e-02
8.627327312868204867e-02
9.105862659173517837e-02
9.213789819010194393e-02
9.760249957155815725e-02
9.883646675357139755e-02
1.053235932296543442e-01
1.067899189979030355e-01
1.148596764267330178e-01
1.166841596875466819e-01
1.273131697150330366e-01
1.297190410528519799e-01
1.448385814988296938e-01
1.482872594471936756e-01
1.725554653387098569e-01
1.782686665603077369e-01
2.276268171990598332e-01
2.413471296625827045e-01
4.298288307448400181e-01
