8.157352700808010448e-01
8.158177089658331660e-01
8.159137631758492937e-01
8.160984602919125752e-01
8.161649453205019888e-01
8.162550135451780431e-01
8.160294123116569320e-01
8.156936941599950419e-01
8.148079840591540002e-01
8.136666225644698658e-01
8.117935180356320446e-01
8.096117661143622524e-01
8.066481346343779002e-01
8.034488283818226328e-01
7.995101277264619055e-01
7.954582223604227398e-01
7.907105547076127561e-01
7.859519539735380089e-01
7.805044782574361850e-01
7.751164053479853155e-01
7.690174207264081074e-01
7.630291628111753877e-01
7.562943172179459328e-01
7.497140845079970362e-01
7.423470600312080947e-01
7.351767822419954523e-01
7.271787580098281190e-01
7.194200310606340132e-01
7.107931918794895276e-01
7.024494257231229666e-01
6.931983049471349689e-01
6.842756721992355740e-01
6.744078963440052199e-01
6.649159900216615737e-01
6.544428961026652614e-01
6.443953308431847882e-01
6.333325558417213230e-01
6.227475462363130099e-01
6.111155880630804171e-01
6.000164872221211976e-01
5.878412116866478243e-01
5.762569798557519718e-01
5.635700405980526018e-01
5.515356089705729659e-01
5.383747445607569571e-01
5.259312383037568761e-01
5.123404112425499202e-01
4.995351980682205539e-01
4.855645446576468682e-01
4.724510815421112397e-01
4.581566499279671190e-01
4.447941109449524699e-01
4.302373768838667623e-01
4.166900590429108431e-01
4.019372241955702085e-01
3.882737443489838736e-01
3.733948384918943098e-01
3.596871508523305505e-01
3.447549751736738721e-01
3.310772534966092695e-01
3.161662148447942911e-01
3.025936537660537939e-01
2.877785475047389130e-01
2.743861424056365239e-01
2.597409433787583599e-01
2.466023069754423036e-01
2.321990240256160964e-01
2.193852911866396860e-01
2.052929317082504979e-01
1.928717931914683548e-01
1.791554720207451934e-01
1.671903647554099925e-01
1.539105782421529289e-01
1.424600463695715469e-01
1.296721195172955421e-01
1.187893482253631061e-01
1.065430516611751838e-01
9.627556595719903576e-02
8.461489096161731172e-02
7.500440440485882376e-02
6.396747851621530090e-02
5.504987256888572295e-02
4.466899517940936537e-02
3.647440788668040307e-02
2.677618431513741071e-02
1.932918696826179880e-02
1.033474016835595789e-02
3.654581873967709029e-03
-4.620177331145311310e-03
-1.051927517509353670e-02
-1.806333612673984707e-02
-2.317185098248880290e-02
-2.997876374767428562e-02
-3.429152170542456440e-02
-4.035904192263080337e-02
-4.387485665131598406e-02
-4.920458410773082686e-02
-5.192589337438115182e-02
-5.652291172474391279e-02
-5.845541798015554957e-02
-6.232794128294869701e-02
-6.348026122612925037e-02
-6.663929153456743526e-02
-6.702261826836446168e-02
-6.948161734572030901e-02
-6.910939768922047532e-02
-7.088397498515683348e-02
-6.977160367778634242e-02
-7.087922196694221300e-02
-6.904375384781379077e-02
-6.950345335818644554e-02
-6.696333409795068858e-02
-6.679547551286234286e-02
-6.357029108474580859e-02
-6.279631746128191971e-02
-5.890656223864954716e-02
-5.754877962562368610e-02
-5.301564276523767355e-02
-5.109701910668065089e-02
-4.594218870436551916e-02
-4.348617046685653020e-02
-3.773165484279006332e-02
-3.476200069552879551e-02
-2.842996607079880875e-02
-2.497059686799744244e-02
-1.808322062466256180e-02
-1.415808488419698953e-02
-6.737423552658348969e-03
-2.370377587940874706e-03
5.561751326630159746e-03
1.034704948621916615e-02
1.876917274563051977e-02
2.394935652030883572e-02
3.284043837896999385e-02
3.839251376449914765e-02
4.773203809494799138e-02
5.363345361552575297e-02
6.340149584352121337e-02
6.963020218397611427e-02
7.980749193173937439e-02
8.634199208220892652e-02
9.690996740351326411e-02
1.037293581268820680e-01
1.146702122003415147e-01
1.217542176069432991e-01
1.330509387351759831e-01
1.403799367216739535e-01
1.520163424647479056e-01
1.595713847452097378e-01
1.715321509980430592e-01
1.792949774259967877e-01
1.915656632316841967e-01
1.995187110828958998e-01
2.120857799581342407e-01
2.202121888151117868e-01
2.330630273507448835e-01
2.413466402024950497e-01
2.544695746918006485e-01
2.628949358359495836e-01
2.762792476766319782e-01
2.848315979860490121e-01
2.984675385988222462e-01
3.071328086913084898e-01
3.210116146989348551e-01
3.297764165265115177e-01
3.438903259423232717e-01
3.527419432952720313e-01
3.670842134789679134e-01
3.760105918798921087e-01
3.905755200308890784e-01
3.995652564737087742e-01
4.143482034474416098e-01
4.233905364158243034e-01
4.383879546648151160e-01
4.474727548425218027e-01
4.626822212999092132e-01
4.717999833608126914e-01
4.872202380959482770e-01
4.963620739323573727e-01
5.119930654115334434e-01
5.211506991236660724e-01
5.369936368961012452e-01
5.461594018202877709e-01
5.622168174097752491e-01
5.713836554037687865e-01
5.876594721021564105e-01
5.968209352272264567e-01
6.133205473320116896e-01
6.224708019645253110e-01
6.392011637397303492e-01
6.483349969975490401e-01
6.653047212052283221e-01
6.744175493676812794e-01
6.916370145254188140e-01
7.007248928328977389e-01
7.182063572617406466e-01
7.272659900596830651e-01
7.450237090839276766e-01
7.540524586643571059e-01
7.721027986855526493e-01
7.810986902823952027e-01
7.994602293813057869e-01
8.084219484511334652e-01
8.271155469283441031e-01
8.360424228845984018e-01
8.550912376204523602e-01
8.639832052756231118e-01
8.834126073474175556e-01
8.922701330131763697e-01
9.121074663632009472e-01
9.209314192681700151e-01
9.412055063707327474e-01
9.499969470655749149e-01
9.707372021323651401e-01
9.794970472256768756e-01
1.000731996286899905e+00
1.009460503264929976e+00
1.031215436721946377e+00
1.039911436165888325e+00
1.062204852659728971e+00
1.070864646383098417e+00
1.093703146416573180e+00
1.102319010970389312e+00
1.125690507718184685e+00
1.134248841145165665e+00
1.158114661319258998e+00
1.166594071584192704e+00
1.190882168188243995e+00
1.199252327228316428e+00
1.223856784783397877e+00
1.232079661836084306e+00
1.256875331508857663e+00
1.264911063836859695e+00
1.289793371691857038e+00
1.297612420356951235e+00
1.322565481363506157e+00
1.330165690817225688e+00
1.355345119395377385e+00
1.362768007932134928e+00
1.388571221429205416e+00
1.395911068998599402e+00
1.423019812762198688e+00
1.430425451280564531e+00
1.459845832378172670e+00
1.467524751037416086e+00
1.500698188336959671e+00
1.508940279885774949e+00
1.548060599412021787e+00
1.557310953779955653e+00
1.606172008175138277e+00
1.617232684365647710e+00
1.683758783857106422e+00
1.698466510269118102e+00
1.805036095607095437e+00
1.830735923979255775e+00
2.081529747955898291e+00
