1.830217452697820990e-01
1.831365643198815396e-01
1.833376043289703661e-01
1.836573200281790275e-01
1.840093287467456373e-01
1.844547426799607037e-01
1.848506168376312375e-01
1.852848630435326716e-01
1.855701691916539775e-01
1.858314918936208870e-01
1.858642968068862089e-01
1.858478948564999400e-01
1.855781741693305342e-01
1.852866022580815786e-01
1.847563326544896800e-01
1.842520286678322738e-01
1.835243168545037939e-01
1.828610609016924626e-01
1.819742194797728252e-01
1.811759477418289355e-01
1.801418535494229423e-01
1.792115299832547637e-01
1.780276889897193238e-01
1.769587723881580477e-01
1.756171944674484731e-01
1.744000241118908723e-01
1.728914014990226566e-01
1.715159172686176459e-01
1.698313680338976173e-01
1.682883108507683689e-01
1.664202840564491248e-01
1.647019615613056764e-01
1.626449478919416991e-01
1.607459278517483214e-01
1.584971498179286176e-01
1.564149524876129738e-01
1.539750433457204026e-01
1.517108101132409737e-01
1.490844389347854293e-01
1.466435238612588954e-01
1.438399057235077438e-01
1.412323245468062594e-01
1.382655482309887995e-01
1.355062168924634491e-01
1.323953251120604802e-01
1.295040270844835528e-01
1.262727973161734962e-01
1.232738371800704974e-01
1.199502352646454051e-01
1.168717648477734100e-01
1.134870772288153057e-01
1.103601174825803721e-01
1.069478071513291911e-01
1.038050284219868419e-01
1.003993978022064554e-01
9.727375596530821178e-02
9.390852938427726726e-02
9.083187792211960820e-02
8.753883015609793816e-02
8.454063315508514309e-02
8.134838510374678422e-02
7.845464173098054550e-02
7.538772035642034297e-02
7.262018064416618512e-02
6.969840307597208184e-02
6.707411451474551423e-02
6.431231361239654609e-02
6.184349646420041202e-02
5.925156544608257969e-02
5.694577938689362323e-02
5.452898283049472522e-02
5.238952346815404365e-02
5.014900437027471070e-02
4.817545702181311867e-02
4.610886474609634383e-02
4.429774335570443866e-02
4.239991281152980657e-02
4.074532096138401560e-02
3.900894564747090648e-02
3.750321053930766313e-02
3.591946744777817918e-02
3.455371312732895966e-02
3.311281291748843086e-02
3.187745337219789060e-02
3.056910268160249744e-02
2.945424729042615819e-02
2.826802055308765341e-02
2.726379313522169293e-02
2.618941861513026867e-02
2.528619708899120314e-02
2.431376631639489347e-02
2.350235319196277567e-02
2.262246517126505901e-02
2.189420035976362769e-02
2.109805242834931344e-02
2.044487976417558306e-02
1.972431639630894962e-02
1.913881434369146123e-02
1.848634398029627354e-02
1.796172964097464061e-02
1.737051812999797912e-02
1.690063216074577310e-02
1.636447984746701792e-02
1.594375841963704965e-02
1.545706647448312140e-02
1.508050506640442288e-02
1.463823535513003420e-02
1.430134801133718658e-02
1.389897972829796068e-02
1.359775646007363795e-02
1.323124186023581089e-02
1.296210609085852311e-02
1.262782695412578877e-02
1.238759430908270044e-02
1.208232022764364061e-02
1.186815950981557483e-02
1.158900867932257869e-02
1.139840552624994501e-02
1.114280841949884249e-02
1.097353189068386685e-02
1.073919797541854348e-02
1.058927014161520873e-02
1.037415765280199839e-02
1.024182613913494043e-02
1.004411481459177580e-02
9.927828171127254381e-03
9.745894794950513140e-03
9.644280520904113113e-03
9.476677081664912003e-03
9.388522104147098771e-03
9.233956356571775340e-03
9.158189755070333254e-03
9.015507969023121154e-03
8.951185737752420310e-03
8.819357422412958669e-03
8.765649070591699510e-03
8.643753471561401586e-03
8.599930273958198562e-03
8.487144454322918113e-03
8.452569179161088797e-03
8.348157510637378015e-03
8.322275467860702075e-03
8.225580373934837652e-03
8.207911643022588327e-03
8.118345451692883519e-03
8.108478164107878888e-03
8.025515942973758532e-03
8.023100509582147336e-03
7.946273770296703384e-03
7.951017958531871391e-03
7.879909130894556524e-03
7.891573909983908355e-03
7.825811498141353045e-03
7.844207583382471413e-03
7.783461927723569172e-03
7.808446966664453481e-03
7.752426545104803071e-03
7.783902899647693677e-03
7.732351111162691186e-03
7.770264200226639772e-03
7.722956581809284349e-03
7.767293759398948005e-03
7.724035595188087806e-03
7.774825548714016897e-03
7.735449836971376031e-03
7.792762500645194525e-03
7.757128250647966211e-03
7.821075238946323047e-03
7.789066075838562732e-03
7.859801652636323049e-03
7.831324713925089803e-03
7.909047324203973342e-03
7.884032437026265022e-03
7.968986840361394139e-03
7.947385973976003534e-03
8.039866032629645193e-03
8.021653025922352923e-03
8.122005215697256780e-03
8.107175784929131560e-03
8.215803514377886460e-03
8.204375552067620647e-03
8.321744395666763952e-03
8.313758577483631312e-03
8.440402551458859107e-03
8.435923274402604491e-03
8.572452310499537043e-03
8.571568992531948886e-03
8.718677795584795290e-03
8.721506574269613163e-03
8.879985084129527959e-03
8.886670959656567045e-03
9.057416676694959173e-03
9.068136152659129340e-03
9.252168627611551122e-03
9.267132910530273548e-03
9.465610741341218617e-03
9.485069566019079315e-03
9.699310281299914835e-03
9.723556431781679374e-03
9.955059662504888232e-03
9.984434253928519201e-03
1.023490858390598175e-02
1.026980715291232055e-02
1.054120096258135894e-02
1.058208037261491007e-02
1.087661679490318015e-02
1.092400288029818020e-02
1.124421857969528857e-02
1.129871430032863486e-02
1.164750101522097660e-02
1.170979462606525946e-02
1.209044103861584354e-02
1.216131332560791561e-02
1.257754247772037079e-02
1.265787137222118726e-02
1.311386502624006974e-02
1.320462475895929633e-02
1.370502024229148727e-02
1.380727052758936105e-02
1.435710744109162940e-02
1.447196606149708971e-02
1.507655092186548085e-02
1.520514115852612813e-02
1.586979283569519769e-02
1.601315757686722768e-02
1.674280991408777855e-02
1.690179201519470195e-02
1.770049330066166340e-02
1.787560594721681814e-02
1.874611457103542503e-02
1.893747569430269395e-02
1.988143252322811805e-02
2.008890750968615746e-02
2.110836507473232843e-02
2.133209988929936698e-02
2.243317188019439135e-02
2.267460872329244911e-02
2.387333521539722683e-02
2.413656990754323162e-02
2.546619800055039545e-02
2.575939872178695592e-02
2.727864182686759800e-02
2.761555027814507207e-02
2.942026420357946037e-02
2.982260305802308595e-02
3.206910008939654194e-02
3.257201802033146687e-02
3.553276300165599672e-02
3.619859200923618292e-02
4.041230563903599332e-02
4.136983384938926200e-02
4.813579360907358634e-02
4.972591497689993895e-02
6.349041100664283566e-02
6.731506419641980488e-02
1.198821031721195446e-01
