6.781541407769295143e-05
6.787457081737370936e-05
6.798536903414712006e-05
6.815331106280319716e-05
6.835564286663484970e-05
6.860196950712179004e-05
6.885480280475517027e-05
6.912723556863639251e-05
6.937173075280963304e-05
6.960891062844195751e-05
6.979155163062778302e-05
6.995458460654042443e-05
7.005777845221825126e-05
7.014970534876987900e-05
7.019190274897342703e-05
7.023947461237999891e-05
7.024783217016226759e-05
7.027496655791795697e-05
7.026744993302572921e-05
7.028686005817917301e-05
7.027144118892853549e-05
7.028793412305440688e-05
7.026715535165734320e-05
7.028198679856656635e-05
7.025631136505956233e-05
7.026956695195361998e-05
7.023888396211478335e-05
7.025040226469244915e-05
7.021454581101648949e-05
7.022420907970390526e-05
7.018311210842017841e-05
7.019093040340708596e-05
7.014467039921846352e-05
7.015080831379680738e-05
7.009962277072083762e-05
7.010440834325506142e-05
7.004869804663823739e-05
7.005262167742962751e-05
6.999294463760686897e-05
6.999664884747963645e-05
6.993370501145693846e-05
6.993796508037957555e-05
6.987257207790057920e-05
6.987826813034358196e-05
6.981132903440712839e-05
6.981941093699724329e-05
6.975187584267121923e-05
6.976332308039600303e-05
6.969614705055743179e-05
6.971192640212768240e-05
6.964602685847169497e-05
6.966705107254317635e-05
6.960326791057797687e-05
6.963035859731560155e-05
6.956942010686381769e-05
6.960327766722123764e-05
6.954577474619372539e-05
6.958695740373926268e-05
6.953332764232695196e-05
6.958224063383604404e-05
6.953276276421523137e-05
6.958965765148844356e-05
6.954445578321228922e-05
6.960943884786877426e-05
6.956849500986738777e-05
6.964154293302237222e-05
6.960471583948478144e-05
6.968569643532680140e-05
6.965274413390334419e-05
6.974143981310368336e-05
6.971204393817639303e-05
6.980817577327903584e-05
6.978196543989865456e-05
6.988521610011673641e-05
6.986178993534734578e-05
6.997182425057097929e-05
6.995076956922017728e-05
7.006725198188875627e-05
7.004816059336399644e-05
7.017076919684902474e-05
7.015324972814447190e-05
7.028168693498418307e-05
7.026537384866261761e-05
7.039937397065477846e-05
7.038393364558387974e-05
7.052326780789173696e-05
7.050840214827705055e-05
7.065288101921618632e-05
7.063832908470975616e-05
7.078780390338271699e-05
7.077334203151778127e-05
7.092770437761558155e-05
7.091314521886646295e-05
7.107232591003298332e-05
7.105751673066432769e-05
7.122148416579812604e-05
7.120630470526595143e-05
7.137506290575172056e-05
7.135942301070553027e-05
7.153300955111348866e-05
7.151684675087618677e-05
7.169533071875377138e-05
7.167860785919827934e-05
7.186208794098452928e-05
7.184479095507979201e-05
7.203339371158056935e-05
7.201552957487178256e-05
7.220940794417544191e-05
7.219100284094303037e-05
7.239033488788081648e-05
7.237143259741137262e-05
7.257642051545166106e-05
7.255708101649055745e-05
7.276795037908418990e-05
7.274824866303665624e-05
7.296524791590297955e-05
7.294527299472333085e-05
7.316867317754232984e-05
7.314852726975463006e-05
7.337862195449836175e-05
7.335841983181986029e-05
7.359552526505251180e-05
7.357539374214313742e-05
7.381984917958718171e-05
7.379992673021288968e-05
7.405209495348343235e-05
7.403253143758233446e-05
7.429279944500371256e-05
7.427375593262732455e-05
7.454253579834204670e-05
7.452418447804096363e-05
7.480191437611250968e-05
7.478443853702945179e-05
7.507158392989994383e-05
7.505517800852734404e-05
7.535223300197317706e-05
7.533710268623134473e-05
7.564459155590463955e-05
7.563095394088488173e-05
7.594943283865176207e-05
7.593751663003485593e-05
7.626757548164862907e-05
7.625762124451558664e-05
7.659988585377469649e-05
7.659214630621407976e-05
7.694728068469726650e-05
7.694202103740171593e-05
7.731072998322568513e-05
7.730822832807709337e-05
7.769126028199101371e-05
7.769180803459187245e-05
7.808995824718680391e-05
7.809386065036552237e-05
7.850797470038707842e-05
7.851555139793703765e-05
7.894652910878179844e-05
7.895811480115023343e-05
7.940691461074463487e-05
7.942285980706338287e-05
7.989050365574717669e-05
7.991117553958047186e-05
8.039875435148677817e-05
8.042453778097728961e-05
8.093321762710444010e-05
8.096451629391432478e-05
8.149554533995809202e-05
8.153278311554707782e-05
8.208749947500466589e-05
8.213112197753044252e-05
8.271096261122051036e-05
8.276143903166765842e-05
8.336794985928535934e-05
8.342577509156087518e-05
8.406062251002435477e-05
8.412631963678274065e-05
8.479130367508988444e-05
8.486542686920027392e-05
8.556249625157853148e-05
8.564563416266074967e-05
8.637690360279301407e-05
8.646968330944356169e-05
8.723745342065888019e-05
8.734054504234665137e-05
8.814732532483453037e-05
8.826144740345754443e-05
8.910998286352788701e-05
8.923590864413254642e-05
9.012921071727756077e-05
9.026777548135451405e-05
9.120915807682285854e-05
9.136126771134909618e-05
9.235438937980051488e-05
9.252103040247399942e-05
9.356994386149316612e-05
9.375219516996450599e-05
9.486140572033616440e-05
9.506045239375592124e-05
9.623498714344471837e-05
9.645213670295690129e-05
9.769762701447728221e-05
9.793432865138516029e-05
9.925710888151032289e-05
9.951497629617775463e-05
1.009222027602944827e-04
1.012030414332672988e-04
1.027028366784824579e-04
1.030086766344285275e-04
1.046103056579027998e-04
1.049434411066034613e-04
1.066575282704925820e-04
1.070205659516890932e-04
1.088593642612609613e-04
1.092552829323169354e-04
1.112330114130853311e-04
1.116652357756301350e-04
1.137985064439954615e-04
1.142710000224723168e-04
1.165793642162025768e-04
1.170967474544134184e-04
1.196034033668630093e-04
1.201711057767837742e-04
1.229038269915611948e-04
1.235282860201381569e-04
1.265206580616223668e-04
1.272095831745378026e-04
1.305026772688467772e-04
1.312654068338503651e-04
1.349100870492677990e-04
1.357580801086259877e-04
1.398182493321603549e-04
1.407657781906560912e-04
1.453230523093446992e-04
1.463882023164552642e-04
1.515488224978407705e-04
1.527549766277702811e-04
1.586603511283524160e-04
1.600384677842059714e-04
1.668818401589865880e-04
1.684740849789284080e-04
1.765280452900896458e-04
1.783938534543134577e-04
1.880581679537251540e-04
1.902849434539674665e-04
2.021752288500906194e-04
2.048985848991706710e-04
2.200247078315252243e-04
2.234703337817240212e-04
2.436361929349163712e-04
2.482175101878535649e-04
2.770617502175689445e-04
2.836507798368363112e-04
3.300411876224032298e-04
3.409674944932180370e-04
4.353665514061547505e-04
4.616094587898352561e-04
8.221073218074286676e-04
