-4.488683454599223322e-04
9.587946085241946662e-05
-1.206078613694229381e-04
2.081407067639195205e-05
-8.028179598224762946e-05
4.814669955804540059e-06
-5.973393126342326783e-05
2.578342131420338822e-06
-4.382900709376949744e-05
5.657635618860396668e-06
-3.084243855982201022e-05
9.475786745532519941e-06
-2.165368395267195813e-05
1.159471970217353654e-05
-1.617389211109396065e-05
1.192801331290136417e-05
-1.314328185870556072e-05
1.134992322778955756e-05
-1.135447604745395409e-05
1.053024677441439567e-05
-1.013326734943355219e-05
9.754018772919059580e-06
-9.190565060898066294e-06
9.093709867123095242e-06
-8.413837975914997204e-06
8.546440330225160418e-06
-7.755904767030218503e-06
8.092283121545962369e-06
-7.192424192364722685e-06
7.711599862058669442e-06
-6.708140404849586556e-06
7.388318422815790316e-06
-6.292460913805382944e-06
7.109733553553986589e-06
-5.937699172780217174e-06
6.865826511685989651e-06
-5.638117108530393479e-06
6.648706664939132539e-06
-5.389287547102981466e-06
6.452217012145273048e-06
-5.187636813493714035e-06
6.271657215589154548e-06
-5.030111550767100241e-06
6.103579569810941082e-06
-4.913940196467923225e-06
5.945626019990073864e-06
-4.836471313865896160e-06
5.796384256440002018e-06
-4.795076557164137653e-06
5.655249443959538799e-06
-4.787108403274079076e-06
5.522284291257265428e-06
-4.809903022248226871e-06
5.398076018736877234e-06
-4.860817937502008754e-06
5.283592828478292758e-06
-4.937293335714169268e-06
5.180045306726597758e-06
-5.036925379786533465e-06
5.088759616906993911e-06
-5.157540797892565876e-06
5.011068876311123186e-06
-5.297263638501782004e-06
4.948227709825170120e-06
-5.454567686301066144e-06
4.901352392143840045e-06
-5.628311127278802791e-06
4.871386514305102599e-06
-5.817752890049458691e-06
4.859089645472789451e-06
-6.022552492135381892e-06
4.865044925401698835e-06
-6.242756941748094574e-06
4.889680602596922436e-06
-6.478778747832571346e-06
4.933300427169397078e-06
-6.731369422230649485e-06
4.996118428199849637e-06
-7.001592166374617870e-06
5.078294402468050886e-06
-7.290796833523971600e-06
5.179967467412321449e-06
-7.600599147717041443e-06
5.301285937842154551e-06
-7.932865729545947867e-06
5.442432810576287322e-06
-8.289705476287361407e-06
5.603646471519088608e-06
-8.673467609064487767e-06
5.785236928086071486e-06
-9.086746161973719238e-06
5.987597935075512870e-06
-9.532390812172562332e-06
6.211215685212796665e-06
-1.001352357907532581e-05
6.456674632833177857e-06
-1.053356126447920415e-05
6.724660961773171162e-06
-1.109624323960625409e-05
7.015964262705372187e-06
-1.170566464429833228e-05
7.331477808398395162e-06
-1.236631490329223234e-05
7.672197644315759829e-06
-1.308312177207346479e-05
8.039220872235378120e-06
-1.386150116785453244e-05
8.433743080855315053e-06
-1.470741323196362304e-05
8.857055182416170714e-06
-1.562742507801880942e-05
9.310539445043522976e-06
-1.662878098184083719e-05
9.795664895491043109e-06
-1.771948077184146047e-05
1.031398189045974832e-05
-1.890836738491547103e-05
1.086711569810245677e-05
-2.020522455737832826e-05
1.145675917095695586e-05
-2.162088612932637952e-05
1.208466392537878721e-05
-2.316735801046934713e-05
1.275263033080489666e-05
-2.485795488387615540e-05
1.346249563524129831e-05
-2.670745307260865978e-05
1.421612036072632682e-05
-2.873226195803725466e-05
1.501537231390354285e-05
-3.095061610539078548e-05
1.586210826297954261e-05
-3.338279116344020151e-05
1.675815284157257674e-05
-3.605134633266038314e-05
1.770527414802519452e-05
-3.898139731107145157e-05
1.870515590397514572e-05
-4.220092362589172061e-05
1.975936551098523623e-05
-4.574111557917276649e-05
2.086931764414287781e-05
-4.963676592720404966e-05
2.203623282982468187e-05
-5.392671340406040003e-05
2.326108997983618681e-05
-5.865434519267832662e-05
2.454457265339570184e-05
-6.386816787142167114e-05
2.588700761872026851e-05
-6.962245698328924136e-05
2.728829482652123250e-05
-7.597799835805226973e-05
2.874782756815971941e-05
-8.300293540486023433e-05
3.026440072979246187e-05
-9.077374075638320076e-05
3.183610559614619828e-05
-9.937633353229857335e-05
3.346020886755324584e-05
-1.089073673727700283e-04
3.513301179152914216e-05
-1.194757202782831609e-04
3.684968702461638174e-05
-1.312042242159755382e-04
3.860408767017103437e-05
-1.442316790081961679e-04
4.038852254035526476e-05
-1.587152064375244379e-04
4.219349087755458125e-05
-1.748330123952749628e-04
4.400736659163286435e-05
-1.927876403836208152e-04
4.581602090830684765e-05
-2.128098199596398200e-04
4.760236899230580208e-05
-2.351630378144366792e-04
4.934582111968694319e-05
-2.601489907160531171e-04
5.102161594071288767e-05
-2.881141214657735421e-04
5.260000620610284273e-05
-3.194574893383122084e-04
5.404525845050137209e-05
-3.546402932622139169e-04
5.531441770593451739e-05
-3.941974562716098435e-04
5.635577560815954425e-05
-4.387517900807248305e-04
5.710695792472233106e-05
-4.890314157653289718e-04
5.749252770926210264e-05
-5.458913122755653866e-04
5.742095877046720281e-05
-6.103401396133874886e-04
5.678079463459055225e-05
-6.835738498259177898e-04
5.543573872343639914e-05
-7.670180983705747685e-04
5.321833330410532826e-05
-8.623821629839035791e-04
4.992175411903477454e-05
-9.717280423783997709e-04
4.528907221117404482e-05
-1.097559772231172358e-03
3.899906101947503304e-05
-1.242939936948741879e-03
3.064724574731094185e-05
-1.411643176942012660e-03
1.972031685854627850e-05
-1.608360615115724500e-03
5.561153563374378834e-06
-1.838975264106418881e-03
-1.267962603523273269e-05
-2.110937767970562807e-03
-3.611176470461905855e-05
-2.433786106377689492e-03
-6.620261719574919404e-05
-2.819875293601596493e-03
-1.049184702747590632e-04
-3.285418940341458365e-03
-1.549338787441882301e-04
-3.852003223780503353e-03
-2.199483855411614171e-04
-4.548832319225792550e-03
-3.051771366741951367e-04
-5.416134322977277267e-03
-4.181311591599916355e-04
-6.510459305828665034e-03
-5.698957437008086773e-04
-7.913158805328520881e-03
-7.772968714308533872e-04
-9.744405122902703026e-03
-1.066717751232994877e-03
-1.218725231468381284e-02
-1.481131837066938664e-03
-1.553076728550653075e-02
-2.093767079263340099e-03
-2.025141446976262000e-02
-3.036383141596119949e-03
-2.717635414328607724e-02
-4.562454258240487663e-03
-3.783664374986095424e-02
-7.202484570825463603e-03
-5.530647624429622933e-02
-1.219553640378371814e-02
-8.645505753408619376e-02
-2.290149582227234484e-02
-1.490686170790496146e-01
-5.063333036182533775e-02
-3.004166750277993403e-01
-1.493296565581531399e-01
-8.055294749711782165e-01
-8.264916192938187578e-01
-4.334814204505768487e+00
-3.498587357110304197e+01
