4.537105176269249682e+02
4.535915602959927355e+02
4.533537080404591393e+02
4.529965837453763697e+02
4.525204530851121945e+02
4.519247417536438434e+02
4.512101694824399942e+02
4.503763362009709681e+02
4.494248166293183999e+02
4.483558351372217317e+02
4.471721509553196938e+02
4.458748054316541811e+02
4.444676746456372030e+02
4.429523711594157476e+02
4.413335110587036638e+02
4.396129348403962354e+02
4.377957213404362733e+02
4.358838167089144804e+02
4.338826963495680502e+02
4.317944556362271555e+02
4.296249779498916155e+02
4.273765781924388989e+02
4.250555427215780924e+02
4.226644492832301694e+02
4.202099489980501517e+02
4.176948987119034769e+02
4.151262521112687409e+02
4.125071436766738771e+02
4.098447519597712585e+02
4.071424748865885590e+02
4.044076264471025297e+02
4.016438421735820157e+02
3.988584717295696578e+02
3.960553504039233417e+02
3.932417544249702814e+02
3.904216686760769335e+02
3.876021790326144583e+02
3.847873579290157977e+02
3.819839786156182413e+02
3.791961286344296695e+02
3.764301444981850295e+02
3.736900486874292255e+02
3.709816195802674770e+02
3.683087305570961689e+02
3.656764885966765632e+02
3.630885349174846510e+02
3.605492058823944603e+02
3.580618339174945390e+02
3.556299054842369856e+02
3.532563795257116226e+02
3.509438384442390770e+02
3.486948198525147404e+02
3.465109768929285110e+02
3.443943984824399536e+02
3.423458141338869609e+02
3.403668590281569664e+02
3.384573750647433030e+02
3.366185607348947997e+02
3.348494339148246013e+02
3.331507932528228935e+02
3.315209188880196507e+02
3.299602622890354837e+02
3.284664684953303890e+02
3.270397051892081777e+02
3.256770942645412674e+02
3.243785882601096660e+02
3.231409002748619059e+02
3.219638364023538202e+02
3.208438115760859546e+02
3.197805498261976140e+02
3.187702699873633492e+02
3.178126708650172532e+02
3.169038653563050048e+02
3.160435743588173523e+02
3.152278812371013714e+02
3.144565659628080425e+02
3.137257444760666658e+02
3.130352826165222382e+02
3.123813772003134659e+02
3.117639973847659007e+02
3.111794565591435457e+02
3.106278365780081572e+02
3.101055921221067706e+02
3.096129205248544167e+02
3.091464332970155624e+02
3.087064409251838697e+02
3.082897198986627245e+02
3.078966878103828435e+02
3.075242885453132544e+02
3.071730382443488452e+02
3.068400463318813536e+02
3.065259174285806125e+02
3.062279215972362749e+02
3.059467411515715867e+02
3.056797998455377297e+02
3.054278467773235661e+02
3.051884511842009715e+02
3.049624183460514928e+02
3.047474541140508677e+02
3.045444099408483680e+02
3.043511192028225310e+02
3.041684702876790993e+02
3.039944151040459701e+02
3.038298706012051866e+02
3.036728985375226557e+02
3.035244369457948892e+02
3.033826491997208450e+02
3.032484878207584416e+02
3.031202100916759719e+02
3.029987772698921162e+02
3.028825334071690918e+02
3.027724435275279689e+02
3.026669318862048499e+02
3.025669630194435058e+02
3.024710353831099496e+02
3.023801094142219767e+02
3.022927523040916071e+02
3.022099173502873555e+02
3.021302355190961748e+02
3.020546504309244256e+02
3.019818523341676269e+02
3.019127730727421408e+02
3.018461581132507376e+02
3.017829258035091016e+02
3.017218731550081543e+02
3.016639036267071106e+02
3.016078624552860674e+02
3.015546370978755135e+02
3.015031180154503545e+02
3.014541757886099163e+02
3.014067433882363503e+02
3.013616738456452140e+02
3.013179401841551908e+02
3.012763773834140011e+02
3.012359962917368534e+02
3.011976134777859784e+02
3.011602755932155446e+02
3.011247805559517587e+02
3.010902089833427340e+02
3.010573400022517490e+02
3.010252865226323138e+02
3.009948088221770490e+02
3.009650505775674674e+02
3.009367532267830825e+02
3.009090898191442420e+02
3.008827830175011400e+02
3.008570339678091727e+02
3.008325466669647312e+02
3.008085491874907689e+02
3.007857270051966339e+02
3.007633340442631606e+02
3.007420374324728414e+02
3.007211159563610750e+02
3.007012185906374953e+02
3.006816480720205504e+02
3.006630354337143558e+02
3.006447065200687803e+02
3.006272746465492105e+02
3.006100879855311518e+02
3.005937423670372937e+02
3.005776075688821152e+02
3.005622621734194126e+02
3.005470968930594609e+02
3.005326733032277957e+02
3.005184024271321732e+02
3.005048290749105604e+02
3.004913839996206661e+02
3.004785954869738589e+02
3.004659134780303589e+02
3.004538499728024021e+02
3.004418735942418834e+02
3.004304802921775490e+02
3.004191568980560305e+02
3.004083835429902933e+02
3.003976648235087055e+02
3.003874652787962418e+02
3.003773068545608567e+02
3.003676387197142503e+02
3.003579997785003002e+02
3.003488240457872962e+02
3.003396670169030358e+02
3.003309477633303572e+02
3.003222380253082520e+02
3.003139421360073129e+02
3.003056477539001889e+02
3.002977446734535079e+02
3.002898361625011603e+02
3.002822976711998422e+02
3.002747477840590022e+02
3.002675477964934316e+02
3.002603313316020603e+02
3.002534457153465723e+02
3.002465393443507082e+02
3.002399457568459411e+02
3.002333278693262173e+02
3.002270056113737837e+02
3.002206561754273366e+02
3.002145860600282390e+02
3.002084864975630580e+02
3.002026507331414678e+02
3.001967838090642999e+02
3.001911658964727394e+02
3.001855156213167106e+02
3.001801002644085088e+02
3.001746518103666972e+02
3.001694248404114660e+02
3.001641644712918264e+02
3.001591127861222503e+02
3.001540278024327222e+02
3.001491393220270538e+02
3.001442180233578370e+02
3.001394816646521235e+02
3.001347133328281416e+02
3.001301190080354218e+02
3.001254939163014797e+02
3.001210325609711163e+02
3.001165420168940727e+02
3.001122056564530567e+02
3.001078420893176144e+02
3.001036239557273007e+02
3.000993810627590506e+02
3.000952757755517268e+02
3.000911487443155465e+02
3.000871525708199101e+02
3.000831383949717974e+02
3.000792495990468751e+02
3.000753474954295825e+02
3.000715667654123422e+02
3.000677786722790188e+02
3.000641095779897682e+02
3.000604406553998160e+02
3.000568900175632621e+02
3.000533489830022518e+02
3.000499269682545673e+02
3.000465260275213382e+02
3.000432457760487637e+02
3.000399999568767271e+02
3.000368766964131737e+02
3.000338026543050773e+02
3.000308525517198177e+02
3.000279673010516035e+02
3.000252065642724233e+02
3.000225267821631974e+02
3.000199715217937069e+02
3.000175138877966674e+02
3.000151810054184693e+02
3.000129637089626726e+02
3.000108729086599055e+02
3.000089184159937190e+02
3.000070956996716518e+02
3.000054355073899615e+02
3.000039197971530029e+02
3.000026042443793131e+02
3.000014642782983856e+02
3.000005915367951275e+02
3.000000156899117201e+02
