5.459714512291012234e+00
5.457586218594972394e+00
5.453333283418623445e+00
5.446964996953608029e+00
5.438491929345130593e+00
5.427931798574261890e+00
5.415300891896940527e+00
5.400623625482076307e+00
5.383920138622538154e+00
5.365219476598131365e+00
5.344544066723200260e+00
5.321926582546018913e+00
5.297391802248558434e+00
5.270976790633426390e+00
5.242709947597542275e+00
5.212633815427541784e+00
5.180781201865011454e+00
5.147200242077123455e+00
5.111928019779076848e+00
5.075017659444041485e+00
5.036510037519978944e+00
4.996462527884584226e+00
4.954919357005224789e+00
4.911941495363493893e+00
4.867576187058488379e+00
4.821887434313810950e+00
4.774925238337478284e+00
4.726756117524209877e+00
4.677432605061461857e+00
4.627023247028409614e+00
4.575582900029277589e+00
4.523181668417108447e+00
4.469876529337784454e+00
4.415738691095461022e+00
4.360827043444943207e+00
4.305213453903571796e+00
4.248958498296047104e+00
4.192134259505447602e+00
4.134802737774728953e+00
4.077035776777734988e+00
4.018896486220697284e+00
3.960455992100269551e+00
3.901778127665615159e+00
3.842932786362126762e+00
3.783984053864402508e+00
3.725000030704714860e+00
3.666044491100778568e+00
3.607183134125875323e+00
3.548478768017887308e+00
3.489994039898699718e+00
3.431790060824932542e+00
3.373925750173818905e+00
3.316459740333988382e+00
3.259446548713437863e+00
3.202941534651214450e+00
3.146994175875516664e+00
3.091655796252571253e+00
3.036970271686093348e+00
2.982984207218063677e+00
2.929735428350197957e+00
2.877265260431205895e+00
2.825605175158014237e+00
2.774790813943083023e+00
2.724847157237779260e+00
2.675803935708981562e+00
2.627679674421666611e+00
2.580498149535240593e+00
2.534271633362707554e+00
2.489018077779276972e+00
2.444743853043277682e+00
2.401461369734281703e+00
2.359171567112643420e+00
2.317881720619740626e+00
2.277587897165421094e+00
2.238292732598701651e+00
2.199988033760739814e+00
2.162672347741451340e+00
2.126333855326438815e+00
2.090967589585692732e+00
2.056558733429356689e+00
2.023099377894113093e+00
1.990572308400501367e+00
1.958967222239800465e+00
1.928265063942840918e+00
1.898453646561750752e+00
1.869512576219383826e+00
1.841428242788598180e+00
1.814179356936425513e+00
1.787751292926581526e+00
1.762122247954819532e+00
1.737276933388302913e+00
1.713193355517804939e+00
1.689855862030503530e+00
1.667242535083086175e+00
1.645337607639888677e+00
1.624119453615765707e+00
1.603572394345667451e+00
1.583675266104315416e+00
1.564412640818316103e+00
1.545763948224892603e+00
1.527714137358576973e+00
1.510243328687109310e+00
1.493336944215134299e+00
1.476975863895171992e+00
1.461146052653039096e+00
1.445829195016293145e+00
1.431011847195639231e+00
1.416676524037270735e+00
1.402810403664726868e+00
1.389396841410194483e+00
1.376423653569549321e+00
1.363875033792302016e+00
1.351739441335992664e+00
1.340001896408665960e+00
1.328651497009880167e+00
1.317674070855368695e+00
1.307059343523160999e+00
1.296793925795035385e+00
1.286868154433810973e+00
1.277269395010383057e+00
1.267988575256022932e+00
1.259013784677251335e+00
1.250336519078892872e+00
1.241945559480019501e+00
1.233832945105907131e+00
1.225988115291160252e+00
1.218403627002384138e+00
1.211069544538819542e+00
1.203978916478624539e+00
1.197122399056225639e+00
1.190493506326812501e+00
1.184083454109143396e+00
1.177886196135893293e+00
1.171893476399307188e+00
1.166099663098492334e+00
1.160496998112898970e+00
1.155080239669422637e+00
1.149842098496444143e+00
1.144777699310760566e+00
1.139880193974690092e+00
1.135145051142157691e+00
1.130565837455533851e+00
1.126138343987972634e+00
1.121856527178260565e+00
1.117716480058832174e+00
1.113712525238872209e+00
1.109841038310767747e+00
1.106096685757081310e+00
1.102476107378780101e+00
1.098974292523626772e+00
1.095588127873858175e+00
1.092312905875077345e+00
1.089145743755612905e+00
1.086082218479153649e+00
1.083119662439759212e+00
1.080253919670900897e+00
1.077482523266023229e+00
1.074801567954086767e+00
1.072208773932851633e+00
1.069700471268980380e+00
1.067274554497296135e+00
1.064927574624240814e+00
1.062657588538874265e+00
1.060461354694279157e+00
1.058337081092735277e+00
1.056281720992448436e+00
1.054293622968293542e+00
1.052369923242864713e+00
1.050509101083478614e+00
1.048708464588729017e+00
1.046966614460477452e+00
1.045281020291373819e+00
1.043650395545787868e+00
1.042072361591542151e+00
1.040545736534780108e+00
1.039068284421788224e+00
1.037638920398368914e+00
1.036255542676202568e+00
1.034917156326436327e+00
1.033621785760508560e+00
1.032368519319279310e+00
1.031155500161708094e+00
1.029981893674088100e+00
1.028845954792033890e+00
1.027746920128618902e+00
1.026683149876514545e+00
1.025653946438374930e+00
1.024657769167263366e+00
1.023693981176999612e+00
1.022761135280581435e+00
1.021858650562118775e+00
1.020985167965063223e+00
1.020140158120579565e+00
1.019322345120165840e+00
1.018531247017914865e+00
1.017765666395360480e+00
1.017025164887171540e+00
1.016308619209690400e+00
1.015615631001581143e+00
1.014945147040841489e+00
1.014296805644521182e+00
1.013669619841254033e+00
1.013063261538294180e+00
1.012476806446669375e+00
1.011909957200843868e+00
1.011361848849776202e+00
1.010832212106365757e+00
1.010320238218051836e+00
1.009825683531957452e+00
1.009347792540683963e+00
1.008886344977668381e+00
1.008440635794348950e+00
1.008010466051724840e+00
1.007595178521173640e+00
1.007194593715627473e+00
1.006808099714830762e+00
1.006435534785508512e+00
1.006076329911424150e+00
1.005730339586125455e+00
1.005397035381367488e+00
1.005076286652705653e+00
1.004767603317569424e+00
1.004470868375536119e+00
1.004185627916986512e+00
1.003911777487326962e+00
1.003648897264511008e+00
1.003396894315262022e+00
1.003155380964368293e+00
1.002924274776805680e+00
1.002703218545959896e+00
1.002492139213829514e+00
1.002290708814871811e+00
1.002098862335700780e+00
1.001916300499613888e+00
1.001742964704817496e+00
1.001578584636088731e+00
1.001423106155680642e+00
1.001276288919918933e+00
1.001138081088468024e+00
1.001008273639503621e+00
1.000886814826764670e+00
1.000773528092095965e+00
1.000668359729030010e+00
1.000571166179414995e+00
1.000481889957910653e+00
1.000400420357778541e+00
1.000326694451433740e+00
1.000260633676708144e+00
1.000202167874403969e+00
1.000151249390485608e+00
1.000107798328178976e+00
1.000071795495372617e+00
1.000043146565590568e+00
1.000021852824159341e+00
1.000007793066577388e+00
1.000000921376963170e+00
