2.919446513874795812e+00
2.919897559194707171e+00
2.920799356911857103e+00
2.922150602808177400e+00
2.923950534216714914e+00
2.926196805512851995e+00
2.928888554997914451e+00
2.932022938685566960e+00
2.935599589952209598e+00
2.939615828418547405e+00
2.944072280279163678e+00
2.948966721997702933e+00
2.954300697814220111e+00
2.960072096381332951e+00
2.966282852111418400e+00
2.972930472686831305e+00
2.980016895319203218e+00
2.987539073278528523e+00
2.995498868020406658e+00
3.003892750111686105e+00
3.012722542691461669e+00
3.021984347477450150e+00
3.031679962817062091e+00
3.041805196680391621e+00
3.052361784635051478e+00
3.063345275335574769e+00
3.074757263480647929e+00
3.086593044814175624e+00
3.098853965861624538e+00
3.111535054379409804e+00
3.124637276424325982e+00
3.138155356057792389e+00
3.152089722578836462e+00
3.166434738939192695e+00
3.181190118356004515e+00
3.196349782989252208e+00
3.211912530236269436e+00
3.227871740757654706e+00
3.244225081146457690e+00
3.260965272629050560e+00
3.278088628954578088e+00
3.295587083544278428e+00
3.313455379544415269e+00
3.331684533618298527e+00
3.350267518975886816e+00
3.369194318490139395e+00
3.388455970592322508e+00
3.408041333422871411e+00
3.427939396807020422e+00
3.448137843613440889e+00
3.468623567306925004e+00
3.489383077897252772e+00
3.510401202270801324e+00
3.531663341747663498e+00
3.553152369875656635e+00
3.574852708612613394e+00
3.596745473904128243e+00
3.618814299891042641e+00
3.641038814922710198e+00
3.663402109847371690e+00
3.685882654931572855e+00
3.708463280767160697e+00
3.731121668999608065e+00
3.753840693704350251e+00
3.776597635361059080e+00
3.799375717130004215e+00
3.822152202003968213e+00
3.844910952069852783e+00
3.867629573430348966e+00
3.890292826584272223e+00
3.912878983043413417e+00
3.935373920377785772e+00
3.957756849201428562e+00
3.980014936000606518e+00
4.002128550221352832e+00
4.024086270501774365e+00
4.045869789925489179e+00
4.067469175578726670e+00
4.088867556583107188e+00
4.110056522023542769e+00
4.131020702003679546e+00
4.151753204166717559e+00
4.172240183460753649e+00
4.192476232123429014e+00
4.212449019683172757e+00
4.232154565001120083e+00
4.251582014692536937e+00
4.270728738367639998e+00
4.289585301415542951e+00
4.308150335832142908e+00
4.326415752323018005e+00
4.344381349015157490e+00
4.362040298163128327e+00
4.379393463640778528e+00
4.396435189161100432e+00
4.413167302806609626e+00
4.429585226531025377e+00
4.445691652212262035e+00
4.461482986195159484e+00
4.476962686551917869e+00
4.492128051434733926e+00
4.506983211522886279e+00
4.521526266861477517e+00
4.535761931977815742e+00
4.549689022568757402e+00
4.563312753591071136e+00
4.576632574512927931e+00
4.589654122924360813e+00
4.602377404985726450e+00
4.614808408855869182e+00
4.626947625360363858e+00
4.638801326876763831e+00
4.650370422027802597e+00
4.661661406665283280e+00
4.672675545498646166e+00
4.683419502541950052e+00
4.693894841957100716e+00
4.704108345823541981e+00
4.714061826057706739e+00
4.723762137676122741e+00
4.733211293406243136e+00
4.742416180777316193e+00
4.751378970927511602e+00
4.760106547903675711e+00
4.768601203166693558e+00
4.776869785436426596e+00
4.784914672477537323e+00
4.792742649710363345e+00
4.800356151003615679e+00
4.807761874102671307e+00
4.814962282347612366e+00
4.821963964761368793e+00
4.828769390838749231e+00
4.835385022899230556e+00
4.841813316344484974e+00
4.848060591623424287e+00
4.854129272624125413e+00
4.860025525329093377e+00
4.865751727285781314e+00
4.871313879753813580e+00
4.876714301481206881e+00
4.881958820866810100e+00
4.887049687553079558e+00
4.891992550849642463e+00
4.896789582934768958e+00
4.901446249512553699e+00
4.905964638691660440e+00
4.910350029581047160e+00
4.914604421184511907e+00
4.918732904379489845e+00
4.922737385428104240e+00
4.926622766531477460e+00
4.930390858811382948e+00
4.934046376389463973e+00
4.937591033937671625e+00
4.941029358998020982e+00
4.944362969434543231e+00
4.947596208485061098e+00
4.950730597671995525e+00
4.953770298863233279e+00
4.956716738413942558e+00
4.959573900308687833e+00
4.962343117511532675e+00
4.965028200066099018e+00
4.967630389826741322e+00
4.970153327207052385e+00
4.972598165651015201e+00
4.974968380543233870e+00
4.977265039956050074e+00
4.979491459066195169e+00
4.981648623882084514e+00
4.983739694351579708e+00
4.985765577933171322e+00
4.987729284427728338e+00
4.989631646408607679e+00
4.991475528666262207e+00
4.993261692655527995e+00
4.994992863305810715e+00
4.996669734778991234e+00
4.998294897269453863e+00
4.999868981493389875e+00
5.001394447981947877e+00
5.002871867842438647e+00
5.004303576934324482e+00
5.005690090554754335e+00
5.007033624781256798e+00
5.008334642838053519e+00
5.009595245791120810e+00
5.010815848447684573e+00
5.011998441499369683e+00
5.013143394894578719e+00
5.014252593444034289e+00
5.015326365684062537e+00
5.016366494886785432e+00
5.017373271500564336e+00
5.018348381445419726e+00
5.019292080274094126e+00
5.020205960583195903e+00
5.021090246082972719e+00
5.021946439917961413e+00
5.022774736863662604e+00
5.023576554329357791e+00
5.024352060912963047e+00
5.025102591856044576e+00
5.025828292180840151e+00
5.026530418387008758e+00
5.027209094363436215e+00
5.027865501162061435e+00
5.028499743816635004e+00
5.029112931106785922e+00
5.029705151320473355e+00
5.030277444037333012e+00
5.030829882734865421e+00
5.031363440780690865e+00
5.031878178597918527e+00
5.032375006267407969e+00
5.032853972730239711e+00
5.033315927666532907e+00
5.033760909922439630e+00
5.034189711646816612e+00
5.034602362797819808e+00
5.034999600861908675e+00
5.035381447954630829e+00
5.035748589764950545e+00
5.036101041492391239e+00
5.036439439844674126e+00
5.036763793993996430e+00
5.037074694313607104e+00
5.037372144932122708e+00
5.037656692127373326e+00
5.037928336250607764e+00
5.038187580940469701e+00
5.038434424534034228e+00
5.038669328258398750e+00
5.038892290865921275e+00
5.039103729871944992e+00
5.039303647562793032e+00
5.039492415077878817e+00
5.039670041855578653e+00
5.039836849401663876e+00
5.039992858064882064e+00
5.040138336934490759e+00
5.040273320802848289e+00
5.040398024808725452e+00
5.040512501324319494e+00
5.040616911407396650e+00
5.040711327903458105e+00
5.040795858813734043e+00
5.040870600654578482e+00
5.040935610492682351e+00
5.040991013168572898e+00
5.041036819361173649e+00
5.041073191213868654e+00
5.041100108446184613e+00
5.041117794690865850e+00
5.041126330851063209e+00
