5.288451086605119755e+00
5.288394145797908230e+00
5.288280249261853250e+00
5.288109126551196582e+00
5.287880769790292312e+00
5.287594722406822711e+00
5.287251102804477298e+00
5.286849444955856292e+00
5.286390188094350684e+00
5.285873076278942762e+00
5.285299037481861362e+00
5.284668129561093330e+00
5.283981753634789946e+00
5.283240178565374201e+00
5.282445115782762990e+00
5.281596894292203359e+00
5.280697419551040994e+00
5.279747035662362364e+00
5.278747828346235238e+00
5.277700193929957706e+00
5.276606424573119902e+00
5.275467021918412769e+00
5.274284505019221747e+00
5.273059523362902290e+00
5.271794828474716255e+00
5.270491248785105221e+00
5.269151762412985107e+00
5.267777400112571229e+00
5.266371352315624144e+00
5.264934869268267370e+00
5.263471331674900888e+00
5.261982219614774081e+00
5.260471073582098533e+00
5.258939605470724921e+00
5.257391475652173796e+00
5.255828619801114598e+00
5.254254768102502027e+00
5.252672060639242524e+00
5.251084237081915518e+00
5.249493610546299038e+00
5.247903860354295347e+00
5.246317429547192823e+00
5.244737859580094863e+00
5.243167669990454804e+00
5.241610182142692587e+00
5.240067930949806829e+00
5.238543934822756043e+00
5.237040678995652065e+00
5.235560800319036368e+00
5.234106669945357559e+00
5.232680474077310073e+00
5.231284410956982711e+00
5.229920161592604977e+00
5.228589702701166964e+00
5.227294174201508881e+00
5.226035296604454317e+00
5.224813654102324456e+00
5.223630692528112185e+00
5.222486447679959731e+00
5.221382088989183323e+00
5.220317131885289008e+00
5.219292483224076129e+00
5.218307183745116262e+00
5.217361904456805810e+00
5.216455270422373225e+00
5.215587752827094192e+00
5.214757628442496795e+00
5.213965209967011738e+00
5.213208496671174252e+00
5.212487685595872833e+00
5.211800568280119172e+00
5.211147267191267751e+00
5.210525431356283654e+00
5.209935145592144323e+00
5.209373974616165803e+00
5.208841996835134047e+00
5.208336742425915489e+00
5.207858308247803159e+00
5.207404230773256870e+00
5.206974643780391432e+00
5.206567122153963112e+00
5.206181849129017714e+00
5.205816462107100584e+00
5.205471201159126871e+00
5.205143783292939474e+00
5.204834508545761906e+00
5.204541184727363046e+00
5.204264171654429560e+00
5.204001374363082633e+00
5.203753209815376479e+00
5.203517682970894676e+00
5.203295263617200739e+00
5.203084056526941836e+00
5.202884578939923621e+00
5.202695033300889449e+00
5.202515978376558436e+00
5.202345710745708729e+00
5.202184824604707103e+00
5.202031706231773356e+00
5.201886979258591559e+00
5.201749114715776834e+00
5.201618759966769368e+00
5.201494465621161467e+00
5.201376897480109562e+00
5.201264680538803198e+00
5.201158494217522410e+00
5.201057032827059778e+00
5.200960985090697264e+00
5.200869109782960464e+00
5.200782101115970057e+00
5.200698777752357671e+00
5.200619836061809664e+00
5.200544150326907200e+00
5.200472416195760950e+00
5.200403559622156280e+00
5.200338273068287442e+00
5.200275530528394086e+00
5.200216019188946603e+00
5.200158757761536243e+00
5.200104426400984359e+00
5.200052085504824895e+00
5.200002406734854254e+00
5.199954489415635983e+00
5.199908995512126708e+00
5.199865060768797953e+00
5.199823336473485824e+00
5.199782992514186297e+00
5.199744668714052942e+00
5.199707567038343470e+00
5.199672315223142327e+00
5.199638145435164560e+00
5.199605672841833837e+00
5.199574158107553856e+00
5.199544203468891013e+00
5.199515096539172987e+00
5.199487426362657594e+00
5.199460506092250078e+00
5.199434911403026049e+00
5.199409979703396800e+00
5.199386273193004726e+00
5.199363152364194107e+00
5.199341165893572203e+00
5.199319696286863746e+00
5.199299278698430449e+00
5.199279316667562156e+00
5.199260331866814688e+00
5.199241747970773986e+00
5.199224073242838529e+00
5.199206750667980437e+00
5.199190275198994016e+00
5.199174108372377034e+00
5.199158731949445666e+00
5.199143625318921380e+00
5.199129257185838959e+00
5.199115124145611944e+00
5.199101681994489077e+00
5.199088443937663229e+00
5.199075853019213156e+00
5.199063438501240419e+00
5.199051630838749105e+00
5.199039974837830869e+00
5.199028888531782577e+00
5.199017931794079672e+00
5.199007510406129740e+00
5.198997198865244584e+00
5.198987390871704584e+00
5.198977675133266807e+00
5.198968433439564052e+00
5.198959268322948191e+00
5.198950549831608647e+00
5.198941893961848137e+00
5.198933659187547462e+00
5.198925474631412413e+00
5.198917687357457851e+00
5.198909939298434146e+00
5.198902566269767433e+00
5.198895222717356823e+00
5.198888233365809519e+00
5.198881264895159227e+00
5.198874631093232779e+00
5.198868010611611190e+00
5.198861706451527454e+00
5.198855408988612758e+00
5.198849410583813224e+00
5.198843413103142908e+00
5.198837698409767505e+00
5.198831979639056300e+00
5.198826528295263039e+00
5.198821068573577620e+00
5.198815861754852996e+00
5.198810642894929224e+00
5.198805663183790671e+00
5.198800668348006582e+00
5.198795899616752259e+00
5.198791113205502690e+00
5.198786540510873522e+00
5.198781948062321412e+00
5.198777557551177431e+00
5.198773145651565564e+00
5.198768924476892650e+00
5.198764680680835859e+00
5.198760616927658340e+00
5.198756529688101757e+00
5.198752612309156973e+00
5.198748670916976344e+00
5.198744889678355463e+00
5.198741084211991215e+00
5.198737429649396447e+00
5.198733750935392806e+00
5.198730214322258902e+00
5.198726653908288142e+00
5.198723227237779909e+00
5.198719777380671481e+00
5.198716453364673029e+00
5.198713107037250758e+00
5.198709879126856670e+00
5.198706630049164445e+00
5.198703492482997568e+00
5.198700335185710841e+00
5.198697283074503517e+00
5.198694213004896980e+00
5.198691242462655460e+00
5.198688256145706177e+00
5.198685364478190074e+00
5.198682459745239015e+00
5.198679645702497965e+00
5.198676821993278629e+00
5.198674086079546619e+00
5.198671344802945349e+00
5.198668689607588433e+00
5.198666034504019429e+00
5.198663464969128789e+00
5.198660902353678281e+00
5.198658425843081687e+00
5.198655964555756626e+00
5.198653590585759154e+00
5.198651241509417709e+00
5.198648981107729661e+00
5.198646756303935135e+00
5.198644621178556413e+00
5.198642532969197205e+00
5.198640534858360418e+00
5.198638595321689593e+00
5.198636745893555400e+00
5.198634967109880378e+00
5.198633278605316654e+00
5.198631673747904358e+00
5.198630160436301217e+00
5.198628745773998361e+00
5.198627426483142244e+00
5.198626224820994679e+00
5.198625127730447382e+00
5.198624175511950440e+00
5.198623350382581165e+00
5.198622718673380660e+00
5.198622301861929529e+00
