-1.746825330502604634e-01
-1.752448091280278120e-01
-1.763693110985843915e-01
-1.780559384894188357e-01
-1.803045409036204416e-01
-1.831149177120224292e-01
-1.864868187802821431e-01
-1.904199439552249906e-01
-1.949139441574796461e-01
-1.999684206611689885e-01
-2.055829265545430495e-01
-2.117569658118015341e-01
-2.184899951250326711e-01
-2.257814227665549678e-01
-2.336306107963483092e-01
-2.420368737129345860e-01
-2.509994810413762600e-01
-2.605176557703264839e-01
-2.705905773265869785e-01
-2.812173797955319077e-01
-2.923971552892487002e-01
-3.041289519470362079e-01
-3.164117777051905223e-01
-3.292445980738187838e-01
-3.426263403174296118e-01
-3.565558910037511242e-01
-3.710321006054432269e-01
-3.860537808160735551e-01
-4.016197095845240872e-01
-4.177286281925558509e-01
-4.343792467348855935e-01
-4.515702409520702121e-01
-4.693002581706465781e-01
-4.875679138842302085e-01
-5.063717981696864712e-01
-5.257104720084482263e-01
-5.455824741963436475e-01
-5.659863173960379967e-01
-5.869204955599729434e-01
-6.083834797036457021e-01
-6.303737258630094376e-01
-6.528896705768401088e-01
-6.759297394020412630e-01
-6.994923420916357992e-01
-7.235758816935816684e-01
-7.481787494088819601e-01
-7.732993343017267041e-01
-7.989360178197952855e-01
-8.250871841458491396e-01
-8.517512143591002838e-01
-8.789264974607171599e-01
-9.066114241513538730e-01
-9.348043985649718834e-01
-9.635038316328347063e-01
-9.927081535617530150e-01
-1.022415806748522060e+00
-1.052625259039735361e+00
-1.083334996152537810e+00
-1.114543535752761771e+00
-1.146249419327343144e+00
-1.178451227115179467e+00
-1.211147569362363674e+00
-1.244337102134663420e+00
-1.278018517867707038e+00
-1.312190562079358136e+00
-1.346852023101291040e+00
-1.382001749690936476e+00
-1.417638639795742561e+00
-1.453761659033447895e+00
-1.490369828291902454e+00
-1.527462242995712538e+00
-1.565038059276779858e+00
-1.603096513861619110e+00
-1.641636908448717236e+00
-1.680658629903635903e+00
-1.720161132311593066e+00
-1.760143956859027803e+00
-1.800606710625217488e+00
-1.841549084628107513e+00
-1.882970826868769487e+00
-1.924871753251619300e+00
-1.967251704430213577e+00
-2.010110524551825151e+00
-2.053447945259878615e+00
-2.097263391786711839e+00
-2.141555455236828553e+00
-2.186320676887151926e+00
-2.231550514996681667e+00
-2.277223950268237207e+00
-2.323289922682683528e+00
-2.369629201063071289e+00
-2.415989911531812862e+00
-2.461936631536129738e+00
-2.506923553106587654e+00
-2.550492755384513810e+00
-2.592391708652395987e+00
-2.632536405130529999e+00
-2.670935663880592781e+00
-2.707642060867420319e+00
-2.742728516040802589e+00
-2.776276896067424005e+00
-2.808372015184521953e+00
-2.839097656162230088e+00
-2.868534040140512165e+00
-2.896755969361988647e+00
-2.923831793280755598e+00
-2.949822748406803807e+00
-2.974782831020368334e+00
-2.998758845634359460e+00
-3.021790774263717783e+00
-3.043912182955365253e+00
-3.065150809447401592e+00
-3.085529108082899263e+00
-3.105064895332453556e+00
-3.123771915542119082e+00
-3.141660465676800129e+00
-3.158737928527747485e+00
-3.175009344868562344e+00
-3.190477894240456358e+00
-3.205145404593584324e+00
-3.219012774534318222e+00
-3.232080417740162748e+00
-3.244348623744835791e+00
-3.255817934641122680e+00
-3.266489440409167777e+00
-3.276365083654916077e+00
-3.285447884051247325e+00
-3.293742166000117599e+00
-3.301253707024471407e+00
-3.307989884606210573e+00
-3.313959746016907904e+00
-3.319174074273090191e+00
-3.323645381551262989e+00
-3.327387899442400876e+00
-3.330417503697969295e+00
-3.332751639501710716e+00
-3.334409190510523313e+00
-3.335410354395471177e+00
-3.335776472810059179e+00
-3.335529875028929947e+00
-3.334693686912752142e+00
-3.333291660707133008e+00
-3.331347980197960190e+00
-3.328887092825879801e+00
-3.325933525480852637e+00
-3.322511731664730128e+00
-3.318645928506725795e+00
-3.314359967571899102e+00
-3.309677199491971145e+00
-3.304620372920740401e+00
-3.299211529327712888e+00
-3.293471931087989635e+00
-3.287421985898311139e+00
-3.281081202348923753e+00
-3.274468141261996479e+00
-3.267600395388200241e+00
-3.260494563708201454e+00
-3.253166251028836164e+00
-3.245630060780529735e+00
-3.237899610075035461e+00
-3.229987536575803286e+00
-3.221905524817668010e+00
-3.213664323125694278e+00
-3.205273777502261723e+00
-3.196742855156278207e+00
-3.188079682888971256e+00
-3.179291574445412216e+00
-3.170385070974531594e+00
-3.161365970046457807e+00
-3.152239366360976458e+00
-3.143009680840002318e+00
-3.133680700278585363e+00
-3.124255605400349189e+00
-3.114737008574329558e+00
-3.105126980108235735e+00
-3.095427083494669329e+00
-3.085638399518660702e+00
-3.075761558757345249e+00
-3.065796763306020356e+00
-3.055743816448717620e+00
-3.045602141974290689e+00
-3.035370811075174924e+00
-3.025048559344852173e+00
-3.014633811061085300e+00
-3.004124694040753774e+00
-2.993519061533294945e+00
-2.982814505168892794e+00
-2.972008374737466596e+00
-2.961097789510528600e+00
-2.950079656219093405e+00
-2.938950679065827298e+00
-2.927707376248913640e+00
-2.916346089015993570e+00
-2.904862997116499646e+00
-2.893254127288473310e+00
-2.881515368065034277e+00
-2.869642478135340014e+00
-2.857631100987609418e+00
-2.845476773652282798e+00
-2.833174941740827180e+00
-2.820720969169399961e+00
-2.808110154256771906e+00
-2.795337741148468336e+00
-2.782398937777381676e+00
-2.769288929871103200e+00
-2.756002901765741697e+00
-2.742536054094717901e+00
-2.728883628693028029e+00
-2.715040931348539299e+00
-2.701003362356010573e+00
-2.686766446078948878e+00
-2.672325869128477471e+00
-2.657677518954414619e+00
-2.642817532153750815e+00
-2.627742344904192784e+00
-2.612448754570122045e+00
-2.596933985528137256e+00
-2.581195768049188821e+00
-2.565232423951520069e+00
-2.549042967694526762e+00
-2.532627217314417312e+00
-2.515985923732198426e+00
-2.499120913516970521e+00
-2.482035253484335069e+00
-2.464733432836128113e+00
-2.447221570981576111e+00
-2.429507647204767640e+00
-2.411601759846541349e+00
-2.393516411271392030e+00
-2.375266825337927212e+00
-2.356871293085059271e+00
-2.338351551535179595e+00
-2.319733189629328951e+00
-2.301046082945152449e+00
-2.282324847727179140e+00
-2.263609310481509151e+00
-2.244944977653346996e+00
-2.226383493405827529e+00
-2.207983060965886146e+00
-2.189808804313836621e+00
-2.171933033996976903e+00
-2.154435380887475215e+00
-2.137402749881374131e+00
-2.120929046830365206e+00
-2.105114624880398466e+00
-2.090065403508456043e+00
-2.075891616498626302e+00
-2.062706163689653316e+00
-2.050622559347688778e+00
-2.039752503159288022e+00
-2.030203132494674101e+00
-2.022074056813264242e+00
-2.015454310813419969e+00
-2.010419396627843636e+00
-2.007028602095164871e+00
-2.005322784106212453e+00
