1.405098255132259007e-02
1.404815275437108421e-02
1.404249694224951779e-02
1.403402266910552115e-02
1.402274124264494236e-02
1.400866769597603617e-02
1.399182075017355552e-02
1.397222276765506567e-02
1.394989969648625927e-02
1.392488100575823076e-02
1.389719961220684842e-02
1.386689179827328526e-02
1.383399712183421351e-02
1.379855831786165957e-02
1.376062119230381242e-02
1.372023450851190748e-02
1.367744986657037920e-02
1.363232157592201427e-02
1.358490652171166942e-02
1.353526402530570022e-02
1.348345569947427200e-02
1.342954529875453260e-02
1.337359856553799360e-02
1.331568307245247981e-02
1.325586806162840602e-02
1.319422428145933419e-02
1.313082382147889166e-02
1.306573994598808804e-02
1.299904692707150138e-02
1.293081987764273764e-02
1.286113458515491213e-02
1.279006734660479566e-02
1.271769480544515316e-02
1.264409379100314181e-02
1.256934116097947751e-02
1.249351364757882166e-02
1.241668770778979122e-02
1.233893937830201140e-02
1.226034413550920396e-02
1.218097676101039147e-02
1.210091121297864059e-02
1.202022050372578664e-02
1.193897658374635726e-02
1.185725023248098038e-02
1.177511095599367667e-02
1.169262689171455920e-02
1.160986472035443681e-02
1.152688958505673419e-02
1.144376501780964943e-02
1.136055287310382307e-02
1.127731326878180992e-02
1.119410453399224785e-02
1.111098316412754972e-02
1.102800378259596349e-02
1.094521910924932916e-02
1.086267993526571392e-02
1.078043510426278905e-02
1.069853149940041236e-02
1.061701403621342910e-02
1.053592566090424607e-02
1.045530735381193684e-02
1.037519813776889566e-02
1.029563509104783163e-02
1.021665336460093020e-02
1.013828620328906249e-02
1.006056497080232322e-02
9.983519177972445535e-03
9.907176514184774796e-03
9.831562881599977335e-03
9.756702431905095799e-03
9.682617605318862009e-03
9.609329171587365631e-03
9.536856272713747223e-03
9.465216467177932011e-03
9.394425775411130788e-03
9.324498726303503959e-03
9.255448404532616927e-03
9.187286498514524169e-03
9.120023348788778780e-03
9.053667996663159606e-03
8.988228232953246119e-03
8.923710646666041524e-03
8.860120673486246781e-03
8.797462643937098772e-03
8.735739831096541591e-03
8.674954497762442721e-03
8.615107942968333946e-03
8.556200547763461242e-03
8.498231820177981274e-03
8.441200439305632935e-03
8.385104298441969917e-03
8.329940547227234968e-03
8.275705632747583015e-03
8.222395339558860594e-03
8.170004828599915919e-03
8.118528674972966264e-03
8.067960904570268404e-03
8.018295029535361940e-03
7.969524082548789384e-03
7.921640649936083009e-03
7.874636903596536966e-03
7.828504631758747764e-03
7.783235268568555743e-03
7.738819922521940863e-03
7.695249403754572670e-03
7.652514250205745029e-03
7.610604752673074888e-03
7.569510978779877240e-03
7.529222795875228046e-03
7.489729892891842586e-03
7.451021801184351881e-03
7.413087914375278246e-03
7.375917507233344800e-03
7.339499753613016805e-03
7.303823743480742335e-03
7.268878499057783264e-03
7.234652990105962765e-03
7.201136148386214249e-03
7.168316881316479962e-03
7.136184084858754849e-03
7.104726655661497761e-03
7.073933502486849136e-03
7.043793556948106140e-03
7.014295783586203120e-03
6.985429189309851246e-03
6.957182832227199604e-03
6.929545829892363659e-03
6.902507366993804704e-03
6.876056702506668471e-03
6.850183176334790659e-03
6.824876215463290992e-03
6.800125339646090512e-03
6.775920166647941487e-03
6.752250417064075555e-03
6.729105918735657846e-03
6.706476610782672980e-03
6.684352547271271011e-03
6.662723900535860028e-03
6.641580964171444300e-03
6.620914155715393150e-03
6.600714019032752518e-03
6.580971226423024123e-03
6.561676580461283867e-03
6.542821015590317979e-03
6.524395599475539195e-03
6.506391534138095123e-03
6.488800156876814787e-03
6.471612940993418453e-03
6.454821496330333079e-03
6.438417569634809906e-03
6.422393044757455753e-03
6.406739942697873592e-03
6.391450421504764161e-03
6.376516776042228350e-03
6.361931437628639413e-03
6.347686973559012007e-03
6.333776086516509397e-03
6.320191613883257772e-03
6.306926526955139271e-03
6.293973930070229615e-03
6.281327059654845911e-03
6.268979283196016161e-03
6.256924098143891097e-03
6.245155130752307916e-03
6.233666134860173930e-03
6.222450990621728774e-03
6.211503703187454609e-03
6.200818401343308715e-03
6.190389336109634183e-03
6.180210879306900947e-03
6.170277522089078620e-03
6.160583873451507160e-03
6.151124658713594089e-03
6.141894717982785377e-03
6.132889004599881115e-03
6.124102583571613967e-03
6.115530629990285731e-03
6.107168427446264640e-03
6.099011366432422268e-03
6.091054942746361271e-03
6.083294755889086941e-03
6.075726507465806399e-03
6.068345999587035702e-03
6.061149133275713433e-03
6.054131906878205266e-03
6.047290414484513855e-03
6.040620844355638376e-03
6.034119477363029428e-03
6.027782685437824313e-03
6.021606930035000062e-03
6.015588760609550702e-03
6.009724813109879049e-03
6.004011808485324765e-03
5.998446551213018965e-03
5.993025927840587262e-03
5.987746905550018171e-03
5.982606530739026200e-03
5.977601927625135481e-03
5.972730296868708315e-03
5.967988914220100256e-03
5.963375129187016045e-03
5.958886363727360774e-03
5.954520110963366572e-03
5.950273933922427955e-03
5.946145464300237916e-03
5.942132401251879956e-03
5.938232510206028353e-03
5.934443621708256240e-03
5.930763630288427707e-03
5.927190493358229853e-03
5.923722230133582518e-03
5.920356920588373643e-03
5.917092704433786141e-03
5.913927780130009450e-03
5.910860403924338841e-03
5.907888888922415739e-03
5.905011604186581782e-03
5.902226973867968907e-03
5.899533476365887048e-03
5.896929643521162979e-03
5.894414059836123633e-03
5.891985361727703971e-03
5.889642236805162773e-03
5.887383423177938377e-03
5.885207708783218687e-03
5.883113930736935150e-03
5.881100974694143321e-03
5.879167774218801296e-03
5.877313310142628054e-03
5.875536609905752418e-03
5.873836746847342985e-03
5.872212839424948740e-03
5.870664050309832953e-03
5.869189585310018685e-03
5.867788692029786424e-03
5.866460658166332623e-03
5.865204809280568504e-03
5.864020505847371105e-03
5.862907139290694965e-03
5.861864126634669381e-03
5.860890903243652292e-03
5.859986912985027177e-03
5.859151594915929830e-03
5.858384365400073381e-03
5.857684594319622316e-03
5.857051573984382864e-03
5.856484479506458320e-03
5.855982320286615833e-03
5.855543884230185112e-03
5.855167680304643012e-03
5.854851891891015361e-03
5.854594364355075048e-03
5.854392664671828790e-03
5.854244258210633198e-03
5.854146814792450700e-03
5.854098564572004018e-03
