1.412661087240561428e-02
1.412374645152460716e-02
1.411802144865585522e-02
1.410944353204739675e-02
1.409802418024685457e-02
1.408377865357315559e-02
1.406672595618132897e-02
1.404688878881075152e-02
1.402429349233016813e-02
1.399896998222096255e-02
1.397095167416523460e-02
1.394027540093557491e-02
1.390698132081251946e-02
1.387111281778808866e-02
1.383271639384577902e-02
1.379184155364156228e-02
1.374854068194379143e-02
1.370286891422642546e-02
1.365488400084132435e-02
1.360464616523189216e-02
1.355221795668117360e-02
1.349766409811922231e-02
1.344105132954267166e-02
1.338244824762635163e-02
1.332192514212878105e-02
1.325955382971376155e-02
1.319540748582434184e-02
1.312956047525799634e-02
1.306208818209702617e-02
1.299306683965054457e-02
1.292257336106094993e-02
1.285068517121990168e-02
1.277748004062515853e-02
1.270303592179284659e-02
1.262743078881609603e-02
1.255074248063551071e-02
1.247304854855526939e-02
1.239442610850543906e-02
1.231495169851260472e-02
1.223470114180200130e-02
1.215374941591087533e-02
1.207217052814999955e-02
1.199003739770423960e-02
1.190742174461768485e-02
1.182439398586253992e-02
1.174102313864580638e-02
1.165737673106185569e-02
1.157352072015594389e-02
1.148951941742115679e-02
1.140543542171039079e-02
1.132132955950695616e-02
1.123726083246118744e-02
1.115328637206748283e-02
1.106946140132443121e-02
1.098583920319389992e-02
1.090247109564956678e-02
1.081940641308265158e-02
1.073669249381508685e-02
1.065437467345203316e-02
1.057249628379409653e-02
1.049109865701760951e-02
1.041022113482398953e-02
1.032990108225281464e-02
1.025017390585077244e-02
1.017107307588708057e-02
1.009263015230647126e-02
1.001487481411403313e-02
9.937834891890815966e-03
9.861536403143616319e-03
9.786003590201411764e-03
9.711258960377113295e-03
9.637323328124815236e-03
9.564215858930370448e-03
9.491954114686357996e-03
9.420554100311680223e-03
9.350030311389713120e-03
9.280395782609149671e-03
9.211662136805494686e-03
9.143839634412285686e-03
9.076937223144555117e-03
9.010962587747861630e-03
8.945922199660014465e-03
8.881821366442783916e-03
8.818664280853833609e-03
8.756454069439353893e-03
8.695192840539564191e-03
8.634881731608996108e-03
8.575520955764285094e-03
8.517109847481092386e-03
8.459646907371661667e-03
8.403129845982579629e-03
8.347555626560853106e-03
8.292920506744400413e-03
8.239220079139551040e-03
8.186449310755895131e-03
8.134602581274524499e-03
8.083673720131573717e-03
8.033656042405239173e-03
7.984542383498034399e-03
7.936325132612158384e-03
7.888996265019009024e-03
7.842547373128163843e-03
7.796969696364516346e-03
7.752254149865437857e-03
7.708391352012387322e-03
7.665371650814399584e-03
7.623185149162253933e-03
7.581821728975072019e-03
7.541271074261800267e-03
7.501522693122018165e-03
7.462565938711717729e-03
7.424390029200208553e-03
7.386984066745891885e-03
7.350337055518550017e-03
7.314437918796505046e-03
7.279275515167773873e-03
7.244838653863720952e-03
7.211116109254507404e-03
7.178096634535127696e-03
7.145768974631028919e-03
7.114121878351704897e-03
7.083144109820777024e-03
7.052824459210350373e-03
7.023151752807136987e-03
6.994114862437519030e-03
6.965702714277787790e-03
6.937904297075563748e-03
6.910708669807824438e-03
6.884104968799898208e-03
6.858082414329829714e-03
6.832630316741136051e-03
6.807738082086735656e-03
6.783395217326123466e-03
6.759591335096880489e-03
6.736316158081291118e-03
6.713559522987865708e-03
6.691311384166863385e-03
6.669561816878620368e-03
6.648301020232146377e-03
6.627519319811479501e-03
6.607207170006167488e-03
6.587355156061625028e-03
6.567953995864903201e-03
6.548994541480127919e-03
6.530467780447962202e-03
6.512364836862256229e-03
6.494676972236854834e-03
6.477395586175051581e-03
6.460512216852906144e-03
6.444018541328408456e-03
6.427906375686696754e-03
6.412167675031769931e-03
6.396794533334573471e-03
6.381779183146575780e-03
6.367113995188041116e-03
6.352791477819140151e-03
6.338804276402362770e-03
6.325145172563521531e-03
6.311807083359041032e-03
6.298783060356216192e-03
6.286066288633162386e-03
6.273650085704858548e-03
6.261527900381037327e-03
6.249693311561713670e-03
6.238140026975769366e-03
6.226861881867612990e-03
6.215852837636789800e-03
6.205106980435129947e-03
6.194618519725698935e-03
6.184381786807842916e-03
6.174391233311953518e-03
6.164641429667844924e-03
6.155127063550116379e-03
6.145842938303738845e-03
6.136783971353136635e-03
6.127945192597254211e-03
6.119321742794094944e-03
6.110908871936423202e-03
6.102701937621825105e-03
6.094696403418911265e-03
6.086887837232123934e-03
6.079271909666970029e-03
6.071844392397639407e-03
6.064601156538841110e-03
6.057538171023397165e-03
6.050651500987210690e-03
6.043937306163059409e-03
6.037391839284477445e-03
6.031011444501233748e-03
6.024792555807078481e-03
6.018731695481508576e-03
6.012825472545774499e-03
6.007070581234957504e-03
6.001463799486112145e-03
5.996001987443714404e-03
5.990682085983391192e-03
5.985501115253721340e-03
5.980456173237838451e-03
5.975544434334450518e-03
5.970763147959404736e-03
5.966109637167883381e-03
5.961581297297863929e-03
5.957175594635133117e-03
5.952890065100248720e-03
5.948722312957665896e-03
5.944670009547343807e-03
5.940730892039233248e-03
5.936902762210448381e-03
5.933183485245870255e-03
5.929570988561806526e-03
5.926063260653208729e-03
5.922658349964513881e-03
5.919354363783955152e-03
5.916149467161854227e-03
5.913041881852590907e-03
5.910029885280550926e-03
5.907111809529977386e-03
5.904286040358790871e-03
5.901551016236458898e-03
5.898905227405877409e-03
5.896347214969284260e-03
5.893875569998259338e-03
5.891488932667774889e-03
5.889185991414316867e-03
5.886965482118040015e-03
5.884826187309011303e-03
5.882766935397555630e-03
5.880786599928455698e-03
5.878884098859515211e-03
5.877058393863792383e-03
5.875308489656143850e-03
5.873633433343628842e-03
5.872032313800010402e-03
5.870504261064174098e-03
5.869048445762652458e-03
5.867664078556102461e-03
5.866350409609769924e-03
5.865106728087991078e-03
5.863932361672698386e-03
5.862826676105843855e-03
5.861789074756033890e-03
5.860818998208928120e-03
5.859915923881899198e-03
5.859079365662541589e-03
5.858308873571335500e-03
5.857604033448275162e-03
5.856964466663671341e-03
5.856389829852828854e-03
5.855879814675060517e-03
5.855434147596499765e-03
5.855052589697234099e-03
5.854734936502389853e-03
5.854481017837456260e-03
5.854290697707551297e-03
5.854163874201027441e-03
5.854100479416953287e-03
