-2.604385197940578545e-01
-2.604557113725798900e-01
-2.604900298801335889e-01
-2.605413464780336197e-01
-2.606094690552692716e-01
-2.606941435874855495e-01
-2.607950559310598937e-01
-2.609118340254526491e-01
-2.610440504852275523e-01
-2.611912255526942506e-01
-2.613528303793001828e-01
-2.615282906032407872e-01
-2.617169901859084380e-01
-2.619182754672271241e-01
-2.621314594011890375e-01
-2.623558259286377092e-01
-2.625906344454915220e-01
-2.628351243248713831e-01
-2.630885194508704727e-01
-2.633500327242698780e-01
-2.636188705009837041e-01
-2.638942369264523080e-01
-2.641753381319190686e-01
-2.644613862605294519e-01
-2.647516032951819365e-01
-2.650452246625111807e-01
-2.653415025916411873e-01
-2.656397092093253365e-01
-2.659391393573205531e-01
-2.662391131209316253e-01
-2.665389780619676352e-01
-2.668381111523399629e-01
-2.671359204080769323e-01
-2.674318462268315266e-01
-2.677253624349081318e-01
-2.680159770519438545e-01
-2.683032327850015664e-01
-2.685867072646433984e-01
-2.688660130379207369e-01
-2.691407973352494265e-01
-2.694107416278596623e-01
-2.696755609950735599e-01
-2.699350033197643328e-01
-2.701888483316688960e-01
-2.704369065176008280e-01
-2.706790179177415712e-01
-2.709150508265228963e-01
-2.711449004162826970e-01
-2.713684873008536669e-01
-2.715857560550860583e-01
-2.717966737063677862e-01
-2.720012282113361546e-01
-2.721994269315088921e-01
-2.723912951194438770e-01
-2.725768744257320297e-01
-2.727562214366184845e-01
-2.729294062500196572e-01
-2.730965110971713683e-01
-2.732576290155964149e-01
-2.734128625782965560e-01
-2.735623226829408949e-01
-2.737061274037123071e-01
-2.738444009081666963e-01
-2.739772724398933934e-01
-2.741048753677314265e-01
-2.742273463012810386e-01
-2.743448242720806785e-01
-2.744574499791293531e-01
-2.745653650973199356e-01
-2.746687116465545975e-01
-2.747676314197488034e-01
-2.748622654666819098e-01
-2.749527536314655962e-01
-2.750392341407549845e-01
-2.751218432396235758e-01
-2.752007148725318930e-01
-2.752759804061191695e-01
-2.753477683911756402e-01
-2.754162043606677157e-01
-2.754814106614031366e-01
-2.755435063159461517e-01
-2.756026069129778322e-01
-2.756588245228566159e-01
-2.757122676363797931e-01
-2.757630411242945612e-01
-2.758112462154567179e-01
-2.758569804915946833e-01
-2.759003378967528897e-01
-2.759414087595667420e-01
-2.759802798269154200e-01
-2.760170343072156363e-01
-2.760517519220756499e-01
-2.760845089649270334e-01
-2.761153783654660687e-01
-2.761444297590007757e-01
-2.761717295592934218e-01
-2.761973410344939484e-01
-2.762213243851937006e-01
-2.762437368234220147e-01
-2.762646326529398788e-01
-2.762840633491177034e-01
-2.763020776387892230e-01
-2.763187215790269269e-01
-2.763340386347643562e-01
-2.763480697549350884e-01
-2.763608534463991018e-01
-2.763724258461045524e-01
-2.763828207904359124e-01
-2.763920698823255639e-01
-2.764002025552906305e-01
-2.764072461348602294e-01
-2.764132258965872890e-01
-2.764181651213104551e-01
-2.764220851468505713e-01
-2.764250054166688120e-01
-2.764269435249008811e-01
-2.764279152581488597e-01
-2.764279346337210619e-01
-2.764270139342679955e-01
-2.764251637390602312e-01
-2.764223929513294209e-01
-2.764187088224392963e-01
-2.764141169717851398e-01
-2.764086214034086608e-01
-2.764022245186731896e-01
-2.763949271250442652e-01
-2.763867284409357583e-01
-2.763776260968288101e-01
-2.763676161319164604e-01
-2.763566929869861188e-01
-2.763448494927525645e-01
-2.763320768539122008e-01
-2.763183646287807882e-01
-2.763037007040325954e-01
-2.762880712647405868e-01
-2.762714607594762284e-01
-2.762538518598477988e-01
-2.762352254148575104e-01
-2.762155603994599917e-01
-2.761948338569581440e-01
-2.761730208350710591e-01
-2.761500943154521215e-01
-2.761260251359288764e-01
-2.761007819053694079e-01
-2.760743309102077214e-01
-2.760466360131285102e-01
-2.760176585418397388e-01
-2.759873571686892735e-01
-2.759556877798660657e-01
-2.759226033329019168e-01
-2.758880537030701241e-01
-2.758519855158095835e-01
-2.758143419663449669e-01
-2.757750626233883562e-01
-2.757340832172657241e-01
-2.756913354098614044e-01
-2.756467465463139366e-01
-2.756002393854195542e-01
-2.755517318077765898e-01
-2.755011365000255563e-01
-2.754483606117643091e-01
-2.753933053841139400e-01
-2.753358657467136483e-01
-2.752759298796428333e-01
-2.752133787385435681e-01
-2.751480855373606982e-01
-2.750799151870351733e-01
-2.750087236830902060e-01
-2.749343574398765422e-01
-2.748566525642768821e-01
-2.747754340625427893e-01
-2.746905149757063458e-01
-2.746016954333457827e-01
-2.745087616183387591e-01
-2.744114846342639025e-01
-2.743096192626553464e-01
-2.742029025995670333e-01
-2.740910525583084012e-01
-2.739737662222098136e-01
-2.738507180313469735e-01
-2.737215577833495561e-01
-2.735859084279507747e-01
-2.734433636291622172e-01
-2.732934850681048577e-01
-2.731357994559644453e-01
-2.729697952191849630e-01
-2.727949188184770057e-01
-2.726105706530700945e-01
-2.724161004985206080e-01
-2.722108024172333884e-01
-2.719939090704031615e-01
-2.717645853536702072e-01
-2.715219212626203693e-01
-2.712649238815816322e-01
-2.709925083754401443e-01
-2.707034878374581233e-01
-2.703965618338795562e-01
-2.700703034487996756e-01
-2.697231446067901439e-01
-2.693533594133870612e-01
-2.689590452066993875e-01
-2.685381009587151646e-01
-2.680882026101630844e-01
-2.676067748317106365e-01
-2.670909586330937335e-01
-2.665375741121497888e-01
-2.659430775210398501e-01
-2.653035116569268381e-01
-2.646144483959976257e-01
-2.638709219510079751e-01
-2.630673511538745846e-01
-2.621974486988341013e-01
-2.612541148695948223e-01
-2.602293127236463555e-01
-2.591139210670083681e-01
-2.578975607252071978e-01
-2.565683886151494675e-01
-2.551128528495536507e-01
-2.535154005284213641e-01
-2.517581278796686139e-01
-2.498203599107260142e-01
-2.476781435513318586e-01
-2.453036342623445831e-01
-2.426643509622961326e-01
-2.397222676150803089e-01
-2.364327014863153997e-01
-2.327429474430618705e-01
-2.285905940182791918e-01
-2.239014395138573532e-01
-2.185869041252364031e-01
-2.125408056736617646e-01
-2.056353306366610623e-01
-1.977159873106892063e-01
-1.885952727616566349e-01
-1.780447194575735248e-01
-1.657849127178036286e-01
-1.514729928256220992e-01
-1.346870912811621301e-01
-1.149071328202822262e-01
-9.149152914438649087e-02
-6.364962220832920403e-02
-3.041053040195618173e-02
9.409295255966565463e-03
5.723433176876585593e-02
1.147429031588400039e-01
1.838440223948163421e-01
2.665825458096093836e-01
3.649166563328817281e-01
4.802900547624769922e-01
6.129135717400924221e-01
7.607131365165802350e-01
9.180548564141115531e-01
1.074680986427768437e+00
1.215707165214394703e+00
1.323621885927658726e+00
1.382408862025807261e+00
