9.448583848818617966e-08
9.453598862897026052e-08
9.463636461361005420e-08
9.478711804974508519e-08
9.498847677653170456e-08
9.524074547171975588e-08
9.554430631004073697e-08
9.589961998363380451e-08
9.630722670096176078e-08
9.676774763368306152e-08
9.728188626992304358e-08
9.785043030622826228e-08
9.847425337401247025e-08
9.915431740113135240e-08
9.989167473560935040e-08
1.006874710076764559e-07
1.015429476806618371e-07
1.024594454511656183e-07
1.034384072632848229e-07
1.044813822921308145e-07
1.055900294645006728e-07
1.067661220792683447e-07
1.080115518853731529e-07
1.093283344019372690e-07
1.107186136131099752e-07
1.121846680612595619e-07
1.137289162280428143e-07
1.153539234858753837e-07
1.170624082457531272e-07
1.188572498656985691e-07
1.207414956586196048e-07
1.227183698718478256e-07
1.247912816629122664e-07
1.269638352819821732e-07
1.292398391402561718e-07
1.316233173474971181e-07
1.341185200170916862e-07
1.367299363344553402e-07
1.394623062652487181e-07
1.423206353576795611e-07
1.453102080464497605e-07
1.484366044236945231e-07
1.517057153615325287e-07
1.551237615233082969e-07
1.586973105630324030e-07
1.624332986917662809e-07
1.663390502535856113e-07
1.704223022125035722e-07
1.746912264531770379e-07
1.791544576130961130e-07
1.838211185133255969e-07
1.887008518306052252e-07
1.938038491306615697e-07
1.991408869573946497e-07
2.047233600208056258e-07
2.105633223780870073e-07
2.166735254224043418e-07
2.230674649466201301e-07
2.297594246911176759e-07
2.367645302187790864e-07
2.440987989134417094e-07
2.517792017593186179e-07
2.598237208411488223e-07
2.682514203181038579e-07
2.770825126680131131e-07
2.863384403819612101e-07
2.960419524252924199e-07
3.062171984630721168e-07
3.168898172892034636e-07
3.280870457352010362e-07
3.398378211577285872e-07
3.521729075967805238e-07
3.651250148285364013e-07
3.787289448421825568e-07
3.930217304891794044e-07
4.080428059769922632e-07
4.238341688585265318e-07
4.404405791318436176e-07
4.579097495609593665e-07
4.762925798669892786e-07
4.956433840844770343e-07
5.160201738623264745e-07
5.374849497558002712e-07
5.601040911147393575e-07
5.839488499565972859e-07
6.090961888657837790e-07
6.356303584641065138e-07
6.636464451153924748e-07
6.932588529862714193e-07
7.246218561325137474e-07
7.579762616341197324e-07
7.937347956469968300e-07
8.325680863154999093e-07
8.753543895420403640e-07
9.229566679367165116e-07
9.760591058450287108e-07
1.035183073767444844e-06
1.100762721201353167e-06
1.173196820820336536e-06
1.252871753647733534e-06
1.340170540681502343e-06
1.435475597881648169e-06
1.539169818804748016e-06
1.651636458416618979e-06
1.773259055026396562e-06
1.904420761190298826e-06
2.045503859073869600e-06
2.196888770628481306e-06
2.358953276488148167e-06
2.532071279982017357e-06
2.716611817777383914e-06
2.912937665416371999e-06
3.121404237923155695e-06
3.342358129698487524e-06
3.576135999812902374e-06
3.823063131956219794e-06
4.083452387597710629e-06
4.357602859187665971e-06
4.645798960151090444e-06
4.948309230634932023e-06
5.265385618877463183e-06
5.597262485074044169e-06
5.944156114873661575e-06
6.306263953894370313e-06
6.683764381150139693e-06
7.076816194522531906e-06
7.485558659885357822e-06
7.910111256522322912e-06
8.350574006690164223e-06
8.807027479705545374e-06
9.279533396820190754e-06
9.768134883662756831e-06
1.027285733677281398e-05
1.079370890645637416e-05
1.133068160430382772e-05
1.188375199245165063e-05
1.245288250601146680e-05
1.303802232031299308e-05
1.363910885845480687e-05
1.425606880535022525e-05
1.488881976854915369e-05
1.553727140677462531e-05
1.620132721166855710e-05
1.688088571885762985e-05
1.757584237920455848e-05
1.828609082211047352e-05
1.901152478700072191e-05
1.975203941134899099e-05
2.050753319627794400e-05
2.127790929544134098e-05
2.206307749254184171e-05
2.286295547150356473e-05
2.367747078816625077e-05
2.450656210690018563e-05
2.535018115351893612e-05
2.620829390842067616e-05
2.708088253268651929e-05
2.796794651281081178e-05
2.886950455685202230e-05
2.978559569070129515e-05
3.071628112591184471e-05
3.166164531214019778e-05
3.262179778281307598e-05
3.359687417279576380e-05
3.458703805229998494e-05
3.559248192295165974e-05
3.661342905428787656e-05
3.765013447519434701e-05
3.870288683098482396e-05
3.977200939067937387e-05
4.085786194602013184e-05
4.196084185829640376e-05
4.308138602376970175e-05
4.421997198675776833e-05
4.537711999885695716e-05
4.655339422781597312e-05
4.774940494070745747e-05
4.896580984078732876e-05
5.020331640738769037e-05
5.146268339550903574e-05
5.274472336769360709e-05
5.405030439349412685e-05
5.538035281092117265e-05
5.673585516512448919e-05
5.811786123907640596e-05
5.952748627265217119e-05
6.096591430383433346e-05
6.243440071064338336e-05
6.393427590499758061e-05
6.546694824022361884e-05
6.703390809928315484e-05
6.863673120922859439e-05
7.027708316302345613e-05
7.195672317834881585e-05
7.367750908650711427e-05
7.544140156497711018e-05
7.725046961611931474e-05
7.910689528868983429e-05
8.101297965068394156e-05
8.297114799149632501e-05
8.498395626345546072e-05
8.705409671892170046e-05
8.918440474840996410e-05
9.137786484904597821e-05
9.363761771574901965e-05
9.596696634970679326e-05
9.836938315161879653e-05
1.008485158477246779e-04
1.034081941745778889e-04
1.060524351066917316e-04
1.087854484882211121e-04
1.116116407639384085e-04
1.145356185733806281e-04
1.175621897791641416e-04
1.206963635511972146e-04
1.239433469043528210e-04
1.273085391081959594e-04
1.307975211262165489e-04
1.344160412192238030e-04
1.381699935428219326e-04
1.420653904866756034e-04
1.461083251492493941e-04
1.503049241855537721e-04
1.546612868617476826e-04
1.591834099129652762e-04
1.638770933616667759e-04
1.687478261471543649e-04
1.738006459889527829e-04
1.790399715858486448e-04
1.844694009451001851e-04
1.900914734372684267e-04
1.959073892066655873e-04
2.019166837635575837e-04
2.081168523569759590e-04
2.145029237933513994e-04
2.210669815047428650e-04
2.277976363131622506e-04
2.346794556792343434e-04
2.416923632666484543e-04
2.488110259928895222e-04
2.560042576673321295e-04
2.632344746861932329e-04
2.704572531897177158e-04
2.776210444093175087e-04
2.846671170477453063e-04
2.915297980563954432e-04
2.981370855557596020e-04
3.044116958568954170e-04
3.102725889994771753e-04
3.156369823518870624e-04
3.204228195153314127e-04
3.245516062175056817e-04
3.279514699848789681e-04
3.305602475043402442e-04
3.323283690542371558e-04
3.332212971292715180e-04
