4.486169997913858509e+00
4.485922204620046649e+00
4.485426677124332961e+00
4.484683670170565684e+00
4.483693516866029682e+00
4.482456638479161981e+00
4.480973598102690580e+00
4.479245065220789357e+00
4.477271830574804490e+00
4.475054804512319961e+00
4.472595015419020825e+00
4.469893634909003488e+00
4.466951954941772662e+00
4.463771402630626994e+00
4.460353551157394847e+00
4.456700107707983527e+00
4.452812929694830224e+00
4.448694022724977160e+00
4.444345539588503868e+00
4.439769792185614072e+00
4.434969243074883494e+00
4.429946514603900987e+00
4.424704384235604415e+00
4.419245791769319531e+00
4.413573830871465375e+00
4.407691758518248015e+00
4.401602977943696260e+00
4.395311057553537459e+00
4.388819709268010349e+00
4.382132796621919013e+00
4.375254327709217961e+00
4.368188447161051258e+00
4.360939438493245390e+00
4.353511711770907233e+00
4.345909800411933865e+00
4.338138354608134684e+00
4.330202133349421167e+00
4.322105997975024927e+00
4.313854903382591921e+00
4.305453890112349136e+00
4.296908076572392154e+00
4.288222649678014697e+00
4.279402856499829433e+00
4.270453993476423626e+00
4.261381400740472891e+00
4.252190450136541067e+00
4.242886537644690925e+00
4.233475071847107252e+00
4.223961468810880859e+00
4.214351139604922025e+00
4.204649482997046661e+00
4.194861876229981412e+00
4.184993667611315971e+00
4.175050165539421876e+00
4.165036634214392741e+00
4.154958281674050014e+00
4.144820256174171824e+00
4.134627634641000249e+00
4.124385419280959475e+00
4.114098528935457466e+00
4.103771792587603606e+00
4.093409942987329408e+00
4.083017612737169344e+00
4.072599324922357766e+00
4.062159492313269560e+00
4.051702408166103275e+00
4.041232244005340313e+00
4.030753045017715586e+00
4.020268724815198702e+00
4.009783062239871576e+00
3.999299698314886520e+00
3.988822131628658951e+00
3.978353716480688362e+00
3.967897659254870035e+00
3.957457017099382579e+00
3.947034693105338388e+00
3.936633437472280228e+00
3.926255842899497583e+00
3.915904344726256703e+00
3.905581218249208675e+00
3.895288578133308199e+00
3.885028377223477491e+00
3.874802405587904008e+00
3.864612289263965383e+00
3.854459491112536718e+00
3.844345308128005456e+00
3.834270873711376204e+00
3.824237155262654397e+00
3.814244955715144325e+00
3.804294912460212341e+00
3.794387498933497582e+00
3.784523023532836650e+00
3.774701630844258027e+00
3.764923302127332949e+00
3.755187855579138034e+00
3.745494947874970393e+00
3.735844074035240325e+00
3.726234568825542492e+00
3.716665608291108036e+00
3.707136209634310120e+00
3.697645233774168538e+00
3.688191386110002412e+00
3.678773217160620668e+00
3.669389125932282614e+00
3.660037359678450120e+00
3.650716016800646280e+00
3.641423048105249638e+00
3.632156259347509852e+00
3.622913312911685946e+00
3.613691729723670143e+00
3.604488893350991763e+00
3.595302049918841725e+00
3.586128313197178841e+00
3.576964666438438023e+00
3.567807965104532464e+00
3.558654941494439949e+00
3.549502206784151515e+00
3.540346255523183494e+00
3.531183469860227131e+00
3.522010122599018800e+00
3.512822383254493364e+00
3.503616321555457436e+00
3.494387912633175386e+00
3.485133043035123723e+00
3.475847515612480176e+00
3.466527055462521822e+00
3.457167316954467662e+00
3.447763888858973669e+00
3.438312302639920492e+00
3.428808038585839935e+00
3.419246534316557895e+00
3.409623191289272714e+00
3.399933384193549291e+00
3.390172468806954331e+00
3.380335790490426096e+00
3.370418693975299362e+00
3.360416531753308345e+00
3.350324674177907358e+00
3.340138518944749446e+00
3.329853501169768304e+00
3.319465103164518371e+00
3.308968864681852917e+00
3.298360393834456339e+00
3.287635376170931600e+00
3.276789586007759603e+00
3.265818896486436529e+00
3.254719289192328446e+00
3.243486864873860842e+00
3.232117852946247094e+00
3.220608621185463871e+00
3.208955684552283305e+00
3.197155715333404036e+00
3.185205550221866133e+00
3.173102199426867998e+00
3.160842854116950651e+00
3.148424893381805312e+00
3.135845891056438628e+00
3.123103621167484523e+00
3.110196063906053077e+00
3.097121410080727610e+00
3.083878064821194975e+00
3.070464651312824422e+00
3.056880013682565789e+00
3.043123217894227128e+00
3.029193554547624956e+00
3.015090538233341277e+00
3.000813908313722855e+00
2.986363627877792748e+00
2.971739882638277042e+00
2.956943079499906535e+00
2.941973843514201103e+00
2.926833016185258263e+00
2.911521651432118496e+00
2.896041012857236918e+00
2.880392569557736149e+00
2.864577992541747165e+00
2.848599150432537197e+00
2.832458105440865737e+00
2.816157109288023097e+00
2.799698598977166331e+00
2.783085193127226464e+00
2.766319688164591728e+00
2.749405054968349749e+00
2.732344435909772162e+00
2.715141142080516712e+00
2.697798651608141807e+00
2.680320607545850553e+00
2.662710817770970628e+00
2.644973254320752698e+00
2.627112053841114570e+00
2.609131519582008618e+00
2.591036122969314182e+00
2.572830507420746926e+00
2.554519491977385925e+00
2.536108076465139582e+00
2.517601448190484703e+00
2.499004988284410533e+00
2.480324280944286475e+00
2.461565122098712255e+00
2.442733530544989318e+00
2.423835759362927611e+00
2.404878308875646908e+00
2.385867941031727391e+00
2.366811694079966610e+00
2.347716899459360018e+00
2.328591198682120833e+00
2.309442562745979366e+00
2.290279310778600586e+00
2.271110131292127576e+00
2.251944103231577898e+00
2.232790718466506785e+00
2.213659904499089670e+00
2.194562047989304876e+00
2.175508018666173271e+00
2.156509193216754827e+00
2.137577479406995273e+00
2.118725339636012173e+00
2.099965814259910690e+00
2.081312543548604399e+00
2.062779789341883774e+00
2.044382453406946798e+00
2.026136095838212192e+00
2.008056949038121708e+00
1.990161929520601447e+00
1.972468646042544460e+00
1.954995403303995127e+00
1.937761200475202950e+00
1.920785725082709838e+00
1.904089339391661140e+00
1.887693061146249907e+00
1.871618535782711534e+00
1.855888001031014811e+00
1.840524241854575527e+00
1.825550537382793603e+00
1.810990595884452548e+00
1.796868481649007698e+00
1.783208529371732354e+00
1.770035249452616810e+00
1.757373221544052733e+00
1.745246978793123738e+00
1.733680881693018039e+00
1.722698983175186660e+00
1.712324886059956697e+00
1.702581593534502336e+00
1.693491354311178476e+00
1.685075505518393912e+00
1.677354312931580438e+00
1.670346813700090749e+00
1.664070660728056206e+00
1.658541975360062093e+00
1.653775205365571876e+00
1.649782996517270561e+00
1.646576076699997726e+00
1.644163153804633515e+00
1.642550834889606515e+00
1.641743560056800888e+00
