-3.156469301014523055e+00
-3.156615673351972795e+00
-3.156908144136167493e+00
-3.157346165982056085e+00
-3.157928918801097051e+00
-3.158655310982816822e+00
-3.159523980961743916e+00
-3.160533299162471277e+00
-3.161681370314683548e+00
-3.162966036128228797e+00
-3.164384878318135641e+00
-3.165935221968144919e+00
-3.167614139221886838e+00
-3.169418453290053783e+00
-3.171344742763396063e+00
-3.173389346221067608e+00
-3.175548367126300953e+00
-3.177817679001567530e+00
-3.180192930878719348e+00
-3.182669553020275099e+00
-3.185242762911991932e+00
-3.187907571527979655e+00
-3.190658789874039059e+00
-3.193491035816229839e+00
-3.196398741206327720e+00
-3.199376159317131485e+00
-3.202417372605202317e+00
-3.205516300819453157e+00
-3.208666709478489310e+00
-3.211862218739563790e+00
-3.215096312685888691e+00
-3.218362349058024652e+00
-3.221653569457873179e+00
-3.224963110051520587e+00
-3.228284012798528835e+00
-3.231609237231541254e+00
-3.234931672809714165e+00
-3.238244151863957310e+00
-3.241539463149807343e+00
-3.244810366016390279e+00
-3.248049605195724610e+00
-3.251249926207495644e+00
-3.254404091368332086e+00
-3.257504896383748072e+00
-3.260545187493283592e+00
-3.263517879127071364e+00
-3.266415972023295922e+00
-3.269232571742884730e+00
-3.271960907508412397e+00
-3.274594351281065130e+00
-3.277126436980319912e+00
-3.279550879738707181e+00
-3.281861595075971749e+00
-3.284052717866511539e+00
-3.286118620967951820e+00
-3.288053933371229309e+00
-3.289853557729434996e+00
-3.291512687119029668e+00
-3.293026820887698047e+00
-3.294391779443831769e+00
-3.295603717847726877e+00
-3.296659138069947481e+00
-3.297554899791971916e+00
-3.298288229634262603e+00
-3.298856728710756858e+00
-3.299258378423037374e+00
-3.299491544424745015e+00
-3.299554978704334118e+00
-3.299447819753951183e+00
-3.299169590811773300e+00
-3.298720196185757292e+00
-3.298099915686898420e+00
-3.297309397220114402e+00
-3.296349647600047561e+00
-3.295222021677074231e+00
-3.293928209875570001e+00
-3.292470224261233813e+00
-3.290850383267410528e+00
-3.289071295221033697e+00
-3.287135840817537957e+00
-3.285047154700086125e+00
-3.282808606302714427e+00
-3.280423780118050914e+00
-3.277896455550171506e+00
-3.275230586509731978e+00
-3.272430280904523592e+00
-3.269499780171286840e+00
-3.266443438987601144e+00
-3.263265705292326846e+00
-3.259971100733866312e+00
-3.256564201653311397e+00
-3.253049620698902356e+00
-3.249431989155266987e+00
-3.245715940059716864e+00
-3.241906092165004249e+00
-3.238007034797032002e+00
-3.234023313643849207e+00
-3.229959417502344721e+00
-3.225819765998051647e+00
-3.221608698285008732e+00
-3.217330462723032358e+00
-3.212989207523129220e+00
-3.208588972343616064e+00
-3.204133680814807317e+00
-3.199627133963574455e+00
-3.195073004505972314e+00
-3.190474831971359393e+00
-3.185836018619609522e+00
-3.181159826109842825e+00
-3.176449372878491495e+00
-3.171707632182680925e+00
-3.166937430765198513e+00
-3.162141448096609686e+00
-3.157322216151209560e+00
-3.152482119673506666e+00
-3.147623396893701742e+00
-3.142748140651189459e+00
-3.137858299887389180e+00
-3.132955681469974163e+00
-3.128041952313287410e+00
-3.123118641760708858e+00
-3.118187144197358762e+00
-3.113248721862971191e+00
-3.108304507837098996e+00
-3.103355509170416582e+00
-3.098402610138162316e+00
-3.093446575593266523e+00
-3.088488054398905280e+00
-3.083527582921577803e+00
-3.078565588567955924e+00
-3.073602393349873729e+00
-3.068638217463822926e+00
-3.063673182872423073e+00
-3.058707316876969617e+00
-3.053740555671254686e+00
-3.048772747868271793e+00
-3.043803657992382394e+00
-3.038832969930740813e+00
-3.033860290338611154e+00
-3.028885151994319624e+00
-3.023907017100297079e+00
-3.018925280527479771e+00
-3.013939273001249752e+00
-3.008948264227473857e+00
-3.003951465958158984e+00
-2.998948034996574474e+00
-2.993937076142420217e+00
-2.988917645077977081e+00
-2.983888751196760225e+00
-2.978849360376587541e+00
-2.973798397699320084e+00
-2.968734750120026078e+00
-2.963657269088643798e+00
-2.958564773127424274e+00
-2.953456050368013397e+00
-2.948329861052019218e+00
-2.943184939999588412e+00
-2.938019999050313746e+00
-2.932833729481662211e+00
-2.927624804409703074e+00
-2.922391881177946793e+00
-2.917133603739578529e+00
-2.911848605039379478e+00
-2.906535509401301898e+00
-2.901192934928372935e+00
-2.895819495921591713e+00
-2.890413805325006358e+00
-2.884974477204194088e+00
-2.879500129266055364e+00
-2.873989385427647480e+00
-2.868440878442705344e+00
-2.862853252594232512e+00
-2.857225166462539878e+00
-2.851555295777785215e+00
-2.845842336367238712e+00
-2.840085007207090673e+00
-2.834282053589773920e+00
-2.828432250417578064e+00
-2.822534405634323118e+00
-2.816587363806749789e+00
-2.810590009868330963e+00
-2.804541273038097859e+00
-2.798440130927979830e+00
-2.792285613852306003e+00
-2.786076809353817296e+00
-2.779812866960610140e+00
-2.773493003189356543e+00
-2.767116506809777832e+00
-2.760682744386570242e+00
-2.754191166114218881e+00
-2.747641311961350308e+00
-2.741032818140359151e+00
-2.734365423918920346e+00
-2.727638978789027835e+00
-2.720853450009568242e+00
-2.714008930537255448e+00
-2.707105647360597001e+00
-2.700143970250003633e+00
-2.693124420936209518e+00
-2.686047682727155550e+00
-2.678914610571739185e+00
-2.671726241575723027e+00
-2.664483805972627017e+00
-2.657188738548009077e+00
-2.649842690511869936e+00
-2.642447541807959599e+00
-2.635005413843646949e+00
-2.627518682616270862e+00
-2.619989992204584617e+00
-2.612422268584543072e+00
-2.604818733718652801e+00
-2.597182919856445338e+00
-2.589518683971157476e+00
-2.581830222243083561e+00
-2.574122084484899986e+00
-2.566399188386801367e+00
-2.558666833441149979e+00
-2.550930714386193010e+00
-2.543196933987623698e+00
-2.535472014954275100e+00
-2.527762910761542248e+00
-2.520077015132280440e+00
-2.512422169901785463e+00
-2.504806670969689897e+00
-2.497239272020206791e+00
-2.489729185671228251e+00
-2.482286081695995517e+00
-2.474920081946558437e+00
-2.467641751599974675e+00
-2.460462086345094335e+00
-2.453392495132511897e+00
-2.446444778123777919e+00
-2.439631099499611988e+00
-2.432963954821711905e+00
-2.426456132690955503e+00
-2.420120670505444327e+00
-2.413970804198086295e+00
-2.408019911922807399e+00
-2.402281451763403908e+00
-2.396768893655969457e+00
-2.391495645845981066e+00
-2.386474976339419296e+00
-2.381719929953153958e+00
-2.377243241717421185e+00
-2.373057247529281710e+00
-2.369173793094762726e+00
-2.365604142323259218e+00
-2.362358886445523609e+00
-2.359447855209594547e+00
-2.356880031562999633e+00
-2.354663471249089035e+00
-2.352805228727281150e+00
-2.351311290769225959e+00
-2.350186518984437090e+00
-2.349434602391470506e+00
-2.349058020976590111e+00
