-3.181175139475170610e+00
-3.181344003124753073e+00
-3.181681497901300837e+00
-3.182187159172571445e+00
-3.182860291019783183e+00
-3.183699967465063452e+00
-3.184705034094794218e+00
-3.185874110067722587e+00
-3.187205590494436525e+00
-3.188697649172437476e+00
-3.190348241659314521e+00
-3.192155108664773699e+00
-3.194115779741097505e+00
-3.196227577250586815e+00
-3.198487620588072566e+00
-3.200892830636258513e+00
-3.203439934432036118e+00
-3.206125470022213264e+00
-3.208945791488298838e+00
-3.211897074121059514e+00
-3.214975319727257919e+00
-3.218176362052854511e+00
-3.221495872309168007e+00
-3.224929364790821040e+00
-3.228472202576979200e+00
-3.232119603310052547e+00
-3.235866645048966372e+00
-3.239708272196918593e+00
-3.243639301506521466e+00
-3.247654428168049279e+00
-3.251748231989318061e+00
-3.255915183678285807e+00
-3.260149651242008950e+00
-3.264445906517634111e+00
-3.268798131853158928e+00
-3.273200426957204368e+00
-3.277646815938237257e+00
-3.282131254554574440e+00
-3.286647637696781032e+00
-3.291189807124028643e+00
-3.295751559475426085e+00
-3.300326654576108965e+00
-3.304908824056382421e+00
-3.309491780299933961e+00
-3.314069225734471935e+00
-3.318634862474825198e+00
-3.323182402324829976e+00
-3.327705577139940640e+00
-3.332198149547764832e+00
-3.336653924018463169e+00
-3.341066758271358683e+00
-3.345430574998067286e+00
-3.349739373876201132e+00
-3.353987243841328958e+00
-3.358168375578193920e+00
-3.362277074185648473e+00
-3.366307771963320761e+00
-3.370255041261609463e+00
-3.374113607330734510e+00
-3.377878361098971993e+00
-3.381544371805202065e+00
-3.385106899406638004e+00
-3.388561406679057253e+00
-3.391903570924263089e+00
-3.395129295197870878e+00
-3.398234718970049695e+00
-3.401216228132426966e+00
-3.404070464266215623e+00
-3.406794333089689708e+00
-3.409385012007423832e+00
-3.411839956689226572e+00
-3.414156906613285525e+00
-3.416333889515930977e+00
-3.418369224698986741e+00
-3.420261525155438243e+00
-3.422009698484332230e+00
-3.423612946576843008e+00
-3.425070764066607154e+00
-3.426382935549026953e+00
-3.427549531585579512e+00
-3.428570903520754776e+00
-3.429447677149912721e+00
-3.430180745287032540e+00
-3.430771259290921193e+00
-3.431220619617350476e+00
-3.431530465472554692e+00
-3.431702663650205043e+00
-3.431739296639813475e+00
-3.431642650098772673e+00
-3.431415199783547809e+00
-3.431059598037408787e+00
-3.430578659932836949e+00
-3.429975349166196175e+00
-3.429252763800723081e+00
-3.428414121951226079e+00
-3.427462747500200191e+00
-3.426402055930848789e+00
-3.425235540357078001e+00
-3.423966757825028129e+00
-3.422599315954367061e+00
-3.421136859980947520e+00
-3.419583060255761531e+00
-3.417941600248043610e+00
-3.416216165093498347e+00
-3.414410430721732226e+00
-3.412528053590244692e+00
-3.410572661045872866e+00
-3.408547842328411015e+00
-3.406457140225285674e+00
-3.404304043380776079e+00
-3.402091979258278442e+00
-3.399824307749520269e+00
-3.397504315420604826e+00
-3.395135210381098112e+00
-3.392720117759264742e+00
-3.390262075763760929e+00
-3.387764032309884321e+00
-3.385228842186607245e+00
-3.382659264739083405e+00
-3.380057962040266872e+00
-3.377427497524510880e+00
-3.374770335055448989e+00
-3.372088838400376432e+00
-3.369385271083347622e+00
-3.366661796589465183e+00
-3.363920478893325683e+00
-3.361163283285200087e+00
-3.358392077469271708e+00
-3.355608632909189648e+00
-3.352814626397046638e+00
-3.350011641823081199e+00
-3.347201172124402824e+00
-3.344384621392141543e+00
-3.341563307117728421e+00
-3.338738462559972309e+00
-3.335911239215950452e+00
-3.333082709379758146e+00
-3.330253868774328385e+00
-3.327425639242678201e+00
-3.324598871485957119e+00
-3.321774347836675467e+00
-3.318952785056626276e+00
-3.316134837149791625e+00
-3.313321098181502666e+00
-3.310512105096041768e+00
-3.307708340525521429e+00
-3.304910235583790712e+00
-3.302118172639736837e+00
-3.299332488065033431e+00
-3.296553474952039320e+00
-3.293781385797987848e+00
-3.291016435152363417e+00
-3.288258802224583111e+00
-3.285508633449749194e+00
-3.282766045010486966e+00
-3.280031125313368268e+00
-3.277303937418642565e+00
-3.274584521422355898e+00
-3.271872896790197327e+00
-3.269169064642550637e+00
-3.266473009990599863e+00
-3.263784703923295449e+00
-3.261104105745320059e+00
-3.258431165066249413e+00
-3.255765823841049844e+00
-3.253108018362510734e+00
-3.250457681205765503e+00
-3.247814743125545078e+00
-3.245179134906547525e+00
-3.242550789167399472e+00
-3.239929642118681397e+00
-3.237315635275459957e+00
-3.234708717124697763e+00
-3.232108844747836773e+00
-3.229515985398974554e+00
-3.226930118038590756e+00
-3.224351234823154222e+00
-3.221779342550461056e+00
-3.219214464060703218e+00
-3.216656639593014066e+00
-3.214105928097112042e+00
-3.211562408499726740e+00
-3.209026180925043548e+00
-3.206497367868561099e+00
-3.203976115323440066e+00
-3.201462593858344530e+00
-3.198956999645607979e+00
-3.196459555438421418e+00
-3.193970511495569653e+00
-3.191490146452150345e+00
-3.189018768134491033e+00
-3.186556714317337669e+00
-3.184104353421413958e+00
-3.181662085148988073e+00
-3.179230341055324427e+00
-3.176809585053519402e+00
-3.174400313850195054e+00
-3.172003057309477736e+00
-3.169618378742496301e+00
-3.167246875119630545e+00
-3.164889177202720560e+00
-3.162545949594252725e+00
-3.160217890700742771e+00
-3.157905732607324989e+00
-3.155610240860700966e+00
-3.153332214157655411e+00
-3.151072483936339541e+00
-3.148831913867663257e+00
-3.146611399244373608e+00
-3.144411866265324651e+00
-3.142234271212887453e+00
-3.140079599521520048e+00
-3.137948864735843113e+00
-3.135843107356893089e+00
-3.133763393575392353e+00
-3.131710813891547929e+00
-3.129686481621003935e+00
-3.127691531287184468e+00
-3.125727116900646863e+00
-3.123794410126727872e+00
-3.121894598343058380e+00
-3.120028882589374053e+00
-3.118198475412462312e+00
-3.116404598609726406e+00
-3.114648480875657821e+00
-3.112931355355897711e+00
-3.111254457114511318e+00
-3.109619020520622890e+00
-3.108026276561237200e+00
-3.106477450087899328e+00
-3.104973757005310198e+00
-3.103516401410805425e+00
-3.102106572694238285e+00
-3.100745442608257463e+00
-3.099434162319719910e+00
-3.098173859453319245e+00
-3.096965635139127926e+00
-3.095810561075928113e+00
-3.094709676622875438e+00
-3.093663985931852434e+00
-3.092674455133508804e+00
-3.091742009589705020e+00
-3.090867531225332865e+00
-3.090051855952286708e+00
-3.089295771198129259e+00
-3.088600013551956014e+00
-3.087965266539235643e+00
-3.087392158537241471e+00
-3.086881260842029295e+00
-3.086433085897122730e+00
-3.086048085693541942e+00
-3.085726650349854161e+00
-3.085469106879996204e+00
-3.085275718155791491e+00
-3.085146682069820123e+00
-3.085082130903426645e+00
