6.818672740493841502e+02
6.818591450760575299e+02
6.818429158972521691e+02
6.818186438394427569e+02
6.817864143716767558e+02
6.817463404874599746e+02
6.816985618915987288e+02
6.816432440012405323e+02
6.815805767723154531e+02
6.815107733645158987e+02
6.814340686595003262e+02
6.813507176485513810e+02
6.812609937069581747e+02
6.811651867734694861e+02
6.810636014536484026e+02
6.809565550665228102e+02
6.808443756538441676e+02
6.807273999713190733e+02
6.806059714805571730e+02
6.804804383600538813e+02
6.803511515524305651e+02
6.802184628643270798e+02
6.800827231338535057e+02
6.799442804793779942e+02
6.798034786416502584e+02
6.796606554299478375e+02
6.795161412809761714e+02
6.793702579378696100e+02
6.792233172546351625e+02
6.790756201300238217e+02
6.789274555728717360e+02
6.787790998997168117e+02
6.786308160637088349e+02
6.784828531127932365e+02
6.783354457735769074e+02
6.781888141565060550e+02
6.780431635766686895e+02
6.778986844840470667e+02
6.777555524960057483e+02
6.776139285245950532e+02
6.774739589905065031e+02
6.773357761155664321e+02
6.771994982851798568e+02
6.770652304724309261e+02
6.769330647152904703e+02
6.768030806388827614e+02
6.766753460146929910e+02
6.765499173492472664e+02
6.764268404948708167e+02
6.763061512758810068e+02
6.761878761237479694e+02
6.760720327155539735e+02
6.759586306103212792e+02
6.758476718785925641e+02
6.757391517209025551e+02
6.756330590715757580e+02
6.755293771845364290e+02
6.754280841985624875e+02
6.753291536796416494e+02
6.752325551387659743e+02
6.751382545236887154e+02
6.750462146837670616e+02
6.749563958071556726e+02
6.748687558301332956e+02
6.747832508184279732e+02
6.746998353208582557e+02
6.746184626956284092e+02
6.745390854099886155e+02
6.744616553139611597e+02
6.743861238891229277e+02
6.743124424733878186e+02
6.742405624629673184e+02
6.741704354926001770e+02
6.741020135953267527e+02
6.740352493429778633e+02
6.739700959686765600e+02
6.739065074725389195e+02
6.738444387118488521e+02
6.737838454768582324e+02
6.737246845534239128e+02
6.736669137735698314e+02
6.736104920550915267e+02
6.735553794312075979e+02
6.735015370712668528e+02
6.734489272934157498e+02
6.733975135701208501e+02
6.733472605273461795e+02
6.732981339381620955e+02
6.732501007114822187e+02
6.732031288765908812e+02
6.731571875640578355e+02
6.731122469835950142e+02
6.730682783993582916e+02
6.730252541031514966e+02
6.729831473859504740e+02
6.729419325081136094e+02
6.729015846686262421e+02
6.728620799736597746e+02
6.728233954047331054e+02
6.727855087866862505e+02
6.727483987556969396e+02
6.727120447274921844e+02
6.726764268659381969e+02
6.726415260521110895e+02
6.726073238539910335e+02
6.725738024968413811e+02
6.725409448343863232e+02
6.725087343208081165e+02
6.724771549836593749e+02
6.724461913976758751e+02
6.724158286595720710e+02
6.723860523637789584e+02
6.723568485791910234e+02
6.723282038268663428e+02
6.723001050587334930e+02
6.722725396372359228e+02
6.722454953159597153e+02
6.722189602211669808e+02
6.721929228342717124e+02
6.721673719751743192e+02
6.721422967864912152e+02
6.721176867185847641e+02
6.720935315154346199e+02
6.720698212012466684e+02
6.720465460678442469e+02
6.720236966627331867e+02
6.720012637778888802e+02
6.719792384391513451e+02
6.719576118962836517e+02
6.719363756135754784e+02
6.719155212610479566e+02
6.718950407061482792e+02
6.718749260059860262e+02
6.718551694000018415e+02
6.718357633031280329e+02
6.718167002993242249e+02
6.717979731355590047e+02
6.717795747161150075e+02
6.717614980972962258e+02
6.717437364824138513e+02
6.717262832171305718e+02
6.717091317850462246e+02
6.716922758036025698e+02
6.716757090201925848e+02
6.716594253085562514e+02
6.716434186653476672e+02
6.716276832069603415e+02
6.716122131664935750e+02
6.715970028909504208e+02
6.715820468385535378e+02
6.715673395762687505e+02
6.715528757774239921e+02
6.715386502195174216e+02
6.715246577821008032e+02
6.715108934448371656e+02
6.714973522856163299e+02
6.714840294788297115e+02
6.714709202936924157e+02
6.714580200927108535e+02
6.714453243301868497e+02
6.714328285508586305e+02
6.714205283885681865e+02
6.714084195650598303e+02
6.713964978887977395e+02
6.713847592539081006e+02
6.713731996391369421e+02
6.713618151069280202e+02
6.713506018025134381e+02
6.713395559531215895e+02
6.713286738671966987e+02
6.713179519337353440e+02
6.713073866216344641e+02
6.712969744791564608e+02
6.712867121334069225e+02
6.712765962899323995e+02
6.712666237323329597e+02
6.712567913219976390e+02
6.712470959978602423e+02
6.712375347762798583e+02
6.712281047509486598e+02
6.712188030929297611e+02
6.712096270507281588e+02
6.712005739504985513e+02
6.711916411962934035e+02
6.711828262704557346e+02
6.711741267340609056e+02
6.711655402275093820e+02
6.711570644711810019e+02
6.711486972662468133e+02
6.711404364955532174e+02
6.711322801246737981e+02
6.711242262030423262e+02
6.711162728652661826e+02
6.711084183325285721e+02
6.711006609141822992e+02
6.710929990094432469e+02
6.710854311092832631e+02
6.710779557984341182e+02
6.710705717575956442e+02
6.710632777657655197e+02
6.710560727027781240e+02
6.710489555519691294e+02
6.710419254030514367e+02
6.710349814551188956e+02
6.710281230198561389e+02
6.710213495248738127e+02
6.710146605172374166e+02
6.710080556671096019e+02
6.710015347715672078e+02
6.709950977585058354e+02
6.709887446906890318e+02
6.709824757698478379e+02
6.709762913408757186e+02
6.709701918960197418e+02
6.709641780790998382e+02
6.709582506896498444e+02
6.709524106869954494e+02
6.709466591941506977e+02
6.709409975015380496e+02
6.709354270703962584e+02
6.709299495358615104e+02
6.709245667095805175e+02
6.709192805818148599e+02
6.709140933228840140e+02
6.709090072838920378e+02
6.709040249965679550e+02
6.708991491721543525e+02
6.708943826991622927e+02
6.708897286399180757e+02
6.708851902257218853e+02
6.708807708505361234e+02
6.708764740630348342e+02
6.708723035569452122e+02
6.708682631595295334e+02
6.708643568181670389e+02
6.708605885849253809e+02
6.708569625991203793e+02
6.708534830678181606e+02
6.708501542443360677e+02
6.708469804047805383e+02
6.708439658227547397e+02
6.708411147423698822e+02
6.708384313497881521e+02
6.708359197435312353e+02
6.708335839038813901e+02
6.708314276617068117e+02
6.708294546671282887e+02
6.708276683584382454e+02
6.708260719317512439e+02
6.708246683118492228e+02
6.708234601247199862e+02
6.708224496722568801e+02
6.708216389095883869e+02
6.708210294254564587e+02
6.708206224260284216e+02
6.708204187224600901e+02
