2.401101641746688031e+01
2.398449571386120738e+01
2.393154451002139993e+01
2.385234268612494191e+01
2.374715875410868193e+01
2.361634829557053550e+01
2.346035190664847647e+01
2.327969265242410302e+01
2.307497307010821075e+01
2.284687172413175205e+01
2.259613936644861454e+01
2.232359470494774101e+01
2.203011984581922178e+01
2.171665541153962664e+01
2.138419541100905263e+01
2.103378186119183724e+01
2.066649924538980443e+01
2.028346880404044228e+01
1.988584274956999565e+01
1.947479839660796941e+01
1.905153230324405200e+01
1.861725440903700957e+01
1.817318226741491216e+01
1.772053535172642569e+01
1.726052953247019772e+01
1.679437169790136863e+01
1.632325461356353102e+01
1.584835198551128954e+01
1.537081381920115497e+01
1.489176203130512199e+01
1.441228640154059271e+01
1.393344081446934446e+01
1.345623987250846199e+01
1.298165582327627021e+01
1.251061587599875757e+01
1.204399984404158808e+01
1.158263818139121071e+01
1.112731034507041983e+01
1.067874354433313577e+01
1.023761180468934029e+01
9.804535400762672381e+00
9.380080583394676097e+00
8.964759648485280508e+00
8.559031271689052645e+00
8.163301150428409869e+00
7.777922877414778391e+00
7.403199081673810689e+00
7.039382762669132099e+00
6.686678848660728924e+00
6.345245907553723086e+00
6.015198037112205576e+00
5.696606866593352692e+00
5.389503692980823324e+00
5.093881688663407736e+00
4.809698200534968215e+00
4.536877082990264043e+00
4.275311081982255956e+00
4.024864218920378711e+00
3.785374189046130766e+00
3.556654729882474886e+00
3.338497972028869221e+00
3.130676735079722217e+00
2.932946778605659777e+00
2.745048978399264428e+00
2.566711435502143868e+00
2.397651495774743236e+00
2.237577684884235918e+00
2.086191544115962859e+00
1.943189368882420220e+00
1.808263843049083608e+00
1.681105567447360949e+00
1.561404483518130659e+00
1.448851186275708969e+00
1.343138135585983051e+00
1.243960754866127560e+00
1.151018434673019231e+00
1.064015423970196661e+00
9.826616357234880805e-01
9.066733414521507273e-01
8.357737915132260609e-01
7.696937242327137607e-01
7.081718109493543301e-01
6.509549800106630979e-01
5.977986698338773053e-01
5.484669024120333303e-01
5.027321784839814400e-01
4.603748894888612386e-01
4.211819123887067251e-01
3.849432513962742775e-01
3.514451003196075729e-01
3.204572774849797634e-01
2.917200772497798855e-01
2.649561053084960038e-01
2.399361666448387442e-01
2.165466494553617560e-01
1.947749417555875440e-01
1.746444838700434155e-01
1.561676403577167971e-01
1.393279571967991071e-01
1.240788596656466625e-01
1.103485672404197759e-01
9.804677309069130542e-02
8.707118458837255492e-02
7.731327633520054810e-02
6.866295999406359096e-02
6.101217874877171155e-02
5.425748315934490751e-02
4.830175291894043405e-02
4.305520708601025953e-02
3.843587634857604379e-02
3.436966633978809360e-02
3.079014298384121287e-02
2.763812674871778119e-02
2.486117877922500857e-02
2.241302675455144125e-02
2.025297693204283420e-02
1.834533322159874816e-02
1.665884668070843205e-02
1.516620042101691698e-02
1.384354048772000641e-02
1.267004955483403555e-02
1.162756767765931766e-02
1.070025337025999959e-02
9.874286618831789111e-03
9.137605945856962231e-03
8.479680409141392497e-03
7.891308637872533963e-03
7.364445948091249451e-03
6.892052073433076534e-03
6.467961060994380056e-03
6.086766405126058967e-03
5.743723565719076676e-03
5.434663432206498189e-03
5.155919453050484408e-03
4.904262377397865941e-03
4.676845839094380571e-03
4.471157003388873293e-03
4.284975948867644074e-03
4.116338176675804830e-03
3.963504302464297170e-03
3.824931408596453711e-03
3.699250448330727425e-03
3.585244194423247918e-03
3.481830426353060490e-03
3.388044806369587634e-03
3.303028418525685416e-03
3.226014332111937482e-03
3.156318430375660861e-03
3.093328738610697133e-03
3.036498753464580112e-03
2.985338847391321316e-03
2.939411511330618752e-03
2.898324320448996197e-03
2.861726652411278413e-03
2.829303827454096587e-03
2.800774975342134113e-03
2.775888057748000185e-03
2.754418639509272591e-03
2.736165571801069639e-03
2.720950484988867400e-03
2.708613963593032962e-03
2.699015624387538122e-03
2.692030653376032735e-03
2.687550367856084057e-03
2.685479015016322552e-03
2.685734743448628132e-03
2.688246585067511837e-03
2.692955782212792283e-03
2.699812891260093290e-03
2.708779427645021092e-03
2.719825042167558441e-03
2.732929459215063372e-03
2.748079686392483276e-03
2.765272231863590436e-03
2.784510315345757343e-03
2.805806359550148000e-03
2.829179176361920102e-03
2.854656735426359254e-03
2.882273303963704333e-03
2.912072503110098212e-03
2.944104383676714003e-03
2.978428788351751046e-03
3.015112349146096063e-03
3.054232181419610712e-03
3.095872792080003096e-03
3.140130140061351497e-03
3.187108447895782657e-03
3.236924673249934499e-03
3.289705220656827852e-03
3.345590880618903168e-03
3.404733443554620615e-03
3.467301177582449503e-03
3.533475353735370753e-03
3.603456351880151426e-03
3.677460115855916024e-03
3.755725000447152420e-03
3.838508188539951037e-03
3.926093422586854689e-03
4.018787434914061589e-03
4.116928747404634444e-03
4.220884193316418696e-03
4.331059022852039656e-03
4.447893634079298254e-03
4.571875295292374304e-03
4.703535259584090342e-03
4.843462515738448243e-03
4.992301544366551172e-03
5.150768649918804551e-03
5.319650739404701949e-03
5.499824987822829990e-03
5.692259204116901193e-03
5.898035869986578694e-03
6.118354934756552871e-03
6.354563688823893462e-03
6.608163252358733100e-03
6.880846372609688254e-03
7.174509527194510190e-03
7.491301688253103504e-03
7.833644993474697324e-03
8.204298998070354287e-03
8.606394520429968067e-03
9.043520243090697949e-03
9.519777040712305155e-03
1.003989758359642367e-02
1.060933296172797413e-02
1.123442224593615771e-02
1.192253091932279387e-02
1.268229810969737949e-02
1.352385983607038225e-02
1.445922054167630977e-02
1.550261851452229903e-02
1.667110268419478430e-02
1.798514291406856994e-02
1.946955752691829911e-02
2.115455851384086955e-02
2.307730098184785847e-02
2.528372787279044992e-02
2.783126726184734223e-02
3.079220343393525988e-02
3.425858439298370278e-02
3.834862552376488987e-02
4.321605783954623331e-02
4.906279128003449008e-02
5.615751549448699115e-02
6.486161602466987419e-02
7.566726246542974932e-02
8.925072762989702535e-02
1.065480854594914872e-01
1.288528576943373805e-01
1.579254786955807122e-01
1.960444002544058373e-01
2.457855539639919873e-01
3.089372956680755955e-01
3.834269646748740268e-01
4.576205746704030686e-01
5.070201485716900880e-01
