5.242547819236935576e-06
5.245723925566215150e-06
5.252079691178863918e-06
5.261622220061339030e-06
5.274362163368870910e-06
5.290313713573319403e-06
5.309494596558329426e-06
5.331926061574050453e-06
5.357632868941308105e-06
5.386643275376869291e-06
5.418989016788196435e-06
5.454705288366770526e-06
5.493830721791944230e-06
5.536407359334339321e-06
5.582480624632697544e-06
5.632099289903030404e-06
5.685315439316655018e-06
5.742184428277053995e-06
5.802764838305790205e-06
5.867118427239088756e-06
5.935310074426517159e-06
6.007407720612116319e-06
6.083482302176697673e-06
6.163607679409926000e-06
6.247860558483942325e-06
6.336320406797922315e-06
6.429069361366449450e-06
6.526192129931076419e-06
6.627775884484473695e-06
6.733910146904777068e-06
6.844686666418339830e-06
6.960199288623700680e-06
7.080543815833303841e-06
7.205817858515792970e-06
7.336120677651734562e-06
7.471553017844162244e-06
7.612216931072055661e-06
7.758215591002482671e-06
7.909653097834237940e-06
8.066634273684154553e-06
8.229264448582007270e-06
8.397649237196812828e-06
8.571894306469290484e-06
8.752105134388876018e-06
8.938386760217617252e-06
9.130843526523147474e-06
9.329578813453048822e-06
9.534694765749945100e-06
9.746292013073948419e-06
9.964469384268027441e-06
1.018932361627083213e-05
1.042094905844636721e-05
1.065943737317308515e-05
1.090487723358696025e-05
1.115735401944634514e-05
1.141694951213757164e-05
1.168374158989529988e-05
1.195780392436162667e-05
1.223920567965432916e-05
1.252801121514607663e-05
1.282427979319948139e-05
1.312806529311619505e-05
1.343941593258555494e-05
1.375837399792336573e-05
1.408497558439511142e-05
1.441925034791115899e-05
1.476122126936814358e-05
1.511090443288109088e-05
1.546830881913069687e-05
1.583343611499035201e-05
1.620628054056642140e-05
1.658682869471221014e-05
1.697505942001521279e-05
1.737094368818158191e-05
1.777444450665816229e-05
1.818551684724114225e-05
1.860410759732849783e-05
1.903015553436565924e-05
1.946359132392987135e-05
1.990433754179030278e-05
2.035230872015439486e-05
2.080741141820942948e-05
2.126954431693491140e-05
2.173859833804583149e-05
2.221445678681174579e-05
2.269699551836183528e-05
2.318608312699281220e-05
2.368158115785228257e-05
2.418334434028352617e-05
2.469122084199786466e-05
2.520505254314086898e-05
2.572467532922471459e-05
2.624991940181031533e-05
2.678060960573844151e-05
2.731656577163130037e-05
2.785760307233661092e-05
2.840353239189877428e-05
2.895416070562726663e-05
2.950929146976649957e-05
3.006872501925006785e-05
3.063225897200992767e-05
3.119968863827923047e-05
3.177080743334558959e-05
3.234540729220179218e-05
3.292327908456550576e-05
3.350421302875648301e-05
3.408799910295489657e-05
3.467442745239853710e-05
3.526328879112709781e-05
3.585437479693108633e-05
3.644747849821605116e-05
3.704239465156852746e-05
3.763892010886311159e-05
3.823685417283472892e-05
3.883599894010532057e-05
3.943615963073946037e-05
4.003714490348510833e-05
4.063876715592378767e-05
4.124084280886190367e-05
4.184319257435304909e-05
4.244564170683715412e-05
4.304802023696799719e-05
4.365016318777136461e-05
4.425191077286143282e-05
4.485310857651995947e-05
4.545360771551741494e-05
4.605326498262345039e-05
4.665194297183024964e-05
4.724951018536477441e-05
4.784584112264512665e-05
4.844081635137521542e-05
4.903432256103418957e-05
4.962625259907527841e-05
5.021650549016727676e-05
5.080498643888693065e-05
5.139160681627680228e-05
5.197628413073369626e-05
5.255894198371521977e-05
5.313951001077205923e-05
5.371792380843881160e-05
5.429412484753594060e-05
5.486806037343325314e-05
5.543968329384561322e-05
5.600895205474543408e-05
5.657583050494748700e-05
5.714028774996246008e-05
5.770229799567826103e-05
5.826184038243873114e-05
5.881889881007952364e-05
5.937346175446289498e-05
5.992552207606040190e-05
6.047507682108710234e-05
6.102212701570939858e-05
6.156667745381074082e-05
6.210873647879127789e-05
6.264831575985551899e-05
6.318543006322850425e-05
6.372009701872258431e-05
6.425233688204518955e-05
6.478217229324975332e-05
6.530962803167190923e-05
6.583473076772040444e-05
6.635750881183867891e-05
6.687799186095112270e-05
6.739621074271847246e-05
6.791219715784436799e-05
6.842598342075523969e-05
6.893760219888116854e-05
6.944708625080563873e-05
6.995446816353097425e-05
7.045978008909550394e-05
7.096305348077516534e-05
7.146431882910976607e-05
7.196360539799115299e-05
7.246094096102286572e-05
7.295635153843655501e-05
7.344986113476438820e-05
7.394149147756027120e-05
7.443126175741175893e-05
7.491918836953373548e-05
7.540528465725058463e-05
7.588956065765180628e-05
7.637202284979199797e-05
7.685267390576862052e-05
7.733151244507191306e-05
7.780853279261716517e-05
7.828372474089608987e-05
7.875707331672677244e-05
7.922855855310068399e-05
7.969815526667060922e-05
8.016583284145158118e-05
8.063155501936718390e-05
8.109527969825573528e-05
8.155695873807734797e-05
8.201653777601482275e-05
8.247395605125501712e-05
8.292914624026714767e-05
8.338203430340925687e-05
8.383253934376542896e-05
8.428057347912981114e-05
8.472604172807860856e-05
8.516884191113928296e-05
8.560886456803806289e-05
8.604599289207891894e-05
8.648010268269826684e-05
8.691106231724635611e-05
8.733873274307327194e-05
8.776296749098793629e-05
8.818361271112142865e-05
8.860050723226492377e-05
8.901348264567074040e-05
8.942236341429722981e-05
8.982696700842647563e-05
9.022710406851109418e-05
9.062257859607796451e-05
9.101318817336845237e-05
9.139872421235807360e-05
9.177897223366998311e-05
9.215371217577504170e-05
9.252271873472449326e-05
9.288576173456113182e-05
9.324260652833698084e-05
9.359301442953285534e-05
9.393674317350289734e-05
9.427354740831855428e-05
9.460317921426593380e-05
9.492538865096522809e-05
9.523992433090848616e-05
9.554653401798958771e-05
9.584496524933961716e-05
9.613496597860461245e-05
9.641628523854450122e-05
9.668867382060866440e-05
9.695188496896334554e-05
9.720567508619399309e-05
9.744980444774963317e-05
9.768403792197962495e-05
9.790814569249868603e-05
9.812190397939224147e-05
9.832509575575807737e-05
9.851751145586755876e-05
9.869894967125511010e-05
9.886921783093218430e-05
9.902813286194563547e-05
9.917552182652410121e-05
9.931122253205193376e-05
9.943508411028870652e-05
9.954696756227902096e-05
9.964674626558955406e-05
9.973430644071979540e-05
9.980954757369140599e-05
9.987238279210864777e-05
9.992273919225045612e-05
9.996055811502655060e-05
9.998579536899849943e-05
9.999842139896242374e-05
