0.000000000000000000e+00
0.000000000000000000e+00
1.358059610179720806e+19
4.074239355450412237e+19
8.148662595013486182e+19
1.358152013914938245e+20
2.037307716933387223e+20
2.852368245575636419e+20
3.803377986418165678e+20
4.890392214228008305e+20
6.113478697347574661e+20
7.472719528464448225e+20
8.968213179208742994e+20
1.060007677685254062e+21
1.236844860123139015e+21
1.427349079985951080e+21
1.631539231909319279e+21
1.849437204908951208e+21
2.081068218024917205e+21
2.326461176877541229e+21
2.585649050899578880e+21
2.858669271012313399e+21
3.145564147522729935e+21
3.446381308032052101e+21
3.761174155165867442e+21
4.090002343962398425e+21
4.432932278784946602e+21
4.790037629666653635e+21
5.161399868037696324e+21
5.547108821840719512e+21
5.947263250098120819e+21
6.361971437063793279e+21
6.791351806165721809e+21
7.235533554028661178e+21
7.694657304954888258e+21
8.168875786338121548e+21
8.658354525588702626e+21
9.163272569258310107e+21
9.683823225168690414e+21
1.022021482847194736e+22
1.077267153269657541e+22
1.134143412696959995e+22
1.192676088074157320e+22
1.252892841748561972e+22
1.314823261899103561e+22
1.378498956202197647e+22
1.443953648927046527e+22
1.511223281669193387e+22
1.580346117947605910e+22
1.651362851907340914e+22
1.724316721386878507e+22
1.799253625626771744e+22
1.876222247914078365e+22
1.955274183475093045e+22
2.036464072947651523e+22
2.119849741783069517e+22
2.205492345947158269e+22
2.293456524309600980e+22
2.383810558131138934e+22
2.476626538078691498e+22
2.571980539219895386e+22
2.669952804470027138e+22
2.770627936986884735e+22
2.874095102031850950e+22
2.980448238838953594e+22
3.089786283057943989e+22
3.202213400362070363e+22
3.317839231836851326e+22
3.436779151792230158e+22
3.559154538667406315e+22
3.685093059725159406e+22
3.814728970260850305e+22
3.948203428080158926e+22
4.085664824029238369e+22
4.227269129391334805e+22
4.373180260994631126e+22
4.523570464907642431e+22
4.678620719630289312e+22
4.838521159721094952e+22
5.003471520833577838e+22
5.173681607167858180e+22
5.349371782376188176e+22
5.530773484994236200e+22
5.718129769502454107e+22
5.911695874154147139e+22
6.111739816738578183e+22
6.318543019478178228e+22
6.532400964288694243e+22
6.753623879659516278e+22
6.982537460437952024e+22
7.219483621826093489e+22
7.464821288920891890e+22
7.718927223147702990e+22
7.982196886953588163e+22
8.255045348139128691e+22
8.537908225215562147e+22
8.831242675177510037e+22
9.135528425079165053e+22
9.451268848793705408e+22
9.778992090320499376e+22
1.011925223498207598e+23
1.047263052982165564e+23
1.083973665447196733e+23
1.122121004371551705e+23
1.161772126289502625e+23
1.202997343725928432e+23
1.245870373624282234e+23
1.290468491357708301e+23
1.336872690401405284e+23
1.385167847731061305e+23
1.435442894997094463e+23
1.487790995507435631e+23
1.542309727032526808e+23
1.599101270425010281e+23
1.658272604022971249e+23
1.719935703779648775e+23
1.784207749033840356e+23
1.851211333803874189e+23
1.921074683453776866e+23
1.993931876542919643e+23
2.069923071629978291e+23
2.149194738758287496e+23
2.231899895302441623e+23
2.318198345805246245e+23
2.408256925379730436e+23
2.502249746192741381e+23
2.600358446484635643e+23
2.702772441513663052e+23
2.809689175743785903e+23
2.921314375520686283e+23
3.037862301403011676e+23
3.159555999233885518e+23
3.286627548952114045e+23
3.419318310052710633e+23
3.557879162513252030e+23
3.702570741905509214e+23
3.853663667311655791e+23
4.011438760561074273e+23
4.176187255197433174e+23
4.348210993477477361e+23
4.527822609591967983e+23
4.715345697187326423e+23
4.911114959153265010e+23
5.115476337527913521e+23
5.328787121258892907e+23
5.551416029445941415e+23
5.783743267580647792e+23
6.026160554190450689e+23
6.279071115190056727e+23
6.542889643143925334e+23
6.818042218549554341e+23
7.104966190164583572e+23
7.404110011322214939e+23
7.715933029110573768e+23
8.040905223233658662e+23
8.379506891325785191e+23
8.732228277460255250e+23
9.099569140576268468e+23
9.482038259549810039e+23
9.880152871653093503e+23
1.029443804118800094e+24
1.072542595514018111e+24
1.117365514278689418e+24
1.163966961630187375e+24
1.212401792953880171e+24
1.262725215234066966e+24
1.314992675791839294e+24
1.369259742106914233e+24
1.425581972526347701e+24
1.484014777692475741e+24
1.544613272554958993e+24
1.607432118868226387e+24
1.672525358115280501e+24
1.739946234842302581e+24
1.809747010435493692e+24
1.881978767422138102e+24
1.956691204432016540e+24
2.033932422012822157e+24
2.113748699554117742e+24
2.196184263638354609e+24
2.281281048204509404e+24
2.369078446979578543e+24
2.459613058705278420e+24
2.552918425761709881e+24
2.649024766865714530e+24
2.747958704599020549e+24
2.849742988599778014e+24
2.954396215329626599e+24
3.061932545407311583e+24
3.172361419577685124e+24
3.285687274461669039e+24
3.401909259307631621e+24
3.521020955036710244e+24
3.643010096943608556e+24
3.767858302479227423e+24
3.895540805601836327e+24
4.026026199237867793e+24
4.159276187442272140e+24
4.295245348889351917e+24
4.433880913359326086e+24
4.575122552910384906e+24
4.718902189442861701e+24
4.865143820367926036e+24
5.013763364089108149e+24
5.164668526989995930e+24
5.317758693594178651e+24
5.472924841525238647e+24
5.630049482842934398e+24
5.789006633268056907e+24
5.949661810731277282e+24
6.111872064592003602e+24
6.275486036769647945e+24
6.440344055914190265e+24
6.606278265614619000e+24
6.773112787501911873e+24
6.940663919951546749e+24
7.108740372924972210e+24
7.277143539315286152e+24
7.445667802977417610e+24
7.614100883428794125e+24
7.782224217005867605e+24
7.949813374052745408e+24
8.116638511504906760e+24
8.282464860013420895e+24
8.447053244534825597e+24
8.610160637090483659e+24
8.771540740179062948e+24
8.930944599107251399e+24
9.088121241289711967e+24
9.242818340361145254e+24
9.394782902741894630e+24
9.543761974107202889e+24
9.689503363029433938e+24
9.831756378894996244e+24
9.970272581042930278e+24
1.010480653593542840e+25
1.023511657904935701e+25
1.036096557807571868e+25
1.048212169393271820e+25
1.059835913603578522e+25
1.070945890823016616e+25
1.081520954177363566e+25
1.091540781176477207e+25
1.100985943344186357e+25
1.109837973483220618e+25
1.118079430230911306e+25
1.125693959571648859e+25
1.132666352984481824e+25
1.138982601919175084e+25
1.144629948310819811e+25
1.149596930862272632e+25
1.153873426844690330e+25
1.157450689189190820e+25
1.160321378667316530e+25
1.162479590983846577e+25
1.163920878632949903e+25
