5.255554806146193414e+00
5.254819289329760501e+00
5.253348314339029379e+00
5.251141998485307383e+00
5.248200517466384163e+00
5.244524105447701423e+00
5.240113054496246647e+00
5.234967714715780929e+00
5.229088493395990689e+00
5.222475855201634154e+00
5.215130321034947336e+00
5.207052468278526192e+00
5.198242929368215748e+00
5.188702392089608928e+00
5.178431597857895419e+00
5.167431342067742683e+00
5.155702472075903486e+00
5.143245887604165567e+00
5.130062538419773333e+00
5.116153424791120230e+00
5.101519594860093321e+00
5.086162145150274760e+00
5.070082217624440446e+00
5.053281000244956189e+00
5.035759723708778779e+00
5.017519662059696017e+00
4.998562129092276152e+00
4.978888479015511237e+00
4.958500102516063990e+00
4.937398427473077334e+00
4.915584914669842931e+00
4.893061058559496246e+00
4.869828382613119011e+00
4.845888440136112862e+00
4.821242809239453919e+00
4.795893093706602883e+00
4.769840917573205274e+00
4.743087926044684544e+00
4.715635779668171601e+00
4.687486155301018975e+00
4.658640739857256463e+00
4.629101231327715560e+00
4.598869332081490846e+00
4.567946749938843531e+00
4.536335191006479306e+00
4.504036360805049988e+00
4.471051956615375467e+00
4.437383668663146707e+00
4.403033171951415525e+00
4.368002127506783516e+00
4.332292173671584479e+00
4.295904927417613095e+00
4.258841975070309260e+00
4.221104873698589444e+00
4.182695141242303905e+00
4.143614257990750893e+00
4.103863656084302036e+00
4.063444721099479295e+00
4.022358780897032027e+00
3.980607107338743234e+00
3.938190904457485431e+00
3.895111310341704325e+00
3.851369384609314217e+00
3.806966110510981327e+00
3.761902381701192066e+00
3.716179004632915284e+00
3.669796684638370721e+00
3.622756028718432386e+00
3.575057530976415876e+00
3.526701575949740430e+00
3.477688423489276204e+00
3.428018212844527568e+00
3.377690947159850854e+00
3.326706498619184327e+00
3.275064592861894219e+00
3.222764815648094139e+00
3.169806597747919952e+00
3.116189223916709938e+00
3.061911819458285944e+00
3.006973363376256536e+00
2.951372680272303484e+00
2.895108464642881962e+00
2.838179294171402134e+00
2.780583700947780734e+00
2.722320293767221955e+00
2.663388086778371466e+00
2.603787256485623924e+00
2.543521023608494414e+00
2.482600237609567717e+00
2.421054283001912388e+00
2.358954908067116385e+00
2.296457385944504104e+00
2.233836820362833819e+00
2.171453573409356075e+00
2.109640679463190338e+00
2.048629322108296513e+00
1.988560637520845997e+00
1.929522539436233863e+00
1.871574268558544141e+00
1.814757993045532203e+00
1.759104425918461612e+00
1.704635858856039743e+00
1.651368364354594664e+00
1.599313397468667519e+00
1.548479169794438670e+00
1.498871657293073811e+00
1.450495452681006547e+00
1.403354338554941405e+00
1.357451757083944610e+00
1.312791076468517337e+00
1.269375801745259658e+00
1.227209642021601654e+00
1.186296556385786127e+00
1.146640697464176073e+00
1.108246354743068540e+00
1.071117822599436442e+00
1.035259280256523251e+00
1.000674614819463404e+00
9.673672638194403817e-01
9.353400148158195204e-01
9.045948305242620391e-01
8.751326432099808539e-01
8.469531805804063618e-01
8.200547725055921111e-01
7.944341954590929955e-01
7.700865087027508604e-01
7.470049340887594536e-01
7.251807371592512430e-01
7.046031564080779130e-01
6.852593410336159652e-01
6.671343389814490266e-01
6.502110974472075089e-01
6.344705126490033376e-01
6.198914924007746796e-01
6.064510636376827524e-01
5.941244896742483572e-01
5.828854252919803969e-01
5.727060758890529790e-01
5.635573855324940151e-01
5.554092219850224055e-01
5.482305811459757816e-01
5.419897812346510246e-01
5.366546675247759746e-01
5.321928005260683214e-01
5.285716473751174149e-01
5.257587520283609761e-01
5.237219033306931282e-01
5.224292791843822004e-01
5.218495853523091865e-01
5.219521695299977893e-01
5.227071286768244507e-01
5.240853923332488007e-01
5.260587992804782731e-01
5.286001520123347897e-01
5.316832656241550215e-01
5.352829969995520631e-01
5.393752700447542736e-01
5.439370839780832689e-01
5.489465195012136478e-01
5.543827307616502331e-01
5.602259369838447078e-01
5.664574024133498531e-01
5.730594175137724289e-01
5.800152706783701095e-01
5.873092224983311738e-01
5.949264723878056049e-01
6.028531287680054529e-01
6.110761730964013871e-01
6.195834281710786984e-01
6.283635214472131914e-01
6.374058530934428868e-01
6.467005599517112735e-01
6.562384844932892536e-01
6.660111403429088694e-01
6.760106828905567689e-01
6.862298769554697753e-01
6.966620695043936884e-01
7.073011597661992278e-01
7.181415742762836674e-01
7.291782395554892160e-01
7.404065595302088409e-01
7.518223907462177058e-01
7.634220220917736777e-01
7.752021524150669585e-01
7.871598723908473927e-01
7.992926443381245249e-01
8.115982860089627771e-01
8.240749523511881058e-01
8.367211209518747861e-01
8.495355754497195822e-01
8.625173923279022548e-01
8.756659256452246076e-01
8.889807948366907908e-01
9.024618703953400933e-01
9.161092622980937517e-01
9.299233062254028681e-01
9.439045521785280890e-01
9.580537507659988572e-01
9.723718415106392676e-01
9.868599386536678342e-01
1.001519318558573568e+00
1.016351404378338597e+00
1.031357751840685566e+00
1.046540031982628127e+00
1.061900014437961115e+00
1.077439547255323093e+00
1.093160536592551413e+00
1.109064922386671981e+00
1.125154653076239297e+00
1.141431655568690751e+00
1.157897803244001711e+00
1.174554878248214695e+00
1.191404530560436825e+00
1.208448230110737542e+00
1.225687214097256561e+00
1.243122425762676952e+00
1.260754446411206375e+00
1.278583416866092559e+00
1.296608949749586293e+00
1.314830028686210461e+00
1.333244895388116857e+00
1.351850920601038730e+00
1.370644459447067698e+00
1.389620687035440616e+00
1.408773414510150257e+00
1.428094881390901350e+00
1.447575524170120920e+00
1.467203717243325656e+00
1.486965486279626436e+00
1.506844190811456263e+00
1.526820176955597574e+00
1.546870398617549380e+00
1.566968010033318759e+00
1.587081931009973079e+00
1.607176391447962205e+00
1.627210461667415009e+00
1.647137581375186510e+00
1.666905101794274424e+00
1.686453863087113758e+00
1.705717832605645690e+00
1.724623838026630995e+00
1.743091433633623621e+00
1.761032945827514462e+00
1.778353746428171567e+00
1.794952805907223725e+00
1.810723574883246867e+00
1.825555236178317609e+00
1.839334353984658943e+00
1.851946926038940511e+00
1.863280813934064639e+00
1.873228491864750156e+00
1.881690013792367555e+00
1.888576061561287434e+00
1.893810904258850458e+00
1.897335081124108758e+00
1.899107619363177291e+00
