2.009665099883878314e-02
2.009661650126615129e-02
2.009663037373837779e-02
2.009662158062031079e-02
2.009662828180713845e-02
2.009662319289845511e-02
2.009662772680076426e-02
2.009662420920882431e-02
2.009662771102588286e-02
2.009662508503357037e-02
2.009662799913536357e-02
2.009662596148564795e-02
2.009662850899046616e-02
2.009662689870622687e-02
2.009662920655186369e-02
2.009662792865446468e-02
2.009663007730666529e-02
2.009662907178660918e-02
2.009663111614368169e-02
2.009663034346825805e-02
2.009663232337416394e-02
2.009663175681286607e-02
2.009663370276371097e-02
2.009663332418465398e-02
2.009663526068189432e-02
2.009663505798220395e-02
2.009663700560815336e-02
2.009663697117453074e-02
2.009663894797553141e-02
2.009663907766706670e-02
2.009664110004028004e-02
2.009664139257910653e-02
2.009664347597189815e-02
2.009664393249027681e-02
2.009664609190742190e-02
2.009664671569710848e-02
2.009664896607876727e-02
2.009664976242908629e-02
2.009665211901123794e-02
2.009665309512087550e-02
2.009665557370687861e-02
2.009665673870836278e-02
2.009665935591969932e-02
2.009666072088306388e-02
2.009666349445682343e-02
2.009666507246143929e-02
2.009666802150361642e-02
2.009666982779528821e-02
2.009667297301309663e-02
2.009667502515488646e-02
2.009667838916040505e-02
2.009668070722997468e-02
2.009668431486039131e-02
2.009668692170990534e-02
2.009669080033460453e-02
2.009669372188432890e-02
2.009669790178286730e-02
2.009670116734707523e-02
2.009670568212362785e-02
2.009670932479096228e-02
2.009671421174996642e-02
2.009671826871756162e-02
2.009672356915925828e-02
2.009672808173346148e-02
2.009673384046711808e-02
2.009673885246426872e-02
2.009674511389053508e-02
2.009675066278371336e-02
2.009675745157729621e-02
2.009676352667177923e-02
2.009677075747462460e-02
2.009677710411961193e-02
2.009678415453031164e-02
2.009678933557629277e-02
2.009679296626654121e-02
2.009678971361100741e-02
2.009677358849065731e-02
2.009672496791631291e-02
2.009660496323356638e-02
2.009631776720166574e-02
2.009564627157656158e-02
2.009407424980436119e-02
2.009038381409766760e-02
2.008165588315574679e-02
2.006085510412952688e-02
2.001087416651070594e-02
1.988989803108603960e-02
1.959560988217645683e-02
1.888040123044587570e-02
1.716834418732743339e-02
1.325621056504822093e-02
5.204556692143924579e-03
-8.648770916091064187e-03
-2.777035964317908778e-02
-4.961597806091860852e-02
-7.179056949767112505e-02
-9.298587102917010849e-02
-1.126714545787132760e-01
-1.306848997772741550e-01
-1.470183702153777527e-01
-1.617312112989087725e-01
-1.749150548035226516e-01
-1.866780620990826922e-01
-1.971361387475723537e-01
-2.064071593318242970e-01
-2.146069070996817207e-01
-2.218462456413062833e-01
-2.282292652408245692e-01
-2.338521875343380074e-01
-2.388028665330138300e-01
-2.431607118691294922e-01
-2.469969275584059654e-01
-2.503749378334953479e-01
-2.533509471379564171e-01
-2.559745459748191676e-01
-2.582893508264856863e-01
-2.603336167356149478e-01
-2.621408376515368399e-01
-2.637402878610314305e-01
-2.651575357296375723e-01
-2.664148893210697144e-01
-2.675318144941108978e-01
-2.685252861572133276e-01
-2.694101189425402443e-01
-2.701992362436991257e-01
-2.709039277628710884e-01
-2.715340512815918594e-01
-2.720982320193411352e-01
-2.726040112906335522e-01
-2.730580009766267469e-01
-2.734659910869510768e-01
-2.738330703186820925e-01
-2.741637021556152520e-01
-2.744618201962605308e-01
-2.747308802495028179e-01
-2.749739371344362970e-01
-2.751936784214020770e-01
-2.753924878089398232e-01
-2.755724647228258162e-01
-2.757354781340576322e-01
-2.758831751204234295e-01
-2.760170280477162175e-01
-2.761383343567926363e-01
-2.762482593275489839e-01
-2.763478287206840300e-01
-2.764379688256750622e-01
-2.765194931103004961e-01
-2.765931408757552612e-01
-2.766595587084408336e-01
-2.767193387918923664e-01
-2.767729956837883809e-01
-2.768210051396342020e-01
-2.768637765290437036e-01
-2.769016928904979302e-01
-2.769350791376597454e-01
-2.769642439728958183e-01
-2.769894439038458889e-01
-2.770109275853268604e-01
-2.770288955581524104e-01
-2.770435475577543438e-01
-2.770550377935754871e-01
-2.770635257524213246e-01
-2.770691267529068469e-01
-2.770719667779931727e-01
-2.770721279600917297e-01
-2.770697079989024036e-01
-2.770647601550174643e-01
-2.770573578441432039e-01
-2.770475286375470025e-01
-2.770353246717838225e-01
-2.770207500704730541e-01
-2.770038378688471914e-01
-2.769845701808081873e-01
-2.769629624115353961e-01
-2.769389753930320830e-01
-2.769126077464549307e-01
-2.768837990965424267e-01
-2.768525315494927419e-01
-2.768187229686167594e-01
-2.767823386556094167e-01
-2.767432735227939311e-01
-2.767014752091285779e-01
-2.766568138138356669e-01
-2.766092178458648410e-01
-2.765585299864141144e-01
-2.765046574654346778e-01
-2.764474120892692066e-01
-2.763866768674919649e-01
-2.763222282682074038e-01
-2.762539211882130696e-01
-2.761814910752119490e-01
-2.761047596513358515e-01
-2.760234141559491094e-01
-2.759372366078290950e-01
-2.758458569592307508e-01
-2.757490091265143439e-01
-2.756462542880137034e-01
-2.755372674409337086e-01
-2.754215263972509820e-01
-2.752986332541013104e-01
-2.751679638112109472e-01
-2.750290290961631690e-01
-2.748810788991108423e-01
-2.747235093997705269e-01
-2.745554132340993769e-01
-2.743760403592688801e-01
-2.741842854530270879e-01
-2.739792104633142489e-01
-2.737594580865611582e-01
-2.735238460265498328e-01
-2.732706926442390882e-01
-2.729984948465040140e-01
-2.727051485234630035e-01
-2.723887242508014062e-01
-2.720465604983353103e-01
-2.716761539951076387e-01
-2.712740974034617003e-01
-2.708371042527890626e-01
-2.703607540438269230e-01
-2.698406749938064286e-01
-2.692710471009749917e-01
-2.686459692026795243e-01
-2.679576523012922595e-01
-2.671979997179391719e-01
-2.663563953480468927e-01
-2.654215249326377646e-01
-2.643786203926888900e-01
-2.632115417916568445e-01
-2.618992673426607243e-01
-2.604182290839665015e-01
-2.587377146938646955e-01
-2.568223815596116233e-01
-2.546260118564608321e-01
-2.520939643695361831e-01
-2.491542908705206283e-01
-2.457194896496866510e-01
-2.416731007787606689e-01
-2.368691652300703998e-01
-2.311104600628304251e-01
-2.241416599871329796e-01
-2.156107607422548256e-01
-2.050456393075790196e-01
-1.917785392033806158e-01
-1.748784329872956622e-01
-1.529869597796778280e-01
-1.241298083843466737e-01
-8.532502005327025074e-02
-3.206091894536114428e-02
4.267692746499335277e-02
1.496956206607334972e-01
3.052174769230741047e-01
5.283724096314290630e-01
8.238608196091921076e-01
1.194500014510617492e+00
1.611834693269112995e+00
1.917921036988611716e+00
