2.626287073459342537e+03
2.625540710747565299e+03
2.624048688075844893e+03
2.621812410305993126e+03
2.618833980735977093e+03
2.615116199187104939e+03
2.610662554684563474e+03
2.605477222311747937e+03
2.599565052301090873e+03
2.592931565718391994e+03
2.585582940046791919e+03
2.577526003787782429e+03
2.568768218646848709e+03
2.559317673160368940e+03
2.549183061615518454e+03
2.538373676833166428e+03
2.526899385976761550e+03
2.514770622640314286e+03
2.501998359720833378e+03
2.488594100977312337e+03
2.474569851158586971e+03
2.459938107213727108e+03
2.444711825881731329e+03
2.428904414745616123e+03
2.412529697501995088e+03
2.395601905060469562e+03
2.378135638719655617e+03
2.360145861520054495e+03
2.341647859558508571e+03
2.322657233806611657e+03
2.303189859797805184e+03
2.283261880124572144e+03
2.262889662731500266e+03
2.242089794303147301e+03
2.220879037392397549e+03
2.199274324907108166e+03
2.177292716296110939e+03
2.154951393336742512e+03
2.132267615591056256e+03
2.109258717688329853e+03
2.085942064251585180e+03
2.062335048859421477e+03
2.038455048628053873e+03
2.014319425025635610e+03
1.989945478277853226e+03
1.965350450195691565e+03
1.940551478553389643e+03
1.915565602077618678e+03
1.890409714925604248e+03
1.865100573970386677e+03
1.839654753484280718e+03
1.814088654841628568e+03
1.788418461488676940e+03
1.762660151172565065e+03
1.736829451253310481e+03
1.710941853555985290e+03
1.685012570053931995e+03
1.659056550430793550e+03
1.633088438136355762e+03
1.607122590736711118e+03
1.581173036315202353e+03
1.555253496683169715e+03
1.529377344068215507e+03
1.503557627255260741e+03
1.477807028472520415e+03
1.452137892533685545e+03
1.426562183798303067e+03
1.401091518391529007e+03
1.375737121079646613e+03
1.350509860655041848e+03
1.325420206529363213e+03
1.300478267389836219e+03
1.275693747274057387e+03
1.251075987635060301e+03
1.226633922634943701e+03
1.202376124825995475e+03
1.178310759448078898e+03
1.154445634177298643e+03
1.130788152665305006e+03
1.107345369969982812e+03
1.084123948238666799e+03
1.061130225722227806e+03
1.038370192596889183e+03
1.015849617308965549e+03
9.935741479106322913e+02
9.715497506829959775e+02
9.497835610666667208e+02
9.282861501997359710e+02
9.070767817646486719e+02
8.861958854013729479e+02
8.657315739517109705e+02
8.458642139274600140e+02
8.269001088505709731e+02
8.092118764644262683e+02
7.930803593925012365e+02
7.786033254758240219e+02
7.657367250241119336e+02
7.543679040729340386e+02
7.443611669444173913e+02
7.355778874558017151e+02
7.278848360939238091e+02
7.211574310773328307e+02
7.152812318993692315e+02
7.101523258312337248e+02
7.056773552423732099e+02
7.017730669217455670e+02
6.983657803749422328e+02
6.953906070053117219e+02
6.927907163007606641e+02
6.905164833838725826e+02
6.885247492849046012e+02
6.867780327624456049e+02
6.852438791567918770e+02
6.838941922236966775e+02
6.827047030287347980e+02
6.816544315574012671e+02
6.807252738165321944e+02
6.799015810297627240e+02
6.791698488743836606e+02
6.785183943116750243e+02
6.779371271062138931e+02
6.774173037951749166e+02
6.769513627765563797e+02
6.765327374306048114e+02
6.761557390362048636e+02
6.758154144424470360e+02
6.755074643553573424e+02
6.752281342184222694e+02
6.749741583593028054e+02
6.747426755019004077e+02
6.745311916733342059e+02
6.743375139643579814e+02
6.741597269704848259e+02
6.739961400953495740e+02
6.738452737125531939e+02
6.737058165606480316e+02
6.735766188576291142e+02
6.734566572607503758e+02
6.733450329301853117e+02
6.732409422029197685e+02
6.731436781574477664e+02
6.730526056432130417e+02
6.729671652999720664e+02
6.728868519420768735e+02
6.728112202762841889e+02
6.727398659003663397e+02
6.726724321726079552e+02
6.726085932737764779e+02
6.725480618328701894e+02
6.724905736399377929e+02
6.724358957421115974e+02
6.723838124962849179e+02
6.723341339287920846e+02
6.722866828917161683e+02
6.722413035371695287e+02
6.721978493963340497e+02
6.721561918612001136e+02
6.721162090466052632e+02
6.720777942028307734e+02
6.720408452517136766e+02
6.720052730757989821e+02
6.719709916427918870e+02
6.719379261332627493e+02
6.719060035852952524e+02
6.718751608346577768e+02
6.718453356249123090e+02
6.718164743426910945e+02
6.717885235488483886e+02
6.717614374978404612e+02
6.717351700534908332e+02
6.717096819861092172e+02
6.716849332426776300e+02
6.716608900187115978e+02
6.716375173575748931e+02
6.716147859965089992e+02
6.715926652736800406e+02
6.715711297495341796e+02
6.715501524032953284e+02
6.715297110320103684e+02
6.715097817207363278e+02
6.714903450224793460e+02
6.714713796883547730e+02
6.714528686321708619e+02
6.714347929085330406e+02
6.714171374661743812e+02
6.713998853633643193e+02
6.713830233142780344e+02
6.713665361322450735e+02
6.713504120735266270e+02
6.713346374999251793e+02
6.713192020243344587e+02
6.713040933850737702e+02
6.712893023975143478e+02
6.712748180332192760e+02
6.712606321818444712e+02
6.712467349287928755e+02
6.712331191314548278e+02
6.712197758896201094e+02
6.712066989399706927e+02
6.711938803139727270e+02
6.711813145543619612e+02
6.711689945556561270e+02
6.711569156061949570e+02
6.711450714067824492e+02
6.711334579416624138e+02
6.711220696711252458e+02
6.711109032346082586e+02
6.710999538133995657e+02
6.710892186688665788e+02
6.710786936716407354e+02
6.710683766777825667e+02
6.710582642210753193e+02
6.710483547297473024e+02
6.710386453786971970e+02
6.710291351492070362e+02
6.710198218381141260e+02
6.710107049627614515e+02
6.710017829242960943e+02
6.709930557599179792e+02
6.709845224576407645e+02
6.709761835577238571e+02
6.709680386163740877e+02
6.709600886580756196e+02
6.709523337858483956e+02
6.709447754860359510e+02
6.709374143828748629e+02
6.709302523971599612e+02
6.709232906430269168e+02
6.709165314417962236e+02
6.709099763590304519e+02
6.709036280747752699e+02
6.708974885591281918e+02
6.708915608000475004e+02
6.708858471158794146e+02
6.708803507418845129e+02
6.708750742784171734e+02
6.708700211373497950e+02
6.708651941248667754e+02
6.708605967490319699e+02
6.708562319364622226e+02
6.708521032023888893e+02
6.708482135007898250e+02
6.708445662584033471e+02
6.708411643582303441e+02
6.708380110390726259e+02
6.708351090126084273e+02
6.708324612301158822e+02
6.708300701335850817e+02
6.708279382913119662e+02
6.708260677836974537e+02
6.708244607093434979e+02
6.708231187062838217e+02
6.708220433300701870e+02
6.708212357111603978e+02
6.708206968062308988e+02
6.708204271923373199e+02
