5.413956372816004503e-01
5.416218227694835630e-01
5.420741735241048076e-01
5.427526492070475772e-01
5.436571892184891563e-01
5.447877130090011955e-01
5.461441197910403833e-01
5.477262890594003508e-01
5.495340801577148770e-01
5.515673330088113335e-01
5.538258675353200378e-01
5.563094846016582995e-01
5.590179652875790772e-01
5.619510720439622187e-01
5.651085478178526911e-01
5.684901174248031541e-01
5.720954865235700071e-01
5.759243432083417380e-01
5.799763568308996531e-01
5.842511798166311054e-01
5.887484463316711158e-01
5.934677743271431494e-01
5.984087640484300197e-01
6.035710003127560119e-01
6.089540508573324518e-01
6.145574688560874188e-01
6.203807911029410871e-01
6.264235407743100614e-01
6.326852254433388278e-01
6.391653400954659947e-01
6.458633649690251888e-01
6.527787688320660919e-01
6.599110066441430389e-01
6.672595231035461927e-01
6.748237501244801484e-01
6.826031106649186331e-01
6.905970160127902213e-01
6.988048699056971236e-01
7.072260656190461070e-01
7.158599903902166384e-01
7.247060223007215640e-01
7.337635350187660110e-01
7.430318944667311243e-01
7.525104638975845806e-01
7.621986003380334385e-01
7.720956600159742944e-01
7.822009945685114429e-01
7.925139568396819545e-01
8.030338968413944789e-01
8.137601679426276213e-01
8.246921225701215885e-01
8.358291188127874305e-01
8.471705158473464836e-01
8.587156809844849192e-01
8.704639848030437665e-01
8.824148086674178382e-01
8.945675395521448525e-01
9.069215780635535573e-01
9.194763329344362024e-01
9.322312295869316090e-01
9.451857042747839888e-01
9.583392132286830956e-01
9.716912264212935746e-01
9.852412373410158741e-01
9.989887563525697844e-01
1.012933321150232935e+00
1.027074489684537850e+00
1.041411851351184747e+00
1.055945019453009115e+00
1.070673643185545698e+00
1.085597399603850155e+00
1.100716006469734110e+00
1.116029213698456868e+00
1.131536817136954198e+00
1.147238649486904460e+00
1.163134595100471458e+00
1.179224580461299965e+00
1.195508590199963139e+00
1.211986657602484252e+00
1.228658882777593275e+00
1.245525425677042053e+00
1.262586531774753551e+00
1.279842541460128214e+00
1.297293955488853179e+00
1.314941542460286827e+00
1.332786642640604757e+00
1.350831873871521482e+00
1.369082908870926429e+00
1.387552821509794310e+00
1.406272402336288252e+00
1.425312399638096306e+00
1.444820169766627416e+00
1.465044400642253830e+00
1.486280050794574370e+00
1.508740080114114201e+00
1.532488079451022500e+00
1.557472251024970999e+00
1.583581209659809641e+00
1.610679404194392594e+00
1.638624141096111098e+00
1.667273901831851202e+00
1.696492633158261487e+00
1.726152380833662958e+00
1.756134739892291297e+00
1.786331699451560340e+00
1.816645843550717343e+00
1.846990248894181397e+00
1.877288013710585179e+00
1.907471679156043987e+00
1.937482468705677308e+00
1.967269544329907305e+00
1.996789193129458795e+00
2.026004095086500811e+00
2.054882578480054178e+00
2.083397980341791023e+00
2.111528017546314473e+00
2.139254264221068347e+00
2.166561644544132470e+00
2.193438022654283781e+00
2.219873804514567173e+00
2.245861624209394503e+00
2.271396036050614686e+00
2.296473278471718338e+00
2.321091037504694476e+00
2.345248270890855302e+00
2.368945026516954933e+00
2.392182312220509477e+00
2.414961955897238166e+00
2.437286509516833455e+00
2.459159140572168223e+00
2.480583561514954294e+00
2.501563944710417431e+00
2.522104870696816992e+00
2.542211260786966687e+00
2.561888339261826797e+00
2.581141579274917497e+00
2.599976675380041069e+00
2.618399499530146723e+00
2.636416081297646485e+00
2.654032571599463264e+00
2.671255228672967608e+00
2.688090387775858403e+00
2.704544451495309421e+00
2.720623864122622138e+00
2.736335105247768240e+00
2.751684667838203424e+00
2.766679054343505584e+00
2.781324757748457888e+00
2.795628259610658084e+00
2.809596013534252812e+00
2.823234444707831248e+00
2.836549935374703679e+00
2.849548825543902542e+00
2.862237400128460507e+00
2.874621890579744932e+00
2.886708463436109984e+00
2.898503222687867087e+00
2.910012199531585519e+00
2.921241355315295607e+00
2.932196572333616302e+00
2.942883657234280914e+00
2.953308332719584595e+00
2.963476241319023430e+00
2.973392937885762422e+00
2.983063893658199461e+00
2.992494489458162654e+00
3.001690019977994339e+00
3.010655687601386354e+00
3.019396606863202770e+00
3.027917798825163320e+00
3.036224195664060321e+00
3.044320635543541265e+00
3.052211867293098901e+00
3.059902545724672240e+00
3.067397236370136948e+00
3.074700411197670569e+00
3.081816453379945475e+00
3.088749653370387094e+00
3.095504213677939820e+00
3.102084245267847873e+00
3.108493772322005189e+00
3.114736728932677501e+00
3.120816963830164159e+00
3.126738237341274651e+00
3.132504226068286712e+00
3.138118520087004093e+00
3.143584627563024370e+00
3.148905972166833322e+00
3.154085897615240164e+00
3.159127665283276709e+00
3.164034458660259119e+00
3.168809381140435644e+00
3.173455460384579929e+00
3.177975646273218491e+00
3.182372815165955604e+00
3.186649768002901784e+00
3.190809234455105337e+00
3.194853871161414283e+00
3.198786265764423042e+00
3.202608935271488821e+00
3.206324329971608655e+00
3.209934831910661313e+00
3.213442758685562062e+00
3.216850362025005516e+00
3.220159831458146105e+00
3.223373292993332750e+00
3.226492812659296661e+00
3.229520395275562006e+00
3.232457987864913118e+00
3.235307478510207613e+00
3.238070699637723315e+00
3.240749426956168744e+00
3.243345382611290351e+00
3.245860234203987726e+00
3.248295597817398406e+00
3.250653037112136268e+00
3.252934066227944676e+00
3.255140148955245838e+00
3.257272701514440705e+00
3.259333091804200055e+00
3.261322642062474575e+00
3.263242628193193884e+00
3.265094282314146668e+00
3.266878792164933820e+00
3.268597303547827071e+00
3.270250919820910873e+00
3.271840704238493380e+00
3.273367679533881525e+00
3.274832830165894215e+00
3.276237101994865508e+00
3.277581404440075730e+00
3.278866610249970392e+00
3.280093557570690876e+00
3.281263049805128951e+00
3.282375857583716083e+00
3.283432718694950125e+00
3.284434339933843372e+00
3.285381397066629905e+00
3.286274536507701960e+00
3.287114375252044862e+00
3.287901502297640555e+00
3.288636478442112931e+00
3.289319837328943841e+00
3.289952084968025048e+00
3.290533700253619909e+00
3.291065134051133878e+00
3.291546809037703802e+00
3.291979118229784618e+00
3.292362424066930693e+00
3.292697056368305564e+00
3.292983310739515002e+00
3.293221446146819886e+00
3.293411682955371678e+00
3.293554200543810762e+00
3.293649135490403168e+00
3.293696579798107926e+00
