-5.125622665704232972e+00
-5.125334693016458054e+00
-5.124758773306810511e+00
-5.123894957876795608e+00
-5.122743323642915847e+00
-5.121303973045638003e+00
-5.119577034008141680e+00
-5.117562659784358203e+00
-5.115261028896738615e+00
-5.112672344923143264e+00
-5.109796836413284638e+00
-5.106634756613892101e+00
-5.103186383363436107e+00
-5.099452018754992544e+00
-5.095431989008552875e+00
-5.091126644070929963e+00
-5.086536357464900959e+00
-5.081661525825230896e+00
-5.076502568723785913e+00
-5.071059928140684292e+00
-5.065334068264295553e+00
-5.059325474896339436e+00
-5.053034655225568272e+00
-5.046462137165545592e+00
-5.039608469100496535e+00
-5.032474219154350337e+00
-5.025059974907160942e+00
-5.017366342593754247e+00
-5.009393946788812002e+00
-5.001143429533418505e+00
-4.992615449986660181e+00
-4.983810683478015591e+00
-4.974729821123165863e+00
-4.965373568800086623e+00
-4.955742646726188028e+00
-4.945837788355929909e+00
-4.935659739916111732e+00
-4.925209259222444125e+00
-4.914487115169435150e+00
-4.903494086463352275e+00
-4.892230961062412398e+00
-4.880698534823382673e+00
-4.868897610887373162e+00
-4.856828998237066486e+00
-4.844493511022589516e+00
-4.831891967026328949e+00
-4.819025186922520909e+00
-4.805893992646502078e+00
-4.792499206580544957e+00
-4.778841649824425275e+00
-4.764922141298798763e+00
-4.750741495913950452e+00
-4.736300523580521116e+00
-4.721600027273513689e+00
-4.706640801938219099e+00
-4.691423632447021319e+00
-4.675949292385941369e+00
-4.660218541902491296e+00
-4.644232126355295698e+00
-4.627990774052286760e+00
-4.611495194742010639e+00
-4.594746077243414994e+00
-4.577744087752276592e+00
-4.560489867366426253e+00
-4.542984030174367582e+00
-4.525227160683982675e+00
-4.507219811651173025e+00
-4.488962501426686735e+00
-4.470455711470179949e+00
-4.451699883639540722e+00
-4.432695417317895625e+00
-4.413442666684798787e+00
-4.393941937356263594e+00
-4.374193483698331164e+00
-4.354197504833223320e+00
-4.333954142076858140e+00
-4.313463474058939262e+00
-4.292725514329664094e+00
-4.271740204998157431e+00
-4.250507414092356662e+00
-4.229026925566325978e+00
-4.207298432879059469e+00
-4.185321514812386567e+00
-4.163095602310156629e+00
-4.140619879965306893e+00
-4.117893082313175412e+00
-4.094912956114296954e+00
-4.071674990539068340e+00
-4.048169243022798902e+00
-4.024372977586168965e+00
-4.000235113891867478e+00
-3.975652481911302161e+00
-3.950459465130525594e+00
-3.924475209254021824e+00
-3.897588866549353437e+00
-3.869792513586993277e+00
-3.841151290862392820e+00
-3.811765877179114970e+00
-3.781750013161816248e+00
-3.751219773003671598e+00
-3.720288283809653596e+00
-3.689062958332656184e+00
-3.657643849803340341e+00
-3.626122782011015122e+00
-3.594582932863507718e+00
-3.563098831837180569e+00
-3.531736590115054142e+00
-3.500554349762989848e+00
-3.469602820977389701e+00
-3.438925909089098454e+00
-3.408561340001802442e+00
-3.378541300641923151e+00
-3.348893032536880643e+00
-3.319639404839910490e+00
-3.290799424197813128e+00
-3.262388712053009510e+00
-3.234419918376890912e+00
-3.206903102902106006e+00
-3.179846059510926359e+00
-3.153254613259687922e+00
-3.127132869485987676e+00
-3.101483442034022264e+00
-3.076307642280860399e+00
-3.051605653386074479e+00
-3.027376672885925935e+00
-3.003619045605775639e+00
-2.980330371054473293e+00
-2.957507605116137750e+00
-2.935147141050724606e+00
-2.913244887771866409e+00
-2.891796331160207512e+00
-2.870796594819904790e+00
-2.850240486723079947e+00
-2.830122546834419772e+00
-2.810437082802946129e+00
-2.791178207700501623e+00
-2.772339867497307431e+00
-2.753915871306928942e+00
-2.735899912656564403e+00
-2.718285594001839112e+00
-2.701066443270520256e+00
-2.684235933949842501e+00
-2.667787497993939549e+00
-2.651714542450365197e+00
-2.636010459538852935e+00
-2.620668640538789340e+00
-2.605682483641373004e+00
-2.591045405641206667e+00
-2.576750848014187412e+00
-2.562792286825893218e+00
-2.549163237378291758e+00
-2.535857262651862065e+00
-2.522867976784149757e+00
-2.510189052292099987e+00
-2.497814222586516753e+00
-2.485737288168800241e+00
-2.473952118341790296e+00
-2.462452656536136431e+00
-2.451232921345387172e+00
-2.440287011107877380e+00
-2.429609104369510053e+00
-2.419193463824733215e+00
-2.409034436291859205e+00
-2.399126456099524241e+00
-2.389464044645141616e+00
-2.380041813300021847e+00
-2.370854462610239466e+00
-2.361896784783179548e+00
-2.353163662581381654e+00
-2.344650071444739581e+00
-2.336351078120898261e+00
-2.328261842470602971e+00
-2.320377615872310173e+00
-2.312693742752600201e+00
-2.305205658797977897e+00
-2.297908892247523926e+00
-2.290799061940756776e+00
-2.283871878405753897e+00
-2.277123141768503611e+00
-2.270548742666330000e+00
-2.264144660041088386e+00
-2.257906961904786680e+00
-2.251831803036324242e+00
-2.245915425623649320e+00
-2.240154156881299929e+00
-2.234544409591169956e+00
-2.229082679656004373e+00
-2.223765546558890804e+00
-2.218589670865768415e+00
-2.213551794622075519e+00
-2.208648738815584434e+00
-2.203877403727050766e+00
-2.199234766362986093e+00
-2.194717880775894692e+00
-2.190323875475006510e+00
-2.186049953730560880e+00
-2.181893390969023905e+00
-2.177851535075036260e+00
-2.173921803776162509e+00
-2.170101684955424659e+00
-2.166388734029331520e+00
-2.162780574283364121e+00
-2.159274894245679643e+00
-2.155869448057763371e+00
-2.152562052844827267e+00
-2.149350589133887102e+00
-2.146232998220471089e+00
-2.143207282646753864e+00
-2.140271503562872990e+00
-2.137423781278370072e+00
-2.134662292614911472e+00
-2.131985271545518756e+00
-2.129391006533874808e+00
-2.126877841277523107e+00
-2.124444172027128541e+00
-2.122088448452362108e+00
-2.119809170932330122e+00
-2.117604891566354119e+00
-2.115474211424325013e+00
-2.113415781729331311e+00
-2.111428301053738910e+00
-2.109510516707233219e+00
-2.107661221860565259e+00
-2.105879257181931585e+00
-2.104163507865362437e+00
-2.102512905571302770e+00
-2.100926425330086555e+00
-2.099403087861108297e+00
-2.097941956312407541e+00
-2.096542139059746290e+00
-2.095202786229512171e+00
-2.093923093118081447e+00
-2.092702296423805119e+00
-2.091539678484957143e+00
-2.090434563109645261e+00
-2.089386320917172579e+00
-2.088394364585814955e+00
-2.087458155710160135e+00
-2.086577199144318051e+00
-2.085751051968253833e+00
-2.084979316276726280e+00
-2.084261651064817755e+00
-2.083597761977395102e+00
-2.082987417020796705e+00
-2.082430429420963680e+00
-2.081926677285910632e+00
-2.081476068289874970e+00
-2.081078558556790359e+00
-2.080734061792694156e+00
-2.080442438697248431e+00
-2.080203180759650827e+00
-2.080014942296330993e+00
-2.079872895002331745e+00
-2.079769443965715503e+00
-2.079700826976246475e+00
-2.079666565700155623e+00
