1.132929076458868245e+01
1.132927078820930511e+01
1.132923090877583761e+01
1.132917127240672528e+01
1.132909209695532127e+01
1.132899367043736660e+01
1.132887634896184359e+01
1.132874055418821335e+01
1.132858677033819284e+01
1.132841554079488056e+01
1.132822746432621486e+01
1.132802319097337218e+01
1.132780341764774512e+01
1.132756888348252211e+01
1.132732036498665096e+01
1.132705867104999164e+01
1.132678463784887590e+01
1.132649912370103884e+01
1.132620300391793222e+01
1.132589716570093330e+01
1.132558250312592207e+01
1.132525991225804063e+01
1.132493028643543198e+01
1.132459451175737186e+01
1.132425346280836820e+01
1.132390799864585595e+01
1.132355895907494592e+01
1.132320716122937476e+01
1.132285339647350142e+01
1.132249842763596881e+01
1.132214298658137963e+01
1.132178777212245357e+01
1.132143344827117204e+01
1.132108064282402182e+01
1.132072994627308127e+01
1.132038191103178804e+01
1.132003705096168567e+01
1.131969584118412264e+01
1.131935871815911554e+01
1.131902608001199262e+01
1.131869828708735781e+01
1.131837566270911566e+01
1.131805849412477905e+01
1.131774703361223722e+01
1.131744149972713842e+01
1.131714207866960464e+01
1.131684892574944534e+01
1.131656216692997852e+01
1.131628190043145743e+01
1.131600819837625771e+01
1.131574110845920877e+01
1.131548065562769700e+01
1.131522684375762111e+01
1.131497965731253252e+01
1.131473906297479104e+01
1.131450501123889651e+01
1.131427743795844520e+01
1.131405626583956625e+01
1.131384140587482179e+01
1.131363275871278695e+01
1.131343021595959719e+01
1.131323366140975573e+01
1.131304297220443367e+01
1.131285801991632844e+01
1.131267867156089935e+01
1.131250479053445979e+01
1.131233623748021166e+01
1.131217287108377079e+01
1.131201454880019952e+01
1.131186112751490391e+01
1.131171246414101539e+01
1.131156841615614184e+01
1.131142884208151145e+01
1.131129360190667121e+01
1.131116255746295707e+01
1.131103557274899885e+01
1.131091251421150545e+01
1.131079325098454191e+01
1.131067765509047973e+01
1.131056560160567059e+01
1.131045696879381524e+01
1.131035163820991052e+01
1.131024949477748187e+01
1.131015042684171235e+01
1.131005432620090900e+01
1.130996108811865497e+01
1.130987061131877347e+01
1.130978279796515196e+01
1.130969755362831108e+01
1.130961478724043801e+01
1.130953441104051826e+01
1.130945634051099091e+01
1.130938049430734615e+01
1.130930679418180773e+01
1.130923516490228309e+01
1.130916553416754233e+01
1.130909783251954792e+01
1.130903199325372732e+01
1.130896795232793117e+01
1.130890564827068445e+01
1.130884502208932396e+01
1.130878601717848397e+01
1.130872857922936880e+01
1.130867265614018891e+01
1.130861819792806067e+01
1.130856515664263817e+01
1.130851348628171493e+01
1.130846314270893593e+01
1.130841408357383671e+01
1.130836626823423074e+01
1.130831965768112646e+01
1.130827421446615944e+01
1.130822990263162353e+01
1.130818668764309187e+01
1.130814453632466154e+01
1.130810341679676689e+01
1.130806329841657032e+01
1.130802415172088971e+01
1.130798594837158610e+01
1.130794866110340635e+01
1.130791226367418290e+01
1.130787673081733402e+01
1.130784203819661826e+01
1.130780816236303643e+01
1.130777508071383153e+01
1.130774277145350304e+01
1.130771121355675923e+01
1.130768038673332576e+01
1.130765027139455370e+01
1.130762084862171335e+01
1.130759210013594540e+01
1.130756400826975572e+01
1.130753655594000762e+01
1.130750972662231746e+01
1.130748350432682869e+01
1.130745787357522403e+01
1.130743281937900413e+01
1.130740832721887834e+01
1.130738438302528692e+01
1.130736097315992872e+01
1.130733808439831201e+01
1.130731570391318641e+01
1.130729381925890209e+01
1.130727241835656827e+01
1.130725148948000580e+01
1.130723102124244406e+01
1.130721100258392120e+01
1.130719142275932398e+01
1.130717227132707237e+01
1.130715353813837609e+01
1.130713521332705085e+01
1.130711728729984600e+01
1.130709975072726792e+01
1.130708259453486519e+01
1.130706580989494014e+01
1.130704938821867600e+01
1.130703332114864779e+01
1.130701760055168137e+01
1.130700221851207843e+01
1.130698716732513098e+01
1.130697243949095920e+01
1.130695802770862457e+01
1.130694392487050770e+01
1.130693012405693665e+01
1.130691661853105678e+01
1.130690340173391562e+01
1.130689046727976432e+01
1.130687780895154404e+01
1.130686542069657996e+01
1.130685329662241934e+01
1.130684143099286132e+01
1.130682981822413069e+01
1.130681845288119725e+01
1.130680732967423552e+01
1.130679644345521950e+01
1.130678578921463107e+01
1.130677536207828915e+01
1.130676515730429621e+01
1.130675517028008059e+01
1.130674539651953125e+01
1.130673583166024798e+01
1.130672647146084664e+01
1.130671731179838169e+01
1.130670834866582020e+01
1.130669957816961002e+01
1.130669099652730480e+01
1.130668260006526005e+01
1.130667438521639490e+01
1.130666634851801611e+01
1.130665848660968287e+01
1.130665079623114799e+01
1.130664327422032400e+01
1.130663591751132557e+01
1.130662872313252443e+01
1.130662168820467706e+01
1.130661480993906309e+01
1.130660808563568764e+01
1.130660151268149782e+01
1.130659508854864548e+01
1.130658881079276590e+01
1.130658267705130271e+01
1.130657668504184166e+01
1.130657083256048168e+01
1.130656511748021842e+01
1.130655953774935440e+01
1.130655409138992695e+01
1.130654877649615386e+01
1.130654359123288977e+01
1.130653853383410201e+01
1.130653360260135543e+01
1.130652879590231663e+01
1.130652411216925657e+01
1.130651954989756547e+01
1.130651510764428913e+01
1.130651078402664744e+01
1.130650657772058842e+01
1.130650248745932096e+01
1.130649851203187062e+01
1.130649465028163547e+01
1.130649090110494548e+01
1.130648726344962185e+01
1.130648373631355952e+01
1.130648031874328652e+01
1.130647700983255355e+01
1.130647380872091645e+01
1.130647071459233288e+01
1.130646772667375899e+01
1.130646484423375853e+01
1.130646206658112796e+01
1.130645939306352332e+01
1.130645682306611022e+01
1.130645435601021553e+01
1.130645199135202006e+01
1.130644972858123687e+01
1.130644756721984301e+01
1.130644550682082183e+01
1.130644354696692666e+01
1.130644168726948173e+01
1.130643992736721160e+01
1.130643826692511134e+01
1.130643670563334524e+01
1.130643524320618809e+01
1.130643387938102151e+01
1.130643261391735521e+01
1.130643144659591925e+01
1.130643037721779542e+01
1.130642940560360010e+01
1.130642853159274352e+01
1.130642775504272279e+01
1.130642707582850193e+01
1.130642649384193632e+01
1.130642600899127359e+01
1.130642562120072547e+01
1.130642533041009656e+01
1.130642513657450010e+01
1.130642503966413592e+01
