-3.648958240732177671e+00
-3.649246149280938489e+00
-3.649821940652754115e+00
-3.650685563474326933e+00
-3.651836940649531460e+00
-3.653275969593890338e+00
-3.655002522084013883e+00
-3.657016444649010101e+00
-3.659317558344293619e+00
-3.661905659300929816e+00
-3.664780518423367273e+00
-3.667941882098095352e+00
-3.671389471814744176e+00
-3.675122985035784051e+00
-3.679142094740323721e+00
-3.683446450457022792e+00
-3.688035677729715189e+00
-3.692909379316190677e+00
-3.698067134574575476e+00
-3.703508500831085737e+00
-3.709233012685996478e+00
-3.715240183553888631e+00
-3.721529504887866047e+00
-3.728100447896355973e+00
-3.734952462684041574e+00
-3.742084980149819273e+00
-3.749497411042661099e+00
-3.757189148045999350e+00
-3.765159564746533238e+00
-3.773408017910818035e+00
-3.781933846364887053e+00
-3.790736373469532960e+00
-3.799814905908315055e+00
-3.809168736368792274e+00
-3.818797142236180608e+00
-3.828699388488634003e+00
-3.838874726293582729e+00
-3.849322396125955503e+00
-3.860041626263922332e+00
-3.871031636140034315e+00
-3.882291634732669916e+00
-3.893820824161132954e+00
-3.905618397968778410e+00
-3.917683544974310372e+00
-3.930015447442136711e+00
-3.942613285203474760e+00
-3.955476233708928646e+00
-3.968603468434654058e+00
-3.981994162811663074e+00
-3.995647492933817713e+00
-4.009562635357888816e+00
-4.023738772132180230e+00
-4.038175088460556061e+00
-4.052870778072745317e+00
-4.067825040744890153e+00
-4.083037088034911832e+00
-4.098506140651444696e+00
-4.114231434580440272e+00
-4.130212218293374704e+00
-4.146447759294484392e+00
-4.162937341158261084e+00
-4.179680270530125696e+00
-4.196675873982353089e+00
-4.213923505504849842e+00
-4.231422543167831840e+00
-4.249172397143587077e+00
-4.267172506163615431e+00
-4.285422346116634529e+00
-4.303921426288007446e+00
-4.322669298583519115e+00
-4.341665553540412503e+00
-4.360909830230416340e+00
-4.380401812036679665e+00
-4.400141237293841989e+00
-4.420127894840883975e+00
-4.440361635468705437e+00
-4.460842367316330659e+00
-4.481570068272773710e+00
-4.502544781538140306e+00
-4.523766629599619726e+00
-4.545235811586243457e+00
-4.566952622301132081e+00
-4.588917460360946166e+00
-4.611130873151534360e+00
-4.633593628615428450e+00
-4.656306914500863314e+00
-4.679272797240978221e+00
-4.702495373467885820e+00
-4.725983580207363310e+00
-4.749757851922876029e+00
-4.773864422420291298e+00
-4.798398635489596664e+00
-4.823519545337049408e+00
-4.849411325748022250e+00
-4.876197583817790893e+00
-4.903898379200829716e+00
-4.932455290120532965e+00
-4.961770283693408778e+00
-4.991730236653619812e+00
-5.022218747982982734e+00
-5.053121918966904325e+00
-5.084331318745424433e+00
-5.115745761390240176e+00
-5.147272234527559220e+00
-5.178826382823080721e+00
-5.210332534251842063e+00
-5.241723508066329806e+00
-5.272940169160643897e+00
-5.303930910120227438e+00
-5.334651015698362642e+00
-5.365062045687113645e+00
-5.395131180229597589e+00
-5.424830629202964438e+00
-5.454137043345874680e+00
-5.483031005396591162e+00
-5.511496537527184714e+00
-5.539520688389248271e+00
-5.567093138131494534e+00
-5.594205875279972595e+00
-5.620852887704582024e+00
-5.647029915454024440e+00
-5.672734212158245803e+00
-5.697964358561600662e+00
-5.722720079310729346e+00
-5.747002103396728678e+00
-5.770812023443446570e+00
-5.794152191675953745e+00
-5.817025611370580940e+00
-5.839435859413089069e+00
-5.861387001919800888e+00
-5.882883536576115624e+00
-5.903930326390300465e+00
-5.924532556717877263e+00
-5.944695682645568802e+00
-5.964425396931546608e+00
-5.983727587687024396e+00
-6.002608314459096484e+00
-6.021073773751194125e+00
-6.039130281213513030e+00
-6.056784243188116257e+00
-6.074042143513437964e+00
-6.090910519752025465e+00
-6.107395953510344810e+00
-6.123505050351988110e+00
-6.139244432821016950e+00
-6.154620723294756068e+00
-6.169640539107571264e+00
-6.184310477780774917e+00
-6.198637113795353315e+00
-6.212626985770708821e+00
-6.226286594545377362e+00
-6.239622391974840809e+00
-6.252640780060056969e+00
-6.265348101107264256e+00
-6.277750637703448433e+00
-6.289854604035046037e+00
-6.301666146553312586e+00
-6.313191336289081690e+00
-6.324436170083608033e+00
-6.335406563766992960e+00
-6.346108353854416961e+00
-6.356547291479075490e+00
-6.366729044472155152e+00
-6.376659191958943040e+00
-6.386343226755061941e+00
-6.395786550548331562e+00
-6.404994476554696448e+00
-6.413972225219485068e+00
-6.422724927084988877e+00
-6.431257618953642563e+00
-6.439575246926078300e+00
-6.447682662975927848e+00
-6.455584628122755575e+00
-6.463285809374175628e+00
-6.470790783002566826e+00
-6.478104031815281161e+00
-6.485229948507887698e+00
-6.492172833227509265e+00
-6.498936896978581679e+00
-6.505526259448100923e+00
-6.511944952442693335e+00
-6.518196917947780555e+00
-6.524286011577218325e+00
-6.530216000841283730e+00
-6.535990568592261241e+00
-6.541613311478767123e+00
-6.547087743372570046e+00
-6.552417293989062586e+00
-6.557605312282374754e+00
-6.562655065213851557e+00
-6.567569741104062331e+00
-6.572352448533067104e+00
-6.577006219639365270e+00
-6.581534009137415708e+00
-6.585938697554826859e+00
-6.590223090354222713e+00
-6.594389921101148744e+00
-6.598441850678811171e+00
-6.602381470380207951e+00
-6.606211301205608066e+00
-6.609933796873429301e+00
-6.613551343191530485e+00
-6.617066260982264581e+00
-6.620480805519740386e+00
-6.623797169365373882e+00
-6.627017481864332815e+00
-6.630143811888616234e+00
-6.633178167386958535e+00
-6.636122498033211414e+00
-6.638978694824856142e+00
-6.641748592635228654e+00
-6.644433969856696542e+00
-6.647036550855945691e+00
-6.649558005658788851e+00
-6.651999952308449870e+00
-6.654363956589850915e+00
-6.656651534291544436e+00
-6.658864150968239137e+00
-6.661003224107800769e+00
-6.663070122931718409e+00
-6.665066170469368778e+00
-6.666992643397027685e+00
-6.668850774022414107e+00
-6.670641750163730954e+00
-6.672366717048210383e+00
-6.674026777233494023e+00
-6.675622992424248281e+00
-6.677156383438597409e+00
-6.678627931946985896e+00
-6.680038580485823552e+00
-6.681389234121664522e+00
-6.682680760512609730e+00
-6.683913991497806961e+00
-6.685089723202964684e+00
-6.686208717549247282e+00
-6.687271702391325512e+00
-6.688279372929314626e+00
-6.689232391854550208e+00
-6.690131390631902875e+00
-6.690976969609111258e+00
-6.691769699114278325e+00
-6.692510119459921469e+00
-6.693198741774750715e+00
-6.693836047809058165e+00
-6.694422490399543513e+00
-6.694958492971026409e+00
-6.695444449534910802e+00
-6.695880723803511181e+00
-6.696267648668942307e+00
-6.696605524921690034e+00
-6.696894620262547448e+00
-6.697135167750420059e+00
-6.697327364551826534e+00
-6.697471370398525359e+00
-6.697567306417586686e+00
-6.697615253977565963e+00
