4.707913333951625923e+00
4.707667073999424190e+00
4.707174757301859636e+00
4.706436550428158228e+00
4.705452808804980513e+00
4.704223946511581822e+00
4.702750551862773243e+00
4.701033299730487336e+00
4.699072983101288514e+00
4.696870536304169619e+00
4.694427009833996856e+00
4.691743581485687820e+00
4.688821570749686529e+00
4.685662427520449036e+00
4.682267756034720563e+00
4.678639289215852592e+00
4.674778920059942777e+00
4.670688687585426102e+00
4.666370787310275325e+00
4.661827576089936365e+00
4.657061558831553150e+00
4.652075414608150439e+00
4.646871971519499489e+00
4.641454233004882468e+00
4.635825353491251022e+00
4.629988659792525496e+00
4.623947628138399324e+00
4.617705904005366513e+00
4.611267282783684252e+00
4.604635713921877205e+00
4.597815294963208288e+00
4.590810273608779468e+00
4.583625030449121063e+00
4.576264085201581011e+00
4.568732081409502932e+00
4.561033788128496802e+00
4.553174086777361573e+00
4.545157966681609985e+00
4.536990516611858482e+00
4.528676914662614017e+00
4.520222424882306633e+00
4.511632382878098646e+00
4.502912190894639011e+00
4.494067307875440065e+00
4.485103240393569557e+00
4.476025532572926124e+00
4.466839758674917782e+00
4.457551513474879101e+00
4.448166402495692395e+00
4.438690035412997226e+00
4.429128014589776896e+00
4.419485927242972956e+00
4.409769339482453532e+00
4.399983785590244167e+00
4.390134759107072071e+00
4.380227709023346350e+00
4.370268030667352477e+00
4.360261055365474370e+00
4.350212049440784767e+00
4.340126202782768061e+00
4.330008626394075577e+00
4.319864343017897568e+00
4.309698284333236984e+00
4.299515284514185964e+00
4.289320074912566838e+00
4.279117280955841096e+00
4.268911416546807835e+00
4.258706879135194079e+00
4.248507950270353994e+00
4.238318785726897353e+00
4.228143418963993483e+00
4.217985753923705339e+00
4.207849563903255152e+00
4.197738489909315973e+00
4.187656037337831094e+00
4.177605576319790792e+00
4.167590337507985687e+00
4.157613412967904765e+00
4.147677754214789125e+00
4.137786172474145374e+00
4.127941334929186468e+00
4.118145770051166110e+00
4.108401860531395222e+00
4.098711849061041690e+00
4.089077834686757562e+00
4.079501775114175111e+00
4.069985486547918363e+00
4.060530643883708102e+00
4.051138781858186988e+00
4.041811296076234683e+00
4.032549443599423356e+00
4.023354344396989468e+00
4.014226981707941455e+00
4.005168204435303636e+00
3.996178728136915659e+00
3.987259135861104031e+00
3.978409880576041946e+00
3.969631286227482736e+00
3.960923549987664938e+00
3.952286742529413477e+00
3.943720812775041829e+00
3.935225585998547437e+00
3.926800768926214324e+00
3.918445950141840939e+00
3.910160602010759323e+00
3.901944084025106285e+00
3.893795643225296033e+00
3.885714417471181292e+00
3.877699437651119574e+00
3.869749629439462879e+00
3.861863815264847233e+00
3.854040718452543146e+00
3.846278962956723557e+00
3.838577078176554469e+00
3.830933499729411551e+00
3.823346573045686370e+00
3.815814555718641810e+00
3.808335619549931828e+00
3.800907854318125167e+00
3.793529269547952776e+00
3.786197798431349959e+00
3.778911298903515181e+00
3.771667559891494825e+00
3.764464300226658899e+00
3.757299176248767303e+00
3.750169781045557205e+00
3.743073651045359718e+00
3.736008267827426454e+00
3.728971062228872757e+00
3.721959417851005814e+00
3.714970676112069103e+00
3.708002138230316547e+00
3.701051071209922494e+00
3.694114711595056555e+00
3.687190269317472513e+00
3.680274933984516661e+00
3.673365876789894902e+00
3.666460258936995675e+00
3.659555234052676909e+00
3.652647954383474893e+00
3.645735576990436044e+00
3.638815267168764578e+00
3.631884206761511358e+00
3.624939598399675056e+00
3.617978670965916077e+00
3.610998688158487013e+00
3.603996952009354438e+00
3.596970810542444497e+00
3.589917664198445379e+00
3.582834972447896504e+00
3.575720259813325974e+00
3.568571123110247711e+00
3.561385237377205026e+00
3.554160363294012637e+00
3.546894353895236662e+00
3.539585160294747013e+00
3.532230839041746062e+00
3.524829558761285675e+00
3.517379605459192593e+00
3.509879389845780739e+00
3.502327452595906720e+00
3.494722471658651575e+00
3.487063265704024584e+00
3.479348801029017224e+00
3.471578197002257227e+00
3.463750729775896708e+00
3.455865837330601043e+00
3.447923124026182951e+00
3.439922364149620382e+00
3.431863504550757504e+00
3.423746669796902786e+00
3.415572162450662752e+00
3.407340466491093789e+00
3.399052249530867709e+00
3.390708362791645669e+00
3.382309842964134283e+00
3.373857912556620597e+00
3.365353979475185220e+00
3.356799636855491986e+00
3.348196661256849449e+00
3.339547013858700453e+00
3.330852833927433476e+00
3.322116442754218912e+00
3.313340334292168787e+00
3.304527178358980688e+00
3.295679812756802995e+00
3.286801241295271847e+00
3.277894629909081647e+00
3.268963302069242349e+00
3.260010732781299048e+00
3.251040545987144537e+00
3.242056507268221033e+00
3.233062519669401169e+00
3.224062616996381525e+00
3.215060959287880937e+00
3.206061825942580157e+00
3.197069610170959475e+00
3.188088812016685925e+00
3.179124032791722509e+00
3.170179968869568654e+00
3.161261404176345380e+00
3.152373205201013828e+00
3.143520313571414260e+00
3.134707738321212744e+00
3.125940553648770326e+00
3.117223886579739034e+00
3.108562915279122763e+00
3.099962859999353171e+00
3.091428977042108173e+00
3.082966553674204579e+00
3.074580899359500741e+00
3.066277341664942035e+00
3.058061218259981562e+00
3.049937871999151007e+00
3.041912643537735939e+00
3.033990865050228081e+00
3.026177855104071224e+00
3.018478912016899773e+00
3.010899306468187486e+00
3.003444277601374779e+00
2.996119024071953518e+00
2.988928701777720853e+00
2.981878412489711305e+00
2.974973204053698694e+00
2.968218058881745058e+00
2.961617890270090925e+00
2.955177537047705361e+00
2.948901756099302496e+00
2.942795217385009376e+00
2.936862497343448286e+00
2.931108072637123474e+00
2.925536317326315139e+00
2.920151490068720879e+00
2.914957738027082801e+00
2.909959082278138265e+00
2.905159418003782079e+00
2.900562505928943047e+00
2.896171968329683821e+00
2.891991283168363402e+00
2.888023778960163934e+00
2.884272631304737544e+00
2.880740852623024040e+00
2.877431297193653315e+00
2.874346646181505704e+00
2.871489410048415181e+00
2.868861922654235563e+00
2.866466338020080329e+00
2.864304624610234384e+00
2.862378563173892942e+00
2.860689747481622192e+00
2.859239574489885971e+00
2.858029251534921489e+00
2.857059776173093368e+00
2.856331967676706274e+00
2.855846422054496792e+00
2.855603543326281635e+00
