1.930260556470781916e-02
1.928510122148653985e-02
1.925015840967861380e-02
1.919790840865423856e-02
1.912854696781075489e-02
1.904233291716416615e-02
1.893958633820642598e-02
1.882068631468312297e-02
1.868606828727145328e-02
1.853622104023856798e-02
1.837168335172375752e-02
1.819304034255470742e-02
1.800091956113788333e-02
1.779598684422683749e-02
1.757894199492638157e-02
1.735051432046915559e-02
1.711145807271411204e-02
1.686254783438931662e-02
1.660457389338779524e-02
1.633833764644186323e-02
1.606464707175731671e-02
1.578431230826073117e-02
1.549814137649484225e-02
1.520693607350399705e-02
1.491148807075733454e-02
1.461257524091756459e-02
1.431095823553371962e-02
1.400737733218725828e-02
1.370254956569960138e-02
1.339716615439946051e-02
1.309189022857402442e-02
1.278735486478346263e-02
1.248416142610115839e-02
1.218287820525618993e-02
1.188403936447685570e-02
1.158814416324138903e-02
1.129565646253297140e-02
1.100700449219638860e-02
1.072258086601663059e-02
1.044274282777931002e-02
1.016781271024564878e-02
9.898078588246745843e-03
9.633795106396308983e-03
9.375184461777855485e-03
9.122437521815246128e-03
8.875715057895321516e-03
8.635149075633745744e-03
8.400844223440029693e-03
8.172879261722779815e-03
7.951308576138977485e-03
7.736163719230689656e-03
7.527454966045623100e-03
7.325172870429497163e-03
7.129289810020815639e-03
6.939761509132114960e-03
6.756528530048822034e-03
6.579517724415621244e-03
6.408643637665064306e-03
6.243809860506943817e-03
6.084910322672102377e-03
5.931830525051274075e-03
5.784448707402520436e-03
5.642636949606770307e-03
5.506262205325517488e-03
5.375187267568778786e-03
5.249271666393079405e-03
5.128372499453382263e-03
5.012345196686879972e-03
4.901044220770473317e-03
4.794323705402338612e-03
4.692038033697503926e-03
4.594042359267346345e-03
4.500193072685387645e-03
4.410348216214414127e-03
4.324367849713008256e-03
4.242114370725353148e-03
4.163452791731282743e-03
4.088250977550770236e-03
4.016379845818076645e-03
3.947713533407374090e-03
3.882129531575653075e-03
3.819508792519186666e-03
3.759735809901811141e-03
3.702698675819106767e-03
3.648289116513007881e-03
3.596402509044369870e-03
3.546937880977089463e-03
3.499797895015888897e-03
3.454888820388783525e-03
3.412120492654113942e-03
3.371406263468898143e-03
3.332662941749144937e-03
3.295810727519627586e-03
3.260773139653243627e-03
3.227476938578290998e-03
3.195852044944901427e-03
3.165831455132878461e-03
3.137351154405932079e-03
3.110350028422567258e-03
3.084769773745804633e-03
3.060554807912661737e-03
3.037652179566069106e-03
3.016011479082620229e-03
2.995584750080465108e-03
2.976326402133557415e-03
2.958193124977772075e-03
2.941143804445951488e-03
2.925139440336239471e-03
2.910143066377959137e-03
2.896119672433155115e-03
2.883036129039198443e-03
2.870861114378279143e-03
2.859565043732191156e-03
2.849120001466658517e-03
2.839499675567518262e-03
2.830679294740842851e-03
2.822635568071741111e-03
2.815346627229402352e-03
2.808791971193089643e-03
2.802952413468500371e-03
2.797810031754475752e-03
2.793348120017562046e-03
2.789551142923684529e-03
2.786404692576315446e-03
2.783895447504522794e-03
2.782011133844975066e-03
2.780740488657694465e-03
2.780073225317774947e-03
2.780000000921345384e-03
2.780512385647557465e-03
2.781602834015706530e-03
2.783264657979870813e-03
2.785492001802186961e-03
2.788279818649101478e-03
2.791623848854228682e-03
2.795520599795171118e-03
2.799967327330376340e-03
2.804962018747077929e-03
2.810503377169855030e-03
2.816590807383311142e-03
2.823224403022601015e-03
2.830404935088463164e-03
2.838133841743223362e-03
2.846413219347912558e-03
2.855245814700004686e-03
2.864635018434237568e-03
2.874584859548744153e-03
2.885100001021195966e-03
2.896185736479168788e-03
2.907847987890429912e-03
2.920093304239354537e-03
2.932928861155634226e-03
2.946362461461022285e-03
2.960402536601331510e-03
2.975058148927662346e-03
2.990338994792939367e-03
3.006255408425840669e-03
3.022818366544985369e-03
3.040039493672062453e-03
3.057931068102244174e-03
3.076506028485019584e-03
3.095777980966989574e-03
3.115761206842506108e-03
3.136470670654094902e-03
3.157922028678739144e-03
3.180131637729537251e-03
3.203116564195374657e-03
3.226894593232767280e-03
3.251484238014884943e-03
3.276904748932398491e-03
3.303176122628784846e-03
3.330319110740551699e-03
3.358355228196851540e-03
3.387306760918916068e-03
3.417196772739043275e-03
3.448049111341985450e-03
3.479888413007229103e-03
3.512740105907853540e-03
3.546630411694251875e-03
3.581586345062357478e-03
3.617635710973129016e-03
3.654807099155463722e-03
3.693129875486225473e-03
3.732634169798975526e-03
3.773350859627419129e-03
3.815311549341116049e-03
3.858548544076066157e-03
3.903094817807257425e-03
3.948983974846004795e-03
3.996250203981834698e-03
4.044928224414020071e-03
4.095053222547326462e-03
4.146660778643307746e-03
4.199786782238454190e-03
4.254467335150825119e-03
4.310738640810054915e-03
4.368636878549934585e-03
4.428198061412590668e-03
4.489457875917326167e-03
4.552451502156873268e-03
4.617213412493351328e-03
4.683777147047146240e-03
4.752175064094499649e-03
4.822438063432794679e-03
4.894595280724291751e-03
4.968673750811222062e-03
5.044698037995449906e-03
5.122689831318355015e-03
5.202667502956261937e-03
5.284645627975703697e-03
5.368634463885674397e-03
5.454639388682134063e-03
5.542660296421982914e-03
5.632690949799809207e-03
5.724718289740001256e-03
5.818721702679831645e-03
5.914672247010392334e-03
6.012531841081711001e-03
6.112252416272179363e-03
6.213775039883277611e-03
6.317029014051036423e-03
6.421930958475626297e-03
6.528383886541267063e-03
6.636276286343621537e-03
6.745481220214199526e-03
6.855855458527369828e-03
6.967238665832226757e-03
7.079452659635694992e-03
7.192300764378453323e-03
7.305567285233250004e-03
7.419017128191976104e-03
7.532395594387270195e-03
7.645428377580503441e-03
7.757821794102879621e-03
7.869263274101650704e-03
7.979422141590749445e-03
8.087950708369109898e-03
8.194485703259844073e-03
8.298650053221936704e-03
8.400055026670232017e-03
8.498302741793773221e-03
8.592989033880395547e-03
8.683706665771843275e-03
8.770048854828958393e-03
8.851613078495726775e-03
8.928005109107345696e-03
8.998843217465135602e-03
9.063762474410465286e-03
9.122419070727846857e-03
9.174494568721559482e-03
9.219699994260336859e-03
9.257779676383340664e-03
9.288514743031594037e-03
9.311726186272828096e-03
9.327277418533114553e-03
9.335076252649007061e-03
