-5.555630702717904157e+00
-5.555893350514955031e+00
-5.556418453769993882e+00
-5.557205627937443992e+00
-5.558254296531963234e+00
-5.559563691532254381e+00
-5.561132853926761044e+00
-5.562960634406705296e+00
-5.565045694214048488e+00
-5.567386506151930980e+00
-5.569981355767298581e+00
-5.572828342714649885e+00
-5.575925382311930356e+00
-5.579270207298035800e+00
-5.582860369803348100e+00
-5.586693243542327103e+00
-5.590766026239123221e+00
-5.595075742293730947e+00
-5.599619245698309378e+00
-5.604393223208941066e+00
-5.609394197780104285e+00
-5.614618532264293194e+00
-5.620062433381061595e+00
-5.625721955954426257e+00
-5.631593007419596120e+00
-5.637671352594072260e+00
-5.643952618710557978e+00
-5.650432300702777688e+00
-5.657105766738075303e+00
-5.663968263984128448e+00
-5.671014924600306983e+00
-5.678240771937533182e+00
-5.685640726934286349e+00
-5.693209614689675568e+00
-5.700942171198787989e+00
-5.708833050228997230e+00
-5.716876830320654967e+00
-5.725068021889293313e+00
-5.733401074411657916e+00
-5.741870383671835221e+00
-5.750470299049471379e+00
-5.759195130826108233e+00
-5.768039157491917202e+00
-5.776996633029360950e+00
-5.786061794156852400e+00
-5.795228867509987225e+00
-5.804492076744731222e+00
-5.813845649541578453e+00
-5.823283824496820138e+00
-5.832800857881618839e+00
-5.842391030257122253e+00
-5.852048652928246497e+00
-5.861768074226486824e+00
-5.871543685606581242e+00
-5.881369927549545906e+00
-5.891241295259106003e+00
-5.901152344146213480e+00
-5.911097695090845150e+00
-5.921072039477881965e+00
-5.931070143998320887e+00
-5.941086855214616769e+00
-5.951117103883359682e+00
-5.961155909035884548e+00
-5.971198381811832157e+00
-5.981239729047917564e+00
-5.991275256618507683e+00
-6.001300372531779281e+00
-6.011310589779472302e+00
-6.021301528945281589e+00
-6.031268920571218217e+00
-6.041208607288003130e+00
-6.051116545710004679e+00
-6.060988808101657632e+00
-6.070821583816815803e+00
-6.080611180518758374e+00
-6.090354025183096098e+00
-6.100046664891862314e+00
-6.109685767421769498e+00
-6.119268121635294655e+00
-6.128790637678203090e+00
-6.138250346992463413e+00
-6.147644402148589649e+00
-6.156970076506608436e+00
-6.166224763710054901e+00
-6.175405977022214721e+00
-6.184511348509356132e+00
-6.193538628080201391e+00
-6.202485682386442711e+00
-6.211350493593614353e+00
-6.220131158027162321e+00
-6.228825884702890114e+00
-6.237432993746693022e+00
-6.245950914712512514e+00
-6.254378184803422336e+00
-6.262713447004551348e+00
-6.270955448132619736e+00
-6.279103036810533389e+00
-6.287155161371671852e+00
-6.295110867701988688e+00
-6.302969297024368700e+00
-6.310729683632983367e+00
-6.318391352581944176e+00
-6.325953717335488946e+00
-6.333416277383868476e+00
-6.340778615831669462e+00
-6.348040396962529641e+00
-6.355201363786525448e+00
-6.362261335573875520e+00
-6.369220205380850430e+00
-6.376077937571191789e+00
-6.382834565338473709e+00
-6.389490188232454848e+00
-6.396044969694300697e+00
-6.402499134603526265e+00
-6.408852966840994370e+00
-6.415106806870545242e+00
-6.421261049343140570e+00
-6.427316140725783278e+00
-6.433272576958658284e+00
-6.439130901142438468e+00
-6.444891701258797845e+00
-6.450555607925762658e+00
-6.456123292190531160e+00
-6.461595463361119229e+00
-6.466972866879059367e+00
-6.472256282234232216e+00
-6.477446520923703766e+00
-6.482544424455391585e+00
-6.487550862398026474e+00
-6.492466730478095194e+00
-6.497292948724793682e+00
-6.502030459663523665e+00
-6.506680226558633429e+00
-6.511243231705723389e+00
-6.515720474773949000e+00
-6.520112971198451568e+00
-6.524421750623080385e+00
-6.528647855393384880e+00
-6.532792339099790624e+00
-6.536856265170818858e+00
-6.540840705516003162e+00
-6.544746739218279430e+00
-6.548575451275282511e+00
-6.552327931389248405e+00
-6.556005272804735995e+00
-6.559608571193822790e+00
-6.563138923587834128e+00
-6.566597427355148398e+00
-6.569985179224048899e+00
-6.573303274350088543e+00
-6.576552805426831405e+00
-6.579734861839394711e+00
-6.582850528859554018e+00
-6.585900886881813854e+00
-6.588887010699132851e+00
-6.591809968817679000e+00
-6.594670822809236554e+00
-6.597470626700651763e+00
-6.600210426398898989e+00
-6.602891259151123293e+00
-6.605514153038205549e+00
-6.608080126501286067e+00
-6.610590187899703096e+00
-6.613045335099792865e+00
-6.615446555093066117e+00
-6.617794823643179392e+00
-6.620091104960208916e+00
-6.622336351401718169e+00
-6.624531503199094118e+00
-6.626677488208704503e+00
-6.628775221686353802e+00
-6.630825606084626678e+00
-6.632829530871620527e+00
-6.634787872370718986e+00
-6.636701493619878711e+00
-6.638571244250178971e+00
-6.640397960382147247e+00
-6.642182464539568620e+00
-6.643925565579428039e+00
-6.645628058637692348e+00
-6.647290725089599839e+00
-6.648914332524267223e+00
-6.650499634732253362e+00
-6.652047371705990919e+00
-6.653558269651760781e+00
-6.655033041013118655e+00
-6.656472384504545481e+00
-6.657876985155256833e+00
-6.659247514361991804e+00
-6.660584629950730751e+00
-6.661888976246265415e+00
-6.663161184149554828e+00
-6.664401871221872220e+00
-6.665611641775707419e+00
-6.666791086971469937e+00
-6.667940784920009634e+00
-6.669061300790044555e+00
-6.670153186920525279e+00
-6.671216982937125728e+00
-6.672253215872884446e+00
-6.673262400292236052e+00
-6.674245038418540332e+00
-6.675201620264328284e+00
-6.676132623764483576e+00
-6.677038514911593836e+00
-6.677919747893708902e+00
-6.678776765233852331e+00
-6.679609997931549970e+00
-6.680419865605747631e+00
-6.681206776639457168e+00
-6.681971128325619347e+00
-6.682713307014473081e+00
-6.683433688262111261e+00
-6.684132636980514519e+00
-6.684810507588831108e+00
-6.685467644166332768e+00
-6.686104380606860964e+00
-6.686721040775326586e+00
-6.687317938666196504e+00
-6.687895378564648219e+00
-6.688453655210470750e+00
-6.688993053965526236e+00
-6.689513850985036036e+00
-6.690016313393620351e+00
-6.690500699466547019e+00
-6.690967258817279273e+00
-6.691416232591879343e+00
-6.691847853671475832e+00
-6.692262346883445012e+00
-6.692659929222442017e+00
-6.693040810081797964e+00
-6.693405191496153428e+00
-6.693753268395314926e+00
-6.694085228869361970e+00
-6.694401254443861582e+00
-6.694701520363475211e+00
-6.694986195880604285e+00
-6.695255444544359058e+00
-6.695509424482705363e+00
-6.695748288668458059e+00
-6.695972185156459311e+00
-6.696181257276371923e+00
-6.696375643761870222e+00
-6.696555478794119942e+00
-6.696720891934933917e+00
-6.696872007924227432e+00
-6.697008946317780875e+00
-6.697131820945800840e+00
-6.697240739181349767e+00
-6.697335801020536827e+00
-6.697417097993184854e+00
-6.697484711942805369e+00
-6.697538713735264437e+00
-6.697579161974201334e+00
-6.697606101813682322e+00
-6.697619563961975331e+00
