1.016467717604600862e+00
1.016455599646637120e+00
1.016431406615285082e+00
1.016395223967808015e+00
1.016347179113939125e+00
1.016287440494451744e+00
1.016216216368974745e+00
1.016133753326832867e+00
1.016040334537607670e+00
1.015936277761007034e+00
1.015821933137934341e+00
1.015697680786950885e+00
1.015563928231876467e+00
1.015421107687878965e+00
1.015269673234121539e+00
1.015110097901882558e+00
1.014942870706932121e+00
1.014768493655038517e+00
1.014587478748539384e+00
1.014400345021290617e+00
1.014207615627664039e+00
1.014009815010034288e+00
1.013807466166976701e+00
1.013601088042714871e+00
1.013391193055704242e+00
1.013178284782283223e+00
1.012962855808409168e+00
1.012745385760428274e+00
1.012526339522846541e+00
1.012306165649038414e+00
1.012085294967939753e+00
1.011864139387924855e+00
1.011643090896406028e+00
1.011422520752140342e+00
1.011202778864893626e+00
1.010984193355946026e+00
1.010767070290960357e+00
1.010551693576007493e+00
1.010338325005997406e+00
1.010127204454452032e+00
1.009918550192451470e+00
1.009712559324656533e+00
1.009509408329609448e+00
1.009309253691945019e+00
1.009112232613769145e+00
1.008918463793208931e+00
1.008728048258029864e+00
1.008541070243187399e+00
1.008357598101292441e+00
1.008177685236083976e+00
1.008001371049271677e+00
1.007828681892293465e+00
1.007659632014898943e+00
1.007494224503670655e+00
1.007332452203987927e+00
1.007174298620116204e+00
1.007019738788479168e+00
1.006868740120291372e+00
1.006721263210053952e+00
1.006577262607436962e+00
1.006436687550348541e+00
1.006299482657879940e+00
1.006165588582035975e+00
1.006034942617923589e+00
1.005907479272196925e+00
1.005783130790234958e+00
1.005661827642553963e+00
1.005543498971513960e+00
1.005428072999366318e+00
1.005315477399115753e+00
1.005205639629607628e+00
1.005098487236592009e+00
1.004993948121393865e+00
1.004891950779091880e+00
1.004792424507945814e+00
1.004695299592011759e+00
1.004600507458711212e+00
1.004507980813256429e+00
1.004417653751646045e+00
1.004329461854038819e+00
1.004243342260127569e+00
1.004159233728177725e+00
1.004077076679229075e+00
1.003996813227964857e+00
1.003918387201593987e+00
1.003841744148084913e+00
1.003766831334937937e+00
1.003693597739659049e+00
1.003621994032969145e+00
1.003551972555739136e+00
1.003483487290539600e+00
1.003416493828630740e+00
1.003350949333145614e+00
1.003286812499143865e+00
1.003224043511163455e+00
1.003162603998811742e+00
1.003102456990919045e+00
1.003043566868668801e+00
1.002985899318135088e+00
1.002929421282541700e+00
1.002874100914582067e+00
1.002819907529034271e+00
1.002766811555935611e+00
1.002714784494477263e+00
1.002663798867826417e+00
1.002613828178970046e+00
1.002564846867749271e+00
1.002516830269115200e+00
1.002469754572749228e+00
1.002423596784024928e+00
1.002378334686436334e+00
1.002333946805428644e+00
1.002290412373735951e+00
1.002247711298138277e+00
1.002205824127718747e+00
1.002164732023520743e+00
1.002124416729668122e+00
1.002084860545837453e+00
1.002046046301134696e+00
1.002007957329251076e+00
1.001970577444955213e+00
1.001933890921775427e+00
1.001897882470939249e+00
1.001862537221411165e+00
1.001827840701095651e+00
1.001793778819046521e+00
1.001760337848750959e+00
1.001727504412321279e+00
1.001695265465674334e+00
1.001663608284524498e+00
1.001632520451272157e+00
1.001601989842623830e+00
1.001572004618017209e+00
1.001542553208693676e+00
1.001513624307501793e+00
1.001485206859261456e+00
1.001457290051791515e+00
1.001429863307421453e+00
1.001402916275099919e+00
1.001376438822921822e+00
1.001350421031186544e+00
1.001324853185818542e+00
1.001299725772261562e+00
1.001275029469679501e+00
1.001250755145582927e+00
1.001226893850712285e+00
1.001203436814304792e+00
1.001180375439572501e+00
1.001157701299525193e+00
1.001135406132968919e+00
1.001113481840814501e+00
1.001091920482527931e+00
1.001070714272863205e+00
1.001049855578707071e+00
1.001029336916182455e+00
1.001009150947841153e+00
1.000989290480090554e+00
1.000969748460692754e+00
1.000950517976480603e+00
1.000931592251127489e+00
1.000912964643120961e+00
1.000894628643777207e+00
1.000876577875448925e+00
1.000858806089763853e+00
1.000841307166046246e+00
1.000824075109765010e+00
1.000807104051157470e+00
1.000790388243875118e+00
1.000773922063802335e+00
1.000757700007892215e+00
1.000741716693178907e+00
1.000725966855805060e+00
1.000710445350223576e+00
1.000695147148420450e+00
1.000680067339314583e+00
1.000665201128180026e+00
1.000650543836251627e+00
1.000636090900361541e+00
1.000621837872760489e+00
1.000607780420980530e+00
1.000593914327891243e+00
1.000580235491806524e+00
1.000566739926792792e+00
1.000553423763040239e+00
1.000540283247447038e+00
1.000527314744279250e+00
1.000514514736053684e+00
1.000501879824513107e+00
1.000489406731836617e+00
1.000477092301958359e+00
1.000464933502134279e+00
1.000452927424632099e+00
1.000441071288688422e+00
1.000429362442599945e+00
1.000417798366098454e+00
1.000406376672875908e+00
1.000395095113406185e+00
1.000383951577931807e+00
1.000372944099756189e+00
1.000362070858716423e+00
1.000351330184968468e+00
1.000340720562958419e+00
1.000330240635710632e+00
1.000319889209304369e+00
1.000309665257659741e+00
1.000299567927509292e+00
1.000289596543658011e+00
1.000279750614413210e+00
1.000270029837275310e+00
1.000260434104757179e+00
1.000250963510421087e+00
1.000241618354990036e+00
1.000232399152600982e+00
1.000223306637052278e+00
1.000214341768094206e+00
1.000205505737601364e+00
1.000196799975652029e+00
1.000188226156336846e+00
1.000179786203303722e+00
1.000171482294839098e+00
1.000163316868459829e+00
1.000155292624809622e+00
1.000147412530794977e+00
1.000139679821737460e+00
1.000132098002455949e+00
1.000124670847029273e+00
1.000117402397139088e+00
1.000110296958723666e+00
1.000103359096829569e+00
1.000096593628394315e+00
1.000090005612838784e+00
1.000083600340213597e+00
1.000077383316802182e+00
1.000071360247950514e+00
1.000065537018063999e+00
1.000059919667608321e+00
1.000054514367111347e+00
1.000049327388097042e+00
1.000044365071036223e+00
1.000039633790372307e+00
1.000035139916816807e+00
1.000030889777116849e+00
1.000026889611634884e+00
1.000023145530086088e+00
1.000019663465924857e+00
1.000016449129872642e+00
1.000013507963208204e+00
1.000010845091435119e+00
1.000008465279039527e+00
1.000006372886029338e+00
1.000004571826995647e+00
1.000003065533398461e+00
1.000001856919771726e+00
1.000000948354471397e+00
1.000000341635546297e+00
1.000000037972195610e+00
