6.390045597554912249e-02
6.390020932943708820e-02
6.389971590760923359e-02
6.389897545075995389e-02
6.389798756968365079e-02
6.389675174497844168e-02
6.389526732665344599e-02
6.389353353363640131e-02
6.389154945318659129e-02
6.388931404021128135e-02
6.388682611648736909e-02
6.388408436978949834e-02
6.388108735292571949e-02
6.387783348268225025e-02
6.387432103867676791e-02
6.387054816212558994e-02
6.386651285452112081e-02
6.386221297622451942e-02
6.385764624497416997e-02
6.385281023430940117e-02
6.384770237191414455e-02
6.384231993787739534e-02
6.383666006287695704e-02
6.383071972628215351e-02
6.382449575417994958e-02
6.381798481732502137e-02
6.381118342901317964e-02
6.380408794288008889e-02
6.379669455062517147e-02
6.378899927966227845e-02
6.378099799069569809e-02
6.377268637522445771e-02
6.376405995297181051e-02
6.375511406924375124e-02
6.374584389221345238e-02
6.373624441013317488e-02
6.372631042847394511e-02
6.371603656699152685e-02
6.370541725672025646e-02
6.369444673689292347e-02
6.368311905178722365e-02
6.367142804749996443e-02
6.365936736864569179e-02
6.364693045498319435e-02
6.363411053796692862e-02
6.362090063722510014e-02
6.360729355696423393e-02
6.359328188229951273e-02
6.357885797551007800e-02
6.356401397222463667e-02
6.354874177752982412e-02
6.353303306200919209e-02
6.351687925770892196e-02
6.350027155403206724e-02
6.348320089356386531e-02
6.346565796782699387e-02
6.344763321296728598e-02
6.342911680537528796e-02
6.341009865724087091e-02
6.339056841204344928e-02
6.337051543998156733e-02
6.334992883334211733e-02
6.332879740181078521e-02
6.330710966772820636e-02
6.328485386129199808e-02
6.326201791570926214e-02
6.323858946230050126e-02
6.321455582556030628e-02
6.318990401817642377e-02
6.316462073601010474e-02
6.313869235304388206e-02
6.311210491629858088e-02
6.308484414072393354e-02
6.305689540406753113e-02
6.302824374172709410e-02
6.299887384158810166e-02
6.296877003885731350e-02
6.293791631088950511e-02
6.290629627202048990e-02
6.287389316840691356e-02
6.284068987287966257e-02
6.280666887981986579e-02
6.277181230005916823e-02
6.273610185581414422e-02
6.269951887565985982e-02
6.266204428955146621e-02
6.262365862389815407e-02
6.258434199669904441e-02
6.254407411274862105e-02
6.250283425891837996e-02
6.246060129952414608e-02
6.241735367178516403e-02
6.237306938138807710e-02
6.232772599815774445e-02
6.228130065185120273e-02
6.223377002807892883e-02
6.218511036436433909e-02
6.213529744635177404e-02
6.208430660417305763e-02
6.203211270898023599e-02
6.197869016965872752e-02
6.192401292972711524e-02
6.186805446443773004e-02
6.181078777808706598e-02
6.175218540154684549e-02
6.169221939002690613e-02
6.163086132108396009e-02
6.156808229288209672e-02
6.150385292272290971e-02
6.143814334585108450e-02
6.137092321455266120e-02
6.130216169755334232e-02
6.123182747973227730e-02
6.115988876216093412e-02
6.108631326248088050e-02
6.101106821563209714e-02
6.093412037494349426e-02
6.085543601359988397e-02
6.077498092649501193e-02
6.069272043248540027e-02
6.060861937705657593e-02
6.052264213541330012e-02
6.043475261600743387e-02
6.034491426451409068e-02
6.025309006827150177e-02
6.015924256119199037e-02
6.006333382916131253e-02
5.996532551593539845e-02
5.986517882954708186e-02
5.976285454923552926e-02
5.965831303290963783e-02
5.955151422515830850e-02
5.944241766581751657e-02
5.933098249910795374e-02
5.921716748335341396e-02
5.910093100129300281e-02
5.898223107099678092e-02
5.886102535739871217e-02
5.873727118445596501e-02
5.861092554794990195e-02
5.848194512893475222e-02
5.835028630785183551e-02
5.821590517931734404e-02
5.807875756759621477e-02
5.793879904277533105e-02
5.779598493764882133e-02
5.765027036532658494e-02
5.750161023758051243e-02
5.734995928394363840e-02
5.719527207157321796e-02
5.703750302589635779e-02
5.687660645205256521e-02
5.671253655715102066e-02
5.654524747335921281e-02
5.637469328184478712e-02
5.620082803759040430e-02
5.602360579510359817e-02
5.584298063504870152e-02
5.565890669182555622e-02
5.547133818212534456e-02
5.528022943449692472e-02
5.508553491995744206e-02
5.488720928368832908e-02
5.468520737785792507e-02
5.447948429562037703e-02
5.426999540634275948e-02
5.405669639211915095e-02
5.383954328563617803e-02
5.361849250946336409e-02
5.339350091684610944e-02
5.316452583409171651e-02
5.293152510464604193e-02
5.269445713497111772e-02
5.245328094234297939e-02
5.220795620470825016e-02
5.195844331274575983e-02
5.170470342430344424e-02
5.144669852139285848e-02
5.118439146995017175e-02
5.091774608258977514e-02
5.064672718460807438e-02
5.037130068351931833e-02
5.009143364243772573e-02
4.980709435765855175e-02
4.951825244082427163e-02
4.922487890611403766e-02
4.892694626293400684e-02
4.862442861464997407e-02
4.831730176395656468e-02
4.800554332555058423e-02
4.768913284684960646e-02
4.736805193758150678e-02
4.704228440916543436e-02
4.671181642490972175e-02
4.637663666217244074e-02
4.603673648775727378e-02
4.569211014797219805e-02
4.534275497493577001e-02
4.498867161090681910e-02
4.462986425261571133e-02
4.426634091780908692e-02
4.389811373647672932e-02
4.352519926952015672e-02
4.314761885794398538e-02
4.276539900601398353e-02
4.237857180222795450e-02
4.198717538239563063e-02
4.159125443962559399e-02
4.119086078657162309e-02
4.078605397591390791e-02
4.037690198572883166e-02
3.996348197716054901e-02
3.954588113263631660e-02
3.912419758377270324e-02
3.869854143910807232e-02
3.826903592286134970e-02
3.783581863704935100e-02
3.739904296049959692e-02
3.695887959953022411e-02
3.651551830633689016e-02
3.606916978235433224e-02
3.562006778501974891e-02
3.516847145734624397e-02
3.471466790043126194e-02
3.425897500930268069e-02
3.380174459215823379e-02
3.334336579181262222e-02
3.288426882569336906e-02
3.242492905658379138e-02
3.196587139996275029e-02
3.150767506456315925e-02
3.105097860985166214e-02
3.059648528657778893e-02
3.014496860325720923e-02
2.969727803126653506e-02
2.925434472292768803e-02
2.881718706946485159e-02
2.838691586825049448e-02
2.796473880120485533e-02
2.755196384952110500e-02
2.715000118665470558e-02
2.676036300668527268e-02
2.638466066670154195e-02
2.602459846147461495e-02
2.568196332203724619e-02
2.535860975619861832e-02
2.505643944999512776e-02
2.477737514535725827e-02
2.452332871617729157e-02
2.429616378620142597e-02
2.409765375302292539e-02
2.392943666413800685e-02
2.379296896873469083e-02
2.368948065611765214e-02
2.361993459249387903e-02
2.358499289639964108e-02
