9.320146789557757216e-01
9.320718773168443771e-01
9.321862676368342093e-01
9.323578359598638787e-01
9.325865630972812736e-01
9.328724211725699655e-01
9.332153782639867057e-01
9.336153926449866081e-01
9.340724197500267501e-01
9.345864041088012275e-01
9.351572886374033278e-01
9.357850042640912802e-01
9.364694815487252244e-01
9.372106379970633894e-01
9.380083920121407015e-01
9.388626478934546382e-01
9.397733121247128230e-01
9.407402760535477082e-01
9.417634345208270030e-01
9.428426662158774230e-01
9.439778546532952008e-01
9.451688661980177653e-01
9.464155733962874573e-01
9.477178306642313199e-01
9.490754999804539294e-01
9.504884242310813747e-01
9.519564552722181716e-01
9.534794249237354968e-01
9.550571754106386146e-01
9.566895279972033039e-01
9.583763158170429675e-01
9.601173501385510400e-01
9.619124555942959454e-01
9.637614340680024094e-01
9.656641023347072306e-01
9.676202535588549480e-01
9.696296973575030398e-01
9.716922188983976305e-01
9.738076213993069885e-01
9.759756828143735241e-01
9.781962007834605899e-01
9.804689468943605934e-01
9.827937140969382757e-01
9.851702685281686911e-01
9.875983994066520610e-01
9.900778684068680668e-01
9.926084620504425082e-01
9.951899386154791083e-01
9.978220830417898757e-01
1.000504651360602404e+00
1.003237428131738662e+00
1.006020168378636503e+00
1.008852657576142064e+00
1.011734651075472113e+00
1.014665936661912626e+00
1.017646271454196949e+00
1.020675447051937024e+00
1.023753223893914877e+00
1.026879399015370620e+00
1.030053737850090467e+00
1.033276044617721823e+00
1.036546091555276217e+00
1.039863691954239222e+00
1.043228626808528903e+00
1.046640720520167323e+00
1.050099764952899362e+00
1.053605597823270790e+00
1.057158024152651254e+00
1.060756897357091777e+00
1.064402038095914049e+00
1.068093318067844244e+00
1.071830576262472245e+00
1.075613705459905978e+00
1.079442565902840601e+00
1.083317074476806363e+00
1.087237115831691137e+00
1.091202634169226249e+00
1.095213541821549841e+00
1.099269813393985551e+00
1.103371391552529168e+00
1.107518282432516044e+00
1.111710456672200031e+00
1.115947940412883144e+00
1.120230698961452331e+00
1.124558690581075826e+00
1.128931653918264555e+00
1.133348924808837088e+00
1.137808636012188179e+00
1.142306089330944685e+00
1.146829588100352293e+00
1.151351885560792043e+00
1.155816342037151889e+00
1.160128893561177099e+00
1.164178861191427217e+00
1.167881880761238111e+00
1.171199423301897857e+00
1.174127556742980971e+00
1.176680421700779355e+00
1.178880382394535076e+00
1.180753181604797142e+00
1.182325755592099625e+00
1.183624862116904541e+00
1.184676410682977021e+00
1.185504828435037128e+00
1.186132862238795882e+00
1.186581274929674468e+00
1.186868911430709161e+00
1.187012584066939436e+00
1.187027285282238553e+00
1.186926164241131065e+00
1.186720804673424112e+00
1.186421229017015300e+00
1.186036192516574106e+00
1.185573179858119719e+00
1.185038691081066631e+00
1.184438215113857273e+00
1.183776498222313345e+00
1.183057490015284818e+00
1.182284593231458292e+00
1.181460583262037511e+00
1.180587841712128494e+00
1.179668252645874826e+00
1.178703423554771978e+00
1.177694561979675036e+00
1.176642687536534559e+00
1.175548492255759747e+00
1.174412546856643313e+00
1.173235147567344594e+00
1.172016519254339029e+00
1.170756650882798233e+00
1.169455497553454792e+00
1.168112806229955947e+00
1.166728318269243392e+00
1.165301586606833029e+00
1.163832179997747129e+00
1.162319492509811258e+00
1.160762950410645367e+00
1.159161814558506753e+00
1.157515390661201682e+00
1.155822824957476236e+00
1.154083318420314752e+00
1.152295915974176133e+00
1.150459725104429731e+00
1.148573698744717486e+00
1.146636858675499360e+00
1.144648072131551508e+00
1.142606280317483236e+00
1.140510268720683396e+00
1.138358901033987403e+00
1.136150883108629106e+00
1.133885002549449128e+00
1.131559886201649601e+00
1.129174245668638887e+00
1.126726628192494140e+00
1.124215668336496998e+00
1.121639832090006061e+00
1.118997674955021004e+00
1.116287579080092796e+00
1.113508017991699850e+00
1.110657286537518385e+00
1.107733772508195935e+00
1.104735679146806815e+00
1.101661303914014178e+00
1.098508753297213536e+00
1.095276228981720834e+00
1.091961734669135042e+00
1.088563369928800206e+00
1.085079028709901028e+00
1.081506701160724671e+00
1.077844163492390095e+00
1.074089288068290626e+00
1.070239724248621016e+00
1.066293217068771781e+00
1.062247278662494132e+00
1.058099515865732254e+00
1.053847291781827566e+00
1.049488062666455557e+00
1.045019029159969470e+00
1.040437482829559057e+00
1.035740446551204563e+00
1.030925031106839862e+00
1.025988064150384904e+00
1.020926457280538768e+00
1.015736822971170294e+00
1.010415852564142236e+00
1.004959920482624280e+00
9.993654736128879668e-01
9.936286220485617271e-01
9.877455403551915758e-01
9.817120440121389624e-01
9.755240030783538518e-01
9.691769034044068754e-01
9.626662732415524060e-01
9.559872281863271981e-01
9.491349112964175827e-01
9.421040206008354234e-01
9.348892633036401945e-01
9.274848645392239632e-01
9.198850362561924454e-01
9.120834657137668611e-01
9.040737996396459586e-01
8.958491107421046040e-01
8.874023977224749782e-01
8.787260278077888564e-01
8.698122531637584309e-01
8.606526271207590728e-01
8.512385374666830984e-01
8.415605936260797115e-01
8.316091771996371174e-01
8.213737968364980269e-01
8.108436562075422849e-01
8.000069726490142141e-01
7.888515624798689840e-01
7.773641186412465487e-01
7.655308128496305375e-01
7.533365263415003898e-01
7.407654677287746070e-01
7.278003494811640106e-01
7.144230194218613716e-01
7.006135735977171430e-01
6.863509979776889480e-01
6.716122056633363480e-01
6.563726833157570439e-01
6.406054369391691594e-01
6.242816345437123271e-01
6.073694395438008486e-01
5.898346366896525250e-01
5.716393248077134004e-01
5.527425064153956846e-01
5.330986011743102937e-01
5.126579698981055255e-01
4.913651954928999754e-01
4.691594981664094499e-01
4.459727105643407907e-01
4.217295222093554452e-01
3.963450499564750151e-01
3.697248281824697114e-01
3.417618502397683500e-01
3.123362102037669508e-01
2.813114929940560560e-01
2.485340282135063139e-01
2.138286407850523152e-01
1.769977989520546691e-01
1.378173879537257507e-01
9.603736135363018234e-02
5.138079752834637942e-02
3.552789462796527437e-03
-4.774390159549099510e-02
-1.027651530485902964e-01
-1.616409236406266270e-01
-2.241947838712048946e-01
-2.895996589972688051e-01
-3.557405634114448878e-01
-4.182240428523672504e-01
-4.693973979935587848e-01
-4.990510993423286079e-01
