5.012440162774474406e-02
5.012421604041714801e-02
5.012384482171092920e-02
5.012328788353290210e-02
5.012254509376524308e-02
5.012161627629245497e-02
5.012050121103572842e-02
5.011919963400000150e-02
5.011771123732525202e-02
5.011603566935349946e-02
5.011417253469920008e-02
5.011212139433694063e-02
5.010988176569240032e-02
5.010745312275216579e-02
5.010483489617603703e-02
5.010202647343210691e-02
5.009902719893247897e-02
5.009583637419438851e-02
5.009245325800214949e-02
5.008887706659781447e-02
5.008510697387177218e-02
5.008114211158482681e-02
5.007698156959112384e-02
5.007262439609552751e-02
5.006806959791176154e-02
5.006331614075869296e-02
5.005836294955796212e-02
5.005320890877321127e-02
5.004785286275052064e-02
5.004229361610651461e-02
5.003652993411605160e-02
5.003056054315323242e-02
5.002438413113310944e-02
5.001799934800883751e-02
5.001140480627433438e-02
5.000459908152491556e-02
4.999758071302431300e-02
4.999034820433626708e-02
4.998290002396349463e-02
4.997523460605601126e-02
4.996735035112865458e-02
4.995924562685556680e-02
4.995091876887334387e-02
4.994236808166796493e-02
4.993359183947376073e-02
4.992458828726047126e-02
4.991535564173683187e-02
4.990589209244806340e-02
4.989619580289276352e-02
4.988626491173977356e-02
4.987609753406915120e-02
4.986569176272005743e-02
4.985504566966493523e-02
4.984415730749956058e-02
4.983302471096304892e-02
4.982164589858074921e-02
4.981001887434174935e-02
4.979814162950858825e-02
4.978601214446496531e-02
4.977362839070308131e-02
4.976098833285674816e-02
4.974808993088090242e-02
4.973493114228265399e-02
4.972150992450870277e-02
4.970782423738873829e-02
4.969387204574546996e-02
4.967965132206689921e-02
4.966516004935483258e-02
4.965039622404168046e-02
4.963535785909427983e-02
4.962004298719300405e-02
4.960444966410759021e-02
4.958857597215552554e-02
4.957242002386856583e-02
4.955597996574956365e-02
4.953925398224631738e-02
4.952224029982402187e-02
4.950493719126459330e-02
4.948734298006699645e-02
4.946945604507577837e-02
4.945127482519261902e-02
4.943279782426265173e-02
4.941402361589582876e-02
4.939495084809253367e-02
4.937557824685524094e-02
4.935590461723407540e-02
4.933592883736298562e-02
4.931564983480213327e-02
4.929506651772116305e-02
4.927417759436544115e-02
4.925298112968016367e-02
4.923147356732787000e-02
4.920964799723681615e-02
4.918749220084511764e-02
4.916498803943430973e-02
4.914211285966015030e-02
4.911884156576239863e-02
4.909514809891003806e-02
4.907100621568331877e-02
4.904638986430263220e-02
4.902127337251715317e-02
4.899563154471650583e-02
4.896943970772464627e-02
4.894267372280126926e-02
4.891530997343915277e-02
4.888732533600939623e-02
4.885869713854033153e-02
4.882940311226369179e-02
4.879942133924301123e-02
4.876873019901091511e-02
4.873730831598540453e-02
4.870513450930052946e-02
4.867218774574134238e-02
4.863844709658114024e-02
4.860389169835719475e-02
4.856850071791261880e-02
4.853225332139628895e-02
4.849512864732286738e-02
4.845710578323637885e-02
4.841816374599565431e-02
4.837828146518342171e-02
4.833743776965093025e-02
4.829561137671041504e-02
4.825278088401315640e-02
4.820892476366114843e-02
4.816402135862464517e-02
4.811804888105711969e-02
4.807098541261429353e-02
4.802280890640897582e-02
4.797349719074130159e-02
4.792302797426918615e-02
4.787137885278602151e-02
4.781852731730007466e-02
4.776445076360047448e-02
4.770912650303264085e-02
4.765253177467954071e-02
4.759464375869389835e-02
4.753543959098741750e-02
4.747489637904017679e-02
4.741299121904205688e-02
4.734970121414459193e-02
4.728500349403977343e-02
4.721887523565599515e-02
4.715129368518882619e-02
4.708223618127157367e-02
4.701168017949787503e-02
4.693960327811647071e-02
4.686598324510737185e-02
4.679079804646917029e-02
4.671402587592245192e-02
4.663564518587250823e-02
4.655563471982904905e-02
4.647397354613715115e-02
4.639064109321185125e-02
4.630561718614234490e-02
4.621888208484709049e-02
4.613041652366254436e-02
4.604020175253638325e-02
4.594821957971921556e-02
4.585445241611675604e-02
4.575888332120999630e-02
4.566149605069457634e-02
4.556227510576089240e-02
4.546120578415318442e-02
4.535827423294388344e-02
4.525346750315058231e-02
4.514677360614475360e-02
4.503818157196456257e-02
4.492768150949908584e-02
4.481526466864040742e-02
4.470092350438400336e-02
4.458465174295992567e-02
4.446644444998997664e-02
4.434629810073476702e-02
4.422421065244103860e-02
4.410018161883478421e-02
4.397421214678332718e-02
4.384630509515066721e-02
4.371646511588156425e-02
4.358469873731732336e-02
4.345101444978694688e-02
4.331542279345015900e-02
4.317793644844666184e-02
4.303857032729561938e-02
4.289734166960481460e-02
4.275427013900127970e-02
4.260937792234059662e-02
4.246268983106819828e-02
4.231423340478385892e-02
4.216403901683909994e-02
4.201213998200310773e-02
4.185857266597410586e-02
4.170337659675261294e-02
4.154659457758801133e-02
4.138827280148388993e-02
4.122846096690111622e-02
4.106721239459701356e-02
4.090458414515503460e-02
4.074063713708434009e-02
4.057543626493932687e-02
4.040905051726544073e-02
4.024155309370197608e-02
4.007302152095230940e-02
3.990353776681609954e-02
3.973318835187780035e-02
3.956206445788985199e-02
3.939026203230578532e-02
3.921788188782626694e-02
3.904502979625329440e-02
3.887181657531744300e-02
3.869835816759628622e-02
3.852477570997482614e-02
3.835119559256973398e-02
3.817774950534364581e-02
3.800457447112710885e-02
3.783181286305027646e-02
3.765961240489456435e-02
3.748812615215414007e-02
3.731751245213463242e-02
3.714793488069077082e-02
3.697956215378692124e-02
3.681256801135690537e-02
3.664713107156229027e-02
3.648343465288845372e-02
3.632166656219994877e-02
3.616201884627225777e-02
3.600468750508392657e-02
3.584987216462980075e-02
3.569777570787390636e-02
3.554860386205065115e-02
3.540256474148221338e-02
3.525986834480017429e-02
3.512072600653114857e-02
3.498534980287053286e-02
3.485395191264628600e-02
3.472674393448357127e-02
3.460393616245500958e-02
3.448573682263585821e-02
3.437235127431397669e-02
3.426398117983842084e-02
3.416082364842172592e-02
3.406307035948284018e-02
3.397090667238195083e-02
3.388451072963525462e-02
3.380405256180069734e-02
3.372969320234760204e-02
3.366158382167126761e-02
3.359986488933004722e-02
3.354466537409220989e-02
3.349610199102206337e-02
3.345427850493495892e-02
3.341928509888262427e-02
3.339119781598992587e-02
3.337007808198436121e-02
3.335597231500003756e-02
3.334891162799319408e-02
