2.454542578386043417e+01
2.451832229984449896e+01
2.446420750060556060e+01
2.438326517777584357e+01
2.427576969418271347e+01
2.414208436405396441e+01
2.398265938527932661e+01
2.379802919918142479e+01
2.358880947620697555e+01
2.335569354166301892e+01
2.309944851528420884e+01
2.282091091856435483e+01
2.252098209519018823e+01
2.220062313985472713e+01
2.186084974763537758e+01
2.150272662251970957e+01
2.112736191864481228e+01
2.073590129856023623e+01
2.032952213739394765e+01
1.990942740582466541e+01
1.947683980957245353e+01
1.903299567021379701e+01
1.857913916712902136e+01
1.811651638105104567e+01
1.764636979426897057e+01
1.716993264780897377e+01
1.668842383910322269e+01
1.620304272487994979e+01
1.571496453464286880e+01
1.522533572878426433e+01
1.473527002225031879e+01
1.424584438227561023e+01
1.375809573074549341e+01
1.327301763952450742e+01
1.279155775349569346e+01
1.231461521491980271e+01
1.184303882309912659e+01
1.137762519367154823e+01
1.091911764635611526e+01
1.046820508153714613e+01
1.002552156547708329e+01
9.591645885773074198e+00
9.167101784468801640e+00
8.752358136554072132e+00
8.347829766047373923e+00
7.953878178039740732e+00
7.570812881319566756e+00
7.198892594703735881e+00
6.838326992190165932e+00
6.489278298439221437e+00
6.151863368656181663e+00
5.826155585874054132e+00
5.512187187497506358e+00
5.209951378162411828e+00
4.919404817704551292e+00
4.640469867372347679e+00
4.373037159430614551e+00
4.116967900856033147e+00
3.872096452297424385e+00
3.638232621532798472e+00
3.415164188515645627e+00
3.202659130255230302e+00
3.000468038630693002e+00
2.808326228432677318e+00
2.625956005006712335e+00
2.453068617476103608e+00
2.289366343621253019e+00
2.134544260364271473e+00
1.988292123212191065e+00
1.850295935571311334e+00
1.720239609266358105e+00
1.597806322894657738e+00
1.482679958145644461e+00
1.374546245003896994e+00
1.273093975667560107e+00
1.178015940824760133e+00
1.089009928763113644e+00
1.005779462010956138e+00
9.280345934462632673e-01
8.554924557393884799e-01
7.878778675995183889e-01
7.249237067981207927e-01
6.663713314685443256e-01
6.119707659845188275e-01
5.614808896567201613e-01
5.146693038431247036e-01
4.713119599676347526e-01
4.311919410656814833e-01
3.940967895294350543e-01
3.598125749042301869e-01
3.281127419235823628e-01
2.987434815362839391e-01
2.714255182288581314e-01
2.459075131316362517e-01
2.220439816072882488e-01
1.998031201463433271e-01
1.792056113930397820e-01
1.602693657014495066e-01
1.429853847211998152e-01
1.273137116190045659e-01
1.131874721383607507e-01
1.005194775630120635e-01
8.920894831360542954e-02
7.914757054810135639e-02
7.022446751355471140e-02
6.233008921240415501e-02
5.535903017463612158e-02
4.921195677195427248e-02
4.379676801710179201e-02
3.902918386610045032e-02
3.483288383296638535e-02
3.113934426694917393e-02
2.788745943682089182e-02
2.502304168434680773e-02
2.249824801024651044e-02
2.027098715638853479e-02
1.830432789488857515e-02
1.656593597514483679e-02
1.502754486729963347e-02
1.366447248256170977e-02
1.245518125452671140e-02
1.138088581693864725e-02
1.042520256066404791e-02
9.573841591384949293e-03
8.814334709923377087e-03
8.135798465584322472e-03
7.528726359686334878e-03
6.984808870658045128e-03
6.496776236659992064e-03
6.058262762904485267e-03
5.663688505308647411e-03
5.308157359322818875e-03
4.987368230979986709e-03
4.697538604259262653e-03
4.435337870198107282e-03
4.197829983325718738e-03
3.982423361467706154e-03
3.786827795469435102e-03
3.609016715059238430e-03
3.447194728867882928e-03
3.299769116598562976e-03
3.165325300840287660e-03
3.042605230851638028e-03
2.930488782171714740e-03
2.827977299073782848e-03
2.734179435093953697e-03
2.648298567963602683e-03
2.569621977251555084e-03
2.497511176058293814e-03
2.431393605036081141e-03
2.370755169226821356e-03
2.315133836754852507e-03
2.264113849500992443e-03
2.217320769217644930e-03
2.174416964083446084e-03
2.135097759299746205e-03
2.099087900389067039e-03
2.066138550126004128e-03
2.036024502860421699e-03
2.008541832710737142e-03
1.983505687905506853e-03
1.960748442233782151e-03
1.940117939307403660e-03
1.921476034505107192e-03
1.904697189753589044e-03
1.889667319684685013e-03
1.876282660650522519e-03
1.864448854785744894e-03
1.854080034447405569e-03
1.845098092992898849e-03
1.837431939093875843e-03
1.831016914526921403e-03
1.825794182906936500e-03
1.821710263544019329e-03
1.818716526856622951e-03
1.816768820045814746e-03
1.815827047361939783e-03
1.815854868485163986e-03
1.816819346365771250e-03
1.818690703150202537e-03
1.821442021817943442e-03
1.825049047536200916e-03
1.829489932019564072e-03
1.834745070544465924e-03
1.840796880045332626e-03
1.847629663831199150e-03
1.855229416046056019e-03
1.863583707525581779e-03
1.872681510494858363e-03
1.882513100078868525e-03
1.893069894071387933e-03
1.904344365439888725e-03
1.916329892741581650e-03
1.929020679601145798e-03
1.942411611925391442e-03
1.956498180828285596e-03
1.971276343250156268e-03
1.986742445200626473e-03
2.002893082759936005e-03
2.019725022843739479e-03
2.037235061891031016e-03
2.055419941660942967e-03
2.074276203230215106e-03
2.093800095648461635e-03
2.113987423214646385e-03
2.134833445183896301e-03
2.156332714708270818e-03
2.178478968245088892e-03
2.201264955076795080e-03
2.224682315663895592e-03
2.248721401348006445e-03
2.273371141668999174e-03
2.298618854750711718e-03
2.324450104608184568e-03
2.350848503863245832e-03
2.377795563344498476e-03
2.405270490212003953e-03
2.433250033727022560e-03
2.461708283601812559e-03
2.490616517689141305e-03
2.519943007396510237e-03
2.549652875183487221e-03
2.579707916128946669e-03
2.610066475434318946e-03
2.640683297582521998e-03
2.671509436364326480e-03
2.702492145313247027e-03
2.733574834850004132e-03
2.764697019523693414e-03
2.795794338367382607e-03
2.826798575536216065e-03
2.857637760462185088e-03
2.888236278306331728e-03
2.918515065522994147e-03
2.948391824663768989e-03
2.977781328058782921e-03
3.006595747509398925e-03
3.034745073623960811e-03
3.062137564570291490e-03
3.088680281043412832e-03
3.114279649559716524e-03
3.138842103319058798e-03
3.162274744948701324e-03
3.184486072322571804e-03
3.205386714118892231e-03
3.224890208117719460e-03
3.242913771776023343e-03
3.259379090179187217e-03
3.274213074728711710e-03
3.287348610505262062e-03
3.298725250825796946e-03
3.308289870901243331e-03
3.315997245872004395e-03
3.321810560448446026e-03
3.325701823843040146e-03
3.327652193888658121e-03
