0.000000000000000000e+00
0.000000000000000000e+00
1.278853997909430764e+21
3.836864352609202340e+21
7.674635496553497756e+21
1.279307336438658787e+22
1.919338453357671796e+22
2.687707507464560915e+22
3.584594910734600005e+22
4.610210705858938431e+22
5.764794361671384144e+22
7.048614537620704828e+22
8.461968816563090463e+22
1.000518340511767986e+23
1.167861280067495951e+23
1.348263942412879759e+23
1.541767321723771269e+23
1.748415120351328784e+23
1.968253701135399660e+23
2.201332035814577752e+23
2.447701649386346612e+23
2.707416560271434575e+23
2.980533216117161722e+23
3.267110425075842170e+23
3.567209282374551302e+23
3.880893091994086230e+23
4.208227283254516489e+23
4.549279322107872385e+23
4.904118616915879249e+23
5.272816418496192038e+23
5.655445714196425584e+23
6.052081115761684628e+23
6.462798740737437257e+23
6.887676087156405699e+23
7.326791901233399338e+23
7.780226037801321486e+23
8.248059313195955236e+23
8.730373350306626971e+23
9.227250415486435810e+23
9.738773247024516500e+23
1.026502487486121562e+24
1.080608843123621605e+24
1.136204695193954539e+24
1.193298316784544378e+24
1.251897928639100045e+24
1.312011676267221835e+24
1.373647605981463261e+24
1.436813639828705122e+24
1.501517549381603100e+24
1.567766928356851885e+24
1.635569164026603224e+24
1.704931407390240707e+24
1.775860542074009139e+24
1.848363151926669815e+24
1.922445487280641020e+24
1.998113429848458030e+24
2.075372456226870478e+24
2.154227599980707323e+24
2.234683412282898901e+24
2.316743921085844839e+24
2.400412588805913420e+24
2.485692268500194018e+24
2.572585158524230194e+24
2.661092755654739537e+24
2.751215806674854935e+24
2.842954258411721085e+24
2.936307206235067592e+24
3.031272841013227917e+24
3.127848394549118932e+24
3.226030083499981063e+24
3.325813051820675099e+24
3.427191311741865798e+24
3.530157683344626831e+24
3.634703732749471551e+24
3.740819709008481886e+24
3.848494479722293653e+24
3.957715465503167499e+24
4.068468573299101630e+24
4.180738128730415056e+24
4.294506807403509608e+24
4.409755565320853256e+24
4.526463568085742462e+24
4.644608118542051456e+24
4.764164581068865572e+24
4.885106298848228097e+24
5.007404493539553262e+24
5.131028122367818207e+24
5.255943627575337412e+24
5.382114418236104311e+24
5.509499685501864912e+24
5.638051619955594846e+24
5.767709116449971237e+24
5.898385363785260865e+24
6.029949906152622026e+24
6.162215956058459580e+24
6.294948152621026939e+24
6.427889389514091366e+24
6.560789025434548641e+24
6.693420927464010148e+24
6.825591931869836551e+24
6.957144688454201384e+24
7.087957587643123515e+24
7.217943113480058400e+24
7.347045308692636134e+24
7.475236756176658913e+24
7.602515356359809586e+24
7.728901099053323735e+24
7.854432971341233970e+24
7.979166092981196972e+24
8.103169133469201714e+24
8.226522033975037557e+24
8.349314036818463922e+24
8.471642009697811052e+24
8.593609043567119916e+24
8.715323297564767021e+24
8.836897063095370340e+24
8.958446018863648786e+24
9.080088650552265595e+24
9.201945810656961539e+24
9.324140396873624916e+24
9.446797129756207676e+24
9.570042413179123156e+24
9.694004263253754918e+24
9.818812293701879049e+24
9.944597747367386093e+24
1.007149356536644637e+25
1.019963448660746852e+25
1.032915717175481207e+25
1.046020034656467526e+25
1.059290496048391347e+25
1.072741435696711990e+25
1.086387445264223422e+25
1.100243392280789953e+25
1.114324439120990155e+25
1.128646062224681345e+25
1.143224071406739407e+25
1.158074629112018009e+25
1.173214269491978644e+25
1.188659917182012769e+25
1.204428905671093596e+25
1.220538995153108864e+25
1.237008389756176051e+25
1.253855754040719861e+25
1.271100228659957423e+25
1.288761445068773796e+25
1.306859539166871339e+25
1.325415163753104349e+25
1.344449499665669456e+25
1.363984265473153225e+25
1.384041725577703921e+25
1.404644696581740933e+25
1.425816551764897030e+25
1.447581223508316311e+25
1.469963203498216107e+25
1.492987540531701581e+25
1.516679835742629971e+25
1.541066235057429888e+25
1.566173418686091151e+25
1.592028587447133015e+25
1.618659445721619421e+25
1.646094180826859456e+25
1.674361438598110162e+25
1.703490294964694286e+25
1.733510223306537076e+25
1.764451057378248712e+25
1.796342949589977734e+25
1.829216324438903004e+25
1.863101826890397755e+25
1.898030265516645739e+25
1.934032550209188118e+25
1.971139624295275710e+25
2.009382390900687337e+25
2.048791633420162719e+25
2.089397929973856796e+25
2.131231561752351943e+25
2.174322415174744886e+25
2.218699877814392044e+25
2.264392728073955314e+25
2.311429018627419954e+25
2.359835953679050058e+25
2.409639760131286689e+25
2.460865552790825537e+25
2.513537193790163470e+25
2.567677146443615229e+25
2.623306323810426738e+25
2.680443932283219785e+25
2.739107310578439279e+25
2.799311764554217442e+25
2.861070398343162933e+25
2.924393942338304749e+25
2.989290578635018753e+25
3.055765764582742545e+25
3.123822055165989607e+25
3.193458924983505705e+25
3.264672590659338791e+25
3.337455834565423126e+25
3.411797830796948916e+25
3.487683974382090135e+25
3.565095714763938473e+25
3.644010394624182159e+25
3.724401095167144464e+25
3.806236489003155652e+25
3.889480701809389827e+25
3.974093183953030463e+25
4.060028593288460791e+25
4.147236690330713403e+25
4.235662247019831055e+25
4.325244970262819213e+25
4.415919441436140317e+25
4.507615072983112472e+25
4.600256083219505012e+25
4.693761490390018448e+25
4.788045126978801968e+25
4.883015675183892150e+25
4.978576724407654042e+25
5.074626851498504962e+25
5.171059724404578898e+25
5.267764229759598946e+25
5.364624624831858955e+25
5.461520714104374472e+25
5.558328050652862305e+25
5.654918162304702993e+25
5.751158802452645926e+25
5.846914225195305436e+25
5.942045484364004115e+25
6.036410755778487195e+25
6.129865681964662191e+25
6.222263738338256956e+25
6.313456619759105604e+25
6.403294646122374476e+25
6.491627185572743280e+25
6.578303093681466994e+25
6.663171166875353008e+25
6.746080608153465333e+25
6.826881503117154235e+25
6.905425304076696292e+25
6.981565320042575646e+25
7.055157210131188673e+25
7.126059478032139152e+25
7.194133964876242231e+25
7.259246338057038698e+25
7.321266573194177635e+25
7.380069426772172521e+25
7.435534896515668500e+25
7.487548667099885695e+25
7.536002538113765450e+25
7.580794832042287906e+25
7.621830778942139231e+25
7.659022875931795431e+25
7.692291217676991065e+25
7.721563796932567615e+25
7.746776769707399504e+25
7.767874681787214170e+25
7.784810632628394882e+25
7.797546483903509102e+25
7.806053260173548769e+25
