2.009662242070531235e-02
2.009662247843480021e-02
2.009662252315308484e-02
2.009662261558287089e-02
2.009662272312567888e-02
2.009662286954144728e-02
2.009662303655640470e-02
2.009662323965910602e-02
2.009662346609958350e-02
2.009662372771203742e-02
2.009662401464962223e-02
2.009662433655740044e-02
2.009662468563883087e-02
2.009662506995768538e-02
2.009662548320173547e-02
2.009662593244843087e-02
2.009662641236087399e-02
2.009662692939634399e-02
2.009662747898238733e-02
2.009662806709100469e-02
2.009662868983019823e-02
2.009662935280043250e-02
2.009663005265843738e-02
2.009663079479739878e-02
2.009663157634555830e-02
2.009663240250864069e-02
2.009663327089211693e-02
2.009663418655849298e-02
2.009663514756676594e-02
2.009663615892481880e-02
2.009663721906806977e-02
2.009663833301156277e-02
2.009663949958567786e-02
2.009664072384320654e-02
2.009664200501809495e-02
2.009664334823280107e-02
2.009664475309663745e-02
2.009664622490153763e-02
2.009664776364411543e-02
2.009664937477145807e-02
2.009665105873653657e-02
2.009665282117334417e-02
2.009665466300275538e-02
2.009665659011722338e-02
2.009665860389303615e-02
2.009666071058380243e-02
2.009666291205791655e-02
2.009666521492103897e-02
2.009666762162803932e-02
2.009667013922783463e-02
2.009667277073967639e-02
2.009667552376970256e-02
2.009667840197693067e-02
2.009668141355497317e-02
2.009668456291230365e-02
2.009668785889590081e-02
2.009669130674646143e-02
2.009669491607379843e-02
2.009669869301095035e-02
2.009670264805618611e-02
2.009670678830371982e-02
2.009671112520367009e-02
2.009671566686432875e-02
2.009672042559368377e-02
2.009672541020196546e-02
2.009673063315936536e-02
2.009673610227225016e-02
2.009674182639586970e-02
2.009674780428749585e-02
2.009675402377586462e-02
2.009676043684693880e-02
2.009676692837947254e-02
2.009677322408459643e-02
2.009677870945303368e-02
2.009678200118542035e-02
2.009678000262477005e-02
2.009676572882146406e-02
2.009672333177081605e-02
2.009661654376698747e-02
2.009636167182382582e-02
2.009576385440187130e-02
2.009436535884018271e-02
2.009108132113324174e-02
2.008331777511546123e-02
2.006481924662678606e-02
2.002038193567473590e-02
1.991282826418644403e-02
1.965108626226624855e-02
1.901400257502589008e-02
1.748268303584710193e-02
1.395012224279229551e-02
6.544592916873204214e-03
-6.548260163921570953e-03
-2.513723551669144740e-02
-4.681216592909281937e-02
-6.906030971141785546e-02
-9.043862146779921285e-02
-1.103442473114969180e-01
-1.285839529306273266e-01
-1.451372273990724493e-01
-1.600578451539512725e-01
-1.734347943791750279e-01
-1.853750532307665011e-01
-1.959942134382120227e-01
-2.054104316005528896e-01
-2.137401706045590766e-01
-2.210952421939008372e-01
-2.275808332285799707e-01
-2.332943371060665072e-01
-2.383247832449262305e-01
-2.427527272167661343e-01
-2.466504515774264328e-01
-2.500823846935258943e-01
-2.531056427603528003e-01
-2.557706432258290974e-01
-2.581217367200699941e-01
-2.601978341754752622e-01
-2.620330030418590028e-01
-2.636570259160003760e-01
-2.650959107013959870e-01
-2.663723539856322486e-01
-2.675061545295069898e-01
-2.685145820103572167e-01
-2.694127014322709734e-01
-2.702136592123626779e-01
-2.709289326405284748e-01
-2.715685483895060037e-01
-2.721412719893394616e-01
-2.726547731608801040e-01
-2.731157686918858074e-01
-2.735301468849336004e-01
-2.739030748907266277e-01
-2.742390921653616864e-01
-2.745421909940541916e-01
-2.748158866573622849e-01
-2.750632778633236297e-01
-2.752870994911054137e-01
-2.754897680155926620e-01
-2.756734212448168631e-01
-2.758399525465586311e-01
-2.759910408778331603e-01
-2.761281766516906488e-01
-2.762526845120606422e-01
-2.763657429490052886e-01
-2.764684016404105882e-01
-2.765615963805132527e-01
-2.766461623406192283e-01
-2.767228454730422116e-01
-2.767923126958826141e-01
-2.768551606365196593e-01
-2.769119234889658165e-01
-2.769630797413145662e-01
-2.770090582642453780e-01
-2.770502435042099254e-01
-2.770869802214492306e-01
-2.771195775101153447e-01
-2.771483125001258374e-01
-2.771734334759111129e-01
-2.771951627790342765e-01
-2.772136992307071002e-01
-2.772292204141572625e-01
-2.772418845563429102e-01
-2.772518323259389739e-01
-2.772591882919837047e-01
-2.772640623408499372e-01
-2.772665508016438074e-01
-2.772667375605565310e-01
-2.772646949215518131e-01
-2.772604844778100985e-01
-2.772541577598754969e-01
-2.772457569096751229e-01
-2.772353151554106110e-01
-2.772228573227812354e-01
-2.772084001663339126e-01
-2.771919527433846508e-01
-2.771735166241443560e-01
-2.771530861470050677e-01
-2.771306485235733863e-01
-2.771061839883219857e-01
-2.770796658096627563e-01
-2.770510603426289964e-01
-2.770203269526563816e-01
-2.769874179759683197e-01
-2.769522785594911718e-01
-2.769148465297757711e-01
-2.768750521492676087e-01
-2.768328178915058224e-01
-2.767880581108089211e-01
-2.767406787186483808e-01
-2.766905767604990185e-01
-2.766376399853838208e-01
-2.765817463208881111e-01
-2.765227633244423111e-01
-2.764605475445920391e-01
-2.763949438393375480e-01
-2.763257846087946445e-01
-2.762528889623276918e-01
-2.761760618047260918e-01
-2.760950928307301933e-01
-2.760097554429263300e-01
-2.759198055500970970e-01
-2.758249802923365412e-01
-2.757249966157950261e-01
-2.756195497800461580e-01
-2.755083116804089571e-01
-2.753909291115670399e-01
-2.752670218107181599e-01
-2.751361804553311696e-01
-2.749979644053541783e-01
-2.748518994218190903e-01
-2.746974751009929605e-01
-2.745341423202690145e-01
-2.743613103818579035e-01
-2.741783442289310035e-01
-2.739845613644659728e-01
-2.737792289423527925e-01
-2.735615606065273653e-01
-2.733307136662320169e-01
-2.730857861319525015e-01
-2.728258143512984346e-01
-2.725497707276217652e-01
-2.722565624555939867e-01
-2.719450307325165239e-01
-2.716139516321320890e-01
-2.712620381062355590e-01
-2.708879446249796707e-01
-2.704902739672609968e-01
-2.700675880893778635e-01
-2.696184226647267979e-01
-2.691413077386469732e-01
-2.686347941947051510e-01
-2.680974890523739051e-01
-2.675280993518210360e-01
-2.669254881830778747e-01
-2.662887424440482098e-01
-2.656172561601418680e-01
-2.649108281876879079e-01
-2.641697777149791815e-01
-2.633950744456889925e-01
-2.625884851053083002e-01
-2.617527292984666021e-01
-2.608916425562511909e-01
-2.600103332812368495e-01
-2.591153255914445674e-01
-2.582146666245059285e-01
-2.573179843204813633e-01
-2.564364675126180049e-01
-2.555827533415836461e-01
-2.547706949082834127e-01
-2.540150058028036728e-01
-2.533307699669824498e-01
-2.527328425184917626e-01
-2.522351585867341761e-01
-2.518500152833460515e-01
-2.515873672274198114e-01
-2.514542329314852775e-01
