-5.131358823989396356e+00
-5.131070931132526880e+00
-5.130495171164501045e+00
-5.129631595461310312e+00
-5.128480281179201405e+00
-5.127041330908066463e+00
-5.125314872971748592e+00
-5.123301060849384747e+00
-5.121000073626709614e+00
-5.118412115183872402e+00
-5.115537414798802196e+00
-5.112376226099362597e+00
-5.108928827820246710e+00
-5.105195522516681628e+00
-5.101176637476688924e+00
-5.096872523192937265e+00
-5.092283554432547987e+00
-5.087410128463023540e+00
-5.082252666282227160e+00
-5.076811610593559010e+00
-5.071087427199198139e+00
-5.065080602718917469e+00
-5.058791646150130994e+00
-5.052221086323990917e+00
-5.045369473636242219e+00
-5.038237377233312664e+00
-5.030825386918614583e+00
-5.023134110060396118e+00
-5.015164173678636317e+00
-5.006916221065442762e+00
-4.998390914058361112e+00
-4.989588929362951397e+00
-4.980510961019041893e+00
-4.971157716413907579e+00
-4.961529918948745177e+00
-4.951628303729545877e+00
-4.941453620441970784e+00
-4.931006628705412176e+00
-4.920288101165493089e+00
-4.909298818495139827e+00
-4.898039572714949053e+00
-4.886511161823255733e+00
-4.874714393355874087e+00
-4.862650078624963790e+00
-4.850319036531099748e+00
-4.837722087388248937e+00
-4.824860057002819502e+00
-4.811733770059337445e+00
-4.798344054482858390e+00
-4.784691734356806059e+00
-4.770777634587446414e+00
-4.756602573321479177e+00
-4.742167366933920825e+00
-4.727472821908831335e+00
-4.712519740174866634e+00
-4.697308910407566707e+00
-4.681841113740479621e+00
-4.666117114441491687e+00
-4.650137666031754158e+00
-4.633903501281600334e+00
-4.617415338774633504e+00
-4.600673872160567335e+00
-4.583679777208082839e+00
-4.566433700242010119e+00
-4.548936265736227114e+00
-4.531188063850702719e+00
-4.513189658625051948e+00
-4.494941574516553295e+00
-4.476444305266455537e+00
-4.457698299322502500e+00
-4.438703969464016019e+00
-4.419461676970725783e+00
-4.399971742108760075e+00
-4.380234426878949705e+00
-4.360249946480418970e+00
-4.340018450425537466e+00
-4.319540035087233498e+00
-4.298814722850520909e+00
-4.277842475682366086e+00
-4.256623171496742408e+00
-4.235156617611854024e+00
-4.213442520850002815e+00
-4.191480493335775215e+00
-4.169269997211241474e+00
-4.146810296392690276e+00
-4.124100260732859624e+00
-4.101137976306592492e+00
-4.077919694389232852e+00
-4.054437336600936526e+00
-4.030672444816048028e+00
-4.006583003294647227e+00
-3.982080692535852950e+00
-3.957012885859550799e+00
-3.931193063299548207e+00
-3.904485698841241526e+00
-3.876858707962992145e+00
-3.848363780619230567e+00
-3.819096412345517777e+00
-3.789169304799190119e+00
-3.758699395449592640e+00
-3.727801558123860826e+00
-3.696585420523196941e+00
-3.665153457803331349e+00
-3.633599998659634345e+00
-3.602010680496481321e+00
-3.570462396713275588e+00
-3.539023456973619641e+00
-3.507754028326350415e+00
-3.476706639900028151e+00
-3.445926826537931031e+00
-3.415453742862410547e+00
-3.385320831766427396e+00
-3.355556416386471064e+00
-3.326184304159694349e+00
-3.297224298149252331e+00
-3.268692703975815572e+00
-3.240602744771720722e+00
-3.212964968847616287e+00
-3.185787573793755101e+00
-3.159076726365841470e+00
-3.132836809564456093e+00
-3.107070670420362557e+00
-3.081779805467367073e+00
-3.056964551748727388e+00
-3.032624224686766290e+00
-3.008757265469319098e+00
-2.985361342900723081e+00
-2.962433467744337801e+00
-2.939970067657664998e+00
-2.917967076672704163e+00
-2.896419990151821278e+00
-2.875323935592332347e+00
-2.854673712790865903e+00
-2.834463850586757427e+00
-2.814688636071132066e+00
-2.795342160685824862e+00
-2.776418341296096770e+00
-2.757910958167041571e+00
-2.739813669965662779e+00
-2.722120045476434047e+00
-2.704823574046401724e+00
-2.687917692417810756e+00
-2.671395791727615876e+00
-2.655251240481926178e+00
-2.639477388929084789e+00
-2.624067588943148177e+00
-2.609015196377544754e+00
-2.594313588436826024e+00
-2.579956164463907964e+00
-2.565936361241722974e+00
-2.552247652554950896e+00
-2.538883562762218382e+00
-2.525837665391301723e+00
-2.513103595247969668e+00
-2.500675046243696631e+00
-2.488545782251751159e+00
-2.476709634322323605e+00
-2.465160510454972975e+00
-2.453892392323252292e+00
-2.442899344101366221e+00
-2.432175508795850316e+00
-2.421715116240398036e+00
-2.411512479113711915e+00
-2.401562000197995150e+00
-2.391858168148011110e+00
-2.382395564094353269e+00
-2.373168857217897276e+00
-2.364172810767500188e+00
-2.355402277485580065e+00
-2.346852205100709909e+00
-2.338517631643289185e+00
-2.330393690466008305e+00
-2.322475605483188765e+00
-2.314758695765805285e+00
-2.307238370733614374e+00
-2.299910134366244474e+00
-2.292769580373470895e+00
-2.285812396059377694e+00
-2.279034357493070484e+00
-2.272431333058986258e+00
-2.265999278647629289e+00
-2.259734240921710047e+00
-2.253632352544153061e+00
-2.247689835186824858e+00
-2.241902994810851091e+00
-2.236268224442015118e+00
-2.230781999516759928e+00
-2.225440880445805458e+00
-2.220241508037554823e+00
-2.215180605869382813e+00
-2.210254975798684907e+00
-2.205461500159280774e+00
-2.200797137369027823e+00
-2.196258923967071119e+00
-2.191843970325707325e+00
-2.187549462542532019e+00
-2.183372658263258881e+00
-2.179310888441341909e+00
-2.175361553277407989e+00
-2.171522123857674735e+00
-2.167790138214759299e+00
-2.164163202854966439e+00
-2.160638988944547645e+00
-2.157215233734776749e+00
-2.153889736877030447e+00
-2.150660361753638394e+00
-2.147525031924509609e+00
-2.144481732370859373e+00
-2.141528506075601523e+00
-2.138663455186220030e+00
-2.135884737730701310e+00
-2.133190568705143342e+00
-2.130579216926569153e+00
-2.128049006050213965e+00
-2.125598311560263909e+00
-2.123225561721258536e+00
-2.120929234707434663e+00
-2.118707859492171774e+00
-2.116560013116488115e+00
-2.114484321519994658e+00
-2.112479456948875622e+00
-2.110544138731460961e+00
-2.108677130825880930e+00
-2.106877242543037987e+00
-2.105143326233982037e+00
-2.103474277962825045e+00
-2.101869035333792546e+00
-2.100326578116256560e+00
-2.098845926211432289e+00
-2.097426140231516634e+00
-2.096066319605824457e+00
-2.094765603115800623e+00
-2.093523167140370678e+00
-2.092338226148363844e+00
-2.091210031082763265e+00
-2.090137869811838023e+00
-2.089121065651893705e+00
-2.088158977778209469e+00
-2.087250999885797320e+00
-2.086396560560903168e+00
-2.085595122079281882e+00
-2.084846180738787691e+00
-2.084149265794453143e+00
-2.083503939752533896e+00
-2.082909797441574007e+00
-2.082366466268006810e+00
-2.081873605422339235e+00
-2.081430906096236377e+00
-2.081038090822872721e+00
-2.080694913655252165e+00
-2.080401159639853947e+00
-2.080156644955853285e+00
-2.079961216521175604e+00
-2.079814752092314478e+00
-2.079717160002088061e+00
-2.079668379219686614e+00
