4.468556414929339415e-02
4.468533066396929848e-02
4.468486365059514548e-02
4.468416296453082276e-02
4.468322847763565170e-02
4.468205990068975508e-02
4.468065702024896779e-02
4.467901940263488414e-02
4.467714674928993657e-02
4.467503848226393043e-02
4.467269421815518032e-02
4.467011323499801151e-02
4.466729506490418194e-02
4.466423884222488899e-02
4.466094401503628575e-02
4.465740957442278225e-02
4.465363488498015621e-02
4.464961879503632353e-02
4.464536058637562366e-02
4.464085896518527746e-02
4.463611313123339031e-02
4.463112164930233688e-02
4.462588363808034364e-02
4.462039752181398700e-02
4.461466233920582947e-02
4.460867637498804744e-02
4.460243858914752363e-02
4.459594712809368533e-02
4.458920087456431230e-02
4.458219783803100966e-02
4.457493682566734949e-02
4.456741571160737631e-02
4.455963322939041765e-02
4.455158711965567786e-02
4.454327604450906281e-02
4.453469761320737880e-02
4.452585041892639928e-02
4.451673194195496924e-02
4.450734070937426706e-02
4.449767407525527518e-02
4.448773050379087324e-02
4.447750722595483069e-02
4.446700264666486602e-02
4.445621387733011964e-02
4.444513926765535777e-02
4.443377581347147942e-02
4.442212181382509950e-02
4.441017415345417663e-02
4.439793108584458997e-02
4.438538938967558078e-02
4.437254727856073527e-02
4.435940143075667308e-02
4.434595002634104943e-02
4.433218964944191792e-02
4.431811845364339725e-02
4.430373293595665091e-02
4.428903123128433150e-02
4.427400975731556748e-02
4.425866663891853126e-02
4.424299822310610864e-02
4.422700263426670303e-02
4.421067615830705233e-02
4.419401692967184908e-02
4.417702118373276199e-02
4.415968707659097270e-02
4.414201080473668243e-02
4.412399055867435860e-02
4.410562250883648394e-02
4.408690489411459801e-02
4.406783387296801802e-02
4.404840774799072267e-02
4.402862268110964428e-02
4.400847705536765214e-02
4.398796705305886567e-02
4.396709115595494322e-02
4.394584558517860423e-02
4.392422894115078497e-02
4.390223750394853935e-02
4.387987001429533018e-02
4.385712283307610648e-02
4.383399486470138107e-02
4.381048257427463954e-02
4.378658505442085958e-02
4.376229889782169702e-02
4.373762340685032057e-02
4.371255531461206573e-02
4.368709412541840059e-02
4.366123664872624544e-02
4.363498238657127770e-02
4.360832766896700907e-02
4.358127060796346264e-02
4.355380390323555090e-02
4.352591825608437270e-02
4.349759423795537816e-02
4.346880812493113255e-02
4.343952803923274014e-02
4.340972256316182748e-02
4.337935617166197716e-02
4.334839632234111645e-02
4.331680750818500680e-02
4.328455788434906748e-02
4.325161286499154545e-02
4.321794175456501741e-02
4.318351108500990271e-02
4.314829134217731954e-02
4.311225009008688019e-02
4.307535882838809532e-02
4.303758592800505794e-02
4.299890364305617579e-02
4.295928087254974326e-02
4.291869034184467302e-02
4.287710119766244277e-02
4.283448636797256709e-02
4.279081499241181585e-02
4.274605996547942849e-02
4.270019020131129994e-02
4.265317836283730873e-02
4.260499295818548360e-02
4.255560625740369141e-02
4.250498621700988383e-02
4.245310458552829097e-02
4.239992865244830711e-02
4.234542954383941488e-02
4.228957379198179656e-02
4.223233182250009377e-02
4.217366934103095044e-02
4.211355601355373790e-02
4.205195666658567699e-02
4.198884016262994373e-02
4.192417041050219145e-02
4.185791543803755316e-02
4.179003820924337420e-02
4.172050589660322023e-02
4.164928050180644048e-02
4.157632833015688367e-02
4.150161041166496034e-02
4.142509218021425688e-02
4.134673369180767027e-02
4.126649951127137061e-02
4.118434872443787337e-02
4.110024503527907186e-02
4.101414656877856030e-02
4.092601618148442033e-02
4.083581105178589465e-02
4.074349320696674104e-02
4.064901889754751751e-02
4.055234934400520075e-02
4.045343989178323829e-02
4.035225098092203727e-02
4.024873707826939068e-02
4.014285787334340161e-02
4.003456698420206072e-02
3.992382338293287009e-02
3.981057987155737360e-02
3.969479474061832908e-02
3.957642001140534993e-02
3.945541333118341570e-02
3.933172597793253844e-02
3.920531499583517626e-02
3.907613095862152996e-02
3.894413034901168108e-02
3.880926307664787217e-02
3.867148510526528804e-02
3.853074572107918067e-02
3.838700041153977893e-02
3.824019787991548430e-02
3.809029317957512983e-02
3.793723447037441326e-02
3.778097641249864719e-02
3.762146666011582929e-02
3.745865951890803985e-02
3.729250217229723025e-02
3.712294860689716730e-02
3.694994556644777550e-02
3.677344674952578996e-02
3.659339848613918367e-02
3.640975421215338070e-02
3.622245986329009765e-02
3.603146863085168045e-02
3.583672606764649882e-02
3.563818512972791175e-02
3.543579098851868531e-02
3.522949636342751628e-02
3.501924603417038567e-02
3.480499246928427104e-02
3.458668003233385246e-02
3.436426091151249113e-02
3.413767901307961788e-02
3.390688619742190935e-02
3.367182585267722295e-02
3.343244944282657005e-02
3.318869975402351929e-02
3.294052776050012538e-02
3.268787553562255838e-02
3.243069344162264472e-02
3.216892269683474526e-02
3.190251289550835589e-02
3.163140422203363639e-02
3.135554530735086554e-02
3.107487508022902314e-02
3.078934096706401058e-02
3.049888036941968833e-02
3.020343921429593376e-02
2.990295304615541577e-02
2.959736593504901786e-02
2.928661117020744942e-02
2.897063053373055003e-02
2.864935458150183120e-02
2.832272229048349646e-02
2.799066091117883431e-02
2.765310599693284258e-02
2.730998081040183698e-02
2.696121674365346832e-02
2.660673225908157316e-02
2.624645370956446219e-02
2.588029379198801896e-02
2.550817277733143096e-02
2.512999645247408417e-02
2.474567777098364216e-02
2.435511425632741825e-02
2.395821008563657831e-02
2.355485292516214940e-02
2.314493646198333837e-02
2.272833664129089368e-02
2.230493466609599976e-02
2.187459260728079335e-02
2.143717690126255293e-02
2.099253331105480763e-02
2.054051097149306795e-02
2.008093669980534970e-02
1.961363967773720532e-02
1.913842515830985538e-02
1.865509995612775820e-02
1.816344570587773155e-02
1.766324550524146081e-02
1.715425712433234565e-02
1.663624152255141139e-02
1.610893696069583270e-02
1.557209096428921295e-02
1.502543758047522257e-02
1.446873636985200433e-02
1.390175819375529843e-02
1.332433981698589315e-02
1.273639168764620702e-02
1.213798995036603941e-02
1.152944174744142958e-02
1.091147370508831031e-02
1.028545440145442816e-02
9.653849262849248380e-03
9.020892289453951232e-03
8.393802087580174570e-03
7.784702483433818265e-03
7.213698152781891464e-03
6.712812374531436539e-03
6.328573948343528370e-03
6.115969478223013886e-03
