6.810211798610049660e-02
6.810190102614176177e-02
6.810146699305623386e-02
6.810081566042219814e-02
6.809994668839562670e-02
6.809885962345560428e-02
6.809755389806658454e-02
6.809602883025726860e-02
6.809428362311550909e-02
6.809231736420384706e-02
6.809012902489164354e-02
6.808771745960767729e-02
6.808508140501544348e-02
6.808221947910830796e-02
6.807913018023076246e-02
6.807581188602176980e-02
6.807226285228727691e-02
6.806848121179699673e-02
6.806446497301144039e-02
6.806021201873958815e-02
6.805572010472639433e-02
6.805098685817349835e-02
6.804600977619264246e-02
6.804078622419586220e-02
6.803531343421913291e-02
6.802958850318446826e-02
6.802360839109776458e-02
6.801736991918774788e-02
6.801086976798179085e-02
6.800410447532266589e-02
6.799707043432610953e-02
6.798976389127799058e-02
6.798218094347389939e-02
6.797431753700088064e-02
6.796616946446029650e-02
6.795773236263308315e-02
6.794900171008845524e-02
6.793997282473537846e-02
6.793064086131596346e-02
6.792100080884290458e-02
6.791104748798125479e-02
6.790077554837117835e-02
6.789017946589821773e-02
6.787925353990433008e-02
6.786799189034521673e-02
6.785638845489377902e-02
6.784443698598517647e-02
6.783213104781236902e-02
6.781946401326525986e-02
6.780642906081825461e-02
6.779301917136683342e-02
6.777922712501249780e-02
6.776504549779806263e-02
6.775046665839647153e-02
6.773548276475020724e-02
6.772008576066855523e-02
6.770426737237851544e-02
6.768801910503635666e-02
6.767133223919903628e-02
6.765419782725855258e-02
6.763660668984197710e-02
6.761854941217813886e-02
6.760001634043821817e-02
6.758099757804734986e-02
6.756148298197459101e-02
6.754146215900422301e-02
6.752092446199123299e-02
6.749985898610366686e-02
6.747825456506063857e-02
6.745609976736360869e-02
6.743338289253231199e-02
6.741009196734551456e-02
6.738621474209310902e-02
6.736173868684597332e-02
6.733665098774727076e-02
6.731093854333398963e-02
6.728458796089042959e-02
6.725758555284411244e-02
6.722991733320911323e-02
6.720156901408436134e-02
6.717252600221190750e-02
6.714277339560677238e-02
6.711229598026270671e-02
6.708107822694274469e-02
6.704910428806512557e-02
6.701635799468921850e-02
6.698282285361548127e-02
6.694848204460410179e-02
6.691331841772525657e-02
6.687731449084893809e-02
6.684045244728710478e-02
6.680271413359467614e-02
6.676408105754556843e-02
6.672453438629089018e-02
6.668405494471252304e-02
6.664262321398480016e-02
6.660021933035471797e-02
6.655682308415583615e-02
6.651241391906591305e-02
6.646697093162501346e-02
6.642047287102430253e-02
6.637289813918265113e-02
6.632422479112408398e-02
6.627443053566965669e-02
6.622349273646166434e-02
6.617138841333364274e-02
6.611809424404167801e-02
6.606358656637610627e-02
6.600784138066613516e-02
6.595083435269689931e-02
6.589254081705581134e-02
6.583293578092556941e-02
6.577199392834240377e-02
6.570968962493539678e-02
6.564599692317006630e-02
6.558088956811074233e-02
6.551434100372433011e-02
6.544632437974358397e-02
6.537681255911023670e-02
6.530577812601905119e-02
6.523319339458426291e-02
6.515903041814616325e-02
6.508326099924642560e-02
6.500585670028515006e-02
6.492678885489053253e-02
6.484602858001807524e-02
6.476354678880605342e-02
6.467931420420949817e-02
6.459330137343526068e-02
6.450547868320753719e-02
6.441581637588351950e-02
6.432428456644663506e-02
6.423085326040561815e-02
6.413549237262289315e-02
6.403817174709956761e-02
6.393886117774864875e-02
6.383753043017734163e-02
6.373414926451660689e-02
6.362868745931898884e-02
6.352111483656103230e-02
6.341140128777837670e-02
6.329951680136639003e-02
6.318543149107848367e-02
6.306911562575805152e-02
6.295053966033427317e-02
6.282967426812234579e-02
6.270649037446116014e-02
6.258095919172912414e-02
6.245305225577594405e-02
6.232274146380990115e-02
6.218999911378598339e-02
6.205479794533390325e-02
6.191711118227615634e-02
6.177691257677719872e-02
6.163417645517798443e-02
6.148887776556268003e-02
6.134099212711062454e-02
6.119049588129067685e-02
6.103736614495222645e-02
6.088158086537279884e-02
6.072311887732639857e-02
6.056195996223372180e-02
6.039808490946532715e-02
6.023147557986444772e-02
6.006211497156627166e-02
5.988998728818707706e-02
5.971507800946607852e-02
5.953737396444010177e-02
5.935686340723977245e-02
5.917353609559750094e-02
5.898738337215916200e-02
5.879839824869998594e-02
5.860657549334189614e-02
5.841191172088221195e-02
5.821440548633668999e-02
5.801405738181351912e-02
5.781087013683048476e-02
5.760484872219601149e-02
5.739600045757314167e-02
5.718433512285341080e-02
5.696986507346255696e-02
5.675260535972980608e-02
5.653257385044439115e-02
5.630979136073049202e-02
5.608428178436741102e-02
5.585607223067551308e-02
5.562519316609467607e-02
5.539167856056503164e-02
5.515556603882216385e-02
5.491689703670192546e-02
5.467571696254380775e-02
5.443207536376052508e-02
5.418602609863099051e-02
5.393762751334198885e-02
5.368694262428595765e-02
5.343403930558314474e-02
5.317899048176610161e-02
5.292187432551491433e-02
5.266277446028555520e-02
5.240178016761198182e-02
5.213898659880081971e-02
5.187449499065436426e-02
5.160841288477684835e-02
5.134085434991982749e-02
5.107194020670767498e-02
5.080179825396662074e-02
5.053056349573713246e-02
5.025837836789954355e-02
4.998539296317024150e-02
4.971176525303852567e-02
4.943766130501343198e-02
4.916325549331854866e-02
4.888873070094148371e-02
4.861427851067536693e-02
4.834009938252129684e-02
4.806640281451887708e-02
4.779340748377160913e-02
4.752134136410917503e-02
4.725044181650180086e-02
4.698095564801352958e-02
4.671313913474523655e-02
4.644725800390495790e-02
4.618358736983683988e-02
4.592241161856563947e-02
4.566402423518218373e-02
4.540872756820932277e-02
4.515683252498024769e-02
4.490865819202524006e-02
4.466453137454418076e-02
4.442478604922959345e-02
4.418976272504411551e-02
4.395980770704414203e-02
4.373527225901552296e-02
4.351651166154248823e-02
4.330388416320318790e-02
4.309774982385735503e-02
4.289846925049258658e-02
4.270640222780082429e-02
4.252190624756391202e-02
4.234533494301283285e-02
4.217703643655664608e-02
4.201735161161050669e-02
4.186661232163537555e-02
4.172513955187270862e-02
4.159324155153024810e-02
4.147121195629015905e-02
4.135932792286337034e-02
4.125784829882626209e-02
4.116701185206803754e-02
4.108703558476790862e-02
4.101811315684991688e-02
4.096041344328590905e-02
4.091407924840331084e-02
4.087922619850991451e-02
4.085594183168842625e-02
4.084428490059434369e-02
