2.402500653923368645e+00
2.402016383509289366e+00
2.401048489960028842e+00
2.399598266223204490e+00
2.397667647698400462e+00
2.395259207421838177e+00
2.392376149663451468e+00
2.389022301952751004e+00
2.385202105552389984e+00
2.380920604404848984e+00
2.376183432579912047e+00
2.370996800258202253e+00
2.365367478288131764e+00
2.359302781362233148e+00
2.352810549860723466e+00
2.345899130419704104e+00
2.338577355282702275e+00
2.330854520504945793e+00
2.322740363079974557e+00
2.314245037069524891e+00
2.305379088817089972e+00
2.296153431336579231e+00
2.286579317966096259e+00
2.276668315387524899e+00
2.266432276109550337e+00
2.255883310522004415e+00
2.245033758624468412e+00
2.233896161541512715e+00
2.222483232930005936e+00
2.210807830392299334e+00
2.198882927000090248e+00
2.186721583041026040e+00
2.174336918088968229e+00
2.161742083504917034e+00
2.148950235462705027e+00
2.135974508598291965e+00
2.122827990367142981e+00
2.109523696197759257e+00
2.096074545513908927e+00
2.082493338700816210e+00
2.068792735074026723e+00
2.054985231912051180e+00
2.041083144596625321e+00
2.027098587906570160e+00
2.013043458493902538e+00
1.998929418572867878e+00
1.984767880835541787e+00
1.970569994609883802e+00
1.956346633259476331e+00
1.942108382827212321e+00
1.927865531908864449e+00
1.913628062746470126e+00
1.899405643515962749e+00
1.885207621788133059e+00
1.871043019127656803e+00
1.856920526800382554e+00
1.842848502545767264e+00
1.828834968377677450e+00
1.814887609364554288e+00
1.801013773347066360e+00
1.787220471540242883e+00
1.773514379974878041e+00
1.759901841722969484e+00
1.746388869860272308e+00
1.732981151110010387e+00
1.719684050120631191e+00
1.706502614322217060e+00
1.693441579315436929e+00
1.680505374739424296e+00
1.667698130574371218e+00
1.655023683827939296e+00
1.642485585563935313e+00
1.630087108225702464e+00
1.617831253215994636e+00
1.605720758689516803e+00
1.593758107523590262e+00
1.581945535427241367e+00
1.570285039157974127e+00
1.558778384810846518e+00
1.547427116152952475e+00
1.536232562972214444e+00
1.525195849417516403e+00
1.514317902303164765e+00
1.503599459358450297e+00
1.493041077399374306e+00
1.482643140406751048e+00
1.472405867491473952e+00
1.462329320734587101e+00
1.452413412886243149e+00
1.442657914914278638e+00
1.433062463389641605e+00
1.423626567702048318e+00
1.414349617096000600e+00
1.405230887522898930e+00
1.396269548301867225e+00
1.387464668587176098e+00
1.378815223637031906e+00
1.370320100883406722e+00
1.361978105799595440e+00
1.353787967566686623e+00
1.345748344537246455e+00
1.337857829498606099e+00
1.330114954735518440e+00
1.322518196895472675e+00
1.315065981657621785e+00
1.307756688209387841e+00
1.300588653532596561e+00
1.293560176503848691e+00
1.286669521811656836e+00
1.279914923695518736e+00
1.273294589510006514e+00
1.266806703119305988e+00
1.260449428125766325e+00
1.254220910937963174e+00
1.248119283682205483e+00
1.242142666963010456e+00
1.236289172476662479e+00
1.230556905483364494e+00
1.224943967142184675e+00
1.219448456714224083e+00
1.214068473638207912e+00
1.208802119483794790e+00
1.203647499786763886e+00
1.198602725771172217e+00
1.193665915962570434e+00
1.188835197697146073e+00
1.184108708530739573e+00
1.179484597552364900e+00
1.174961026606068160e+00
1.170536171425418326e+00
1.166208222684365525e+00
1.161975386968453927e+00
1.157835887669951269e+00
1.153787965810612270e+00
1.149829880795446124e+00
1.145959911100927986e+00
1.142176354900846569e+00
1.138477530632946877e+00
1.134861777509382330e+00
1.131327455973846874e+00
1.127872948108259887e+00
1.124496657991579829e+00
1.121197012013465555e+00
1.117972459145100794e+00
1.114821471169751277e+00
1.111742542875116868e+00
1.108734192209885450e+00
1.105794960406360161e+00
1.102923412071376230e+00
1.100118135247195594e+00
1.097377741444446109e+00
1.094700865648593036e+00
1.092086166301882377e+00
1.089532325262067447e+00
1.087038047739717017e+00
1.084602062215256568e+00
1.082223120337437949e+00
1.079899996804215556e+00
1.077631489227602657e+00
1.075416417983382278e+00
1.073253626047139253e+00
1.071141978817301554e+00
1.069080363926626864e+00
1.067067691042695055e+00
1.065102891658713302e+00
1.063184918875124785e+00
1.061312747173246196e+00
1.059485372181299567e+00
1.057701810434010348e+00
1.055961099126045744e+00
1.054262295860383780e+00
1.052604478391817588e+00
1.050986744366626313e+00
1.049408211058510565e+00
1.047868015101818706e+00
1.046365312222051980e+00
1.044899276964611934e+00
1.043469102421786143e+00
1.042073999958799790e+00
1.040713198938921114e+00
1.039385946448414533e+00
1.038091507021230209e+00
1.036829162364241386e+00
1.035598211082825681e+00
1.034397968407570811e+00
1.033227765921899799e+00
1.032086951291310895e+00
1.030974887994013711e+00
1.029890955053615276e+00
1.028834546773625291e+00
1.027805072474369918e+00
1.026801956232087365e+00
1.025824636620732200e+00
1.024872566456268119e+00
1.023945212543925010e+00
1.023042055428178498e+00
1.022162589145907630e+00
1.021306320982475535e+00
1.020472771231130116e+00
1.019661472955479153e+00
1.018871971755411554e+00
1.018103825536159190e+00
1.017356604280900800e+00
1.016629889826533795e+00
1.015923275643002999e+00
1.015236366615815955e+00
1.014568778832055873e+00
1.013920139369515860e+00
1.013290086089252862e+00
1.012678267431137868e+00
1.012084342212628441e+00
1.011507979430376292e+00
1.010948858064773637e+00
1.010406666887055271e+00
1.009881104268992802e+00
1.009371877994717837e+00
1.008878705074680360e+00
1.008401311561171854e+00
1.007939432365363208e+00
1.007492811075189287e+00
1.007061199773924720e+00
1.006644358858708177e+00
1.006242056858705380e+00
1.005854070252102161e+00
1.005480183281476370e+00
1.005120187766619155e+00
1.004773882914293148e+00
1.004441075123905458e+00
1.004121577788526842e+00
1.003815211090295367e+00
1.003521801789733603e+00
1.003241183008246162e+00
1.002973194003723201e+00
1.002717679939170159e+00
1.002474491645164889e+00
1.002243485377392052e+00
1.002024522571764109e+00
1.001817469600669641e+00
1.001622197535772418e+00
1.001438581924439353e+00
1.001266502589447160e+00
1.001105843463826695e+00
1.000956492475528314e+00
1.000818341498769914e+00
1.000691286390900103e+00
1.000575227134145928e+00
1.000470068100616228e+00
1.000375718455460250e+00
1.000292092706547953e+00
1.000219111399234029e+00
1.000156701941862236e+00
1.000104799532324451e+00
1.000063348140209030e+00
1.000032301484810704e+00
1.000011623939754291e+00
1.000001291292371031e+00
