7.775232032260095814e-08
7.779339901545798598e-08
7.787561803493446371e-08
7.799910082181814088e-08
7.816403286712964560e-08
7.837066223407002324e-08
7.861930004784902397e-08
7.891032137282528027e-08
7.924416595583951184e-08
7.962133946952060078e-08
8.004241451959665428e-08
8.050803226999506623e-08
8.101890372838047730e-08
8.157581177358301927e-08
8.217961273765631806e-08
8.283123886143277085e-08
8.353170019573510659e-08
8.428208751661436566e-08
8.508357457307190556e-08
8.593742149982179638e-08
8.684497744416274659e-08
8.780768452101807194e-08
8.882708085746838417e-08
8.990480514260977978e-08
9.104260013479082277e-08
9.224231786757062246e-08
9.350592367212207526e-08
9.483550211044515181e-08
9.623326157381351606e-08
9.770154102564298238e-08
9.924281524642813040e-08
1.008597024815161502e-07
1.025549704139743608e-07
1.043315448272188326e-07
1.061925163998936988e-07
1.081411505102555361e-07
1.101808949616663216e-07
1.123153910752479312e-07
1.145484824714032456e-07
1.168842276199271145e-07
1.193269098224691319e-07
1.218810514156709676e-07
1.245514251221332782e-07
1.273430701328791605e-07
1.302613050207648527e-07
1.333117459645293584e-07
1.365003214493654156e-07
1.398332929369215454e-07
1.433172716138185081e-07
1.469592418615020302e-07
1.507665803556914497e-07
1.547470827483611616e-07
1.589089854708225844e-07
1.632609961091116681e-07
1.678123183218701736e-07
1.725726864722934138e-07
1.775523941410102339e-07
1.827623336751308359e-07
1.882140288580011134e-07
1.939196801521048919e-07
1.998922021843671425e-07
2.061452755989006695e-07
2.126933901315165519e-07
2.195519041556200185e-07
2.267370942564768624e-07
2.342662237554488628e-07
2.421575998578765752e-07
2.504306526853465164e-07
2.591060012662933360e-07
2.682055449035433590e-07
2.777525395107792448e-07
2.877717035065567504e-07
2.982893062821775683e-07
3.093332912625488781e-07
3.209333786386496344e-07
3.331212088054800477e-07
3.459304619550667647e-07
3.593970259048245859e-07
3.735591359613711224e-07
3.884575727506885670e-07
4.041358283001469963e-07
4.206403452666093053e-07
4.380207280942824908e-07
4.563300670034406896e-07
4.756252935230344835e-07
4.959678390656256870e-07
5.174247715135602904e-07
5.400714346023619269e-07
5.639976070003135306e-07
5.893226559888333912e-07
6.162303266184592249e-07
6.450352517014661423e-07
6.762582998301949040e-07
7.106048800448073456e-07
7.487908165613632166e-07
7.913912711522774121e-07
8.388401568861426779e-07
8.914921564353879414e-07
9.496686663542223341e-07
1.013678725369667772e-06
1.083827304601499535e-06
1.160417814913823794e-06
1.243753092866823604e-06
1.334135261239561215e-06
1.431865670564093859e-06
1.537244272176074808e-06
1.650569216793466005e-06
1.772135955759237800e-06
1.902236593398098757e-06
2.041158779202287680e-06
2.189184887170471375e-06
2.346590771444546384e-06
2.513644854408852460e-06
2.690606822789710512e-06
2.877726703576192024e-06
3.075243571669973399e-06
3.283384682998918555e-06
3.502364254250408194e-06
3.732382710499492157e-06
3.973625585772603645e-06
4.226262930244276342e-06
4.490448368734432134e-06
4.766318700781725935e-06
5.053993143106570748e-06
5.353573144834476389e-06
5.665141829578237406e-06
5.988764037817884042e-06
6.324485974645020158e-06
6.672335481887068710e-06
7.032321888828389098e-06
7.404436508218731515e-06
7.788652679585076615e-06
8.184926475934338098e-06
8.593196922744311361e-06
9.013386896092085050e-06
9.445403495182246649e-06
9.889139107899303760e-06
1.034447191086385733e-05
1.081126707506017432e-05
1.128937736491625705e-05
1.177864445466841898e-05
1.227889959678416203e-05
1.278996501901798229e-05
1.331165463252427668e-05
1.384377547999363318e-05
1.438612845488725630e-05
1.493850977244924391e-05
1.550071167344472107e-05
1.607252389202872852e-05
1.665373431998151804e-05
1.724413044817076535e-05
1.784349997035009229e-05
1.845163217806981766e-05
1.906831848643118844e-05
1.969335376560109194e-05
2.032653677431405854e-05
2.096767141444254832e-05
2.161656706136427637e-05
2.227303973118852863e-05
2.293691230020465150e-05
2.360801557726453011e-05
2.428618840730476972e-05
2.497127864392177749e-05
2.566314313434633310e-05
2.636164858936856703e-05
2.706667144907946065e-05
2.777809864896994783e-05
2.849582736721589413e-05
2.921976568697006829e-05
2.994983222694302694e-05
3.068595670063409378e-05
3.142807943246823027e-05
3.217615181497050520e-05
3.293013571277588809e-05
3.369000381858934968e-05
3.445573894701659445e-05
3.522733428958328553e-05
3.600479259959101760e-05
3.678812634554597154e-05
3.757735678715283740e-05
3.837251402526956501e-05
3.917363596777782885e-05
3.998076827268253939e-05
4.079396320098534131e-05
4.161327944784411984e-05
4.243878087780228263e-05
4.327053623708203875e-05
4.410861776463777630e-05
4.495310077676835397e-05
4.580406214557677453e-05
4.666157974522928704e-05
4.752573078761131604e-05
4.839659111788275990e-05
4.927423339556904190e-05
5.015872622568287825e-05
5.105013217236631422e-05
5.194850671098669842e-05
5.285389606095041869e-05
5.376633594408881104e-05
5.468584922367758093e-05
5.561244445540615623e-05
5.654611332130586116e-05
5.748682896202858284e-05
5.843454319772010426e-05
5.938918463464833305e-05
6.035065567056363610e-05
6.131883037544766748e-05
6.229355128709398613e-05
6.327462707547089934e-05
6.426182914574576888e-05
6.525488910906464756e-05
6.625349522561285471e-05
6.725728972206576574e-05
6.826586512704022134e-05
6.927876149753948738e-05
7.029546272366402233e-05
7.131539375319318158e-05
7.233791697170770761e-05
7.336232954589857883e-05
7.438786001876387737e-05
7.541366592742034848e-05
7.643883078961139735e-05
7.746236218902821094e-05
7.848318936672890904e-05
7.950016200349686131e-05
8.051204866454041934e-05
8.151753654009742493e-05
8.251523101920210526e-05
8.350365667122313881e-05
8.448125823848023452e-05
8.544640314603872298e-05
8.639738419652904871e-05
8.733242387602684488e-05
8.824967900018721356e-05
8.914724703339747347e-05
9.002317286680866515e-05
9.087545728049621066e-05
9.170206592710090671e-05
9.250093994031865152e-05
9.327000705258711786e-05
9.400719419068953944e-05
9.471044047833991186e-05
9.537771147044492802e-05
9.600701359462830275e-05
9.659640947661175163e-05
9.714403317897398978e-05
9.764810588454158355e-05
9.810695112189845657e-05
9.851900992909947698e-05
9.888285514167160530e-05
9.919720508272954521e-05
9.946093595559163489e-05
9.967309312018596604e-05
9.983290069580540355e-05
9.993976959812022351e-05
9.999330362144744490e-05
