1.896507273498899060e-03
1.895338835594972222e-03
1.893005034992762932e-03
1.889512005863626951e-03
1.884868909000864861e-03
1.879087883642498787e-03
1.872183983862193458e-03
1.864175100056780386e-03
1.855081866179277787e-03
1.844927553479396975e-03
1.833737951618001193e-03
1.821541238116605515e-03
1.808367837186800964e-03
1.794250269056676299e-03
1.779222990971114421e-03
1.763322231090072318e-03
1.746585816542724646e-03
1.729052996916222119e-03
1.710764264465109352e-03
1.691761172322113786e-03
1.672086151972770017e-03
1.651782331226356315e-03
1.630893353873680588e-03
1.609463202170717012e-03
1.587536023225006188e-03
1.565155960291958514e-03
1.542366989910286430e-03
1.519212765722329547e-03
1.495736469736319400e-03
1.471980671695097666e-03
1.447987197121057079e-03
1.423797004510924920e-03
1.399450072058013202e-03
1.374985294184314288e-03
1.350440388072029216e-03
1.325851810294407379e-03
1.301254683559741748e-03
1.276682733501549333e-03
1.252168235372127722e-03
1.227741970427065820e-03
1.203433191724936338e-03
1.179269599009734760e-03
1.155277322293859479e-03
1.131480913716596121e-03
1.107903347217285232e-03
1.084566025533280050e-03
1.061488794010569505e-03
1.038689960698906687e-03
1.016186322193584181e-03
9.939931946817736133e-04
9.721244496526011691e-04
9.505925537359824094e-04
9.294086121457498370e-04
9.085824152167518326e-04
8.881224875431728040e-04
8.680361392458042129e-04
8.483295189190051934e-04
8.290076678326984165e-04
8.100745749912636236e-04
7.915332326784852834e-04
7.733856921458412068e-04
7.556331191298718952e-04
7.382758489127804998e-04
7.213134406686206365e-04
7.047447308650336278e-04
6.885678855174659496e-04
6.727804511186170639e-04
6.573794040908542387e-04
6.423611986328707155e-04
6.277218128542041151e-04
6.134567931121399443e-04
5.995612964849550506e-04
5.860301313335474155e-04
5.728577959199158791e-04
5.600385150660800717e-04
5.475662748506137127e-04
5.354348553522163528e-04
5.236378614605508713e-04
5.121687517841859221e-04
5.010208656937696235e-04
4.901874485457543597e-04
4.796616751379881999e-04
4.694366714536303228e-04
4.595055347538257737e-04
4.498613520829149279e-04
4.404972172522989764e-04
4.314062463708600290e-04
4.225815919908255535e-04
4.140164559385337961e-04
4.057041008994539434e-04
3.976378608263567041e-04
3.898111502386315385e-04
3.822174724795253018e-04
3.748504269966030375e-04
3.677037157088444436e-04
3.607711485220000021e-04
3.540466480515629382e-04
3.475242536105360431e-04
3.411981245168017852e-04
3.350625427725072354e-04
3.291119151653926190e-04
3.233407748395829891e-04
3.177437823808140489e-04
3.123157264586929726e-04
3.070515240661258615e-04
3.019462203937119463e-04
2.969949883745600077e-04
2.921931279327684363e-04
2.875360649666116458e-04
2.830193500954126975e-04
2.786386571970246085e-04
2.743897817609485565e-04
2.702686390802678130e-04
2.662712623038365821e-04
2.623938003684539466e-04
2.586325158292322604e-04
2.549837826048553455e-04
2.514440836530040389e-04
2.480100085899358429e-04
2.446782512669331677e-04
2.414456073152061440e-04
2.383089716697255652e-04
2.352653360814601789e-04
2.323117866265395060e-04
2.294455012200064946e-04
2.266637471409951442e-04
2.239638785754081280e-04
2.213433341815019000e-04
2.187996346831123711e-04
2.163303804946907786e-04
2.139332493817573233e-04
2.116059941598914449e-04
2.093464404349163052e-04
2.071524843865298537e-04
2.050220905972426695e-04
2.029532899281349056e-04
2.009441774426564537e-04
1.989929103793805184e-04
1.970977061743827503e-04
1.952568405336853937e-04
1.934686455559964883e-04
1.917315079057908822e-04
1.900438670366163142e-04
1.884042134643583661e-04
1.868110870900793405e-04
1.852630755719125700e-04
1.837588127454199943e-04
1.822969770917135055e-04
1.808762902525746954e-04
1.794955155917557065e-04
1.781534568015657441e-04
1.768489565538218131e-04
1.755808951942063295e-04
1.743481894790367952e-04
1.731497913534348402e-04
1.719846867698582933e-04
1.708518945459692215e-04
1.697504652607806732e-04
1.686794801880321074e-04
1.676380502657529958e-04
1.666253151009714905e-04
1.656404420085216551e-04
1.646826250829464293e-04
1.637510843024673893e-04
1.628450646640310236e-04
1.619638353484604556e-04
1.611066889147334726e-04
1.602729405224578884e-04
1.594619271816152676e-04
1.586730070286748869e-04
1.579055586281890493e-04
1.571589802990214712e-04
1.564326894643621173e-04
1.557261220247188268e-04
1.550387317530999563e-04
1.543699897116019377e-04
1.537193836886733048e-04
1.530864176563245685e-04
1.524706112465737916e-04
1.518714992464624319e-04
1.512886311109701439e-04
1.507215704932058265e-04
1.501698947912381659e-04
1.496331947109948407e-04
1.491110738446383061e-04
1.486031482638650795e-04
1.481090461276044770e-04
1.476284073035812603e-04
1.471608830032551164e-04
1.467061354296589435e-04
1.462638374376607940e-04
1.458336722062117798e-04
1.454153329221440387e-04
1.450085224751142981e-04
1.446129531632771379e-04
1.442283464093224667e-04
1.438544324864940546e-04
1.434909502542423419e-04
1.431376469031653352e-04
1.427942777089096491e-04
1.424606057947175460e-04
1.421364019023164764e-04
1.418214441708579813e-04
1.415155179236265287e-04
1.412184154622491599e-04
1.409299358681554380e-04
1.406498848110227776e-04
1.403780743639890640e-04
1.401143228253923885e-04
1.398584545468273981e-04
1.396102997672976815e-04
1.393696944532829649e-04
1.391364801445038992e-04
1.389105038052286924e-04
1.386916176809217685e-04
1.384796791600802798e-04
1.382745506410958147e-04
1.380760994039830348e-04
1.378841974868351633e-04
1.376987215668631535e-04
1.375195528458845594e-04
1.373465769401382107e-04
1.371796837743054556e-04
1.370187674796144830e-04
1.368637262959313363e-04
1.367144624777237528e-04
1.365708822038083257e-04
1.364328954907809718e-04
1.363004161100508818e-04
1.361733615083917021e-04
1.360516527319311029e-04
1.359352143535132163e-04
1.358239744033611432e-04
1.357178643029788117e-04
1.356168188022344808e-04
1.355207759195739569e-04
1.354296768853100168e-04
1.353434660879485995e-04
1.352620910235059325e-04
1.351855022477752575e-04
1.351136533315070506e-04
1.350465008184577982e-04
1.349840041862558279e-04
1.349261258100177335e-04
1.348728309286215826e-04
1.348240876135078340e-04
1.347798667397741550e-04
1.347401419592832779e-04
1.347048896752985774e-04
1.346740890180252019e-04
1.346477218202241435e-04
1.346257725919284545e-04
1.346082284933735641e-04
1.345950793057568075e-04
1.345863174007624267e-04
1.345819377118549602e-04
