4.562820348146767735e-02
4.562797952238155375e-02
4.562753154943476053e-02
4.562685945308723318e-02
4.562596306904974364e-02
4.562484217831071914e-02
4.562349650716927135e-02
4.562192572728145795e-02
4.562012945570920186e-02
4.561810725498773034e-02
4.561585863319236184e-02
4.561338304402689364e-02
4.561067988691083069e-02
4.560774850709030381e-02
4.560458819574759320e-02
4.560119819013706138e-02
4.559757767371865056e-02
4.559372577632184870e-02
4.558964157430594327e-02
4.558532409075536501e-02
4.558077229566977889e-02
4.557598510619349091e-02
4.557096138684007397e-02
4.556569994975926546e-02
4.556019955500023588e-02
4.555445891082099408e-02
4.554847667399417738e-02
4.554225145016408544e-02
4.553578179420025157e-02
4.552906621060789916e-02
4.552210315393474122e-02
4.551489102924014679e-02
4.550742819256210075e-02
4.549971295145171374e-02
4.549174356550690634e-02
4.548351824697969420e-02
4.547503516138348689e-02
4.546629242818121114e-02
4.545728812147459968e-02
4.544802027078110457e-02
4.543848686181437696e-02
4.542868583735855392e-02
4.541861509814926201e-02
4.540827250385608832e-02
4.539765587407407904e-02
4.538676298942369985e-02
4.537559159266422310e-02
4.536413938992426426e-02
4.535240405194724406e-02
4.534038321546361022e-02
4.532807448458303634e-02
4.531547543232113118e-02
4.530258360215055208e-02
4.528939650969675268e-02
4.527591164446256172e-02
4.526212647170751308e-02
4.524803843436124573e-02
4.523364495510215355e-02
4.521894343847607939e-02
4.520393127319047299e-02
4.518860583445574730e-02
4.517296448651372809e-02
4.515700458521870048e-02
4.514072348081867719e-02
4.512411852079705604e-02
4.510718705292520586e-02
4.508992642838503123e-02
4.507233400511494875e-02
4.505440715123364137e-02
4.503614324870223312e-02
4.501753969707143060e-02
4.499859391748243370e-02
4.497930335676217362e-02
4.495966549178646854e-02
4.493967783394777621e-02
4.491933793390577578e-02
4.489864338645067898e-02
4.487759183566458754e-02
4.485618098019875100e-02
4.483440857885063330e-02
4.481227245623160133e-02
4.478977050866431164e-02
4.476690070996516835e-02
4.474366111695057824e-02
4.472004987352382055e-02
4.469606521124135784e-02
4.467170544023567336e-02
4.464696891591314609e-02
4.462185394391929988e-02
4.459635853335543187e-02
4.457047979748981342e-02
4.454421265914975531e-02
4.451754764884787580e-02
4.449046861572959061e-02
4.446295228263690003e-02
4.443497014753772234e-02
4.440649095093325560e-02
4.437748235246071621e-02
4.434791179752060192e-02
4.431774693609259741e-02
4.428695583279145670e-02
4.425550707469533968e-02
4.422336982012003287e-02
4.419051380791614442e-02
4.415690933830403869e-02
4.412252723349959632e-02
4.408733878435811687e-02
4.405131568849099399e-02
4.401442998374914539e-02
4.397665398050759622e-02
4.393796019481465559e-02
4.389832128431712943e-02
4.385770998774897456e-02
4.381609906891237305e-02
4.377346126516921260e-02
4.372976924082009470e-02
4.368499554498565807e-02
4.363911257410538896e-02
4.359209253848982807e-02
4.354390743294718480e-02
4.349452901087277196e-02
4.344392876181088492e-02
4.339207789189290093e-02
4.333894730719350247e-02
4.328450759944401510e-02
4.322872903419450186e-02
4.317158154090548067e-02
4.311303470510785552e-02
4.305305776215578167e-02
4.299161959274986483e-02
4.292868871979384909e-02
4.286423330679578481e-02
4.279822115740719579e-02
4.273061971633836109e-02
4.266139607126773203e-02
4.259051695600475640e-02
4.251794875454351780e-02
4.244365750628230349e-02
4.236760891206179519e-02
4.228976834130911827e-02
4.221010083995361400e-02
4.212857113940759318e-02
4.204514366629191063e-02
4.195978255320115258e-02
4.187245165020044707e-02
4.178311453735177039e-02
4.169173453796810175e-02
4.159827473289633148e-02
4.150269797553577528e-02
4.140496690789140927e-02
4.130504397737859434e-02
4.120289145467654485e-02
4.109847145235578925e-02
4.099174594457494214e-02
4.088267678758045892e-02
4.077122574130442184e-02
4.065735449180152283e-02
4.054102467481771749e-02
4.042219790024478149e-02
4.030083577774729725e-02
4.017689994333147052e-02
4.005035208713769029e-02
3.992115398224028305e-02
3.978926751473565310e-02
3.965465471491552013e-02
3.951727778980720918e-02
3.937709915689437123e-02
3.923408147930070033e-02
3.908818770226885064e-02
3.893938109122088709e-02
3.878762527125407394e-02
3.863288426836324757e-02
3.847512255227019534e-02
3.831430508115649808e-02
3.815039734821461248e-02
3.798336543032154039e-02
3.781317603878720651e-02
3.763979657249713617e-02
3.746319517344270239e-02
3.728334078498259097e-02
3.710020321287576389e-02
3.691375318945980255e-02
3.672396244107378749e-02
3.653080375913715649e-02
3.633425107505398183e-02
3.613427953940408915e-02
3.593086560567432253e-02
3.572398711905469537e-02
3.551362341065363720e-02
3.529975539773947540e-02
3.508236569048393816e-02
3.486143870591765920e-02
3.463696078972108156e-02
3.440892034669388450e-02
3.417730798070280074e-02
3.394211664511763427e-02
3.370334180475312302e-02
3.346098161053402686e-02
3.321503708816711531e-02
3.296551234229676969e-02
3.271241477775076179e-02
3.245575533967946791e-02
3.219554877458644798e-02
3.193181391445640283e-02
3.166457398645818738e-02
3.139385695092205414e-02
3.111969587064856296e-02
3.084212931485263293e-02
3.056120180149378418e-02
3.027696428202473339e-02
2.998947467313317974e-02
2.969879844036819871e-02
2.940500923918725959e-02
2.910818961930433657e-02
2.880843179895890144e-02
2.850583851608191541e-02
2.820052396413925619e-02
2.789261482076063614e-02
2.758225137806772503e-02
2.726958878383215282e-02
2.695479840327428059e-02
2.663806931126419530e-02
2.631960992502856492e-02
2.599964978686361561e-02
2.567844150600078271e-02
2.535626286714949898e-02
2.503341911159719796e-02
2.471024539337751680e-02
2.438710940917342487e-02
2.406441419441092758e-02
2.374260107064584194e-02
2.342215271877474275e-02
2.310359634002166068e-02
2.278750684985187194e-02
2.247451003023587593e-02
2.216528554086376335e-02
2.186056966160713003e-02
2.156115760504544177e-02
2.126790520167258849e-02
2.098172972097813588e-02
2.070360955311424320e-02
2.043458244001986751e-02
2.017574191849853468e-02
1.992823162554537009e-02
1.969323712787458824e-02
1.947197498013141306e-02
1.926567879995035037e-02
1.907558227802753567e-02
1.890289922214244064e-02
1.874880096059523826e-02
1.861439169208085886e-02
1.850068264218681507e-02
1.840856614112217071e-02
1.833879093385022002e-02
1.829194013471030847e-02
1.826841321132618295e-02
