1.040476271760192617e+01
1.040246387348728163e+01
1.039786791434388036e+01
1.039097829505918114e+01
1.038180019279890942e+01
1.037034049717707518e+01
1.035660780325474661e+01
1.034061239523335018e+01
1.032236623606549664e+01
1.030188294478517719e+01
1.027917778286472661e+01
1.025426762533864888e+01
1.022717094408302607e+01
1.019790777293085071e+01
1.016649968809017679e+01
1.013296976748790712e+01
1.009734256857977286e+01
1.005964408219544914e+01
1.001990170802801039e+01
9.978144203285170377e+00
9.934401656176927276e+00
9.888705429705943573e+00
9.841088133499175328e+00
9.791583563095102249e+00
9.740226670487947658e+00
9.687053499288817093e+00
9.632101154370888096e+00
9.575407733296579238e+00
9.517012295466265925e+00
9.456954790214165740e+00
9.395276025873908310e+00
9.332017594951032891e+00
9.267221843524868774e+00
9.200931793906262257e+00
9.133191114797178045e+00
9.064044041838018373e+00
8.993535348944655894e+00
8.921710267140177564e+00
8.848614457483828133e+00
8.774293928568447143e+00
8.698795011446280867e+00
8.622164276155627860e+00
8.544448509036492112e+00
8.465694628627440821e+00
8.385949665749452109e+00
8.305260679087457021e+00
8.223674738404222140e+00
8.141238840091332918e+00
8.057999893855619433e+00
7.974004638491254404e+00
7.889299632362397396e+00
7.803931169610267560e+00
7.717945274736318417e+00
7.631387619418592116e+00
7.544303521479680086e+00
7.456737862444044573e+00
7.368735091156826122e+00
7.280339142167680855e+00
7.191593444250268696e+00
7.102540839649371662e+00
7.013223597737130888e+00
6.923683335108477443e+00
6.833961034600541495e+00
6.744096966165620266e+00
6.654130711475862547e+00
6.564101085443271089e+00
6.474046166633582899e+00
6.384003219238074678e+00
6.294008729530131241e+00
6.204098328022790376e+00
6.114306832219261523e+00
6.024668168610798347e+00
5.935215421996479002e+00
5.845980756879377793e+00
5.756995473644711758e+00
5.668289928760017027e+00
5.579893598011031131e+00
5.491834994501753719e+00
5.404141738457276745e+00
5.316840470231714910e+00
5.229956922164292976e+00
5.143515814247611395e+00
5.057540900558963770e+00
4.972054780441291122e+00
4.887078757840541243e+00
4.802632175064197817e+00
4.718731119360679571e+00
4.635384924235070869e+00
4.552588021553551911e+00
4.470300528470141366e+00
4.388407078826906726e+00
4.306648926903534402e+00
4.224579959014802100e+00
4.141683682286818602e+00
4.057648959809755596e+00
3.972514354250187285e+00
3.886576013543352470e+00
3.800243077887465848e+00
3.713946762854091421e+00
3.628098235634162450e+00
3.543070210681484866e+00
3.459189701710075227e+00
3.376735615051225992e+00
3.295939556919930791e+00
3.216988185939691824e+00
3.140026920265132748e+00
3.065164061070058121e+00
2.992475351921478399e+00
2.922008348791904631e+00
2.853786733354357175e+00
2.787814163050339022e+00
2.724077859612768826e+00
2.662551670615024513e+00
2.603198830939555730e+00
2.545974240255278520e+00
2.490826478661228194e+00
2.437699420550862417e+00
2.386533649147521086e+00
2.337267555132208408e+00
2.289838297311265425e+00
2.244182521955125686e+00
2.200236994840763405e+00
2.157939051267153907e+00
2.117226996973061492e+00
2.078040371960598875e+00
2.040320192395059351e+00
2.004009088546060635e+00
1.969051439303608042e+00
1.935393426827695329e+00
1.902983099870100281e+00
1.871770374651550384e+00
1.841707051972795162e+00
1.812746784490408380e+00
1.784845064665228298e+00
1.757959172054592845e+00
1.732048143614297375e+00
1.707072710091283252e+00
1.682995256378808646e+00
1.659779752986025425e+00
1.637391711532014904e+00
1.615798115153538550e+00
1.594967372443120812e+00
1.574869249225324674e+00
1.555474823037320098e+00
1.536756417742136005e+00
1.518687559836592094e+00
1.501242916728227739e+00
1.484398255610639650e+00
1.468130385807138616e+00
1.452417120591937616e+00
1.437237223727962920e+00
1.422570374375665914e+00
1.408397117776948093e+00
1.394698833241501790e+00
1.381457688821126961e+00
1.368656612268940087e+00
1.356279249486087135e+00
1.344309938293381856e+00
1.332733670400213288e+00
1.321536067798371183e+00
1.310703347990573420e+00
1.300222302803495156e+00
1.290080266613813365e+00
1.280265097375812511e+00
1.270765147591250033e+00
1.261569247352365863e+00
1.252666677815041707e+00
1.244047156067674686e+00
1.235700810882870648e+00
1.227618169234703460e+00
1.219790134120997349e+00
1.212207972564704139e+00
1.204863295315900196e+00
1.197748046186433379e+00
1.190854483457385538e+00
1.184175170409449640e+00
1.177702958277397460e+00
1.171430977851317889e+00
1.165352623834544188e+00
1.159461547402776516e+00
1.153751641835685460e+00
1.148217035932018071e+00
1.142852080797758907e+00
1.137651344025592204e+00
1.132609597533918100e+00
1.127721812428353898e+00
1.122983147796555281e+00
1.118388946177788723e+00
1.113934723227990808e+00
1.109616163731163674e+00
1.105429112057681795e+00
1.101369568658120190e+00
1.097433681245562953e+00
1.093617741718745595e+00
1.089918178006037186e+00
1.086331551370306681e+00
1.082854548858583899e+00
1.079483980946060129e+00
1.076216774540990961e+00
1.073049970929780494e+00
1.069980719291720117e+00
1.067006274911092012e+00
1.064123993160935200e+00
1.061331327951650749e+00
1.058625826147047810e+00
1.056005126222194779e+00
1.053466953078633583e+00
1.051009116887098971e+00
1.048629508272101996e+00
1.046326097317695547e+00
1.044096929094608051e+00
1.041940122809568603e+00
1.039853867650812447e+00
1.037836422063542541e+00
1.035886109892069529e+00
1.034001319765890159e+00
1.032180501518836335e+00
1.030422165671908807e+00
1.028724880111858919e+00
1.027087269658394364e+00
1.025508012986374728e+00
1.023985842266383450e+00
1.022519540316330078e+00
1.021107940305602702e+00
1.019749923123315583e+00
1.018444417137390756e+00
1.017190395768012845e+00
1.015986877293891810e+00
1.014832922620747979e+00
1.013727635127928739e+00
1.012670158622744454e+00
1.011659677221393716e+00
1.010695413480977134e+00
1.009776628309371649e+00
1.008902619267604273e+00
1.008072720503904840e+00
1.007286301219889602e+00
1.006542765624581559e+00
1.005841551558540159e+00
1.005182130464010726e+00
1.004564006161833944e+00
1.003986714834292471e+00
1.003449823950103292e+00
1.002952932256931273e+00
1.002495668850274413e+00
1.002077693172906070e+00
1.001698694223960739e+00
1.001358390562889111e+00
1.001056529655490079e+00
1.000792887880240345e+00
1.000567270008555942e+00
1.000379509211687390e+00
1.000229466672919454e+00
1.000117031593615424e+00
1.000042120935631385e+00
1.000004679425390508e+00
