3.915037616456048752e+00
3.913925004616445325e+00
3.911700828537820307e+00
3.908367182464513423e+00
3.903927201808012892e+00
3.898385060295497695e+00
3.891745959058630522e+00
3.884016121944266597e+00
3.875202779252023166e+00
3.865314161300858142e+00
3.854359476938926221e+00
3.842348905495240885e+00
3.829293570223597509e+00
3.815205528802115609e+00
3.800097741908889049e+00
3.783984062463361830e+00
3.766879199564344916e+00
3.748798706695476213e+00
3.729758941285836737e+00
3.709777052126830732e+00
3.688870934841424365e+00
3.667059218781372643e+00
3.644361218712786954e+00
3.620796921480359920e+00
3.596386934234310218e+00
3.571152471162137854e+00
3.545115298594687214e+00
3.518297722115764525e+00
3.490722528893137167e+00
3.462412975482137334e+00
3.433392727730734784e+00
3.403685849595012414e+00
3.373316740966137761e+00
3.342310127813571619e+00
3.310690998275798602e+00
3.278484594441501532e+00
3.245716347035511706e+00
3.212411869139228937e+00
3.178596889788661173e+00
3.144297249923428961e+00
3.109538835195185591e+00
3.074347574420010609e+00
3.038749371873311844e+00
3.002770108503741486e+00
2.966435573965073846e+00
2.929771470831587177e+00
2.892803346588736169e+00
2.855556601070578182e+00
2.818056418599766300e+00
2.780327778847772713e+00
2.742395389280979590e+00
2.704283699624689508e+00
2.666016834736180563e+00
2.627618612834607070e+00
2.589112478884039614e+00
2.550521526733782185e+00
2.511868433054812222e+00
2.473175483519708173e+00
2.434464507294567426e+00
2.395756907375239830e+00
2.357073595593690563e+00
2.318435027218540778e+00
2.279861136389742970e+00
2.241371375087368722e+00
2.202984648861014971e+00
2.164719360272403303e+00
2.126593344735702829e+00
2.088623918547903635e+00
2.050827814602632415e+00
2.013221235138961340e+00
1.975819787034311048e+00
1.938638539429881069e+00
1.901691958250819381e+00
1.864993968913120748e+00
1.828557889679301329e+00
1.792396499755798844e+00
1.756521971163537810e+00
1.720945942898862713e+00
1.685679451674021223e+00
1.650733014548357191e+00
1.616116562864748030e+00
1.581839545129731350e+00
1.547910890970795261e+00
1.514339199479995957e+00
1.481132890276402936e+00
1.448300857366767724e+00
1.415853737637926102e+00
1.383807289612126290e+00
1.352190229891663931e+00
1.321062827425388830e+00
1.290556433082607812e+00
1.260939921384149898e+00
1.232669902661234662e+00
1.206301842649746048e+00
1.182254396814397701e+00
1.160673308847557372e+00
1.141492913347985638e+00
1.124545275700747249e+00
1.109628112732524485e+00
1.096534772731241558e+00
1.085066648864870587e+00
1.075038025578690437e+00
1.066278305037853702e+00
1.058632583292145490e+00
1.051961691002809340e+00
1.046141521610354674e+00
1.041062238718706290e+00
1.036627112119145488e+00
1.032751423886181685e+00
1.029361197620295432e+00
1.026392095728030807e+00
1.023788244473603948e+00
1.021501263306825225e+00
1.019489268819662398e+00
1.017716083020705042e+00
1.016150430750884626e+00
1.014765324170615823e+00
1.013537435461420610e+00
1.012446633567587240e+00
1.011475502443274666e+00
1.010609000453606354e+00
1.009834093613758199e+00
1.009139509753000485e+00
1.008515459932565861e+00
1.007953463907708125e+00
1.007446137957002996e+00
1.006987073071396788e+00
1.006570672288495949e+00
1.006192067431405990e+00
1.005846993161554126e+00
1.005531731683676933e+00
1.005243014001678592e+00
1.004977984799134916e+00
1.004734123883782138e+00
1.004509225558813945e+00
1.004301335111075000e+00
1.004108738546750201e+00
1.003929910356543331e+00
1.003763510629152478e+00
1.003608341334490284e+00
1.003463348656195686e+00
1.003327585767721963e+00
1.003200218824050083e+00
1.003080494738880057e+00
1.002967749708237433e+00
1.002861380884874531e+00
1.002760856618711838e+00
1.002665691207114573e+00
1.002575456262686293e+00
1.002489757924486025e+00
1.002408248926881962e+00
1.002330607808110452e+00
1.002256551372151083e+00
1.002185815542481429e+00
1.002118167994787257e+00
1.002053390386245857e+00
1.001991290999356243e+00
1.001931688138445686e+00
1.001874422670429032e+00
1.001819342426165660e+00
1.001766314557197113e+00
1.001715210814150492e+00
1.001665919662805271e+00
1.001618332337958384e+00
1.001572354679932664e+00
1.001527893882310005e+00
1.001484870023000351e+00
1.001443203439628782e+00
1.001402825938764840e+00
1.001363668744657653e+00
1.001325673377137404e+00
1.001288780128690270e+00
1.001252938606566056e+00
1.001218096700488225e+00
1.001184210788111928e+00
1.001151235161473974e+00
1.001119131897526326e+00
1.001087860716074696e+00
1.001057388518910463e+00
1.001027679655741354e+00
1.000998705136700861e+00
1.000970433285821803e+00
1.000942838632513432e+00
1.000915892934649110e+00
1.000889573755124440e+00
1.000863855838699079e+00
1.000838719380034547e+00
1.000814141740179020e+00
1.000790105412600717e+00
1.000766590066674677e+00
1.000743580218217410e+00
1.000721057588594531e+00
1.000699008486169772e+00
1.000677416470719949e+00
1.000656269452057989e+00
1.000635552650375404e+00
1.000615255418098259e+00
1.000595364487576466e+00
1.000575870522006916e+00
1.000556761642600545e+00
1.000538029714148180e+00
1.000519664144422061e+00
1.000501657909694142e+00
1.000484001619677210e+00
1.000466689288035393e+00
1.000449712656657164e+00
1.000433066715911590e+00
1.000416744282486947e+00
1.000400741273870908e+00
1.000385051534364411e+00
1.000369671867970878e+00
1.000354597107559584e+00
1.000339824910071673e+00
1.000325351064094592e+00
1.000311174051013552e+00
1.000297290586547261e+00
1.000283699951193261e+00
1.000270399761522322e+00
1.000257390072988972e+00
1.000244669377012618e+00
1.000232238478964808e+00
1.000220096717277629e+00
1.000208245619161662e+00
1.000196685338190505e+00
1.000185418090073775e+00
1.000174444805368879e+00
1.000163768347427151e+00
1.000153390377104490e+00
1.000143314354820845e+00
1.000133542614379145e+00
1.000124079150955803e+00
1.000114926901398693e+00
1.000106090319892838e+00
1.000097572862425066e+00
1.000089379351836838e+00
1.000081513664507593e+00
1.000073980886556635e+00
1.000066785201196407e+00
1.000059931837939953e+00
1.000053425159529885e+00
1.000047270406163813e+00
1.000041471981372165e+00
1.000036034993434297e+00
1.000030963740074608e+00
1.000026263049413666e+00
1.000021936963782831e+00
1.000017989882687530e+00
1.000014425446431821e+00
1.000011247483605148e+00
1.000008459095486080e+00
1.000006063410485924e+00
1.000004062870440968e+00
1.000002459794230747e+00
1.000001255867042582e+00
1.000000452515005467e+00
1.000000050598343071e+00
