2.009661284665159586e-02
2.009661290145769996e-02
2.009661293467007726e-02
2.009661301201653982e-02
2.009661309816779262e-02
2.009661321858768890e-02
2.009661335364326673e-02
2.009661351988384359e-02
2.009661370359150379e-02
2.009661391728206903e-02
2.009661415036956278e-02
2.009661441307730723e-02
2.009661469682028079e-02
2.009661501023640717e-02
2.009661534625833967e-02
2.009661571247034484e-02
2.009661610280077948e-02
2.009661652407535026e-02
2.009661697111686518e-02
2.009661745015428602e-02
2.009661795671990880e-02
2.009661849657007338e-02
2.009661906586063251e-02
2.009661967002007721e-02
2.009662030568326596e-02
2.009662097808606607e-02
2.009662168429260376e-02
2.009662242935406073e-02
2.009662321076938207e-02
2.009662403347761694e-02
2.009662489534680407e-02
2.009662580127441478e-02
2.009662674947304550e-02
2.009662774484494152e-02
2.009662878596818469e-02
2.009662987773674914e-02
2.009663101910036387e-02
2.009663221504137676e-02
2.009663346483575586e-02
2.009663477358597516e-02
2.009663614094026052e-02
2.009663757214275037e-02
2.009663906722491955e-02
2.009664063162736047e-02
2.009664226577484447e-02
2.009664397534072222e-02
2.009664576119529755e-02
2.009664762926904880e-02
2.009664958091150755e-02
2.009665162238838398e-02
2.009665375553115751e-02
2.009665598702070621e-02
2.009665831921442214e-02
2.009666075925092832e-02
2.009666331009901663e-02
2.009666597941112132e-02
2.009666877081806025e-02
2.009667169256929009e-02
2.009667474902621098e-02
2.009667794912861627e-02
2.009668129800801228e-02
2.009668480534837487e-02
2.009668847707307693e-02
2.009669232351102286e-02
2.009669635112626418e-02
2.009670057022500123e-02
2.009670498624754886e-02
2.009670960617226942e-02
2.009671442720528667e-02
2.009671943748375655e-02
2.009672459250227972e-02
2.009672978870508109e-02
2.009673478031753779e-02
2.009673901987407696e-02
2.009674127594401893e-02
2.009673879524254136e-02
2.009672536843520874e-02
2.009668691043942079e-02
2.009659118740497741e-02
2.009636381240520464e-02
2.009583157217581517e-02
2.009458752589560193e-02
2.009166699274372858e-02
2.008476273328640982e-02
2.006830856863944801e-02
2.002876803021430563e-02
1.993300773436973428e-02
1.969970984669272562e-02
1.913063446578455729e-02
1.775662269202082921e-02
1.455725388373679818e-02
7.732134883270125325e-03
-4.651975499391280966e-03
-2.272757342635894906e-02
-4.424086972918986338e-02
-6.657536454148918481e-02
-8.815168885821145217e-02
-1.082915855573524377e-01
-1.267697852315252394e-01
-1.435528766990876171e-01
-1.586891841219714716e-01
-1.722652864704685705e-01
-1.843872374781550250e-01
-1.951705789490661980e-01
-2.047339958988677600e-01
-2.131948603611760196e-01
-2.206661319358407813e-01
-2.272542705194067203e-01
-2.330579863842948685e-01
-2.381676080869273293e-01
-2.426649335002151742e-01
-2.466234040948972750e-01
-2.501085110333057249e-01
-2.531783308734091853e-01
-2.558841401487336187e-01
-2.582710508305528507e-01
-2.603786445203391531e-01
-2.622415759034810168e-01
-2.638901400052840462e-01
-2.653507901451775952e-01
-2.666466094430640088e-01
-2.677977312870246651e-01
-2.688217149423196006e-01
-2.697338756893651879e-01
-2.705475763808903311e-01
-2.712744813807506095e-01
-2.719247792885860493e-01
-2.725073758170229454e-01
-2.730300623072977606e-01
-2.734996611451138149e-01
-2.739221525834402704e-01
-2.743027839514887156e-01
-2.746461648739053629e-01
-2.749563491718414188e-01
-2.752369063338788169e-01
-2.754909829573444768e-01
-2.757213564592928545e-01
-2.759304812410376395e-01
-2.761205291455737787e-01
-2.762934242283579533e-01
-2.764508733262974749e-01
-2.765943923270769988e-01
-2.767253293518820434e-01
-2.768448846711615841e-01
-2.769541283584237013e-01
-2.770540154461163529e-01
-2.771453994289141409e-01
-2.772290438428514636e-01
-2.773056326423332663e-01
-2.773757790823016545e-01
-2.774400337315857112e-01
-2.774988913137620417e-01
-2.775527969261901706e-01
-2.776021513299262167e-01
-2.776473158005582920e-01
-2.776886162350732934e-01
-2.777263469550261266e-01
-2.777607739068677084e-01
-2.777921376595388625e-01
-2.778206559073851944e-01
-2.778465258451946474e-01
-2.778699261326885717e-01
-2.778910187860334502e-01
-2.779099507251722168e-01
-2.779268552880151399e-01
-2.779418534532910878e-01
-2.779550550590887958e-01
-2.779665597724236270e-01
-2.779764580748921854e-01
-2.779848320341886114e-01
-2.779917561054316977e-01
-2.779972977474155504e-01
-2.780015180774341177e-01
-2.780044723656258099e-01
-2.780062105728863808e-01
-2.780067777497690629e-01
-2.780062144802530888e-01
-2.780045572064042680e-01
-2.780018385962378380e-01
-2.779980878106734221e-01
-2.779933308101203426e-01
-2.779875905771631017e-01
-2.779808873735470365e-01
-2.779732389296742379e-01
-2.779646606611575477e-01
-2.779551658346420817e-01
-2.779447657513499093e-01
-2.779334698971661632e-01
-2.779212860994604295e-01
-2.779082206680367761e-01
-2.778942785309594377e-01
-2.778794633721065055e-01
-2.778637777504371353e-01
-2.778472232398759845e-01
-2.778298005359550737e-01
-2.778115096030579489e-01
-2.777923497718432500e-01
-2.777723198988465425e-01
-2.777514184578765977e-01
-2.777296437166516530e-01
-2.777069938246344294e-01
-2.776834670118025761e-01
-2.776590616748760842e-01
-2.776337766030064214e-01
-2.776076110643865835e-01
-2.775805650626116394e-01
-2.775526394260316998e-01
-2.775238360977999585e-01
-2.774941582290189057e-01
-2.774636105064045566e-01
-2.774321992480264232e-01
-2.773999327715019336e-01
-2.773668214908092122e-01
-2.773328783262914432e-01
-2.772981187989644325e-01
-2.772625614818575723e-01
-2.772262280860737227e-01
-2.771891439511926514e-01
-2.771513381137246657e-01
-2.771128438314803266e-01
-2.770736986222174236e-01
-2.770339448132699278e-01
-2.769936295333657594e-01
-2.769528052754606784e-01
-2.769115298206724640e-01
-2.768698667983260364e-01
-2.768278855149975404e-01
-2.767856614934706139e-01
-2.767432761749526460e-01
-2.767008174159035216e-01
-2.766583790280148225e-01
-2.766160612106921546e-01
-2.765739698920574030e-01
-2.765322170763072074e-01
-2.764909199490456770e-01
-2.764502011240780877e-01
-2.764101874808362891e-01
-2.763710103060770251e-01
-2.763328038354991301e-01
-2.762957053046170008e-01
-2.762598531744060448e-01
-2.762253871272236649e-01
-2.761924459716633140e-01
-2.761611676439390539e-01
-2.761316867945166620e-01
-2.761041348958112596e-01
-2.760786375137235238e-01
-2.760553146637743094e-01
-2.760342777534535164e-01
-2.760156303977094883e-01
-2.759994649488631824e-01
-2.759858641097308607e-01
-2.759748967768834160e-01
-2.759666211184175766e-01
-2.759610787607743587e-01
-2.759583021085754706e-01
