2.625843472375615875e+03
2.625097109639876635e+03
2.623605087025562170e+03
2.621368809204524950e+03
2.618390379790581846e+03
2.614672598225180991e+03
2.610218954059454973e+03
2.605033621807157488e+03
2.599121452436074378e+03
2.592487966252740534e+03
2.585139341684112878e+03
2.577082406283002001e+03
2.568324622905983688e+03
2.558874078951581396e+03
2.548739470063926547e+03
2.537930087737127906e+03
2.526455800695857306e+03
2.514327041018731961e+03
2.501554783366490028e+03
2.488150529794365866e+03
2.474126287015550588e+03
2.459494550087222706e+03
2.444268277911398400e+03
2.428460875991248486e+03
2.412086170383080116e+03
2.395158389728783277e+03
2.377692137881369035e+03
2.359702375425735227e+03
2.341204391205933916e+03
2.322213783549878372e+03
2.302746430929274538e+03
2.282818473104465284e+03
2.262446281147828358e+03
2.241646438722672883e+03
2.220435711697959050e+03
2.198831029770215537e+03
2.176849455891785055e+03
2.154508168437238965e+03
2.131824430659206882e+03
2.108815573590920849e+03
2.085498965733269870e+03
2.061891996873108383e+03
2.038012048192759266e+03
2.013876477169809277e+03
1.989502588286128685e+03
1.964907619159333535e+03
1.940108712012794285e+03
1.915122901172025195e+03
1.889967085440461005e+03
1.864658017075971202e+03
1.839212275199775149e+03
1.813646256349313035e+03
1.787976149029864700e+03
1.762217925920396056e+03
1.736387319659668947e+03
1.710499816761549937e+03
1.684570634710064041e+03
1.658614717620120246e+03
1.632646714699546237e+03
1.606680977670279162e+03
1.580731540640463436e+03
1.554812119279711169e+03
1.528936092131538544e+03
1.503116501514006814e+03
1.477366036293007255e+03
1.451697034455756011e+03
1.426121467359980443e+03
1.400650943901268420e+03
1.375296696254033577e+03
1.350069585522765919e+03
1.324980089001309807e+03
1.300038307160382828e+03
1.275253952479853751e+03
1.250636357580593994e+03
1.226194465752638280e+03
1.201936840009470643e+03
1.177871655631581916e+03
1.154006710053016604e+03
1.130349418484048783e+03
1.106906825704424136e+03
1.083685609328730607e+03
1.060692101801551189e+03
1.037932324486432435e+03
1.015412070788266078e+03
9.931371000916997218e+02
9.711135861011958923e+02
9.493492232163107474e+02
9.278558499217457438e+02
9.066558107962330268e+02
8.857964964118364151e+02
8.653805522686154745e+02
8.456120004077547492e+02
8.268185382431889821e+02
8.093668896930231540e+02
7.935041133507976383e+02
7.792949369966554514e+02
7.666775500773518388e+02
7.555328562705658442e+02
7.457239834680843842e+02
7.371132449840935124e+02
7.295691446884712832e+02
7.229691576934766317e+02
7.172009734541090893e+02
7.121627990652954168e+02
7.077632902289992671e+02
7.039210864196903685e+02
7.005642301609426568e+02
6.976294002734139212e+02
6.950611544522117811e+02
6.928111044951417625e+02
6.908371660590012198e+02
6.891028027127437099e+02
6.875763696771075502e+02
6.862304773592712763e+02
6.850414563980011735e+02
6.839888481466194889e+02
6.830549873525314979e+02
6.822246067306393797e+02
6.814845206337902255e+02
6.808233238999098376e+02
6.802311566832562448e+02
6.796994775255855075e+02
6.792208908806493355e+02
6.787889769327696285e+02
6.783981663622461156e+02
6.780436127756692031e+02
6.777211025104758164e+02
6.774269587230436400e+02
6.771579769233555908e+02
6.769113524497317940e+02
6.766846347810970883e+02
6.764756722513654950e+02
6.762825800151953217e+02
6.761036974767033598e+02
6.759375661625031171e+02
6.757828965503861127e+02
6.756385531233444226e+02
6.755035281759601276e+02
6.753769320697280136e+02
6.752579722468530008e+02
6.751459472501338723e+02
6.750402296482791371e+02
6.749402627770753043e+02
6.748455466249371284e+02
6.747556365368084244e+02
6.746701313590200471e+02
6.745886735534195395e+02
6.745109390827672087e+02
6.744366385318668335e+02
6.743655083475923675e+02
6.742973126721441304e+02
6.742318356490171709e+02
6.741688837523390703e+02
6.741082789415070238e+02
6.740498613280639120e+02
6.739934830144248963e+02
6.739390109818070869e+02
6.738863214875199219e+02
6.738353030883343990e+02
6.737858514998986266e+02
6.737378726926351646e+02
6.736912781386325833e+02
6.736459879339168992e+02
6.736019263745735088e+02
6.735590250716262517e+02
6.735172188105677833e+02
6.734764486342711507e+02
6.734366579495690530e+02
6.733977955604428871e+02
6.733598119925425181e+02
6.733226624639745523e+02
6.732863034042538857e+02
6.732506953537791787e+02
6.732157996580461941e+02
6.731815812897187925e+02
6.731480057023243262e+02
6.731150415709064418e+02
6.730826577920947784e+02
6.730508261408759836e+02
6.730195184060423799e+02
6.729887089617518541e+02
6.729583720290462452e+02
6.729284841617115944e+02
6.728990216259007866e+02
6.728699628004113720e+02
6.728412856675425928e+02
6.728129701283321538e+02
6.727849955986713439e+02
6.727573432403312381e+02
6.727299936570842647e+02
6.727029290425610952e+02
6.726761309717105632e+02
6.726495824666411636e+02
6.726232658792561097e+02
6.725971648762911173e+02
6.725712624093623617e+02
6.725455426204263176e+02
6.725199888958197789e+02
6.724945856933463801e+02
6.724693166771635333e+02
6.724441664676528490e+02
6.724191188542404234e+02
6.723941584691410753e+02
6.723692690753942998e+02
6.723444351654775346e+02
6.723196403220090360e+02
6.722948687421462637e+02
6.722701036685338067e+02
6.722453288403145280e+02
6.722205269920517594e+02
6.721956812320996733e+02
6.721707736073800561e+02
6.721457864098384789e+02
6.721207008051459297e+02
6.720954980680285189e+02
6.720701582732735915e+02
6.720446614609310245e+02
6.720189863885132127e+02
6.719931116275706700e+02
6.719670143768560138e+02
6.719406714927893063e+02
6.719140583649040082e+02
6.718871498846409622e+02
6.718599193871423267e+02
6.718323395663245492e+02
6.718043814919632268e+02
6.717760154853659742e+02
6.717472102293556873e+02
6.717179336303167929e+02
6.716881520541596728e+02
6.716578312210904187e+02
6.716269356283490879e+02
6.715954295610539475e+02
6.715632768122371772e+02
6.715304419596064918e+02
6.714968905824894136e+02
6.714625910731052727e+02
6.714275157078889151e+02
6.713916434699528963e+02
6.713549626037299731e+02
6.713174752731065382e+02
6.712792026621998502e+02
6.712401928111911502e+02
6.712005298975212781e+02
6.711603471293798293e+02
6.711198421508628371e+02
6.710792965703559503e+02
6.710390978385479457e+02
6.709997630147886412e+02
6.709619596066892200e+02
6.709265178280969621e+02
6.708944234215346114e+02
6.708667796672066288e+02
6.708447276792430785e+02
6.708293245951408608e+02
6.708213955829429551e+02
