2.982521795175935853e-01
2.982361396374692553e-01
2.982041201978147815e-01
2.981562414103518521e-01
2.980926825223816357e-01
2.980136805489584928e-01
2.979195285988179287e-01
2.978105738195926944e-01
2.976872149793490796e-01
2.975498997116514666e-01
2.973991214539495331e-01
2.972354161095379088e-01
2.970593584679981913e-01
2.968715584214754455e-01
2.966726570127560803e-01
2.964633223553168051e-01
2.962442454643354206e-01
2.960161360373793626e-01
2.957797182242581369e-01
2.955357264230334402e-01
2.952849011387984057e-01
2.950279849395485154e-01
2.947657185409048863e-01
2.944988370496323671e-01
2.942280663921179595e-01
2.939541199517346493e-01
2.936776954350029945e-01
2.933994719837201282e-01
2.931201075462422923e-01
2.928402365182682932e-01
2.925604676594044662e-01
2.922813822890421021e-01
2.920035327617608312e-01
2.917274412193773259e-01
2.914535986140144308e-01
2.911824639946292148e-01
2.909144640459822573e-01
2.906499928683584089e-01
2.903894119841034516e-01
2.901330505551031891e-01
2.898812057956954291e-01
2.896341435629925520e-01
2.893920991075324967e-01
2.891552779658770334e-01
2.889238569774005283e-01
2.886979854073680740e-01
2.884777861590386294e-01
2.882633570578153615e-01
2.880547721914401005e-01
2.878520832913203376e-01
2.876553211399510146e-01
2.874644969921856252e-01
2.872796039975000770e-01
2.871006186124292481e-01
2.869275019935817461e-01
2.867602013620623724e-01
2.865986513320822882e-01
2.864427751969876867e-01
2.862924861674132626e-01
2.861476885569740336e-01
2.860082789119786084e-01
2.858741470826924314e-01
2.857451772339298368e-01
2.856212487942655920e-01
2.855022373431461147e-01
2.853880154361486676e-01
2.852784533689731727e-01
2.851734198814069310e-01
2.850727828025872435e-01
2.849764096396626978e-01
2.848841681114945290e-01
2.847959266302741432e-01
2.847115547331107166e-01
2.846309234662744991e-01
2.845539057249845682e-01
2.844803765511167426e-01
2.844102133919045317e-01
2.843432963220819398e-01
2.842795082324032219e-01
2.842187349867645318e-01
2.841608655511351222e-01
2.841057920959270677e-01
2.840534100748781099e-01
2.840036182822876509e-01
2.839563188909026703e-01
2.839114174724112760e-01
2.838688230024506987e-01
2.838284478519270126e-01
2.837902077663768674e-01
2.837540218347135990e-01
2.837198124489928586e-01
2.836875052563844202e-01
2.836570291046449643e-01
2.836283159821832434e-01
2.836013009535460205e-01
2.835759220916729273e-01
2.835521204072630752e-01
2.835298397761713551e-01
2.835090268659642976e-01
2.834896310612378123e-01
2.834716043893719117e-01
2.834549014462964256e-01
2.834394793232928866e-01
2.834252975348806602e-01
2.834123179480949606e-01
2.834005047138658528e-01
2.833898242000346679e-01
2.833802449270400037e-01
2.833717375056862275e-01
2.833642745778209293e-01
2.833578307594482593e-01
2.833523825870770119e-01
2.833479084666316039e-01
2.833443886257385746e-01
2.833418050688563117e-01
2.833401415358328679e-01
2.833393834635064557e-01
2.833395179506598693e-01
2.833405337263772972e-01
2.833424211215593291e-01
2.833451720441742538e-01
2.833487799574790356e-01
2.833532398623124227e-01
2.833585482824728108e-01
2.833647032538370025e-01
2.833717043171748995e-01
2.833795525146999839e-01
2.833882503901485328e-01
2.833978019931343018e-01
2.834082128870656914e-01
2.834194901614117690e-01
2.834316424480454177e-01
2.834446799417989493e-01
2.834586144257117413e-01
2.834734593007687820e-01
2.834892296203657125e-01
2.835059421301190929e-01
2.835236153126358127e-01
2.835422694378539887e-01
2.835619266193118437e-01
2.835826108765037712e-01
2.836043482035358054e-01
2.836271666448009765e-01
2.836510963777573724e-01
2.836761698037670310e-01
2.837024216464802961e-01
2.837298890598239920e-01
2.837586117448209211e-01
2.837886320764829717e-01
2.838199952420417671e-01
2.838527493899007936e-01
2.838869457921551764e-01
2.839226390194856675e-01
2.839598871315099915e-01
2.839987518822214008e-01
2.840392989430842174e-01
2.840815981438187254e-01
2.841257237338766228e-01
2.841717546655319615e-01
2.842197749001820761e-01
2.842698737412278076e-01
2.843221461944975825e-01
2.843766933593751545e-01
2.844336228540605971e-01
2.844930492766165053e-01
2.845550947072955084e-01
2.846198892537227243e-01
2.846875716458897587e-01
2.847582898830818277e-01
2.848322019398140115e-01
2.849094765369668547e-01
2.849902939825265102e-01
2.850748470919858835e-01
2.851633421955856451e-01
2.852560002405329365e-01
2.853530580007636042e-01
2.854547694045443396e-01
2.855614069927688847e-01
2.856732635237851370e-01
2.857906537404749647e-01
2.859139163190790311e-01
2.860434160196804187e-01
2.861795460639835476e-01
2.863227307668206878e-01
2.864734284513205109e-01
2.866321346849470819e-01
2.867993858740821578e-01
2.869757632648677337e-01
2.871618974010418657e-01
2.873584730985310753e-01
2.875662350068727835e-01
2.877859938337958279e-01
2.880186333252669484e-01
2.882651181057779288e-01
2.885265024971376269e-01
2.888039404604921256e-01
2.890986968181731842e-01
2.894121599489106744e-01
2.897458561755008599e-01
2.901014661009000961e-01
2.904808431949909564e-01
2.908860349882567142e-01
2.913193072825401853e-01
2.917831718792013862e-01
2.922804183950965529e-01
2.928141508651382896e-01
2.933878299433899661e-01
2.940053216828786287e-01
2.946709540606079480e-01
2.953895826504607247e-01
2.961666671223996961e-01
2.970083606088557149e-01
2.979216143871120659e-01
2.989143008717442540e-01
2.999953585450843008e-01
3.011749632739769145e-01
3.024647314536145770e-01
3.038779616818462204e-01
3.054299232320625834e-01
3.071382015700277468e-01
3.090231136421724978e-01
3.111082088224845221e-01
3.134208753840731498e-01
3.159930774526948927e-01
3.188622538695769504e-01
3.220724186809120759e-01
3.256755135498716758e-01
3.297330759762595598e-01
3.343183045823580057e-01
3.395186249303510095e-01
3.454388876420755317e-01
3.522053663933497059e-01
3.599707681268097259e-01
3.689205229504445294e-01
3.792806869638469802e-01
3.913278661617661247e-01
4.054016472480143074e-01
4.219200863950656744e-01
4.413988264185469967e-01
4.644743213560232897e-01
4.919313204500928571e-01
5.247339763264283752e-01
5.640583020723157759e-01
6.113205583651305508e-01
6.681905036849172808e-01
7.365689284430884110e-01
8.184941427053267216e-01
9.159219796003607028e-01
1.030302831005985187e+00
1.161872682353196851e+00
1.308618155458659560e+00
1.465024289654122569e+00
1.621012276215584968e+00
1.761853210206209885e+00
1.869984956116188091e+00
1.929057368352494528e+00
