9.911815910740243663e-08
9.917084226553628355e-08
9.927628819931333183e-08
9.943465660286496625e-08
9.964618709883158700e-08
9.991120061925053916e-08
1.002300991116590528e-07
1.006033678548367797e-07
1.010315750214721739e-07
1.015153749515025362e-07
1.020555075762463963e-07
1.026528026797752895e-07
1.033081791919266430e-07
1.040226504787686764e-07
1.047973235124304112e-07
1.056334052426280386e-07
1.065322016546183805e-07
1.074951252832587769e-07
1.085236941736555859e-07
1.096195406123155090e-07
1.107844100066606432e-07
1.120201709214902282e-07
1.133288138983734060e-07
1.147124628985848515e-07
1.161733740881756641e-07
1.177139488059342083e-07
1.193367323434978922e-07
1.210444285752860629e-07
1.228398987704699377e-07
1.247261780404413880e-07
1.267064742271152837e-07
1.287841863477206403e-07
1.309629036109342377e-07
1.332464260650046809e-07
1.356387638050115915e-07
1.381441600581648732e-07
1.407670906579922546e-07
1.435122898359337561e-07
1.463847500513232780e-07
1.493897507969988262e-07
1.525328588933136838e-07
1.558199606580251573e-07
1.592572627937139756e-07
1.628513283249941066e-07
1.666090782322947077e-07
1.705378316182115334e-07
1.746453082730129253e-07
1.789396735982351156e-07
1.834295423256703791e-07
1.881240288075680609e-07
1.930327521530378423e-07
1.981658925858432783e-07
2.035341983177901172e-07
2.091490487803417066e-07
2.150224636185850810e-07
2.211671737307525058e-07
2.275966328424652542e-07
2.343250974345459378e-07
2.413676414549864633e-07
2.487402463858500119e-07
2.564598197654928310e-07
2.645442968512803193e-07
2.730126637643669316e-07
2.818850724431599178e-07
2.911828694005796375e-07
3.009287259435186449e-07
3.111466737465439546e-07
3.218622526501305712e-07
3.331025545197142024e-07
3.448963913291756470e-07
3.572743491124867387e-07
3.702689795038773961e-07
3.839148660118365151e-07
3.982488427458182184e-07
4.133100757937475808e-07
4.291403135370774534e-07
4.457839867039803243e-07
4.632884956102935992e-07
4.817043339014568526e-07
5.010854201181215022e-07
5.214892545490922714e-07
5.429773111355700538e-07
5.656152585300611571e-07
5.894734793778113873e-07
6.146275194390092276e-07
6.411591372603976197e-07
6.691580257254912106e-07
6.987260669653221379e-07
7.299871910874219679e-07
7.631115140953179890e-07
7.983688296073511663e-07
8.362223061449830894e-07
8.774092596717378693e-07
9.228614430411867520e-07
9.734638417633023572e-07
1.029908482753470047e-06
1.092727126704468271e-06
1.162369680476695957e-06
1.239253563842881576e-06
1.323785493015592533e-06
1.416369390930153806e-06
1.517409335497201090e-06
1.627310068784579474e-06
1.746477365970169597e-06
1.875317373074186838e-06
2.014236517410512752e-06
2.163640342402320679e-06
2.323933188618090108e-06
2.495516615577075392e-06
2.678788949657327339e-06
2.874143365289050215e-06
3.081967412998821084e-06
3.302640840018867939e-06
3.536535218739846433e-06
3.784011580179105303e-06
4.045420257900758926e-06
4.321098393103307111e-06
4.611370098665427565e-06
4.916543877237924024e-06
5.236913198485632378e-06
5.572753853871805726e-06
5.924325028939847345e-06
6.291866601374646197e-06
6.675600779689696208e-06
7.075729334853260093e-06
7.492435867235882818e-06
7.925882946595382394e-06
8.376215060676438340e-06
8.843555623878293523e-06
9.328010653539327781e-06
9.829665594315613382e-06
1.034858976223063546e-05
1.088483291977396877e-05
1.143843052342050730e-05
1.200939997401910977e-05
1.259774670075243133e-05
1.320346000260571268e-05
1.382652000090112639e-05
1.446689298047274251e-05
1.512453924395484747e-05
1.579940785585280219e-05
1.649144543457479618e-05
1.720059019871622515e-05
1.792678173746409969e-05
1.866995425582768052e-05
1.943004737032685730e-05
2.020699844854101108e-05
2.100075448465441534e-05
2.181126342823706056e-05
2.263848720325932975e-05
2.348239192109500710e-05
2.434296211681171159e-05
2.522018974188064693e-05
2.611408970267901518e-05
2.702468752898172502e-05
2.795203631175071122e-05
2.889620294384866918e-05
2.985728656721263965e-05
3.083540328235251843e-05
3.183070622887028417e-05
3.284336865991159592e-05
3.387360579494992207e-05
3.492165615430635798e-05
3.598780533923374254e-05
3.707236551995419545e-05
3.817570131558205060e-05
3.929820732675853303e-05
4.044033630728579085e-05
4.160257462935256368e-05
4.278547296030300645e-05
4.398961954483795311e-05
4.521567362463195245e-05
4.646433641784272859e-05
4.773638754712473394e-05
4.903265359248022790e-05
5.035404782541382846e-05
5.170153620699275972e-05
5.307618076354104223e-05
5.447910289813770809e-05
5.591153078775358055e-05
5.737475987392670358e-05
5.887020471428622346e-05
6.039935651766897932e-05
6.196383994674307515e-05
6.356536756549147689e-05
6.520580216697278986e-05
6.688710800850940197e-05
6.861141933311179714e-05
7.038098828212670818e-05
7.219826039523539215e-05
7.406581911490152045e-05
7.598646919441808683e-05
7.796317774762283933e-05
7.999916667564328939e-05
8.209785027530410069e-05
8.426293802429539166e-05
8.649836885142952688e-05
8.880842591245164980e-05
9.119766775762811048e-05
9.367105710772041295e-05
9.623388934785837630e-05
9.889193780523927995e-05
1.016513802799660926e-04
1.045189639751094166e-04
1.075019311850202184e-04
1.106082078953185500e-04
1.138463303463028645e-04
1.172256624934277279e-04
1.207563260370305921e-04
1.244494535429919275e-04
1.283171258155683839e-04
1.323726697179764011e-04
1.366306086715669496e-04
1.411070173831488646e-04
1.458194941076347659e-04
1.507875890411226460e-04
1.560328113037776987e-04
1.615791544164361189e-04
1.674531575825113276e-04
1.736845615893449187e-04
1.803064542669134782e-04
1.873561052410629751e-04
1.948752417259668596e-04
2.029111339824821278e-04
2.115170738008023709e-04
2.207538197294387254e-04
2.306903936182180999e-04
2.414060552454593564e-04
2.529916044725115864e-04
2.655521560412272023e-04
2.792092589364388489e-04
2.941049157385053716e-04
3.104050494849637412e-04
3.283055186254591287e-04
3.480378577067222575e-04
3.698785966450320712e-04
3.941589381640532011e-04
4.212797326265424838e-04
4.517281580365288323e-04
4.861026930576592517e-04
5.251425728493030760e-04
5.697709204008424974e-04
6.211478855080145240e-04
6.807470485766604820e-04
7.504517614389426749e-04
8.326895170890471001e-04
9.305971418037715459e-04
1.048228383361974768e-03
1.190752942371814480e-03
1.364548753432066885e-03
1.576820201138866241e-03
1.833898472519396479e-03
2.136280324031308245e-03
2.467431876072762476e-03
2.776432651054724140e-03
2.972864436646353165e-03
