5.669696080170297137e+00
5.669634350045046567e+00
5.669510895297293018e+00
5.669325726944552279e+00
5.669078861477672149e+00
5.668770320896906689e+00
5.668400132628955035e+00
5.667968329587143472e+00
5.667474950046774929e+00
5.666920037729486381e+00
5.666303641636660338e+00
5.665625816158062378e+00
5.664886620862986888e+00
5.664086120633304411e+00
5.663224385411912642e+00
5.662301490360367673e+00
5.661317515564131320e+00
5.660272546214973666e+00
5.659166672272414544e+00
5.657999988671128300e+00
5.656772594937874210e+00
5.655484595424167260e+00
5.654136098877891925e+00
5.652727218701530276e+00
5.651258072477554073e+00
5.649728782252534387e+00
5.648139474015290595e+00
5.646490278007240349e+00
5.644781328152166822e+00
5.643012762393201598e+00
5.641184722072948965e+00
5.639297352297522714e+00
5.637350801265631262e+00
5.635345220660131105e+00
5.633280764924526451e+00
5.631157591682533159e+00
5.628975860960308886e+00
5.626735735634531999e+00
5.624437380598521052e+00
5.622080963239370455e+00
5.619666652545938668e+00
5.617194619615600182e+00
5.614665036701901535e+00
5.612078077751506022e+00
5.609433917389116786e+00
5.606732731485191579e+00
5.603974696075547435e+00
5.601159987960381947e+00
5.598288783555779524e+00
5.595361259524533892e+00
5.592377591556567218e+00
5.589337955031973948e+00
5.586242523727155351e+00
5.583091470510374243e+00
5.579884965970244082e+00
5.576623179143858522e+00
5.573306276064148079e+00
5.569934420520329610e+00
5.566507772520577824e+00
5.563026489084069048e+00
5.559490722615478830e+00
5.555900621727173139e+00
5.552256329522327505e+00
5.548557984444755675e+00
5.544805718468054145e+00
5.540999657968950665e+00
5.537139921821080613e+00
5.533226622285307705e+00
5.529259863008857856e+00
5.525239739922393589e+00
5.521166339149008451e+00
5.517039737892342366e+00
5.512860002266982029e+00
5.508627188154369136e+00
5.504341338981226350e+00
5.500002486514473432e+00
5.495610648656287900e+00
5.491165830176763407e+00
5.486668020755298691e+00
5.482117195903848383e+00
5.477513316268001198e+00
5.472856330640504474e+00
5.468146181876406331e+00
5.463382824049350717e+00
5.458566266095623121e+00
5.453696678167300860e+00
5.448774662834693139e+00
5.443801918255712913e+00
5.438782887799219701e+00
5.433728642239614715e+00
5.428665228673011711e+00
5.423647231937601454e+00
5.418766765873872515e+00
5.414134380100652066e+00
5.409836254337250239e+00
5.405912590485050018e+00
5.402368036341059998e+00
5.399188340889058857e+00
5.396350718545019021e+00
5.393828770639022885e+00
5.391594892297526087e+00
5.389621548356084979e+00
5.387882098323744984e+00
5.386351305085872454e+00
5.385005679747066232e+00
5.383823650633014601e+00
5.382785642681943372e+00
5.381874050560782941e+00
5.381073171823667955e+00
5.380369083151100185e+00
5.379749510120684697e+00
5.379203671283814714e+00
5.378722134460035775e+00
5.378296664318338749e+00
5.377920090307706680e+00
5.377586173634171907e+00
5.377289496496032939e+00
5.377025352969682537e+00
5.376789660963886774e+00
5.376578875922402467e+00
5.376389923184321518e+00
5.376220131188850893e+00
5.376067180690474956e+00
5.375929053674616931e+00
5.375803995844695038e+00
5.375690477762264052e+00
5.375587167483132589e+00
5.375492901011868163e+00
5.375406662556236448e+00
5.375327561991103842e+00
5.375254820763819552e+00
5.375187754597425815e+00
5.375125763555718805e+00
5.375068318651757160e+00
5.375014954959884683e+00
5.374965261135454142e+00
5.374918874751608122e+00
5.374875473994149111e+00
5.374834774619078104e+00
5.374796523279199434e+00
5.374760495660114934e+00
5.374726491037637999e+00
5.374694331268766945e+00
5.374663856283771857e+00
5.374634923695621680e+00
5.374607405007435723e+00
5.374581185667310024e+00
5.374556161828166090e+00
5.374532240721204168e+00
5.374509337846510526e+00
5.374487377572155111e+00
5.374466290664324575e+00
5.374446015043747416e+00
5.374426493586537568e+00
5.374407674987723205e+00
5.374389511780560902e+00
5.374371961270203890e+00
5.374354983731583602e+00
5.374338543386004474e+00
5.374322606746901876e+00
5.374307143619330596e+00
5.374292125569820833e+00
5.374277526934056581e+00
5.374263323392235669e+00
5.374249492974183084e+00
5.374236014725586763e+00
5.374222869702692584e+00
5.374210039717804754e+00
5.374197508317890559e+00
5.374185259600040787e+00
5.374173279169930595e+00
5.374161553019720650e+00
5.374150068463521279e+00
5.374138813071605902e+00
5.374127775580923583e+00
5.374116944880569235e+00
5.374106310896068273e+00
5.374095863621904279e+00
5.374085593978780828e+00
5.374075492889683225e+00
5.374065552109697386e+00
5.374055763342619585e+00
5.374046119043174308e+00
5.374036611571620270e+00
5.374027233968399209e+00
5.374017979144545265e+00
5.374008840628927253e+00
5.373999811792545600e+00
5.373990886568646097e+00
5.373982058709207088e+00
5.373973322478254211e+00
5.373964671939054583e+00
5.373956101620995796e+00
5.373947605836145058e+00
5.373939179320086801e+00
5.373930816576636182e+00
5.373922512493027881e+00
5.373914261711686180e+00
5.373906059220154852e+00
5.373897899748905083e+00
5.373889778336377709e+00
5.373881689751902613e+00
5.373873629036189037e+00
5.373865590948491366e+00
5.373857570482864610e+00
5.373849562338752328e+00
5.373841561413303936e+00
5.373833562294603183e+00
5.373825559730313728e+00
5.373817548142815426e+00
5.373809522074414424e+00
5.373801475723706922e+00
5.373793403367586485e+00
5.373785298918209996e+00
5.373777156322049109e+00
5.373768969136946794e+00
5.373760730908526462e+00
5.373752434766976727e+00
5.373744073781301367e+00
5.373735640575761252e+00
5.373727127662776937e+00
5.373718527079446972e+00
5.373709830700529544e+00
5.373701029896364112e+00
5.373692115828492710e+00
5.373683079131867935e+00
5.373673910197751091e+00
5.373664598885897981e+00
5.373655134803057898e+00
5.373645507055851311e+00
5.373635704539853286e+00
5.373625715752832654e+00
5.373615529121392953e+00
5.373605132910338256e+00
5.373594515635374158e+00
5.373583666133214365e+00
5.373572574147295278e+00
5.373561230674369860e+00
5.373549628877593243e+00
5.373537764913295156e+00
5.373525639438476276e+00
5.373513259262059805e+00
5.373500639881591212e+00
5.373487808488549788e+00
5.373474808143578585e+00
5.373461702766023862e+00
5.373448583459524031e+00
5.373435575600096215e+00
5.373422846537319053e+00
5.373410612349664994e+00
5.373399141822020830e+00
5.373388754129264200e+00
5.373379806538636672e+00
5.373372668598300095e+00
5.373367682682071766e+00
5.373365116048153922e+00
