0.000000000000000000e+00
0.000000000000000000e+00
1.347313686972096102e+19
4.042008115788908134e+19
8.084219682119337574e+19
1.347415869235237356e+20
2.021211621353126953e+20
2.829847319751291699e+20
3.773371187148507054e+20
4.851842938521111101e+20
6.065335370335455805e+20
7.413936172957711729e+20
8.897749964726455501e+20
1.051690054601221079e+21
1.227153337144078762e+21
1.416181823831652434e+21
1.618795218917203378e+21
1.835016262627183034e+21
2.064871063584656065e+21
2.308389451978588553e+21
2.565605353254030934e+21
2.836557182101933261e+21
3.121288256537524437e+21
3.419847231869960585e+21
3.732288554386405720e+21
4.058672934600509489e+21
4.399067839945091056e+21
4.753548006831194898e+21
5.122195972037768380e+21
5.505102623451937505e+21
5.902367770237539975e+21
6.314100732578314060e+21
6.740420951215541584e+21
7.181458617082287489e+21
7.637355321424536928e+21
8.108264726895845704e+21
8.594353260214303588e+21
9.095800827079866450e+21
9.612801550165255127e+21
1.014556453111561873e+22
1.069431463761765466e+22
1.125929331673381051e+22
1.184075943583241208e+22
1.243899015258773547e+22
1.305428181567208528e+22
1.368695089791077712e+22
1.433733496382836179e+22
1.500579367367227736e+22
1.569270982616344953e+22
1.639849044239009291e+22
1.712356789343026676e+22
1.786840107446332870e+22
1.863347662830781543e+22
1.941931022150282301e+22
2.022644787623688248e+22
2.105546736161546830e+22
2.190697964795148108e+22
2.278163042796092942e+22
2.368010170894724052e+22
2.460311348026395329e+22
2.555142546055883234e+22
2.652583892951700498e+22
2.752719864904656984e+22
2.855639487907642527e+22
2.961436549337196580e+22
3.070209820101618906e+22
3.182063287945031739e+22
3.297106402522434843e+22
3.415454332886868348e+22
3.537228238056727773e+22
3.662555551358792814e+22
3.791570279270918914e+22
3.924413315517225579e+22
4.061232771198243098e+22
4.202184321768863721e+22
4.347431571707689697e+22
4.497146437752906685e+22
4.651509551611680653e+22
4.810710683082372520e+22
4.974949184561538400e+22
5.144434457940618694e+22
5.319386444929955791e+22
5.500036141880912642e+22
5.686626140209373669e+22
5.879411193556241691e+22
6.078658812852268591e+22
6.284649890485327679e+22
6.497679354798027886e+22
6.718056856172009777e+22
6.946107485981819221e+22
7.182172529726179613e+22
7.426610255666501963e+22
7.679796740322146805e+22
7.942126732188038726e+22
8.214014555052784484e+22
8.495895052303537380e+22
8.788224573607386284e+22
9.091482005356746795e+22
9.406169846258212431e+22
9.732815329429219285e+22
1.007197159234439102e+23
1.042421889594239998e+23
1.079016589416422525e+23
1.117045095514328804e+23
1.156574353520664081e+23
1.197674560677312893e+23
1.240419314114777580e+23
1.284885764711110997e+23
1.331154776608572409e+23
1.379311092452984871e+23
1.429443504405709524e+23
1.481645030961186236e+23
1.536013099583955953e+23
1.592649735157915656e+23
1.651661754216986517e+23
1.713160964900459244e+23
1.777264372547637855e+23
1.844094390815097524e+23
1.913779058165668098e+23
1.986452259540967663e+23
2.062253952988909698e+23
2.141330400973916765e+23
2.223834406050392483e+23
2.309925550529334655e+23
2.399770439713630349e+23
2.493542948219460465e+23
2.591424468839304895e+23
2.693604163336195487e+23
2.800279214489088295e+23
2.911655078635315543e+23
3.027945737878467017e+23
3.149373951048087524e+23
3.276171502412110223e+23
3.408579447053176799e+23
3.546848351727017777e+23
3.691238529924066475e+23
3.842020269755438213e+23
3.999474053181205717e+23
4.163890764992674351e+23
4.335571889852179347e+23
4.514829695583051223e+23
4.701987400790574818e+23
4.897379324781585551e+23
5.101351017636654723e+23
5.314259368175837894e+23
5.536472687446162460e+23
5.768370765249071316e+23
6.010344897117676162e+23
6.262797879049712273e+23
6.526143967202627205e+23
6.800808799663326474e+23
7.087229277318436817e+23
7.385853400772314913e+23
7.697140060191307208e+23
8.021558774894536876e+23
8.359589379465908165e+23
8.711721653130594028e+23
9.078454889122533296e+23
9.460297400771079611e+23
9.857765961053567074e+23
1.027138517240131812e+24
1.070168676360754863e+24
1.114920881077194743e+24
1.161449487932643296e+24
1.209809308432486640e+24
1.260055506634457630e+24
1.312243488054352772e+24
1.366428779664349887e+24
1.422666900786789141e+24
1.481013224715671048e+24
1.541522830930602801e+24
1.604250347804288944e+24
1.669249785744277063e+24
1.736574360753076775e+24
1.806276308437707577e+24
1.878406688550219002e+24
1.953015180194789433e+24
2.030149867894463946e+24
2.109857018771411562e+24
2.192180851158465299e+24
2.277163295026690897e+24
2.364843744683309354e+24
2.455258804266337858e+24
2.548442026636632008e+24
2.644423646343910117e+24
2.743230307420600741e+24
2.844884786835815529e+24
2.949405714520162752e+24
3.056807290950950670e+24
3.167099003365045790e+24
3.280285341743333333e+24
3.396365515785518793e+24
3.515333174166037616e+24
3.637176127430762498e+24
3.761876075958973906e+24
3.889408344475368881e+24
4.019741624651200489e+24
4.152837727382469846e+24
4.288651346374046696e+24
4.427129834692900079e+24
4.568212995978129320e+24
4.711832892012338988e+24
4.857913668364705081e+24
5.006371399811984974e+24
5.157113957228798104e+24
5.310040897611258707e+24
5.465043378859847344e+24
5.622004100895760378e+24
5.780797274621426146e+24
5.941288620158767352e+24
6.103335395709565599e+24
6.266786458278775247e+24
6.431482357386196875e+24
6.597255462763726589e+24
6.763930126893593718e+24
6.931322883091393510e+24
7.099242679672322270e+24
7.267491150564899047e+24
7.435862922551613278e+24
7.604145959121754878e+24
7.772121940721072788e+24
7.939566680973925673e+24
8.106250578240316472e+24
8.271939101652679580e+24
8.436393310557013480e+24
8.599370406061547121e+24
8.760624313175899623e+24
8.919906291804979180e+24
9.076965574647557831e+24
9.231550029841063737e+24
9.383406845992318536e+24
9.532283237042193141e+24
9.677927164230826166e+24
9.820088072261852820e+24
9.958517636608660521e+24
1.009297051876832257e+25
1.022320512614700230e+25
1.034898437315827208e+25
1.047007644003457485e+25
1.058625552579111345e+25
1.069730259174671748e+25
1.080300609199438330e+25
1.090316268723358961e+25
1.099757793842574577e+25
1.108606697682207148e+25
1.116845514704425043e+25
1.124457862008497116e+25
1.131428497334699489e+25
1.137743373517387325e+25
1.143389689174459559e+25
1.148355935470591947e+25
1.152631938844485053e+25
1.156208899633789895e+25
1.159079426540337371e+25
1.161237566806806753e+25
1.162678831769856100e+25
