5.669672560108111270e+00
5.669610823294649826e+00
5.669487355168220333e+00
5.669302166730803449e+00
5.669055274466466621e+00
5.668746700344331479e+00
5.668376471779743575e+00
5.667944621639179559e+00
5.667451188181924948e+00
5.666896215066868692e+00
5.666279751274595711e+00
5.665601851115976473e+00
5.664862574134574835e+00
5.664061985116904729e+00
5.663200153975010309e+00
5.662277155758255631e+00
5.661293070515890591e+00
5.660247983310210174e+00
5.659141984058898345e+00
5.657975167549346374e+00
5.656747633260546415e+00
5.655459485378318440e+00
5.654110832596499492e+00
5.652701788132782568e+00
5.651232469508912004e+00
5.649702998566801249e+00
5.648113501227419952e+00
5.646464107506790953e+00
5.644754951253230679e+00
5.642986170162767046e+00
5.641157905494375235e+00
5.639270302084267605e+00
5.637323508038758035e+00
5.635317674746796790e+00
5.633252956550067303e+00
5.631129510753030587e+00
5.628947497269866318e+00
5.626707078631160819e+00
5.624408419607302534e+00
5.622051687210802839e+00
5.619637050295769320e+00
5.617164679554665696e+00
5.614634747093520062e+00
5.612047426421717056e+00
5.609402892002647967e+00
5.606701319234860037e+00
5.603942883977945044e+00
5.601127762523039344e+00
5.598256131093880761e+00
5.595328165804241749e+00
5.592344042134272719e+00
5.589303934871951540e+00
5.586208017565075679e+00
5.583056462443185097e+00
5.579849439845959047e+00
5.576587118121214992e+00
5.573269663031018339e+00
5.569897237620318187e+00
5.566470001602796813e+00
5.562988111193348573e+00
5.559451718476757343e+00
5.555860971195388132e+00
5.552216012105298582e+00
5.548516978708058822e+00
5.544764002601081820e+00
5.540957209139115491e+00
5.537096716788751927e+00
5.533182636700466617e+00
5.529215072081933080e+00
5.525194117654895543e+00
5.521119859069084868e+00
5.516992372208789241e+00
5.512811722680806881e+00
5.508577964922846348e+00
5.504291141820444544e+00
5.499951283556936410e+00
5.495558407466102580e+00
5.491112516583222636e+00
5.486613600020126214e+00
5.482061631430677373e+00
5.477456571032984556e+00
5.472798365913428498e+00
5.468086959401487590e+00
5.463322305774783949e+00
5.458504419784105721e+00
5.453633484477583337e+00
5.448710140422957870e+00
5.443736177388033504e+00
5.438716269298606854e+00
5.433662025094389669e+00
5.428600638894018893e+00
5.423588589441516561e+00
5.418719739261697477e+00
5.414104362819020189e+00
5.409826332663108417e+00
5.405923521519190089e+00
5.402399212327297917e+00
5.399238530948626824e+00
5.396418436933985596e+00
5.393912449423043043e+00
5.391692964881416472e+00
5.389732500652403502e+00
5.388004497662055137e+00
5.386483820689988100e+00
5.385147091347169734e+00
5.383972853496620026e+00
5.382941645033641365e+00
5.382035970201324737e+00
5.381240228099004597e+00
5.380540589938209273e+00
5.379924866074802026e+00
5.379382352070818385e+00
5.378903683327560969e+00
5.378480685016529428e+00
5.378106238880192791e+00
5.377774152571624278e+00
5.377479047983642069e+00
5.377216254340950741e+00
5.376981719320354181e+00
5.376771924743040998e+00
5.376583818109916812e+00
5.376414747575037900e+00
5.376262410326691388e+00
5.376124803070688962e+00
5.376000183675968991e+00
5.375887033708887763e+00
5.375784030229154631e+00
5.375690017492228634e+00
5.375603986374442478e+00
5.375525052962387029e+00
5.375452443647997569e+00
5.375385478854537880e+00
5.375323562316509651e+00
5.375266168623983098e+00
5.375212835578799364e+00
5.375163154575608004e+00
5.375116765214743353e+00
5.375073347793692946e+00
5.375032619573998360e+00
5.374994328847479963e+00
5.374958252415340532e+00
5.374924190834336812e+00
5.374891966784520747e+00
5.374861421204102818e+00
5.374832412308816920e+00
5.374804812400118870e+00
5.374778507362400148e+00
5.374753393984765815e+00
5.374729379808470320e+00
5.374706380843299769e+00
5.374684321671335141e+00
5.374663133468895460e+00
5.374642754297419778e+00
5.374623127363992836e+00
5.374604201448232033e+00
5.374585929350721436e+00
5.374568268418092210e+00
5.374551179140794055e+00
5.374534625748372818e+00
5.374518574926999470e+00
5.374502996464229021e+00
5.374487862063441312e+00
5.374473146022734404e+00
5.374458824128520718e+00
5.374444874357217294e+00
5.374431275834039567e+00
5.374418009549169817e+00
5.374405057370691630e+00
5.374392402769150756e+00
5.374380029875782228e+00
5.374367924211085779e+00
5.374356071781170030e+00
5.374344459807241847e+00
5.374333075854193176e+00
5.374321908558874483e+00
5.374310946786042820e+00
5.374300180354031120e+00
5.374289599213932789e+00
5.374279194171868390e+00
5.374268956087853155e+00
5.374258876594308454e+00
5.374248947311514257e+00
5.374239160562360063e+00
5.374229508601610306e+00
5.374219984327189614e+00
5.374210580520725422e+00
5.374201290555887134e+00
5.374192107647860261e+00
5.374183025559455373e+00
5.374174037857256891e+00
5.374165138616416648e+00
5.374156321681267556e+00
5.374147581369876470e+00
5.374138911736912050e+00
5.374130307279200380e+00
5.374121762198579511e+00
5.374113271109869139e+00
5.374104828301337733e+00
5.374096428446682339e+00
5.374088065860554764e+00
5.374079735216359843e+00
5.374071430794063353e+00
5.374063147205830226e+00
5.374054878633027776e+00
5.374046619561997140e+00
5.374038364006771040e+00
5.374030106257575490e+00
5.374021840085251078e+00
5.374013559505476323e+00
5.374005257960211779e+00
5.373996929101075182e+00
5.373988565942274143e+00
5.373980161667116562e+00
5.373971708745791886e+00
5.373963199769669963e+00
5.373954626525833334e+00
5.373945980864681005e+00
5.373937253721188689e+00
5.373928436022405108e+00
5.373919517642857357e+00
5.373910488359902260e+00
5.373901336727244349e+00
5.373892051087875821e+00
5.373882618344943296e+00
5.373873025044386686e+00
5.373863256015784629e+00
5.373853295540062192e+00
5.373843125823612787e+00
5.373832728271041859e+00
5.373822081742442691e+00
5.373811163958007064e+00
5.373799949468740067e+00
5.373788411230582263e+00
5.373776518189895768e+00
5.373764237083217488e+00
5.373751529495713442e+00
5.373738353977253190e+00
5.373724662368319471e+00
5.373710402394542562e+00
5.373695512964623333e+00
5.373679927569530612e+00
5.373663568148988823e+00
5.373646350040115927e+00
5.373628173961670029e+00
5.373608934441702623e+00
5.373588509861836116e+00
5.373566780011595156e+00
5.373543616565327419e+00
5.373518928462536870e+00
5.373492667174899928e+00
5.373464984820243373e+00
5.373436468201402860e+00
5.373409461757677974e+00
5.373387709563646197e+00
5.373373054117580594e+00
5.373365709137741142e+00
