-4.333648949856425328e-08
-4.339129559934857492e-08
-4.342450798440502700e-08
-4.350185447877538885e-08
-4.358800568605762901e-08
-4.370842561621311724e-08
-4.384348116773159045e-08
-4.400972174507200019e-08
-4.419342943294807151e-08
-4.440711995540971775e-08
-4.464020749757464656e-08
-4.490291524027370472e-08
-4.518665817168777796e-08
-4.550007432661489949e-08
-4.583609627565824200e-08
-4.620230827416570329e-08
-4.659263869233159370e-08
-4.701391328841543525e-08
-4.746095475653514233e-08
-4.793999221500013158e-08
-4.844655780336080006e-08
-4.898640796158022373e-08
-4.955569855093892233e-08
-5.015985796634212169e-08
-5.079552117141468276e-08
-5.146792399615419608e-08
-5.217413051255607704e-08
-5.291919196611262772e-08
-5.370060731188274840e-08
-5.452331554606918654e-08
-5.538518470527604939e-08
-5.629111233686769004e-08
-5.723931098178420948e-08
-5.823468285636846419e-08
-5.927580609494950676e-08
-6.036757468346611215e-08
-6.150893829931137240e-08
-6.270487926801840586e-08
-6.395467365813284505e-08
-6.526342388894534780e-08
-6.663077820483555392e-08
-6.806198070023152097e-08
-6.955706286643379221e-08
-7.112146531679394670e-08
-7.275561283045254386e-08
-7.446517876192233151e-08
-7.625103339102717458e-08
-7.811910724630512799e-08
-8.007074986266303995e-08
-8.211222699884192455e-08
-8.424537021924260981e-08
-8.647686064245995437e-08
-8.880905576165075464e-08
-9.124909488144423866e-08
-9.379994766010922593e-08
-9.646926822314897163e-08
-9.926069072611213011e-08
-1.021824707775440772e-07
-1.052389814859650670e-07
-1.084391852719302184e-07
-1.117882577613011170e-07
-1.152959692538299487e-07
-1.189684140098039067e-07
-1.228162621276853234e-07
-1.268466653660327679e-07
-1.310713283083996617e-07
-1.354985598458365426e-07
-1.401412780329745559e-07
-1.450090965177139779e-07
-1.501163076051482839e-07
-1.554740386929565013e-07
-1.610981393532128240e-07
-1.670014348353704818e-07
-1.732015935719776033e-07
-1.797133938234098457e-07
-1.865565596719063800e-07
-1.937481024832087863e-07
-2.013101468073904497e-07
-2.092622820773005728e-07
-2.176294047664967428e-07
-2.264341643758882218e-07
-2.357048624365933994e-07
-2.454681598859595433e-07
-2.557575279954524270e-07
-2.666073787936260850e-07
-2.780651354987544221e-07
-2.901946073815888351e-07
-3.031119238698026288e-07
-3.170488147952532765e-07
-3.325291908829181337e-07
-3.507001978101003622e-07
-3.737337677456302972e-07
-4.044324216993244003e-07
-4.443039443399787902e-07
-4.924305852413643949e-07
-5.470790162797131788e-07
-6.071840680657566512e-07
-6.724259220031370101e-07
-7.428734598221181961e-07
-8.187624652285506674e-07
-9.003867639974193473e-07
-9.880693407026446083e-07
-1.082140182378804621e-06
-1.182940365007804063e-06
-1.290810680396910091e-06
-1.406099621052595002e-06
-1.529152735150645312e-06
-1.660321283625398547e-06
-1.799951268669773689e-06
-1.948392519223243075e-06
-2.105987316413795479e-06
-2.273079970852311094e-06
-2.450005039434009951e-06
-2.637097455603246173e-06
-2.834680351272670625e-06
-3.043075824493015211e-06
-3.262592359290516024e-06
-3.493536284442743275e-06
-3.736198871090248970e-06
-3.990868455478981682e-06
-4.257817254831817944e-06
-4.537314224833074360e-06
-4.829611595292173978e-06
-5.134958462213812560e-06
-5.453587101316058782e-06
-5.785727292676601280e-06
-6.131592404678494415e-06
-6.491394517675932003e-06
-6.865330213666977835e-06
-7.253596533369017863e-06
-7.656376498112218480e-06
-8.073855822384455491e-06
-8.506208233750493726e-06
-8.953612873758647311e-06
-9.416239460641210866e-06
-9.894266287877189511e-06
-1.038786530150362918e-05
-1.089722058344777238e-05
-1.142251337584741605e-05
-1.196394104650373807e-05
-1.252170203541366101e-05
-1.309601518768572546e-05
-1.368710471710107714e-05
-1.429521984651271682e-05
-1.492061977399389022e-05
-1.556359353751964636e-05
-1.622444506965539846e-05
-1.690351318031912218e-05
-1.760115677966530304e-05
-1.831777484026082218e-05
-1.905379186626186822e-05
-1.980967778433030826e-05
-2.058593375382802263e-05
-2.138311169580021749e-05
-2.220180084835586510e-05
-2.304264658853931970e-05
-2.390633780587537546e-05
-2.479362518406843261e-05
-2.570530922172444406e-05
-2.664225792142925343e-05
-2.760539571848846858e-05
-2.859572021593620247e-05
-2.961429242632743393e-05
-3.066225214574967907e-05
-3.174080983955030973e-05
-3.285126044882982180e-05
-3.399497700903809840e-05
-3.517342276088115629e-05
-3.638814676875946333e-05
-3.764079396532517903e-05
-3.893310303088332594e-05
-4.026691413946147834e-05
-4.164416927312765632e-05
-4.306691747776132326e-05
-4.453731775251512019e-05
-4.605764134249953044e-05
-4.763027782878495131e-05
-4.925773373602364638e-05
-5.094264210481663823e-05
-5.268775712872110636e-05
-5.449596734677756313e-05
-5.637028586049828792e-05
-5.831386733710497151e-05
-6.032999319697496493e-05
-6.242209289029696905e-05
-6.459372306881160900e-05
-6.684859361525025167e-05
-6.919053989295249495e-05
-7.162355380880582306e-05
-7.415174842181879752e-05
-7.677939384850745509e-05
-7.951087348451121872e-05
-8.235072505745109981e-05
-8.530358704381821246e-05
-8.837424506097887910e-05
-9.156756722979226995e-05
-9.488855613566825526e-05
-9.834227149296754014e-05
-1.019338877238018314e-04
-1.056686022439379252e-04
-1.095516990822832003e-04
-1.135884403573829611e-04
-1.177841365312597773e-04
-1.221440186216593918e-04
-1.266733152764855808e-04
-1.313771039053688054e-04
-1.362603939451554680e-04
-1.413279553415478515e-04
-1.465844081186710784e-04
-1.520340250931413251e-04
-1.576808293713885913e-04
-1.635283683614496299e-04
-1.695798201834454629e-04
-1.758377365997966513e-04
-1.823041601518170143e-04
-1.889803340132743923e-04
-1.958668322954167746e-04
-2.029632349432391677e-04
-2.102682754051824377e-04
-2.177794795059358559e-04
-2.254933353511301159e-04
-2.334048964291025961e-04
-2.415079810324585199e-04
-2.497947407131881738e-04
-2.582558980157941995e-04
-2.668802828634137827e-04
-2.756551209429844440e-04
-2.845655406801705272e-04
-2.935949275687179554e-04
-3.027244055251135813e-04
-3.119332747901022089e-04
-3.211984721028590542e-04
-3.304951113193306924e-04
-3.397959264529196383e-04
-3.490719361207651121e-04
-3.582918712724639547e-04
-3.674229844086967633e-04
-3.764304584501034271e-04
-3.852783841589266407e-04
-3.939291359015745556e-04
-4.023445422790400947e-04
-4.104852033473848131e-04
-4.183118754519979366e-04
-4.257846919291845907e-04
-4.328647881243217533e-04
-4.395133595350296692e-04
-4.456935643935072341e-04
-4.513693230259769196e-04
-4.565075623629347959e-04
-4.610765994454610849e-04
-4.650488671033892771e-04
-4.683986002595962842e-04
-4.711053731475644797e-04
-4.731504753209818284e-04
-4.745222801221658142e-04
-4.752085774640288189e-04
