5.669720925401839473e+00
5.669659202340961990e+00
5.669535761723767386e+00
5.669350614585138004e+00
5.669103777421374168e+00
5.668795272267527885e+00
5.668425126559442973e+00
5.667993373262806500e+00
5.667500050665838174e+00
5.666945202560298434e+00
5.666328877964369681e+00
5.665651131355979864e+00
5.664912022325252039e+00
5.664111615860594640e+00
5.663249981929945776e+00
5.662327195820196835e+00
5.661343337646271401e+00
5.660298492744567866e+00
5.659192751108740538e+00
5.658026207837962396e+00
5.656798962498091221e+00
5.655511119625671768e+00
5.654162788012980556e+00
5.652754081268816400e+00
5.651285117025707905e+00
5.649756017558684285e+00
5.648166908912696904e+00
5.646517921580727517e+00
5.644809189549222062e+00
5.643040851037064876e+00
5.641213047456554719e+00
5.639325924214950270e+00
5.637379629588244789e+00
5.635374315587170280e+00
5.633310136740716345e+00
5.631187251028701546e+00
5.629005818571624076e+00
5.626766002632158425e+00
5.624467968207540025e+00
5.622111883102598462e+00
5.619697916420468786e+00
5.617226239710049640e+00
5.614697025350369408e+00
5.612110447775691568e+00
5.609466681748314087e+00
5.606765903664916451e+00
5.604008289711999602e+00
5.601194017257444813e+00
5.598323262882148654e+00
5.595396203861226603e+00
5.592413016064649689e+00
5.589373875533024005e+00
5.586278956239207005e+00
5.583128431764157185e+00
5.579922472910570086e+00
5.576661249484923033e+00
5.573344927753116629e+00
5.569973672335530424e+00
5.566547643493477970e+00
5.563066999144863800e+00
5.559531891968939377e+00
5.555942471550974204e+00
5.552298881291357624e+00
5.548601260688583281e+00
5.544849742037155416e+00
5.541044452859062552e+00
5.537185512373339336e+00
5.533273034086967357e+00
5.529307122017418585e+00
5.525287873454442611e+00
5.521215374915854568e+00
5.517089705091734686e+00
5.512910930514194341e+00
5.508679108695528903e+00
5.504394283498436735e+00
5.500056488484182715e+00
5.495665741997386000e+00
5.491222050779606789e+00
5.486725404916761306e+00
5.482175782030390465e+00
5.477573142943215956e+00
5.472917438326038386e+00
5.468208609951599186e+00
5.463446611189735513e+00
5.458631442697274849e+00
5.453763256992157693e+00
5.448842605482959733e+00
5.443871064255457526e+00
5.438852770154847249e+00
5.433798079265828918e+00
5.428731506070221258e+00
5.423705063129447446e+00
5.418808384157620672e+00
5.414152253898969036e+00
5.409826025148740669e+00
5.405873229102609479e+00
5.402300489756854063e+00
5.399094454818817113e+00
5.396232696393189698e+00
5.393688921965544836e+00
5.391435511717364015e+00
5.389444843265254192e+00
5.387690148295838810e+00
5.386146034217148326e+00
5.384788845480896313e+00
5.383596838151292197e+00
5.382550269680267618e+00
5.381631373402357532e+00
5.380824297888232799e+00
5.380114981859732026e+00
5.379491027495210353e+00
5.378941541752277899e+00
5.378456994735953955e+00
5.378029063986596192e+00
5.377650503797616999e+00
5.377315008871546453e+00
5.377017104684236770e+00
5.376752035265054630e+00
5.376515676226728324e+00
5.376304445662401399e+00
5.376115237607787201e+00
5.375945352744786021e+00
5.375792448762534370e+00
5.375654487046381824e+00
5.375529696346543318e+00
5.375416531925925057e+00
5.375313649396972870e+00
5.375219873379074365e+00
5.375134178956161080e+00
5.375055667504784473e+00
5.374983553791255808e+00
5.374917147172533660e+00
5.374855842831355979e+00
5.374799106993814135e+00
5.374746471182697327e+00
5.374697520440310683e+00
5.374651889773361724e+00
5.374609254631369737e+00
5.374569328936550150e+00
5.374531857263763257e+00
5.374496614011945894e+00
5.374463396876249632e+00
5.374432026837380860e+00
5.374402342623050721e+00
5.374374201279167984e+00
5.374347473395864050e+00
5.374322044088351014e+00
5.374297808820100109e+00
5.374274674667721463e+00
5.374252556615960685e+00
5.374231379014871024e+00
5.374211072252278676e+00
5.374191574336261823e+00
5.374172827873613834e+00
5.374154781728712749e+00
5.374137388253481085e+00
5.374120604986971195e+00
5.374104392094920080e+00
5.374088714084104268e+00
5.374073537419040036e+00
5.374058832232281091e+00
5.374044570092926243e+00
5.374030725699284972e+00
5.374017274779236075e+00
5.374004195755553326e+00
5.373991467762247787e+00
5.373979072275714586e+00
5.373966991234317980e+00
5.373955208630630587e+00
5.373943708723937007e+00
5.373932477590398271e+00
5.373921501420030111e+00
5.373910768022760465e+00
5.373900265202913751e+00
5.373889982219986372e+00
5.373879908234806102e+00
5.373870033724474027e+00
5.373860348995294522e+00
5.373850845551775279e+00
5.373841514672164088e+00
5.373832348731728104e+00
5.373823339837313640e+00
5.373814481105362084e+00
5.373805765352408059e+00
5.373797186328442166e+00
5.373788737460653664e+00
5.373780413042871018e+00
5.373772207030188319e+00
5.373764114185282104e+00
5.373756128921841402e+00
5.373748246408613483e+00
5.373740461459784790e+00
5.373732769597631354e+00
5.373725165988219921e+00
5.373717646463545883e+00
5.373710206501096209e+00
5.373702842206372843e+00
5.373695549335019805e+00
5.373688324236631786e+00
5.373681162918297005e+00
5.373674061950595160e+00
5.373667017571547966e+00
5.373660026555714175e+00
5.373653085357681825e+00
5.373646190945188472e+00
5.373639339981417073e+00
5.373632529623097120e+00
5.373625756741020609e+00
5.373619018684118842e+00
5.373612312537768609e+00
5.373605635854911355e+00
5.373598985951889340e+00
5.373592360607760909e+00
5.373585757397615126e+00
5.373579174361365673e+00
5.373572609374702935e+00
5.373566060788816046e+00
5.373559526839422951e+00
5.373553006259056630e+00
5.373546497724897897e+00
5.373540000445522935e+00
5.373533513648582449e+00
5.373527037144149254e+00
5.373520570853619560e+00
5.373514115352033826e+00
5.373507671439833544e+00
5.373501240666661793e+00
5.373494824947700366e+00
5.373488427071325013e+00
5.373482050361459095e+00
5.373475699170827902e+00
5.373469378589777357e+00
5.373463094925300609e+00
5.373456855454580960e+00
5.373450668886885495e+00
5.373444545156041308e+00
5.373438495856945885e+00
5.373432534064496835e+00
5.373426674728215779e+00
5.373420934495350743e+00
5.373415332035779812e+00
5.373409887834608156e+00
5.373404624406609820e+00
5.373399566011383577e+00
5.373394738706493534e+00
5.373390169932524607e+00
5.373385888355208806e+00
5.373381923278690131e+00
5.373378304250405080e+00
5.373375060299031780e+00
5.373372219329384691e+00
5.373369807248816521e+00
5.373367847255962282e+00
5.373366358997702541e+00
5.373365357925233177e+00
5.373364854672958657e+00
