2.982446481816987127e-01
2.982285119451177913e-01
2.981963001775411737e-01
2.981481338596412289e-01
2.980841933853642378e-01
2.980047172833583669e-01
2.979100005343316981e-01
2.978003925001243557e-01
2.976762944899510877e-01
2.975381569863840281e-01
2.973864765629804507e-01
2.972217925230304369e-01
2.970446832968549056e-01
2.968557626310426856e-01
2.966556756107184833e-01
2.964450945517000391e-01
2.962247148030366373e-01
2.959952504998871747e-01
2.957574303043163377e-01
2.955119931734483951e-01
2.952596841905749669e-01
2.950012504940230373e-01
2.947374373360019395e-01
2.944689843013479358e-01
2.941966217128467731e-01
2.939210672464204754e-01
2.936430227775789770e-01
2.933631714748881070e-01
2.930821751549679277e-01
2.928006719088216969e-01
2.925192740055840290e-01
2.922385660782664818e-01
2.919591035903063569e-01
2.916814115811772745e-01
2.914059836847029961e-01
2.911332814127056690e-01
2.908637336929018602e-01
2.905977366490737901e-01
2.903356536095763607e-01
2.900778153283812832e-01
2.898245204025295396e-01
2.895760358684000280e-01
2.893325979590455344e-01
2.890944130046051441e-01
2.888616584573969748e-01
2.886344840240273046e-01
2.884130128869068499e-01
2.881973429982083723e-01
2.879875484301400723e-01
2.877836807661737772e-01
2.875857705189222568e-01
2.873938285612205323e-01
2.872078475583255686e-01
2.870278033902421422e-01
2.868536565538276073e-01
2.866853535365431749e-01
2.865228281534941135e-01
2.863660028418783532e-01
2.862147899068533397e-01
2.860690927145214668e-01
2.859288068285702478e-01
2.857938210878069873e-01
2.856640186226490630e-01
2.855392778096684236e-01
2.854194731636053861e-01
2.853044761670266993e-01
2.851941560382776908e-01
2.850883804389432452e-01
2.849870161222169407e-01
2.848899295241743568e-01
2.847969872998926677e-01
2.847080568068836581e-01
2.846230065383894003e-01
2.845417065088237663e-01
2.844640285945795322e-01
2.843898468324901896e-01
2.843190376789596630e-01
2.842514802323432010e-01
2.841870564214771244e-01
2.841256511627715531e-01
2.840671524885081678e-01
2.840114516490048757e-01
2.839584431907209994e-01
2.839080250127012928e-01
2.838600984035691832e-01
2.838145680610825172e-01
2.837713420959143695e-01
2.837303320220078695e-01
2.836914527344061021e-01
2.836546224768226043e-01
2.836197627999556548e-01
2.835867985120256174e-01
2.835556576227120651e-01
2.835262712815342923e-01
2.834985737119191662e-01
2.834725021415879787e-01
2.834479967302262482e-01
2.834250004952142965e-01
2.834034592361651117e-01
2.833833214585121385e-01
2.833645382972219129e-01
2.833470634406282107e-01
2.833308530550983639e-01
2.833158657108347245e-01
2.833020623089553824e-01
2.832894060105687895e-01
2.832778621674628683e-01
2.832673982552741387e-01
2.832579838087636581e-01
2.832495903598464815e-01
2.832421913779302747e-01
2.832357622132512520e-01
2.832302800429377099e-01
2.832257238199857308e-01
2.832220742250826095e-01
2.832193136216475948e-01
2.832174260137933497e-01
2.832163970072278381e-01
2.832162137736035090e-01
2.832168650176289382e-01
2.832183409475881875e-01
2.832206332489501377e-01
2.832237350609413951e-01
2.832276409568852404e-01
2.832323469270217053e-01
2.832378503653492086e-01
2.832441500590269223e-01
2.832512461817854321e-01
2.832591402901306066e-01
2.832678353234259205e-01
2.832773356070710236e-01
2.832876468594958674e-01
2.832987762028338352e-01
2.833107321768136844e-01
2.833235247573055449e-01
2.833371653779885313e-01
2.833516669566208401e-01
2.833670439252775064e-01
2.833833122650871728e-01
2.834004895454724782e-01
2.834185949681146122e-01
2.834376494160626980e-01
2.834576755077994337e-01
2.834786976572411521e-01
2.835007421388351934e-01
2.835238371597416651e-01
2.835480129374599034e-01
2.835733017851647109e-01
2.835997382038316084e-01
2.836273589823107288e-01
2.836562033057859478e-01
2.836863128726144212e-01
2.837177320214559484e-01
2.837505078673536740e-01
2.837846904498970702e-01
2.838203328917604518e-01
2.838574915712213653e-01
2.838962263061900471e-01
2.839366005548821792e-01
2.839786816302363737e-01
2.840225409324899641e-01
2.840682541990243726e-01
2.841159017745730209e-01
2.841655689022735687e-01
2.842173460381237637e-01
2.842713291901877160e-01
2.843276202848897261e-01
2.843863275634264665e-01
2.844475660089499924e-01
2.845114578102126424e-01
2.845781328616239780e-01
2.846477293058146674e-01
2.847203941204346500e-01
2.847962837546466619e-01
2.848755648191995671e-01
2.849584148350628454e-01
2.850450230460858658e-01
2.851355913028437161e-01
2.852303350217639810e-01
2.853294842303769618e-01
2.854332847037992504e-01
2.855419992028895293e-01
2.856559088250901213e-01
2.857753144756045027e-01
2.859005384755395340e-01
2.860319263172290682e-01
2.861698485826067451e-01
2.863147030429558648e-01
2.864669169548010874e-01
2.866269495772180154e-01
2.867952949287012054e-01
2.869724848115047799e-01
2.871590921303766031e-01
2.873557345376161476e-01
2.875630784364580084e-01
2.877818433835335199e-01
2.880128069309114691e-01
2.882568099554548846e-01
2.885147625237335367e-01
2.887876503561939701e-01
2.890765419443220852e-01
2.893825963979398952e-01
2.897070720928667797e-01
2.900513362033568243e-01
2.904168752108954865e-01
2.908053064826838230e-01
2.912183910308372425e-01
2.916580475574402365e-01
2.921263679107717337e-01
2.926256340720168048e-01
2.931583368002546597e-01
2.937271960652057534e-01
2.943351833868127487e-01
2.949855461975285364e-01
2.956818343190806830e-01
2.964279286148838732e-01
2.972280718376749675e-01
2.980869016200538013e-01
2.990094854619519960e-01
3.000013574384051140e-01
3.010685561805455102e-01
3.022176634324175715e-01
3.034558421911781600e-01
3.047908730161218438e-01
3.062311865744635209e-01
3.077858898212098016e-01
3.094647823463038683e-01
3.112783583879602523e-01
3.132377886843201731e-01
3.153548747840581590e-01
3.176419665651538660e-01
3.201118315721870888e-01
3.227774624220526301e-01
3.256518059974830015e-01
3.287473957642407241e-01
3.320758664942271010e-01
3.356473296471449430e-01
3.394695882193274894e-01
3.435471732401099709e-01
3.478801913072975260e-01
3.524629854594806266e-01
3.572826314343729992e-01
3.623173197044938232e-01
3.675347105716742502e-01
3.728903945753369586e-01
3.783266389820866271e-01
3.837716473494136582e-01
3.891395908800160397e-01
3.943316745518669064e-01
3.992384613853019459e-01
4.037435833251063477e-01
4.077288119338335348e-01
4.110802590603237494e-01
4.136952527955662928e-01
4.154892377069107079e-01
4.164019249586341509e-01
