2.980184785421408078e-01
2.980021518415033044e-01
2.979695599103977521e-01
2.979208252480640695e-01
2.978561305130126291e-01
2.977757172264979824e-01
2.976798840648430811e-01
2.975689847615766714e-01
2.974434256390119380e-01
2.973036627967799994e-01
2.971501989865190096e-01
2.969835802047436912e-01
2.968043920404342395e-01
2.966132558127513863e-01
2.964108245382935380e-01
2.961977787679887508e-01
2.959748223326291727e-01
2.957426780381517961e-01
2.955020833497443156e-01
2.952537861030691269e-01
2.949985402802546841e-01
2.947371018849613833e-01
2.944702249498959978e-01
2.941986577063760433e-01
2.939231389436728348e-01
2.936443945814383727e-01
2.933631344768501403e-01
2.930800494822898283e-01
2.927958087690008537e-01
2.925110574253092510e-01
2.922264143371294254e-01
2.919424703538566757e-01
2.916597867394044030e-01
2.913788939062112449e-01
2.911002904258204738e-01
2.908244423081476349e-01
2.905517825387499142e-01
2.902827108615142482e-01
2.900175937925214553e-01
2.897567648493785675e-01
2.895005249791843815e-01
2.892491431676425528e-01
2.890028572110548977e-01
2.887618746329747021e-01
2.885263737268118911e-01
2.882965047066343711e-01
2.880723909479876998e-01
2.878541303019029884e-01
2.876417964652533965e-01
2.874354403924671564e-01
2.872350917335445009e-01
2.870407602851970386e-01
2.868524374425505119e-01
2.866700976404613632e-01
2.864936997739434554e-01
2.863231885894592099e-01
2.861584960386420740e-01
2.859995425885688558e-01
2.858462384823077795e-01
2.856984849458478193e-01
2.855561753374874501e-01
2.854191962371377400e-01
2.852874284735366084e-01
2.851607480887106694e-01
2.850390272385138202e-01
2.849221350303252076e-01
2.848099382977821170e-01
2.847023023142319365e-01
2.845990914463552568e-01
2.845001697497218096e-01
2.844054015085186182e-01
2.843146517219639069e-01
2.842277865396611314e-01
2.841446736488602021e-01
2.840651826160870419e-01
2.839891851863391992e-01
2.839165555419734810e-01
2.838471705248969967e-01
2.837809098240440808e-01
2.837176561313717316e-01
2.836572952685953997e-01
2.835997162873800104e-01
2.835448115453143569e-01
2.834924767600134343e-01
2.834426110433020951e-01
2.833951169180259355e-01
2.833499003186687459e-01
2.833068705784349550e-01
2.832659404037022877e-01
2.832270258380056860e-01
2.831900462164926302e-01
2.831549241127008787e-01
2.831215852783822151e-01
2.830899585777906791e-01
2.830599759173971219e-01
2.830315721717902022e-01
2.830046851069117908e-01
2.829792553010277434e-01
2.829552260642417827e-01
2.829325433573768311e-01
2.829111557102274022e-01
2.828910141401888567e-01
2.828720720714842929e-01
2.828542852549650322e-01
2.828376116896232917e-01
2.828220115452007022e-01
2.828074470867513179e-01
2.827938826009562812e-01
2.827812843246481633e-01
2.827696203755332705e-01
2.827588606849021358e-01
2.827489769334007308e-01
2.827399424884778911e-01
2.827317323448619302e-01
2.827243230674629237e-01
2.827176927365279147e-01
2.827118208958166456e-01
2.827066885029420606e-01
2.827022778823172211e-01
2.826985726808767252e-01
2.826955578257703272e-01
2.826932194850366176e-01
2.826915450304371968e-01
2.826905230025582583e-01
2.826901430785408453e-01
2.826903960419723805e-01
2.826912737548702426e-01
2.826927691323723457e-01
2.826948761189934656e-01
2.826975896675780753e-01
2.827009057198966446e-01
2.827048211898635088e-01
2.827093339481852596e-01
2.827144428094593431e-01
2.827201475211827963e-01
2.827264487544520200e-01
2.827333480970296575e-01
2.827408480479381980e-01
2.827489520141712176e-01
2.827576643091724851e-01
2.827669901533171326e-01
2.827769356761581920e-01
2.827875079203347464e-01
2.827987148479234603e-01
2.828105653479395798e-01
2.828230692460687035e-01
2.828362373163914034e-01
2.828500812945540788e-01
2.828646138931645293e-01
2.828798488189319671e-01
2.828958007919368245e-01
2.829124855661820925e-01
2.829299199531227216e-01
2.829481218462000514e-01
2.829671102478134026e-01
2.829869052982910138e-01
2.830075283066992298e-01
2.830290017840534356e-01
2.830513494780665384e-01
2.830745964103715817e-01
2.830987689159044085e-01
2.831238946840419768e-01
2.831500028019103277e-01
2.831771238005376112e-01
2.832052897016960613e-01
2.832345340683840029e-01
2.832648920562078620e-01
2.832964004674976000e-01
2.833290978070963639e-01
2.833630243398962967e-01
2.833982221509591115e-01
2.834347352061061254e-01
2.834726094154446652e-01
2.835118926971183506e-01
2.835526350431294973e-01
2.835948885854934765e-01
2.836387076635137894e-01
2.836841488911125975e-01
2.837312712241189527e-01
2.837801360272388385e-01
2.838308071395546639e-01
2.838833509386683440e-01
2.839378364022789869e-01
2.839943351664812599e-01
2.840529215801735896e-01
2.841136727535288342e-01
2.841766686012030529e-01
2.842419918759899744e-01
2.843097281946311838e-01
2.843799660520884842e-01
2.844527968215822544e-01
2.845283147411437619e-01
2.846066168803447760e-01
2.846878030881933586e-01
2.847719759165994735e-01
2.848592405158126839e-01
2.849497045016380348e-01
2.850434777843580125e-01
2.851406723613987837e-01
2.852414020629022717e-01
2.853457822491986540e-01
2.854539294517556280e-01
2.855659609513281905e-01
2.856819942893472075e-01
2.858021467004721594e-01
2.859265344642533124e-01
2.860552721608069504e-01
2.861884718312787679e-01
2.863262420244623296e-01
2.864686867288043781e-01
2.866159041755975689e-01
2.867679855082522766e-01
2.869250133068506625e-01
2.870870599611000662e-01
2.872541858858778663e-01
2.874264375720426146e-01
2.876038454711213888e-01
2.877864217097457211e-01
2.879741576390189017e-01
2.881670212166179135e-01
2.883649542439002400e-01
2.885678694521445209e-01
2.887756474784808347e-01
2.889881337428329422e-01
2.892051352637488582e-01
2.894264174554348479e-01
2.896517009569470336e-01
2.898806585441496275e-01
2.901129122082437006e-01
2.903480304607895524e-01
2.905855259685017344e-01
2.908248536018105956e-01
2.910654090119023096e-01
2.913065278258363811e-01
2.915474856019779071e-01
2.917874986196136167e-01
2.920257256488741349e-01
2.922612707680963817e-01
2.924931873423820550e-01
2.927204832104917664e-01
2.929421271413705230e-01
2.931570565668245032e-01
2.933641865695026385e-01
2.935624200748934709e-01
2.937506591457823002e-01
2.939278172180372350e-01
2.940928321178152283e-01
2.942446795909028356e-01
2.943823871145979654e-01
2.945050476348943791e-01
2.946118329772130506e-01
2.947020065159468016e-01
2.947749348121817548e-01
2.948300979116363352e-01
2.948670979304731099e-01
2.948856657900496003e-01
