9.348872995480493886e-01
9.349445362205385246e-01
9.350590028871157422e-01
9.352306861790214976e-01
9.354595660787354827e-01
9.357456158841263028e-01
9.360888022916755702e-01
9.364890853367363599e-01
9.369464185185958360e-01
9.374607487167369024e-01
9.380320163580136983e-01
9.386601553088648187e-01
9.393450930849650549e-01
9.400867507192610661e-01
9.408850430145769828e-01
9.417398783873627277e-01
9.426511591637868337e-01
9.436187813990619677e-01
9.446426352176873209e-01
9.457226046081738113e-01
9.468585678082157564e-01
9.480503970745990383e-01
9.492979591141841311e-01
9.506011148288167067e-01
9.519597197930679267e-01
9.533736239739218910e-01
9.548426722563854163e-01
9.563667041376899824e-01
9.579455543020424235e-01
9.595790522890055296e-01
9.612670231187855352e-01
9.630092869344997197e-01
9.648056596795158146e-01
9.666559527132921881e-01
9.685599735424058609e-01
9.705175254096434223e-01
9.725284080805893794e-01
9.745924174055780043e-01
9.767093461638234331e-01
9.788789835979259113e-01
9.811011163177354444e-01
9.833755278069857830e-01
9.857019993893406662e-01
9.880803097067731855e-01
9.905102357503974275e-01
9.929915523102594843e-01
9.955240330737349375e-01
9.981074500464730548e-01
1.000741574721380589e+00
1.003426177470461145e+00
1.006161028787689427e+00
1.008945898651571804e+00
1.011780557845396888e+00
1.014664777290571251e+00
1.017598329447882977e+00
1.020580987621886537e+00
1.023612527447041343e+00
1.026692726163692893e+00
1.029821364193023614e+00
1.032998224385768715e+00
1.036223093689842223e+00
1.039495762373621845e+00
1.042816025789870205e+00
1.046183683576580092e+00
1.049598541520209816e+00
1.053060410738653196e+00
1.056569109645696392e+00
1.060124463123140348e+00
1.063726304586281923e+00
1.067374475155935754e+00
1.071068825820956416e+00
1.074809216626477548e+00
1.078595518922513374e+00
1.082427614592237353e+00
1.086305398360654983e+00
1.090228777092364876e+00
1.094197672092302120e+00
1.098212018474837848e+00
1.102271767227397614e+00
1.106376884398297955e+00
1.110527351909479599e+00
1.114723164661435062e+00
1.118964324734753157e+00
1.123250824344067533e+00
1.127582602273789369e+00
1.131959437526731005e+00
1.136380677911223103e+00
1.140844576125777277e+00
1.145346638027061825e+00
1.149875734983099473e+00
1.154405741795195617e+00
1.158881947183030059e+00
1.163212015900251473e+00
1.167285035876569843e+00
1.171014318169352864e+00
1.174359045881842256e+00
1.177313900264371549e+00
1.179892438337207583e+00
1.182116745469755870e+00
1.184012522007482637e+00
1.185606680441705141e+00
1.186926071538570771e+00
1.187996660237766289e+00
1.188843017013531345e+00
1.189487972515576919e+00
1.189952447634657906e+00
1.190255372888684882e+00
1.190413713902463977e+00
1.190442536743279156e+00
1.190355130141391271e+00
1.190163134187588456e+00
1.189876694770020560e+00
1.189504605855931096e+00
1.189054460565780236e+00
1.188532781979227959e+00
1.187945154981322693e+00
1.187296335930816404e+00
1.186590360758415175e+00
1.185830632067033319e+00
1.185020004552497008e+00
1.184160851824112681e+00
1.183255132436479284e+00
1.182304439955670583e+00
1.181310053368280988e+00
1.180272973952204651e+00
1.179193963526994571e+00
1.178073571231437855e+00
1.176912162506428050e+00
1.175709938292799128e+00
1.174466957035938286e+00
1.173183148257016972e+00
1.171858329336407101e+00
1.170492214937736808e+00
1.169084429893313404e+00
1.167634515583735322e+00
1.166141939910218417e+00
1.164606101443408370e+00
1.163026337210646854e+00
1.161401925210368447e+00
1.159732090550439354e+00
1.158016006763480599e+00
1.156252800690381388e+00
1.154441552913290536e+00
1.152581301673825775e+00
1.150671042653642617e+00
1.148709732139925777e+00
1.146696286319794034e+00
1.144629583849097854e+00
1.142508464780298105e+00
1.140331732648816709e+00
1.138098153119685430e+00
1.135806455674720050e+00
1.133455332037894614e+00
1.131043437523360673e+00
1.128569389280560165e+00
1.126031767345607948e+00
1.123429112732874602e+00
1.120759928218753476e+00
1.118022676295401308e+00
1.115215779705450272e+00
1.112337619264972766e+00
1.109386534159149562e+00
1.106360819634566672e+00
1.103258727058845645e+00
1.100078461476444058e+00
1.096818181429193739e+00
1.093475996364613234e+00
1.090049966208833432e+00
1.086538098611583347e+00
1.082938348257826533e+00
1.079248613928914580e+00
1.075466737534166217e+00
1.071590500962886328e+00
1.067617624811878940e+00
1.063545764997961163e+00
1.059372511151821072e+00
1.055095382955153260e+00
1.050711828165122874e+00
1.046219218634069525e+00
1.041614847922032849e+00
1.036895926949914726e+00
1.032059581149794791e+00
1.027102845694362054e+00
1.022022662125831483e+00
1.016815873095117118e+00
1.011479218399880198e+00
1.006009329155987952e+00
1.000402723163304364e+00
9.946557984192806456e-01
9.887648277171305899e-01
9.827259513965270754e-01
9.765351710626621884e-01
9.701883414516589976e-01
9.636811631400972189e-01
9.570091733825945024e-01
9.501677376595725200e-01
9.431520393211376696e-01
9.359570697957296792e-01
9.285776168476919112e-01
9.210082532410209799e-01
9.132433233879734269e-01
9.052769302303349530e-01
8.971029200233976431e-01
8.887148671630764607e-01
8.801060568148663110e-01
8.712694673802998668e-01
8.621977506467732866e-01
8.528832115552236193e-01
8.433177855191203998e-01
8.334930151338807436e-01
8.234000243014839571e-01
8.130294915239646425e-01
8.023716204913142747e-01
7.914161096493683711e-01
7.801521189934582656e-01
7.685682357356242722e-01
7.566524372484777494e-01
7.443920529489400639e-01
7.317737237499327696e-01
7.187833608523137574e-01
7.054061028514564402e-01
6.916262732046393191e-01
6.774273375963959509e-01
6.627918638130019247e-01
6.477014846113546831e-01
6.321368672753475693e-01
6.160776919812978036e-01
5.995026446706843704e-01
5.823894294222048407e-01
5.647148096843528364e-01
5.464546884540982807e-01
5.275842434133788394e-01
5.080781362122740452e-01
4.879108239406491077e-01
4.670570082751533958e-01
4.454922719564245459e-01
4.231939670467214643e-01
4.001424427838335962e-01
3.763227276693577039e-01
3.517268182135786514e-01
3.263567705593048429e-01
3.002288461720136747e-01
2.733790200950221849e-01
2.458702149029249051e-01
2.178016485744193043e-01
1.893206409552828651e-01
1.606370298449597556e-01
1.320398836781633001e-01
1.039152873182151993e-01
7.676244197609052855e-02
5.120309783298244294e-02
2.797678066144164075e-02
7.912550976101639585e-03
-8.130625353124403681e-03
-1.935583495026167722e-02
-2.514025898646133836e-02
