2.482542582719677071e+01
2.479832234323579598e+01
2.474420754403006839e+01
2.466326522127769749e+01
2.455576973777072070e+01
2.442208440776224876e+01
2.426265942912267448e+01
2.407802924319114624e+01
2.386880952040040782e+01
2.363569358607027127e+01
2.337944855992428472e+01
2.310091096346700112e+01
2.280098214037658622e+01
2.248062318535466630e+01
2.214084979347135018e+01
2.178272666872188523e+01
2.140736196523733170e+01
2.101590134557402578e+01
2.060952218485478227e+01
2.018942745376454084e+01
1.975683985801890330e+01
1.931299571920009583e+01
1.885913921668461057e+01
1.839651643121090530e+01
1.792636984506449238e+01
1.744993269927680046e+01
1.696842389127725781e+01
1.648304277779904226e+01
1.599496458834338064e+01
1.550533578330766993e+01
1.501527007763541377e+01
1.452584443856663832e+01
1.403809578798472302e+01
1.355301769775911502e+01
1.307155781277142381e+01
1.259461527528730151e+01
1.212303888460799506e+01
1.165762525637635783e+01
1.119911771031072156e+01
1.074820514680056860e+01
1.030552163210785999e+01
9.871645953834999432e+00
9.447101854025811818e+00
9.032358207675486028e+00
8.627829838802936635e+00
8.233878252504919004e+00
7.850812957570554751e+00
7.478892672822802012e+00
7.118327072260874466e+00
6.769278380551429386e+00
6.431863452901531275e+00
6.106155672350861430e+00
5.792187276306545840e+00
5.489951469411459506e+00
5.199404911504484694e+00
4.920469963841616057e+00
4.653037258691279376e+00
4.396968003038491446e+00
4.152096557536395061e+00
3.918232729971983908e+00
3.695164300303884097e+00
3.482659245551199767e+00
3.280468157599107037e+00
3.088326351248939616e+00
2.905956131853362656e+00
2.733068748547425209e+00
2.569366479119819857e+00
2.414544400505536537e+00
2.268292268221287600e+00
2.130296085687608532e+00
2.000239764740396886e+00
1.877806483992792153e+00
1.762680125147074950e+00
1.654546418205490532e+00
1.553094155380946528e+00
1.458016127381316362e+00
1.369010122511212568e+00
1.285779663321100053e+00
1.208034802708542355e+00
1.135492673368790673e+00
1.067878094033675840e+00
1.004923942502981227e+00
9.463715769367022634e-01
8.919710217420415699e-01
8.414811562640974740e-01
7.946695819082588708e-01
7.513122501622406801e-01
7.111922441776040715e-01
6.740971065782486171e-01
6.398129074334202304e-01
6.081130926237792167e-01
5.787438552700516770e-01
5.514259226612783227e-01
5.259079574355806086e-01
5.020444740378722237e-01
4.798036672253589985e-01
4.592062185771073612e-01
4.402700381273705332e-01
4.229861275946596999e-01
4.073145303814694196e-01
3.931883725251243966e-01
3.805204656323524781e-01
3.692100304537875854e-01
3.591487534884664212e-01
3.502257583242347483e-01
3.423314953120248916e-01
3.353605593273712993e-01
3.292136170932377648e-01
3.237985679683703655e-01
3.190311322586196763e-01
3.148349898202826291e-01
3.111416173469201407e-01
3.078899094418601212e-01
3.050256787818023674e-01
3.025010826905977224e-01
3.002740302322129962e-01
2.983075904872478090e-01
2.965694295114292833e-01
2.950312810661707141e-01
2.936684633510172615e-01
2.924594390717814574e-01
2.913854231311635012e-01
2.904300321722593226e-01
2.895789765498471557e-01
2.888197882970247043e-01
2.881415841928770538e-01
2.875348579520909942e-01
2.869913002651757195e-01
2.865036415668736347e-01
2.860655163594378325e-01
2.856713448818067880e-01
2.853162312151452107e-01
2.849958744392137588e-01
2.847064922171330115e-01
2.844447541096587484e-01
2.842077242496136025e-01
2.839928112267692262e-01
2.837977250160528819e-01
2.836204392284351061e-01
2.834591586699143906e-01
2.833122908186340161e-01
2.831784213160279950e-01
2.830562923355687821e-01
2.829447840020182237e-01
2.828428979188478132e-01
2.827497430286314839e-01
2.826645230130332975e-01
2.825865254904318946e-01
2.825151123328379921e-01
2.824497113798763448e-01
2.823898089610931139e-01
2.823349435145391939e-01
2.822846997832548221e-01
2.822387038809134885e-01
2.821966187649317948e-01
2.821581404058883247e-01
2.821229942381949796e-01
2.820909321753101162e-01
2.820617298120821625e-01
2.820351840906322183e-01
2.820111110836240331e-01
2.819893441624497510e-01
2.819697322317337718e-01
2.819521382866508885e-01
2.819364379995931702e-01
2.819225185801335076e-01
2.819102776376595787e-01
2.818996222775466687e-01
2.818904681812161583e-01
2.818827388869582506e-01
2.818763650421247657e-01
2.818712838286664413e-01
2.818674383521800886e-01
2.818647771810218194e-01
2.818632538446091407e-01
2.818628264613883272e-01
2.818634573251907471e-01
2.818651126022211906e-01
2.818677619884706331e-01
2.818713784602789318e-01
2.818759379891647709e-01
2.818814193333967211e-01
2.818878037993566843e-01
2.818950750637414515e-01
2.819032189729356319e-01
2.819122233869000294e-01
2.819220780096613477e-01
2.819327742474185827e-01
2.819443050643036797e-01
2.819566648485006821e-01
2.819698492879199048e-01
2.819838552389244413e-01
2.819986806177990357e-01
2.820143242666449668e-01
2.820307858569863768e-01
2.820480657480580744e-01
2.820661648993858517e-01
2.820850847166935793e-01
2.821048269704837796e-01
2.821253936250877059e-01
2.821467867609733227e-01
2.821690083820183603e-01
2.821920603397615190e-01
2.822159441142701453e-01
2.822406607384911337e-01
2.822662105490892914e-01
2.822925931086534557e-01
2.823198069235866581e-01
2.823478493631954578e-01
2.823767163407570613e-01
2.824064022307194444e-01
2.824368995100304813e-01
2.824681986749341678e-01
2.825002878412080087e-01
2.825331526640150748e-01
2.825667758973577914e-01
2.826011373225074119e-01
2.826362132686702777e-01
2.826719765590069988e-01
2.827083959971951055e-01
2.827454363427476247e-01
2.827830577716126115e-01
2.828212158971614154e-01
2.828598612161475345e-01
2.828989391955983312e-01
2.829383897192277453e-01
2.829781472662562525e-01
2.830181403755301917e-01
2.830582919470924219e-01
2.830985187438925244e-01
2.831387318503263417e-01
2.831788362325650676e-01
2.832187313896256664e-01
2.832583109919759035e-01
2.832974637607845736e-01
2.833360731993312953e-01
2.833740187319181425e-01
2.834111755320740667e-01
2.834474159487292422e-01
2.834826094169450306e-01
2.835166241918387620e-01
2.835493273066664321e-01
2.835805866204006986e-01
2.836102707642517706e-01
2.836382515022432549e-01
2.836644035676527675e-01
2.836886073361695737e-01
2.837107484132052049e-01
2.837307206370916490e-01
2.837484252099507498e-01
2.837637741179291906e-01
2.837766884711608872e-01
2.837871026190195711e-01
2.837949610357694552e-01
2.838002241039652151e-01
2.838028607713526941e-01
