0.000000000000000000e+00
0.000000000000000000e+00
1.414689598197149110e+02
4.246711685821579749e+02
8.501359713964757248e+02
1.418659305813119317e+03
2.131306013324808191e+03
2.989412934142077575e+03
3.994592796249589810e+03
5.148738912603545032e+03
6.454030703211272339e+03
7.912940061816856542e+03
9.528238589954004055e+03
1.130300572427267798e+04
1.324063778629986882e+04
1.534485798715903729e+04
1.761972742328338791e+04
2.006965710280227358e+04
2.269942104611007744e+04
2.551417050810052751e+04
2.851944937375542213e+04
3.172121078316229614e+04
3.512583504667022498e+04
3.874014891575593356e+04
4.257144628031368484e+04
4.662751036851452955e+04
5.091663753107855882e+04
5.544766269790303340e+04
6.022998660135216051e+04
6.527360486733505240e+04
7.058913908245546918e+04
7.618786995315186505e+04
8.208177268080519571e+04
8.828355468536209082e+04
9.480669581909391854e+04
1.016654912217555684e+05
1.088750969786296919e+05
1.164515787537976576e+05
1.244119635824977449e+05
1.327742950186720118e+05
1.415576918467652285e+05
1.507824105806641746e+05
1.604699119872656302e+05
1.706429318877138430e+05
1.813255565058604989e+05
1.925433026509724150e+05
2.043232030403303215e+05
2.166938970870613120e+05
2.296857274994788459e+05
2.433308430604066816e+05
2.576633079784901929e+05
2.727192182284831651e+05
2.885368253239686019e+05
3.051566679940001923e+05
3.226217122649211669e+05
3.409775004800785100e+05
3.602723098235093057e+05
3.805573209489969886e+05
4.018867973532519536e+05
4.243182761714924709e+05
4.479127711155478028e+05
4.727349883187352098e+05
4.988535558985363459e+05
5.263412680973631795e+05
5.552753449137988500e+05
5.857377081916630268e+05
6.178152751921672607e+05
6.516002707355583552e+05
6.871905590629880317e+05
7.246899966371352784e+05
7.642088071714163525e+05
8.058639802526613930e+05
8.497796950009500142e+05
8.960877702931091189e+05
9.449281431633210741e+05
9.964493770854076138e+05
1.050809201936939033e+06
1.108175087545337621e+06
1.168724852820829954e+06
1.232647312590538291e+06
1.300142964362345403e+06
1.371424717366351048e+06
1.446718666346164886e+06
1.526264912701685214e+06
1.610318435719703790e+06
1.699150016768624075e+06
1.793047219478741987e+06
1.892315429080040427e+06
1.997278954225220950e+06
2.108282194786594249e+06
2.225690879281664733e+06
2.349893375753265340e+06
2.481302080106209964e+06
2.620354886083078105e+06
2.767516741246935911e+06
2.923281293528075796e+06
3.088172633085089736e+06
3.262747134427050594e+06
3.447595403943189885e+06
3.643344338188365567e+06
3.850659298476421740e+06
4.070246407538370695e+06
4.302854974207689054e+06
4.549280052299664356e+06
4.810365140054988675e+06
5.087005026718586683e+06
5.380148793021593243e+06
5.690802972526450641e+06
6.020034880980533548e+06
6.368976121001355350e+06
6.738826269584354013e+06
7.130856756080694497e+06
7.546414938435439952e+06
7.986928385604156181e+06
8.453909374175248668e+06
8.948959607315260917e+06
9.473775164220429957e+06
1.003015168829894438e+07
1.061998982232091017e+07
1.124530089875339344e+07
1.190821289344396070e+07
1.261097665072371811e+07
1.335597238786603138e+07
1.414571648665690236e+07
1.498286857960303128e+07
1.587023893801949918e+07
1.681079616889704764e+07
1.780767522704451159e+07
1.886418574853067845e+07
1.998382071090554446e+07
2.117026542506298795e+07
2.242740686290408298e+07
2.375934332417512313e+07
2.517039444497404993e+07
2.666511154944698513e+07
2.824828834511953592e+07
2.992497196112699062e+07
3.170047432731651515e+07
3.358038389078465849e+07
3.557057766488985717e+07
3.767723360412340611e+07
3.990684329644530267e+07
4.226622496277756244e+07
4.476253675129681081e+07
4.740329031198367476e+07
5.019636463455054909e+07
5.315002013040129840e+07
5.627291293664932996e+07
5.957410941745529324e+07
6.306310083502954245e+07
6.674981815957780927e+07
7.064464698425772786e+07
7.475844250785383582e+07
7.910254454438027740e+07
8.368879251517421007e+07
8.852954037526389956e+07
9.363767142188704014e+07
9.902661292898848653e+07
1.047103505473796129e+08
1.107034424059557617e+08
1.170210328450062275e+08
1.236788657081635147e+08
1.306932971149942279e+08
1.380813076315842271e+08
1.458605137517800927e+08
1.540491785969854593e+08
1.626662217376145422e+08
1.717312280344755054e+08
1.812644553934895396e+08
1.912868413223147988e+08
2.018200081725476086e+08
2.128862669463490844e+08
2.245086195414829254e+08
2.367107593039445281e+08
2.495170697525682747e+08
2.629526213352268636e+08
2.770431660714952946e+08
2.918151299319190979e+08
3.072956027993006706e+08
3.235123258526638150e+08
3.404936762097837925e+08
3.582686486593018770e+08
3.768668343084596395e+08
3.963183959673706293e+08
4.166540400853569508e+08
4.379049850491868854e+08
4.601029256470108628e+08
4.832799934951583147e+08
5.074687132177923322e+08
5.327019541613844037e+08
5.590128774170329571e+08
5.864348779135723114e+08
6.150015213329231739e+08
6.447464755860536098e+08
6.757034365728696585e+08
7.079060479321184158e+08
7.413878144673805237e+08
7.761820089123566151e+08
8.123215716720103025e+08
8.498390031457034349e+08
8.887662482030098438e+08
9.291345723425180912e+08
9.709744290171751976e+08
1.014315317556249976e+09
1.059185631052831292e+09
1.105612493515709162e+09
1.153621585504957199e+09
1.203236957379894257e+09
1.254480829185645580e+09
1.307373376088677645e+09
1.361932498141669035e+09
1.418173573012015104e+09
1.476109190145805836e+09
1.535748864658913136e+09
1.597098729047869682e+09
1.660161200596439123e+09
1.724934622117979050e+09
1.791412873421833038e+09
1.859584950625746727e+09
1.929434510160263777e+09
2.000939374033024311e+09
2.074070992649727345e+09
2.148793861240085602e+09
2.225064885731099129e+09
2.302832693774161339e+09
2.382036886604128361e+09
2.462607227537036419e+09
2.544462763262457848e+09
2.627510874739695549e+09
2.711646255569427967e+09
2.796749817314915657e+09
2.882687523552085400e+09
2.969309157629757404e+09
3.056447033448904514e+09
3.143914664280961037e+09
3.231505412022333145e+09
3.318991148605874538e+09
3.406120972813265324e+09
3.492620039624900818e+09
3.578188575513414860e+09
3.662501171479904652e+09
3.745206465484949112e+09
3.825927346017912388e+09
3.904261826911853790e+09
3.979784757303137302e+09
4.052050536059072018e+09
4.120596992414142609e+09
4.184950568837878227e+09
4.244632893420843601e+09
4.299168753780238152e+09
4.348095381977622032e+09
4.390972833968562126e+09
4.427395107181424141e+09
4.457001501620059013e+09
4.479487614122461319e+09
4.494615284906832695e+09
