0.000000000000000000e+00
0.000000000000000000e+00
1.369183607742965146e+19
4.107602051638902784e+19
8.215360128329600205e+19
1.369262088027544945e+20
2.053961260684697272e+20
2.875663820272899850e+20
3.834408681521817190e+20
4.930244781008448389e+20
6.163232703349247181e+20
7.533446535566017167e+20
9.040975947992329093e+20
1.068592849990847300e+21
1.246843216792751440e+21
1.438863809499573518e+21
1.644672355774245634e+21
1.864289514979594076e+21
2.097739217861303337e+21
2.345049027330299134e+21
2.606250520093084615e+21
2.881379688880625680e+21
3.170477365035058332e+21
3.473589661225919185e+21
3.790768434086908264e+21
4.122071766590071767e+21
4.467564470003415646e+21
4.827318605319921205e+21
5.201414024087849665e+21
5.589938928628103381e+21
5.992990451682502509e+21
6.410675255606325019e+21
6.843110151292860760e+21
7.290422737101397164e+21
7.752752058149722128e+21
8.230249286430447632e+21
8.723078422314586472e+21
9.231417018117370413e+21
9.755456924518832931e+21
1.029540506075623588e+22
1.085148420963354804e+22
1.142393383853094234e+22
1.201301094773511160e+22
1.261899094755741008e+22
1.324216856585741481e+22
1.388285878774124878e+22
1.454139782936401438e+22
1.521814414792612381e+22
1.591347949011912045e+22
1.662780998144557790e+22
1.736156725900920803e+22
1.811520965054779779e+22
1.888922340266086289e+22
1.968412396136512147e+22
2.050045730829924670e+22
2.133880135608772329e+22
2.219976740656810610e+22
2.308400167578460855e+22
2.399218688985301569e+22
2.492504395600882775e+22
2.588333371336422536e+22
2.686785876811430914e+22
2.787946541815913094e+22
2.891904567233431680e+22
2.998753936967885180e+22
3.108593640441047417e+22
3.221527906252529389e+22
3.337666447619417493e+22
3.457124720238892836e+22
3.580024193243995859e+22
3.706492633950183647e+22
3.836664407118642256e+22
3.970680789491155940e+22
4.108690300380891631e+22
4.250849049133776372e+22
4.397321100305818347e+22
4.548278857433213829e+22
4.703903466303848763e+22
4.864385238671059583e+22
5.029924097383088312e+22
5.200730043934571286e+22
5.377023649479019987e+22
5.559036570374339612e+22
5.747012089365858877e+22
5.941205683543587003e+22
6.141885620242073256e+22
6.349333582081924111e+22
6.563845322381741313e+22
6.785731352197598491e+22
7.015317660273631612e+22
7.252946467212150545e+22
7.498977015193587522e+22
7.753786394596173100e+22
8.017770408881187036e+22
8.291344479122071801e+22
8.574944589563626206e+22
8.869028275600935092e+22
9.174075655565171124e+22
9.490590507695287881e+22
9.819101393659268117e+22
1.016016282996596697e+23
1.051435650857732554e+23
1.088229256799053215e+23
1.126461091600909153e+23
1.166198260536019842e+23
1.207511126324222540e+23
1.250473457579923541e+23
1.295162582841850300e+23
1.341659550263030055e+23
1.390049293025629176e+23
1.440420800530188306e+23
1.492867295391775090e+23
1.547486416256502774e+23
1.604380406430645134e+23
1.663656308290962955e+23
1.725426163418878045e+23
1.789807218372440951e+23
1.856922135978668783e+23
1.926899211994559278e+23
1.999872596947739125e+23
2.075982522927232886e+23
2.155375535051073818e+23
2.238204727290229896e+23
2.324629982277551144e+23
2.414818214676051337e+23
2.508943617622615114e+23
2.607187911701212000e+23
2.709740595833758621e+23
2.816799199406916150e+23
2.928569534879094958e+23
3.045265950034239139e+23
3.167111578966916963e+23
3.294338590797655651e+23
3.427188435027634044e+23
3.565912082348729770e+23
3.710770259627872103e+23
3.862033677684478627e+23
4.019983250376504807e+23
4.184910303404278772e+23
4.357116771133080564e+23
4.536915379624432422e+23
4.724629813954216313e+23
4.920594867782465912e+23
5.125156573025949482e+23
5.338672307371636729e+23
5.561510877256325278e+23
5.794052573827717073e+23
6.036689199293858862e+23
6.289824060963954927e+23
6.553871930184080755e+23
6.829258963277483952e+23
7.116422581512589636e+23
7.415811307043263202e+23
7.727884551697267876e+23
8.053112355430796592e+23
8.391975071221509595e+23
8.744962993141306223e+23
9.112575924333525063e+23
9.495322681621156421e+23
9.893720533491548946e+23
1.030829456824419775e+24
1.073957698914945832e+24
1.118810633355278487e+24
1.165442661296924690e+24
1.213908637135174353e+24
1.264263765888208852e+24
1.316563491883044603e+24
1.370863378525590793e+24
1.427218978957975823e+24
1.485685697435757766e+24
1.546318641290181589e+24
1.609172463377084878e+24
1.674301194953735585e+24
1.741758068968382838e+24
1.811595333794312703e+24
1.883864057490774562e+24
1.958613922727288537e+24
2.035893012565394813e+24
2.115747587352800562e+24
2.198221853048863902e+24
2.283357721367414615e+24
2.371194562192587518e+24
2.461768948795461712e+24
2.555114396453712486e+24
2.651261095152450108e+24
2.750235637121768674e+24
2.852060740045058104e+24
2.956754966850614363e+24
3.064332443077984188e+24
3.174802572888252814e+24
3.288169754864203646e+24
3.404433098821132054e+24
3.523586144921129046e+24
3.645616586452619170e+24
3.770505997701708845e+24
3.898229568402210180e+24
4.028755846305518449e+24
4.162046489460318080e+24
4.298056029833001615e+24
4.436731649933954559e+24
4.578012974139285032e+24
4.721831876414360301e+24
4.868112306151206278e+24
5.016770133827640652e+24
5.167713018180940885e+24
5.320840296561483446e+24
5.476042900093414083e+24
5.633203295217650762e+24
5.792195453128738551e+24
5.952884848539812447e+24
6.115128489120524415e+24
6.278774976849009457e+24
6.443664602403439515e+24
6.609629473590205345e+24
6.776493678663798532e+24
6.944073485241687011e+24
7.112177575351822733e+24
7.280607316976157195e+24
7.449157072268509045e+24
7.617614542430775343e+24
7.785761149030790362e+24
7.953372451336003082e+24
8.120218599023860781e+24
8.286064819412215949e+24
8.450671938132872939e+24
8.613796931950066799e+24
8.775193512205605491e+24
8.934612737154003329e+24
9.091803651236895912e+24
9.246513949138154703e+24
9.398490662259851889e+24
9.547480865068149469e+24
9.693232398577700224e+24
9.835494608075876381e+24
9.974019092033752781e+24
1.010856045901441686e+25
1.023887708926852999e+25
1.036473189760523318e+25
1.048589309404582959e+25
1.060213493870582560e+25
1.071323848731364035e+25
1.081899232375682613e+25
1.091919327605495487e+25
1.101364711218854105e+25
1.110216921226835137e+25
1.118458521360759381e+25
1.126073162536222129e+25
1.133045640952890669e+25
1.139361952523976292e+25
1.145009343346065129e+25
1.149976355939185749e+25
1.154252871007950416e+25
1.157830144497369202e+25
1.160700839741514705e+25
1.162859054529065710e+25
1.164300342937125835e+25
