1.805820699918841754e+00
1.805821879347553116e+00
1.805824228358398065e+00
1.805827727324236021e+00
1.805832346968655466e+00
1.805838048561035247e+00
1.805844784173207263e+00
1.805852496994827971e+00
1.805861121703945749e+00
1.805870584888663810e+00
1.805880805515301279e+00
1.805891695437957800e+00
1.805903159944058256e+00
1.805915098330110213e+00
1.805927404501726841e+00
1.805939967591808415e+00
1.805952672590763308e+00
1.805965400982618929e+00
1.805978031381071380e+00
1.805990440159633614e+00
1.806002502070356286e+00
1.806014090845897035e+00
1.806025079780079423e+00
1.806035342282552802e+00
1.806044752403586306e+00
1.806053185325579680e+00
1.806060517818324884e+00
1.806066628655675244e+00
1.806071398991751176e+00
1.806074712695354911e+00
1.806076456641807049e+00
1.806076520961933163e+00
1.806074799248344354e+00
1.806071188719656995e+00
1.806065590343675531e+00
1.806057908920952082e+00
1.806048053130425490e+00
1.806035935539132442e+00
1.806021472578270615e+00
1.806004584487977516e+00
1.805985195233424268e+00
1.805963232394881990e+00
1.805938627034476163e+00
1.805911313542361674e+00
1.805881229465080340e+00
1.805848315318722364e+00
1.805812514389557810e+00
1.805773772524573051e+00
1.805732037914335564e+00
1.805687260870424637e+00
1.805639393599495435e+00
1.805588389975914865e+00
1.805534205314742735e+00
1.805476796146612273e+00
1.805416119995971957e+00
1.805352135163882377e+00
1.805284800516500976e+00
1.805214075280117125e+00
1.805139918843559510e+00
1.805062290568553163e+00
1.804981149608535285e+00
1.804896454736280020e+00
1.804808164180583985e+00
1.804716235472159980e+00
1.804620625298774872e+00
1.804521289369617865e+00
1.804418182288783257e+00
1.804311257437721139e+00
1.804200466866410890e+00
1.804085761193040316e+00
1.803967089511860689e+00
1.803844399308929480e+00
1.803717636385385292e+00
1.803586744787905927e+00
1.803451666746013204e+00
1.803312342615833064e+00
1.803168710829984978e+00
1.803020707853230320e+00
1.802868268143555941e+00
1.802711324118351666e+00
1.802549806125368193e+00
1.802383642418185605e+00
1.802212759135881637e+00
1.802037080286650328e+00
1.801856527735144375e+00
1.801671021193328226e+00
1.801480478214588343e+00
1.801284814191034700e+00
1.801083942353686185e+00
1.800877773775563462e+00
1.800666217377434153e+00
1.800449179936208566e+00
1.800226566095854075e+00
1.799998278380788630e+00
1.799764217211688555e+00
1.799524280923717745e+00
1.799278365787121192e+00
1.799026366030215707e+00
1.798768173864767839e+00
1.798503679513824061e+00
1.798232771241982109e+00
1.797955335388194520e+00
1.797671256401155215e+00
1.797380416877332410e+00
1.797082697601727785e+00
1.796777977591485165e+00
1.796466134142372439e+00
1.796147042878351030e+00
1.795820577804211782e+00
1.795486611361527984e+00
1.795145014487946611e+00
1.794795656680001850e+00
1.794438406059564617e+00
1.794073129444074155e+00
1.793699692420694047e+00
1.793317959424520769e+00
1.792927793821036619e+00
1.792529057992876096e+00
1.792121613431188365e+00
1.791705320831606052e+00
1.791280040195096568e+00
1.790845630933771915e+00
1.790401951981889006e+00
1.789948861912133982e+00
1.789486219057400573e+00
1.789013881638201298e+00
1.788531707895866463e+00
1.788039556231723504e+00
1.787537285352375660e+00
1.787024754421260075e+00
1.786501823216636531e+00
1.785968352296164463e+00
1.785424203168210378e+00
1.784869238470042641e+00
1.784303322153035998e+00
1.783726319675069671e+00
1.783138098200207411e+00
1.782538526805808932e+00
1.781927476697194868e+00
1.781304821430012009e+00
1.780670437140329687e+00
1.780024202782689802e+00
1.779366000376068513e+00
1.778695715257960774e+00
1.778013236346580594e+00
1.777318456411264069e+00
1.776611272351157345e+00
1.775891585482180401e+00
1.775159301832316849e+00
1.774414332445274800e+00
1.773656593692443328e+00
1.772886007593190261e+00
1.772102502143409364e+00
1.771306011652325596e+00
1.770496477087398990e+00
1.769673846427280539e+00
1.768838075022681089e+00
1.767989125965009123e+00
1.767126970462577606e+00
1.766251588224202251e+00
1.765362967849943621e+00
1.764461107228723735e+00
1.763546013942522084e+00
1.762617705676809976e+00
1.761676210636853979e+00
1.760721567969468992e+00
1.759753828189760894e+00
1.758773053612377568e+00
1.757779318786697909e+00
1.756772710935388782e+00
1.755753330395664058e+00
1.754721291062556032e+00
1.753676720833459601e+00
1.752619762053109653e+00
1.751550571958170321e+00
1.750469323120435572e+00
1.749376203887719416e+00
1.748271418821330858e+00
1.747155189129017350e+00
1.746027753092174839e+00
1.744889366486074289e+00
1.743740302991731994e+00
1.742580854598045015e+00
1.741411331992670064e+00
1.740232064940097523e+00
1.739043402645296332e+00
1.737845714101160732e+00
1.736639388418041996e+00
1.735424835133422716e+00
1.734202484499865138e+00
1.732972787749169408e+00
1.731736217330699157e+00
1.730493267121720580e+00
1.729244452607542781e+00
1.727990311029220072e+00
1.726731401496494067e+00
1.725468305063626140e+00
1.724201624765725027e+00
1.722931985613157968e+00
1.721660034541620643e+00
1.720386440315386567e+00
1.719111893381342293e+00
1.717837105671335296e+00
1.716562810350487078e+00
1.715289761509081412e+00
1.714018733795768412e+00
1.712750521989856667e+00
1.711485940510587556e+00
1.710225822861400236e+00
1.708971021007299473e+00
1.707722404683664763e+00
1.706480860634926211e+00
1.705247291781815111e+00
1.704022616316099414e+00
1.702807766721896154e+00
1.701603688723058116e+00
1.700411340156268380e+00
1.699231689769958420e+00
1.698065715949338195e+00
1.696914405368330936e+00
1.695778751569508191e+00
1.694659753473545694e+00
1.693558413820118069e+00
1.692475737542652681e+00
1.691412730079694171e+00
1.690370395626215494e+00
1.689349735328576685e+00
1.688351745427342010e+00
1.687377415352660615e+00
1.686427725777302600e+00
1.685503646632982466e+00
1.684606135095984003e+00
1.683736133548565883e+00
1.682894567522993157e+00
1.682082343635454613e+00
1.681300347517438176e+00
1.680549441752472006e+00
1.679830463826384790e+00
1.679144224099472726e+00
1.678491503809131924e+00
1.677873053111625712e+00
1.677289589171735873e+00
1.676741794309019706e+00
1.676230314209375738e+00
1.675755756210456138e+00
1.675318687669278717e+00
1.674919634420217074e+00
1.674559079331052303e+00
1.674237460964598911e+00
1.673955172352805665e+00
1.673712559889796392e+00
1.673509922349768475e+00
1.673347510034995711e+00
1.673225524058582714e+00
1.673144115765866191e+00
1.673103386297640327e+00
