2.454134431447663189e+01
2.451455307771050940e+01
2.446106171394983875e+01
2.438105190670799516e+01
2.427479486647902363e+01
2.414264974001724795e+01
2.398506155238247928e+01
2.380255861419176355e+01
2.359574952125793956e+01
2.336531964509766723e+01
2.311202728965238862e+01
2.283669937912961601e+01
2.254022689760991938e+01
2.222355991221597193e+01
2.188770244231458406e+01
2.153370697407867951e+01
2.116266892072624373e+01
2.077572079614369116e+01
2.037402643570449001e+01
1.995877500147481243e+01
1.953117513450221310e+01
1.909244896227886201e+01
1.864382634821513562e+01
1.818653906385383223e+01
1.772181529006543244e+01
1.725087410265932775e+01
1.677492036344760251e+01
1.629513964927801695e+01
1.581269365049519138e+01
1.532871565112060530e+01
1.484430652853284194e+01
1.436053086769631371e+01
1.387841363030777053e+01
1.339893695986462596e+01
1.292303756227884648e+01
1.245160423236239922e+01
1.198547596214952726e+01
1.152544019416923859e+01
1.107223164947329686e+01
1.062653128981320094e+01
1.018896583552562518e+01
9.760107398230575271e+00
9.340473639948122297e+00
8.930528020763688346e+00
8.530680535325316782e+00
8.141288506451870077e+00
7.762657823751226260e+00
7.395044204537548183e+00
7.038654851773679333e+00
6.693650097898867557e+00
6.360145395508973287e+00
6.038213257556012792e+00
5.727885493873095868e+00
5.429155362357261261e+00
5.141979967206668611e+00
4.866282539697736276e+00
4.601954919343453021e+00
4.348859889197724371e+00
4.106833668533640846e+00
3.875688235699807471e+00
3.655213769787009070e+00
3.445180903374183146e+00
3.245343060455149420e+00
3.055438591408742077e+00
2.875192964684901042e+00
2.704320746530912700e+00
2.542527614131568470e+00
2.389512152601694694e+00
2.244967667050712379e+00
2.108583778763341243e+00
1.980048022705759969e+00
1.859047233393484877e+00
1.745268922438854453e+00
1.638402452154287481e+00
1.538140194690321261e+00
1.444178497806158035e+00
1.356218632811313274e+00
1.273967561979079788e+00
1.197138686551536768e+00
1.125452428343924005e+00
1.058636790030805352e+00
9.964277613964189761e-01
9.385696945583476003e-01
8.848155213552891807e-01
8.349268874349340397e-01
7.886740332648426444e-01
7.458353201491466633e-01
7.061959267176332045e-01
6.695448550253608744e-01
6.356685295108468470e-01
6.043389520009658789e-01
5.752996578132119065e-01
5.482721067977385232e-01
5.230153878698640124e-01
4.993996408329756109e-01
4.774027621657586096e-01
4.570469338877301002e-01
4.383473534979952513e-01
4.212913442280233900e-01
4.058357125917864128e-01
3.919112267102150549e-01
3.794292520311800532e-01
3.682883732529037557e-01
3.583802922599386154e-01
3.495946421951442451e-01
3.418227259911118532e-01
3.349602106236995724e-01
3.289089508877447998e-01
3.235780749071631712e-01
3.188845151513639009e-01
3.147531105970831633e-01
3.111164192530627703e-01
3.079143273549322379e-01
3.050935436383031552e-01
3.026070269913110899e-01
3.004133968436124569e-01
2.984763480417391146e-01
2.967640945613748138e-01
2.952488482867728359e-01
2.939063430156284573e-01
2.927154021119214855e-01
2.916575527077351349e-01
2.907166816527756437e-01
2.898787328298105259e-01
2.891314402259387295e-01
2.884640951793364660e-01
2.878673425013590914e-01
2.873330036916084684e-01
2.868539226755077998e-01
2.864238324972492311e-01
2.860372392049688184e-01
2.856893217063527501e-01
2.853758445691067513e-01
2.850930828908511683e-01
2.848377568309035657e-01
2.846069752263492569e-01
2.843981863796656295e-01
2.842091356773926436e-01
2.840378285129976366e-01
2.838824983536933355e-01
2.837415787211520213e-01
2.836136790583482226e-01
2.834975634791109811e-01
2.833921324679259390e-01
2.832964066988193363e-01
2.832095131080915595e-01
2.831306725209141728e-01
2.830591890126775700e-01
2.829944404055793616e-01
2.829358701123261266e-01
2.828829798043277499e-01
2.828353231365022258e-01
2.827925000659326504e-01
2.827541520082524906e-01
2.827199574164395712e-01
2.826896280317777177e-01
2.826629054295310972e-01
2.826395581109981126e-01
2.826193787950248559e-01
2.826021821597551886e-01
2.825878027130234171e-01
2.825760930387855585e-01
2.825669221196478453e-01
2.825601739781617439e-01
2.825557463550744108e-01
2.825535496616999875e-01
2.825535059408058602e-01
2.825555480661317009e-01
2.825596189302594929e-01
2.825656708426335095e-01
2.825736649020404445e-01
2.825835705565373779e-01
2.825953651282893664e-01
2.826090335077439675e-01
2.826245678071412359e-01
2.826419671681706380e-01
2.826612375268524047e-01
2.826823915197076431e-01
2.827054483480239133e-01
2.827304337722562066e-01
2.827573800677437577e-01
2.827863261012705243e-01
2.828173173740618496e-01
2.828504061774665401e-01
2.828856517227086864e-01
2.829231203756826796e-01
2.829628858758638232e-01
2.830050296532144460e-01
2.830496411413576663e-01
2.830968181827711039e-01
2.831466674441002196e-01
2.831993049184460820e-01
2.832548564540112723e-01
2.833134583650890881e-01
2.833752580883822092e-01
2.834404149171655396e-01
2.835091008031189741e-01
2.835815012310757277e-01
2.836578161872900794e-01
2.837382611960675427e-01
2.838230684775424062e-01
2.839124881702017045e-01
2.840067897051603008e-01
2.841062632391611609e-01
2.842112212738835963e-01
2.843220003252698302e-01
2.844389628146656301e-01
2.845624989968907337e-01
2.846930291456311601e-01
2.848310057546318830e-01
2.849769160261237388e-01
2.851312843410886422e-01
2.852946750364409589e-01
2.854676951058681134e-01
2.856509972060696789e-01
2.858452824911708601e-01
2.860513037128140090e-01
2.862698679916013678e-01
2.865018397505050829e-01
2.867481430669021059e-01
2.870097639783514842e-01
2.872877518069462122e-01
2.875832200652632675e-01
2.878973457605979447e-01
2.882313676592802021e-01
2.885865820095553369e-01
2.889643362455953102e-01
2.893660187612658863e-01
2.897930452029767179e-01
2.902468388626140428e-01
2.907288055245368930e-01
2.912402997788836601e-01
2.917825831007718751e-01
2.923567701715731326e-01
2.929637639084510248e-01
2.936041753894833573e-01
2.942782298771768890e-01
2.949856555046873052e-01
2.957255577018383375e-01
2.964962776101573994e-01
2.972952413031483276e-01
2.981188017148167502e-01
2.989620862365723886e-01
2.998188575286902524e-01
3.006814084553262045e-01
3.015405045011350649e-01
3.023854012026377935e-01
3.032039509606413441e-01
3.039828258473593059e-01
3.047078595265945711e-01
3.053645199579026470e-01
3.059384878255304585e-01
3.064163247232493670e-01
3.067861675151769552e-01
3.070384103554342214e-01
3.071662790948060384e-01
