-9.018405002049414421e+00
-9.018825589973817003e+00
-9.019666385645628282e+00
-9.020926628920557633e+00
-9.022605180108843825e+00
-9.024700520614223009e+00
-9.027210753797261233e+00
-9.030133606072553221e+00
-9.033466428251479385e+00
-9.037206197143770936e+00
-9.041349517433166838e+00
-9.045892623843434066e+00
-9.050831383612468528e+00
-9.056161299292710964e+00
-9.061877511896939907e+00
-9.067974804408388323e+00
-9.074447605674503592e+00
-9.081289994702807178e+00
-9.088495705377226841e+00
-9.096058131612091202e+00
-9.103970332959994138e+00
-9.112225040688571198e+00
-9.120814664339732758e+00
-9.129731298783401172e+00
-9.138966731776166696e+00
-9.148512452033566333e+00
-9.158359657823053723e+00
-9.168499266082855925e+00
-9.178921922070351513e+00
-9.189618009541868915e+00
-9.200577661464224732e+00
-9.211790771256703536e+00
-9.223247004560915840e+00
-9.234935811534235484e+00
-9.246846439661515760e+00
-9.258967947078296845e+00
-9.271289216397423871e+00
-9.283798969029906090e+00
-9.296485779989348330e+00
-9.309338093168060269e+00
-9.322344237071586548e+00
-9.335492440996571162e+00
-9.348770851635446633e+00
-9.362167550089329993e+00
-9.375670569268450549e+00
-9.389267911656904886e+00
-9.402947567416076069e+00
-9.416697532797861925e+00
-9.430505828835688220e+00
-9.444360520277744087e+00
-9.458249734723045421e+00
-9.472161681916768217e+00
-9.486084673157002101e+00
-9.500007140760741819e+00
-9.513917657532200423e+00
-9.527804956171930684e+00
-9.541657948560921199e+00
-9.555465744849074738e+00
-9.569217672273721220e+00
-9.582903293629755126e+00
-9.596512425309857264e+00
-9.610035154830475435e+00
-9.623461857757272142e+00
-9.636783213942525350e+00
-9.649990222986593480e+00
-9.663074218836415596e+00
-9.676026883435580928e+00
-9.688840259343358241e+00
-9.701506761244203858e+00
-9.714019186274098772e+00
-9.726370723096669835e+00
-9.738554959668881850e+00
-9.750565889644933648e+00
-9.762397917375766454e+00
-9.774045861471945429e+00
-9.785504956908123830e+00
-9.796770855658754940e+00
-9.807839625865973687e+00
-9.818707749552583408e+00
-9.829372118904329270e+00
-9.839830031157662305e+00
-9.850079182139591438e+00
-9.860117658517319583e+00
-9.869943928824687518e+00
-9.879556833341515798e+00
-9.888955572909820191e+00
-9.898139696777491281e+00
-9.907109089565826920e+00
-9.915863957461478861e+00
-9.924404813736533271e+00
-9.932732463702246051e+00
-9.940847989202593382e+00
-9.948752732752991434e+00
-9.956448281428047054e+00
-9.963936450599167216e+00
-9.971219267619176208e+00
-9.978298955546598847e+00
-9.985177916996665459e+00
-9.991858718200470335e+00
-9.998344073347144700e+00
-1.000463682927701292e+01
-1.001073995058699140e+01
-1.001665650520207151e+01
-1.002238965045966701e+01
-1.002794261974658774e+01
-1.003331870972132656e+01
-1.003852126814784107e+01
-1.004355368236044299e+01
-1.004841936837353877e+01
-1.005312176064422403e+01
-1.005766430249058985e+01
-1.006205043716382974e+01
-1.006628359956790675e+01
-1.007036720861674439e+01
-1.007430466021563831e+01
-1.007809932085039861e+01
-1.008175452176554288e+01
-1.008527355371065681e+01
-1.008865966223236832e+01
-1.009191604348808546e+01
-1.009504584055675913e+01
-1.009805214022115472e+01
-1.010093797019580641e+01
-1.010370629677478149e+01
-1.010636002287328772e+01
-1.010890198643769367e+01
-1.011133495919880509e+01
-1.011366164574393345e+01
-1.011588468288408116e+01
-1.011800663929318134e+01
-1.012003001539753200e+01
-1.012195724349429504e+01
-1.012379068807899429e+01
-1.012553264636306594e+01
-1.012718534896344735e+01
-1.012875096074731651e+01
-1.013023158181612438e+01
-1.013162924861404690e+01
-1.013294593514712361e+01
-1.013418355430015438e+01
-1.013534395923948317e+01
-1.013642894489077406e+01
-1.013744024948156941e+01
-1.013837955613943187e+01
-1.013924849453719723e+01
-1.014004864257758065e+01
-1.014078152811012146e+01
-1.014144863067409652e+01
-1.014205138326170541e+01
-1.014259117409630484e+01
-1.014306934842096908e+01
-1.014348721029344347e+01
-1.014384602438353156e+01
-1.014414701776985162e+01
-1.014439138173287880e+01
-1.014458027354183933e+01
-1.014471481823310128e+01
-1.014479611037817186e+01
-1.014482521583950714e+01
-1.014480317351265803e+01
-1.014473099705348602e+01
-1.014460967658917667e+01
-1.014444018041223039e+01
-1.014422345665645508e+01
-1.014396043495414546e+01
-1.014365202807394262e+01
-1.014329913353852675e+01
-1.014290263522176438e+01
-1.014246340492466381e+01
-1.014198230392961442e+01
-1.014146018453241993e+01
-1.014089789155158883e+01
-1.014029626381426219e+01
-1.013965613561821577e+01
-1.013897833816933947e+01
-1.013826370099378771e+01
-1.013751305332405650e+01
-1.013672722545819127e+01
-1.013590705009112725e+01
-1.013505336361718179e+01
-1.013416700740244814e+01
-1.013324882902609048e+01
-1.013229968348893806e+01
-1.013132043438808694e+01
-1.013031195505586268e+01
-1.012927512966146892e+01
-1.012821085427346901e+01
-1.012712003788116810e+01
-1.012600360337277472e+01
-1.012486248846824211e+01
-1.012369764660428473e+01
-1.012251004776929797e+01
-1.012130067928545607e+01
-1.012007054653539839e+01
-1.011882067363069382e+01
-1.011755210401909011e+01
-1.011626590102775758e+01
-1.011496314833922483e+01
-1.011364495039708622e+01
-1.011231243273809000e+01
-1.011096674224757663e+01
-1.010960904733481769e+01
-1.010824053802516609e+01
-1.010686242596564277e+01
-1.010547594434082974e+01
-1.010408234769592895e+01
-1.010268291166388899e+01
-1.010127893259369181e+01
-1.009987172707703706e+01
-1.009846263137074018e+01
-1.009705300071249567e+01
-1.009564420852777822e+01
-1.009423764552607672e+01
-1.009283471868481996e+01
-1.009143685011967584e+01
-1.009004547584054556e+01
-1.008866204439268444e+01
-1.008728801538297404e+01
-1.008592485789185211e+01
-1.008457404877197128e+01
-1.008323707083503606e+01
-1.008191541092908139e+01
-1.008061055790890492e+01
-1.007932400050298227e+01
-1.007805722508105362e+01
-1.007681171332693459e+01
-1.007558893982199422e+01
-1.007439036954548151e+01
-1.007321745529824497e+01
-1.007207163505754366e+01
-1.007095432927087941e+01
-1.006986693809770017e+01
-1.006881083860842985e+01
-1.006778738195072798e+01
-1.006679789049363194e+01
-1.006584365496059341e+01
-1.006492593156304416e+01
-1.006404593914627732e+01
-1.006320485636015682e+01
-1.006240381886691537e+01
-1.006164391659899238e+01
-1.006092619107960218e+01
-1.006025163281890222e+01
-1.005962117879854212e+01
-1.005903571005704578e+01
-1.005849604938855180e+01
-1.005800295916653297e+01
-1.005755713930425266e+01
-1.005715922536268714e+01
-1.005680978681621873e+01
-1.005650932548556575e+01
-1.005625827414671392e+01
-1.005605699532350883e+01
-1.005590578027085868e+01
-1.005580484815414266e+01
-1.005575434542967450e+01
