2.439111333129568493e+01
2.436448495045050322e+01
2.431131875168478373e+01
2.423179533034753419e+01
2.412618426892535695e+01
2.399484256290784501e+01
2.383821256552136347e+01
2.365681942225100798e+01
2.345126807409598513e+01
2.322223978539479461e+01
2.297048830465559277e+01
2.269683559891815605e+01
2.240216729741539581e+01
2.208742776943688213e+01
2.175361499689958933e+01
2.140177515060764790e+01
2.103299705248890916e+01
2.064840641664703114e+01
2.024916007010049057e+01
1.983644002982068244e+01
1.941144765217986290e+01
1.897539771530036035e+01
1.852951266229466398e+01
1.807501685010388925e+01
1.761313104051174960e+01
1.714506696286949250e+01
1.667202219057937995e+01
1.619517514659012036e+01
1.571568048255065975e+01
1.523466463378423974e+01
1.475322179474443729e+01
1.427241010550837963e+01
1.379324829173524769e+01
1.331671253876260508e+01
1.284373383816777014e+01
1.237519557951190485e+01
1.191193161997624728e+01
1.145472459875550797e+01
1.100430472211782096e+01
1.056134878236552233e+01
1.012647962892458153e+01
9.700265853426817131e+00
9.283221898751881085e+00
8.875808354743591977e+00
8.478432641961996197e+00
8.091449849186787446e+00
7.715163917263496707e+00
7.349828940031835955e+00
6.995650766130456333e+00
6.652788679276910422e+00
6.321357332107637284e+00
6.001428719643737253e+00
5.693034358902774095e+00
5.396167470562351909e+00
5.110785320796786380e+00
4.836811530154493610e+00
4.574138499359975185e+00
4.322629770731817089e+00
4.082122467010155908e+00
3.852429638716500904e+00
3.633342653858600890e+00
3.424633473916703252e+00
3.226056942000998795e+00
3.037352940109791177e+00
2.858248533460953311e+00
2.688459971828193851e+00
2.527694657880780404e+00
2.375652965345354417e+00
2.232030008886384920e+00
2.096517261217551109e+00
1.968804111027704584e+00
1.848579269714127449e+00
1.735532111870634164e+00
1.629353869842324887e+00
1.529738758174471025e+00
1.436384960557141266e+00
1.348995545227245740e+00
1.267279253902605873e+00
1.190951219079651402e+00
1.119733567580532663e+00
1.053355951424782333e+00
9.915559762277007527e-01
9.340795469242146876e-01
8.806811056726681075e-01
8.311237310150544344e-01
7.851790272959405792e-01
7.426265850698026139e-01
7.032526201403144217e-01
6.668467707520214782e-01
6.331953895727229220e-01
6.020692763192176944e-01
5.732101149649555527e-01
5.463399587311783545e-01
5.212246109211664535e-01
4.977437041380887717e-01
4.758807668397905255e-01
4.556587693645210435e-01
4.370912680461330191e-01
4.201633801365241005e-01
4.048299394376439486e-01
3.910202334379796474e-01
3.786446643891309694e-01
3.676013222026192073e-01
3.577817959222757693e-01
3.490759022611629181e-01
3.413753385890058722e-01
3.345763074845347074e-01
3.285812801009047046e-01
3.233000377573878592e-01
3.186501682044578510e-01
3.145571455001856531e-01
3.109541264083090506e-01
3.077815514315026535e-01
3.049866341217370991e-01
3.025227882990934591e-01
3.003490391707681062e-01
2.984294412705905675e-01
2.967325252570315319e-01
2.952307808637443798e-01
2.939001845688018477e-01
2.927197713507415089e-01
2.916712523124857515e-01
2.907386741884602221e-01
2.899081195391102206e-01
2.891674427134636738e-01
2.885060393850575333e-01
2.879146449388042539e-01
2.873851594457556002e-01
2.869104951370131107e-01
2.864844444208814456e-01
2.861015650831354451e-01
2.857570811256449628e-01
2.854467965571239052e-01
2.851670209862025573e-01
2.849145048980142869e-01
2.846863837991258084e-01
2.844801295667673258e-01
2.842935084526406198e-01
2.841245444315936841e-01
2.839714875483168588e-01
2.838327862234320542e-01
2.837070633235517225e-01
2.835930951623175655e-01
2.834897933476095422e-01
2.833961887977528016e-01
2.833114179213073180e-01
2.832347104012432615e-01
2.831653786344782708e-01
2.831028083571229259e-01
2.830464505457624957e-01
2.829958141934633686e-01
2.829504600781299062e-01
2.829099951738344720e-01
2.828740678416581389e-01
2.828423634908470707e-01
2.828146008586690519e-01
2.827905286318307398e-01
2.827699225650541215e-01
2.827525828445727196e-01
2.827383318566285553e-01
2.827270121287062676e-01
2.827184846051651879e-01
2.827126270419902387e-01
2.827093326817587959e-01
2.827085090078483298e-01
2.827100767373991186e-01
2.827139688640037396e-01
2.827201299074589835e-01
2.827285151917575123e-01
2.827390903058489835e-01
2.827518305778013996e-01
2.827667207130455385e-01
2.827837544362199473e-01
2.828029342833960902e-01
2.828242713924128404e-01
2.828477854331730712e-01
2.828735045349785593e-01
2.829014653463149953e-01
2.829317130940739999e-01
2.829643017709635999e-01
2.829992943275334571e-01
2.830367629915316874e-01
2.830767896005393913e-01
2.831194660635296123e-01
2.831648948487098805e-01
2.832131896053523001e-01
2.832644758284095232e-01
2.833188916672838009e-01
2.833765887989065368e-01
2.834377334591135500e-01
2.835025075677801709e-01
2.835711100323655698e-01
2.836437581822103260e-01
2.837206894107621169e-01
2.838021629962562686e-01
2.838884621703742228e-01
2.839798964279716675e-01
2.840768041402317867e-01
2.841795554899069209e-01
2.842885557867068647e-01
2.844042492122789700e-01
2.845271230496272952e-01
2.846577124862287866e-01
2.847966060458630988e-01
2.849444517875003857e-01
2.851019643335508946e-01
2.852699329285111052e-01
2.854492306073813657e-01
2.856408247564325986e-01
2.858457891797255845e-01
2.860653180606222423e-01
2.863007419924531449e-01
2.865535466124455866e-01
2.868253941104408899e-01
2.871181483530777512e-01
2.874339040477534857e-01
2.877750209802325543e-01
2.881441639994277715e-01
2.885443502007538630e-01
2.889790043781778617e-01
2.894520248147299801e-01
2.899678611003757567e-01
2.905316069709545923e-01
2.911491108334679501e-01
2.918271083582081316e-01
2.925733813298038166e-01
2.933969492344079555e-01
2.943083001309688140e-01
2.953196704249303473e-01
2.964453836386154451e-01
2.977022623594003381e-01
2.991101285083723194e-01
3.006924122317089498e-01
3.024768908151025393e-01
3.044965844702119950e-01
3.067908350919320570e-01
3.094065961096674755e-01
3.123999517193560282e-01
3.158378696783346595e-01
3.198001503570262471e-01
3.243814666859038409e-01
3.296932536871951536e-01
3.358649852903311528e-01
3.430439962594384884e-01
3.513924279144381990e-01
3.610790124351663799e-01
3.722623020814254668e-01
3.850607777246389807e-01
3.995047665084280331e-01
4.154667514075566781e-01
4.325731141289690940e-01
4.501144013915431841e-01
4.669927645565857821e-01
4.817648456058059581e-01
4.928334611713298674e-01
4.987868244322076205e-01
