1.406446119359180090e-02
1.406162622976571235e-02
1.405596009134411906e-02
1.404747034736203611e-02
1.403616832782776831e-02
1.402206909553349937e-02
1.400519140857200452e-02
1.398555767365528869e-02
1.396319389034599706e-02
1.393812958635025183e-02
1.391039774403403893e-02
1.388003471836951261e-02
1.384708014652995950e-02
1.381157684940248313e-02
1.377357072529854926e-02
1.373311063619842183e-02
1.369024828687318701e-02
1.364503809729055404e-02
1.359753706871191792e-02
1.354780464395450613e-02
1.349590256228924874e-02
1.344189470950963618e-02
1.338584696369849239e-02
1.332782703728212573e-02
1.326790431594340215e-02
1.320614969502528074e-02
1.314263541402745095e-02
1.307743488985390473e-02
1.301062254942867390e-02
1.294227366234596520e-02
1.287246417416823552e-02
1.280127054102817366e-02
1.272876956612545643e-02
1.265503823874462169e-02
1.258015357634496324e-02
1.250419247030107317e-02
1.242723153578857015e-02
1.234934696633055266e-02
1.227061439342952941e-02
1.219110875172534948e-02
1.211090415002291296e-02
1.203007374854731838e-02
1.194868964268311178e-02
1.186682275346679846e-02
1.178454272500039333e-02
1.170191782896549092e-02
1.161901487631781908e-02
1.153589913625518819e-02
1.145263426245439996e-02
1.136928222659035204e-02
1.128590325905496836e-02
1.120255579681704756e-02
1.111929643827335411e-02
1.103617990496846835e-02
1.095325900997699831e-02
1.087058463277365203e-02
1.078820570033876824e-02
1.070616917428400365e-02
1.062452004371131423e-02
1.054330132356005693e-02
1.046255405813194088e-02
1.038231732952914557e-02
1.030262827068222954e-02
1.022352208269321217e-02
1.014503205616618109e-02
1.006718959624968053e-02
9.990024251066582581e-03
9.913563743261508132e-03
9.837834004351935641e-03
9.762859211624163105e-03
9.688661827276177571e-03
9.615262639564177080e-03
9.542680805674375738e-03
9.470933896096295213e-03
9.400037940241006557e-03
9.330007473102154211e-03
9.260855582727307508e-03
9.192593958319708949e-03
9.125232938763284604e-03
9.058781561413492209e-03
8.993247610971907835e-03
8.928637668310143022e-03
8.864957159084932425e-03
8.802210402031824046e-03
8.740400656803226989e-03
8.679530171258364665e-03
8.619600228092690400e-03
8.560611190734380635e-03
8.502562548414754548e-03
8.445452960358326711e-03
8.389280299017793860e-03
8.334041692315143079e-03
8.279733564831158465e-03
8.226351677918323710e-03
8.173891168693908638e-03
8.122346587900855508e-03
8.071711936605857618e-03
8.021980701732708136e-03
7.973145890411511075e-03
7.925200063150740146e-03
7.878135365822139594e-03
7.831943560472500940e-03
7.786616054960920040e-03
7.742143931440804636e-03
7.698517973692203462e-03
7.655728693328271196e-03
7.613766354886689590e-03
7.572620999833633813e-03
7.532282469495043056e-03
7.492740426945503594e-03
7.453984377872762898e-03
7.416003690449669665e-03
7.378787614234406760e-03
7.342325298131216135e-03
7.306605807434626843e-03
7.271618139989533512e-03
7.237351241491211083e-03
7.203794019957518620e-03
7.170935359397893200e-03
7.138764132710894925e-03
7.107269213834913578e-03
7.076439489183018218e-03
7.046263868386319108e-03
7.016731294375626315e-03
6.987830752825371916e-03
6.959551280988274767e-03
6.931881975943840479e-03
6.904812002287847618e-03
6.878330599285208471e-03
6.852427087511387370e-03
6.827090875004228863e-03
6.802311462949513915e-03
6.778078450921144922e-03
6.754381541697668766e-03
6.731210545674905926e-03
6.708555384894806725e-03
6.686406096709215929e-03
6.664752837097055217e-03
6.643585883652552634e-03
6.622895638261344121e-03
6.602672629481236635e-03
6.582907514642741438e-03
6.563591081685276295e-03
6.544714250742590840e-03
6.526268075492479455e-03
6.508243744282819765e-03
6.490632581048060012e-03
6.473426046027083193e-03
6.456615736295449708e-03
6.440193386121874364e-03
6.424150867161062574e-03
6.408480188491585440e-03
6.393173496510183920e-03
6.378223074690142665e-03
6.363621343214291050e-03
6.349360858489354331e-03
6.335434312551582736e-03
6.321834532369392627e-03
6.308554479052221574e-03
6.295587246970720842e-03
6.282926062796878250e-03
6.270564284468074269e-03
6.258495400083516000e-03
6.246713026736300765e-03
6.235210909288766389e-03
6.223982919094010399e-03
6.213023052670743444e-03
6.202325430333616683e-03
6.191884294785886603e-03
6.181694009676022734e-03
6.171749058124632523e-03
6.162044041222916775e-03
6.152573676508676925e-03
6.143332796420453504e-03
6.134316346735810971e-03
6.125519384993691717e-03
6.116937078906478815e-03
6.108564704761735437e-03
6.100397645818498964e-03
6.092431390698015321e-03
6.084661531773588594e-03
6.077083763558891079e-03
6.069693881099477370e-03
6.062487778366311593e-03
6.055461446655870106e-03
6.048610972995650467e-03
6.041932538559098217e-03
6.035422417088741505e-03
6.029076973331298772e-03
6.022892661483455860e-03
6.016866023651731669e-03
6.010993688325118323e-03
6.005272368863584509e-03
5.999698862001134891e-03
5.994270046366234964e-03
5.988982881018167607e-03
5.983834404001991090e-03
5.978821730920619651e-03
5.973942053526326915e-03
5.969192638330253139e-03
5.964570825232091630e-03
5.960074026168151080e-03
5.955699723780159133e-03
5.951445470102610137e-03
5.947308885270935659e-03
5.943287656248323267e-03
5.939379535573026739e-03
5.935582340123932502e-03
5.931893949906145644e-03
5.928312306854136536e-03
5.924835413653720476e-03
5.921461332580660319e-03
5.918188184356461962e-03
5.915014147019125729e-03
5.911937454809085279e-03
5.908956397067601819e-03
5.906069317147656129e-03
5.903274611334008611e-03
5.900570727772116823e-03
5.897956165402018676e-03
5.895429472896259251e-03
5.892989247597510589e-03
5.890634134454085513e-03
5.888362824948593227e-03
5.886174056017118988e-03
5.884066608953448727e-03
5.882039308295386980e-03
5.880091020687144322e-03
5.878220653714486162e-03
5.876427154707005059e-03
5.874709509504764428e-03
5.873066741185024517e-03
5.871497908748592696e-03
5.870002105765373922e-03
5.868578458983764352e-03
5.867226126911237287e-03
5.865944298380799775e-03
5.864732191124046382e-03
5.863589050382562486e-03
5.862514147599117917e-03
5.861506779245121389e-03
5.860566265853794921e-03
5.859691951344986501e-03
5.858883202740360584e-03
5.858139410379194223e-03
5.857459988748190717e-03
5.856844378032822866e-03
5.856292046477465894e-03
5.855802493603280007e-03
5.855375254275417031e-03
5.855009903535600933e-03
5.854706062026295010e-03
5.854463401740281521e-03
5.854281651746029783e-03
5.854160603483440917e-03
5.854100115209311811e-03
