8.310148755620083217e-05
8.315222184299830973e-05
8.325374872795620522e-05
8.340618481399839535e-05
8.360970495571663687e-05
8.386454219867241601e-05
8.417098769701610961e-05
8.452939060802807639e-05
8.494015796209699893e-05
8.540375450610074054e-05
8.592070251810867234e-05
8.649158159075340355e-05
8.711702838062955175e-05
8.779773632047758525e-05
8.853445529101848532e-05
8.932799124861867592e-05
9.017920580521995779e-05
9.108901575623227825e-05
9.205839255243130779e-05
9.308836171114623793e-05
9.418000216250492604e-05
9.533444552568317838e-05
9.655287531076371004e-05
9.783652604092830875e-05
9.918668229053511406e-05
1.006046776337504505e-04
1.020918934993501187e-04
1.036497579264608740e-04
1.052797442171105377e-04
1.069833694806154167e-04
1.087621930660987661e-04
1.106178148786453975e-04
1.125518735760210916e-04
1.145660446420955898e-04
1.166620383347887960e-04
1.188415975055290589e-04
1.211064952891387111e-04
1.234585326622009507e-04
1.258995358701570403e-04
1.284313537224791542e-04
1.310558547576684378e-04
1.337749242789634482e-04
1.365904612641905447e-04
1.395043751523547494e-04
1.425185825122569428e-04
1.456350035976027360e-04
1.488555587958665771e-04
1.521821649773477019e-04
1.556167317537631291e-04
1.591611576547878007e-04
1.628173262340566112e-04
1.665871021149726693e-04
1.704723269899534148e-04
1.744748155853484265e-04
1.785963516076452301e-04
1.828386836849511007e-04
1.872035213211699790e-04
1.916925308783935258e-04
1.963073316064473551e-04
2.010494917364060081e-04
2.059205246581576651e-04
2.109218851997932760e-04
2.160549660296583142e-04
2.213210941993477485e-04
2.267215278488632650e-04
2.322574530921836273e-04
2.379299811044029655e-04
2.437401454281704766e-04
2.496888995200019132e-04
2.557771145531600359e-04
2.620055774965987148e-04
2.683749894851423026e-04
2.748859644987612346e-04
2.815390283641924806e-04
2.883346180946212830e-04
2.952730815783191631e-04
3.023546776294130977e-04
3.095795764089810231e-04
3.169478602267276728e-04
3.244595247284519650e-04
3.321144804764604832e-04
3.399125549248234262e-04
3.478534947935256689e-04
3.559369688399259849e-04
3.641625710283919034e-04
3.725298240931452023e-04
3.810381834919811510e-04
3.896870417427486868e-04
3.984757331370807434e-04
4.074035388204426660e-04
4.164696922301073146e-04
4.256733848775204809e-04
4.350137724642494028e-04
4.444899813158169149e-04
4.541011151204827484e-04
4.638462619557194491e-04
4.737245015879219877e-04
4.837349130268637902e-04
4.938765823195189657e-04
5.041486105642771411e-04
5.145501221297381919e-04
5.250802730590367878e-04
5.357382596443520384e-04
5.465233271529368331e-04
5.574347786902484475e-04
5.684719841827074165e-04
5.796343894669997616e-04
5.909215254702684288e-04
6.023330174698717215e-04
6.138685944195309023e-04
6.255280983326906010e-04
6.373114937127606671e-04
6.492188770238810532e-04
6.612504861949094733e-04
6.734067101535470617e-04
6.856880983867012910e-04
6.980953705275421643e-04
7.106294259690862326e-04
7.232913535085328145e-04
7.360824410261936372e-04
7.490041852072615823e-04
7.620583013144332845e-04
7.752467330237423427e-04
7.885716623362129573e-04
8.020355195817250715e-04
8.156409935326060841e-04
8.293910416474582293e-04
8.432889004677181655e-04
8.573380961920586824e-04
8.715424554558633434e-04
8.859061163460148517e-04
9.004335396829068333e-04
9.151295206054490356e-04
9.299992004959862796e-04
9.450480792864355802e-04
9.602820281882459190e-04
9.757073028930627646e-04
9.913305572931722324e-04
1.007158857774439554e-03
1.023199698137807574e-03
1.039461015208753298e-03
1.055951205198247568e-03
1.072679140882171157e-03
1.089654189671056652e-03
1.106886232645714827e-03
1.124385684639889584e-03
1.142163515455446631e-03
1.160231272301760199e-03
1.178601103556231773e-03
1.197285783949791340e-03
1.216298741287435720e-03
1.235654084821910872e-03
1.255366635405683311e-03
1.275451957556263810e-03
1.295926393577307876e-03
1.316807099890451947e-03
1.338112085740967520e-03
1.359860254455062551e-03
1.382071447436436550e-03
1.404766491106828599e-03
1.427967247007318067e-03
1.451696665296227980e-03
1.475978841895219523e-03
1.500839079556484570e-03
1.526303953143095388e-03
1.552401379439554341e-03
1.579160691832584519e-03
1.606612720231425815e-03
1.634789876623999076e-03
1.663726246700562676e-03
1.693457688007804149e-03
1.724021935138424005e-03
1.755458712498388953e-03
1.787809855243723510e-03
1.821119439022587331e-03
1.855433919217396293e-03
1.890802280433443849e-03
1.927276197049829914e-03
1.964910205710569940e-03
2.003761890713868284e-03
2.043892083332601514e-03
2.085365076190887415e-03
2.128248853911851070e-03
2.172615341357586865e-03
2.218540670888256589e-03
2.266105470190277801e-03
2.315395172345859846e-03
2.366500349958389638e-03
2.419517075287961998e-03
2.474547308513085422e-03
2.531699316392348187e-03
2.591088123780322001e-03
2.652836000626207849e-03
2.717072987278888480e-03
2.783937461108188308e-03
2.853576747654178181e-03
2.926147779703577347e-03
3.001817807884789822e-03
3.080765166543258417e-03
3.163180098812981914e-03
3.249265644916370620e-03
3.339238597797378454e-03
3.433330530191045209e-03
3.531788897149193591e-03
3.634878217822894511e-03
3.742881339936240167e-03
3.856100789792225002e-03
3.974860209800136664e-03
4.099505884295473468e-03
4.230408352769017728e-03
4.367964107385693441e-03
4.512597368724312503e-03
4.664761929805281288e-03
4.824943053477462850e-03
4.993659401813737783e-03
5.171464967984391176e-03
5.358950970711785604e-03
5.556747658362066154e-03
5.765525953392937157e-03
5.985998847546920854e-03
6.218922433014486238e-03
6.465096423856453445e-03
6.725363984173717176e-03
7.000610633713095880e-03
7.291761946550734397e-03
7.599779693067721352e-03
7.925655998602476951e-03
8.270405003391380697e-03
8.635051407839922782e-03
9.020615176261131615e-03
9.428091554323407911e-03
9.858425436851574533e-03
1.031247901369777495e-02
1.079099153821398011e-02
1.129453002892165034e-02
1.182342976323739504e-02
1.237772359658318409e-02
1.295705949702984604e-02
1.356060629207615602e-02
1.418694855492601964e-02
1.483397288547079300e-02
1.549874962104635413e-02
1.617741625538652792e-02
1.686507148417204505e-02
1.755569164430184625e-02
1.824208402037001339e-02
1.891589351391140608e-02
1.956767978624970178e-02
2.018708036590896246e-02
2.076307058489524834e-02
2.128432311222015760e-02
2.173965843953284613e-02
2.211856397700607060e-02
2.241174545347790134e-02
2.261166287622716833e-02
2.271299739483606528e-02
