6.797084846336357487e+02
6.797006684875349265e+02
6.796850651540888748e+02
6.796617323376660806e+02
6.796307560644152090e+02
6.795922500526091881e+02
6.795463548843665649e+02
6.794932369881781824e+02
6.794330874437338252e+02
6.793661206224418265e+02
6.792925726787203757e+02
6.792126999085928674e+02
6.791267769933213003e+02
6.790350951467548839e+02
6.789379601857343687e+02
6.788356905432779058e+02
6.787286152443833771e+02
6.786170718641283202e+02
6.785014044873132661e+02
6.783819616882429955e+02
6.782590945483353835e+02
6.781331547281621397e+02
6.780044926092369906e+02
6.778734555194645282e+02
6.777403860545896350e+02
6.776056205063733842e+02
6.774694874065030490e+02
6.773323061935252554e+02
6.771943860083453046e+02
6.770560246221344869e+02
6.769175074988125971e+02
6.767791069926960290e+02
6.766410816803868329e+02
6.765036758246022828e+02
6.763671189663639325e+02
6.762316256408405479e+02
6.760973952111332892e+02
6.759646118134597828e+02
6.758334444064724948e+02
6.757040469169114658e+02
6.755765584733594551e+02
6.754511037196110692e+02
6.753277931990002116e+02
6.752067238010248502e+02
6.750879792616680106e+02
6.749716307090166083e+02
6.748577372460314336e+02
6.747463465626738071e+02
6.746374955699907332e+02
6.745312110492236570e+02
6.744275103094906854e+02
6.743264018481206676e+02
6.742278860082487881e+02
6.741319556288398189e+02
6.740385966828390565e+02
6.739477888997053014e+02
6.738595063690886491e+02
6.737737181229360885e+02
6.736903886937753896e+02
6.736094786473940985e+02
6.735309450885367824e+02
6.734547421386530459e+02
6.733808213850652464e+02
6.733091323012622524e+02
6.732396226383050362e+02
6.731722387875904587e+02
6.731069261154311789e+02
6.730436292701156162e+02
6.729822924622562823e+02
6.729228597193815631e+02
6.728652751158240335e+02
6.728094829790467202e+02
6.727554280736077317e+02
6.727030557640098323e+02
6.726523121576983613e+02
6.726031442294921590e+02
6.725554999287134024e+02
6.725093282702800934e+02
6.724645794109896997e+02
6.724212047121937985e+02
6.723791567900194650e+02
6.723383895542492610e+02
6.722988582369223423e+02
6.722605194116612211e+02
6.722233310046801762e+02
6.721872522983696854e+02
6.721522439282962296e+02
6.721182678744002033e+02
6.720852874471197538e+02
6.720532672691106200e+02
6.720221732531839507e+02
6.719919725770270134e+02
6.719626336552279326e+02
6.719341261090760327e+02
6.719064207345652449e+02
6.718794894689877992e+02
6.718533053564634656e+02
6.718278425127168703e+02
6.718030760893759634e+02
6.717789822380387932e+02
6.717555380743211799e+02
6.717327216420743525e+02
6.717105118779353461e+02
6.716888885763509052e+02
6.716678323551935819e+02
6.716473246220725741e+02
6.716273475414226368e+02
6.716078840024388228e+02
6.715889175879158302e+02
6.715704325440276534e+02
6.715524137510894889e+02
6.715348466953140587e+02
6.715177174415838408e+02
6.715010126072399999e+02
6.714847193368926810e+02
6.714688252782417521e+02
6.714533185589010600e+02
6.714381877642100562e+02
6.714234219160136945e+02
6.714090104523897935e+02
6.713949432083016973e+02
6.713812103971469014e+02
6.713678025931789080e+02
6.713547107147700217e+02
6.713419260084895086e+02
6.713294400339643744e+02
6.713172446494947962e+02
6.713053319983933989e+02
6.712936944960180199e+02
6.712823248174698847e+02
6.712712158859255851e+02
6.712603608615756912e+02
6.712497531311427110e+02
6.712393862979467940e+02
6.712292541724988268e+02
6.712193507635889773e+02
6.712096702698497666e+02
6.712002070717667266e+02
6.711909557241160655e+02
6.711819109488033064e+02
6.711730676280867556e+02
6.711644207981579484e+02
6.711559656430677023e+02
6.711476974889709481e+02
6.711396117986796526e+02
6.711317041664997305e+02
6.711239703133433068e+02
6.711164060820921122e+02
6.711090074332073527e+02
6.711017704405621771e+02
6.710946912874910595e+02
6.710877662630400664e+02
6.710809917584075492e+02
6.710743642635618471e+02
6.710678803640298611e+02
6.710615367378414930e+02
6.710553301526250607e+02
6.710492574628412967e+02
6.710433156071504754e+02
6.710375016059023210e+02
6.710318125587441500e+02
6.710262456423369031e+02
6.710207981081774733e+02
6.710154672805143719e+02
6.710102505543587768e+02
6.710051453935785730e+02
6.710001493290764074e+02
6.709952599570409575e+02
6.709904749372745982e+02
6.709857919915832554e+02
6.709812089022353803e+02
6.709767235104778820e+02
6.709723337151115174e+02
6.709680374711170998e+02
6.709638327883347984e+02
6.709597177301898228e+02
6.709556904124644916e+02
6.709517490021115691e+02
6.709478917161090976e+02
6.709441168203532015e+02
6.709404226285862478e+02
6.709368075013600219e+02
6.709332698450308499e+02
6.709298081107849612e+02
6.709264207936936373e+02
6.709231064317943947e+02
6.709198636051993390e+02
6.709166909352268249e+02
6.709135870835575588e+02
6.709105507514113924e+02
6.709075806787456031e+02
6.709046756434714780e+02
6.709018344606913615e+02
6.708990559819509372e+02
6.708963390945091305e+02
6.708936827206219959e+02
6.708910858168436562e+02
6.708885473733369054e+02
6.708860664132001830e+02
6.708836419918033016e+02
6.708812731961367035e+02
6.708789591441682205e+02
6.708766989842114299e+02
6.708744918943019684e+02
6.708723370815811222e+02
6.708702337816878298e+02
6.708681812581571648e+02
6.708661788018233665e+02
6.708642257302313965e+02
6.708623213870492918e+02
6.708604651414899536e+02
6.708586563877323670e+02
6.708568945443491884e+02
6.708551790537361512e+02
6.708535093815449954e+02
6.708518850161185583e+02
6.708503054679285924e+02
6.708487702690146079e+02
6.708472789724263521e+02
6.708458311516662889e+02
6.708444264001354895e+02
6.708430643305804324e+02
6.708417445745421901e+02
6.708404667818074358e+02
6.708392306198624055e+02
6.708380357733490200e+02
6.708368819435241903e+02
6.708357688477224201e+02
6.708346962188232965e+02
6.708336638047214819e+02
6.708326713678050055e+02
6.708317186844362823e+02
6.708308055444421143e+02
6.708299317506098305e+02
6.708290971181921805e+02
6.708283014744223465e+02
6.708275446580380503e+02
6.708268265188170290e+02
6.708261469171264935e+02
6.708255057234833885e+02
6.708249028181323865e+02
6.708243380906359334e+02
6.708238114394844160e+02
6.708233227717221325e+02
6.708228720025933853e+02
6.708224590552073323e+02
6.708220838602253480e+02
6.708217463555704398e+02
6.708214464861582655e+02
6.708211842036541839e+02
6.708209594662533846e+02
6.708207722384881890e+02
6.708206224910605897e+02
6.708205102007009373e+02
6.708204353500572097e+02
6.708203979276084965e+02
