1.188663661399066811e-06
1.189301672587562952e-06
1.190578670924424446e-06
1.192496615500592575e-06
1.195058443783965546e-06
1.198268093188328472e-06
1.202130491574630182e-06
1.206651593412455789e-06
1.211838365528338841e-06
1.217698838196147656e-06
1.224242086135917718e-06
1.231478294988505256e-06
1.239418737579297520e-06
1.248075856387736788e-06
1.257463235076697954e-06
1.267595697727545507e-06
1.278489275655697812e-06
1.290161324327126922e-06
1.302630485498012357e-06
1.315916822919170726e-06
1.330041779834041803e-06
1.345028334777574670e-06
1.360900954500576815e-06
1.377685771364727208e-06
1.395410531792722035e-06
1.414104797013153231e-06
1.433799887150990030e-06
1.454529107344989140e-06
1.476327687652472774e-06
1.499233036838841464e-06
1.523284678330301975e-06
1.548524534325502196e-06
1.574996858079137434e-06
1.602748551367205683e-06
1.631829093488516472e-06
1.662290895524102968e-06
1.694189226552608851e-06
1.727582608652921371e-06
1.762532740941447085e-06
1.799104939826167858e-06
1.837368061658212629e-06
1.877394993364927798e-06
1.919262574709127475e-06
1.963052145186363174e-06
2.008849467110989391e-06
2.056745335509694409e-06
2.106835503580459003e-06
2.159221363271523719e-06
2.214009875028966655e-06
2.271314327911069221e-06
2.331254275973610867e-06
2.393956388082194864e-06
2.459554393873970896e-06
2.528190034938876147e-06
2.600013023980593956e-06
2.675182110855423584e-06
2.753865059379130675e-06
2.836239843795487026e-06
2.922494648753736542e-06
3.012829214203923255e-06
3.107454865351104859e-06
3.206596026888082828e-06
3.310490291306095198e-06
3.419390126749274971e-06
3.533562994088180523e-06
3.653293276645551328e-06
3.778882458903363645e-06
3.910651311104944609e-06
4.048940145545771003e-06
4.194111294609081800e-06
4.346549464562161879e-06
4.506664552135930721e-06
4.674892120749692896e-06
4.851696608596454388e-06
5.037571958801354981e-06
5.233045281402722614e-06
5.438677678475386059e-06
5.655068435279819268e-06
5.882856098891227551e-06
6.122723300733941425e-06
6.375398201198807651e-06
6.641660153455297211e-06
6.922341892439014331e-06
7.218336878750221462e-06
7.530604241473983523e-06
7.860182773948392104e-06
8.208211470381126634e-06
8.575983110382625601e-06
8.965064915892873349e-06
9.377597278802329389e-06
9.816952476977188207e-06
1.028889323304904849e-05
1.080257462653682131e-05
1.136957596825458043e-05
1.200093535279315749e-05
1.270534730095657992e-05
1.348955794973502069e-05
1.435932995710919444e-05
1.532004867266329395e-05
1.637699363274343727e-05
1.753543527467240918e-05
1.880067527963906354e-05
2.017805194132359965e-05
2.167294931255457597e-05
2.329078778989212339e-05
2.503702824743656315e-05
2.691715593941254307e-05
2.893668251322005223e-05
3.110112418326525303e-05
3.341600289464743262e-05
3.588681949409590257e-05
3.851905554932727894e-05
4.131814232827378671e-05
4.428946489383877319e-05
4.743832761243016747e-05
5.076996211004712308e-05
5.428948983988764746e-05
5.800193538975146370e-05
6.191218641259674336e-05
6.602501366647666099e-05
7.034502838059436124e-05
7.487671030657079682e-05
7.962436236702230227e-05
8.459214790566822837e-05
8.978404224823094816e-05
9.520388026144472563e-05
1.008553042468786901e-04
1.067418228562861201e-04
1.128667545403171628e-04
1.192332988205631713e-04
1.258444743287421197e-04
1.327032034081788840e-04
1.398122436059072112e-04
1.471742865706347325e-04
1.547918817040133915e-04
1.626675503395113415e-04
1.708037001208066773e-04
1.792027554903237799e-04
1.878670612416283954e-04
1.967990304183302056e-04
2.060010353850131519e-04
2.154755743363135267e-04
2.252251481453285099e-04
2.352524468110689956e-04
2.455602102710864858e-04
2.561514362723740020e-04
2.670292232755668797e-04
2.781970014182211107e-04
2.896583555874614776e-04
3.014172813576401527e-04
3.134779862623929291e-04
3.258451728305250192e-04
3.385238160460476552e-04
3.515194758770635104e-04
3.648380488696657256e-04
3.784861128691240756e-04
3.924706506471060323e-04
4.067994298550991670e-04
4.214806965349043627e-04
4.365235937255056847e-04
4.519378226516577524e-04
4.677341038367722201e-04
4.839238037034533798e-04
5.005194425345838981e-04
5.175342841555791076e-04
5.349828956460827255e-04
5.528806977082296840e-04
5.712445816792308725e-04
5.900924181273279690e-04
6.094437374703832490e-04
6.293191942897324517e-04
6.497413187466675273e-04
6.707339340731992847e-04
6.923229870305169873e-04
7.145359160388333039e-04
7.374025701794817119e-04
7.609545254842438929e-04
7.852261034982003325e-04
8.102536333894087752e-04
8.360765829303158300e-04
8.627367643501570758e-04
8.902795928457505779e-04
9.187532345354241939e-04
9.482100103892044740e-04
9.787054853291831617e-04
1.010300038925665209e-03
1.043057895729438984e-03
1.077048888414529164e-03
1.112347430971067502e-03
1.149034505456524241e-03
1.187196581933324399e-03
1.226927866984843995e-03
1.268329177547362343e-03
1.311510498357921226e-03
1.356589821533376325e-03
1.403696071840578258e-03
1.452967930634240781e-03
1.504557203253796072e-03
1.558627655646490371e-03
1.615358918685572609e-03
1.674945379799148678e-03
1.737600746562447881e-03
1.803557055891268513e-03
1.873070056783429638e-03
1.946418429064793133e-03
2.023910196914397840e-03
2.105882292244939946e-03
2.192708283030820812e-03
2.284798480041528874e-03
2.382609366705814528e-03
2.486644542810321958e-03
2.597466390653272849e-03
2.715698292415477146e-03
2.842039284198203362e-03
2.977268202295808939e-03
3.122262399975824811e-03
3.278004816341403057e-03
3.445608321714280393e-03
3.626327235322067324e-03
3.821589625993009401e-03
4.033015657608491136e-03
4.262461376420296350e-03
4.512047655224766737e-03
4.784220950434204915e-03
5.081798937470505088e-03
5.408056963327912726e-03
5.766800429946004024e-03
6.162491202798372689e-03
6.600363746900667766e-03
7.086615480617581425e-03
7.628596199872269418e-03
8.235104019338225501e-03
8.916700941234341829e-03
9.686189178111604889e-03
1.055915063110452606e-02
1.155474298219545150e-02
1.269665054372595865e-02
1.401447031654443065e-02
1.554544772356628198e-02
1.733699813054456057e-02
1.945000099665485094e-02
2.196360142722144845e-02
2.498171876213142739e-02
2.864259514223558775e-02
3.313210367255332855e-02
3.870328444767293791e-02
4.570369447127450163e-02
5.461418232556734115e-02
6.609888808717766240e-02
8.106111321023093397e-02
1.006691621471707127e-01
1.262426997059137024e-01
1.586986668517579580e-01
1.969761597556149713e-01
2.351008979437956281e-01
2.604850483851217091e-01
