4.427058868857402629e+00
4.426810420630796550e+00
4.426313665949419551e+00
4.425568801963381205e+00
4.424576153491379671e+00
4.423336169413992991e+00
4.421849391477693736e+00
4.420116496947093410e+00
4.418138264359300571e+00
4.415915606291632045e+00
4.413449545491960002e+00
4.410741249678071796e+00
4.407791998408146839e+00
4.404603221302057392e+00
4.401176475742588856e+00
4.397513461563649528e+00
4.393616028976698118e+00
4.389486165402573192e+00
4.385126014879769052e+00
4.380537872211486494e+00
4.375724184445118681e+00
4.370687553457513808e+00
4.365430739148121297e+00
4.359956658033022237e+00
4.354268378535047113e+00
4.348369131542540345e+00
4.342262294933718181e+00
4.335951402606754712e+00
4.329440137747979200e+00
4.322732325083930682e+00
4.315831938041217342e+00
4.308743081951089238e+00
4.301469997090006103e+00
4.294017048478868226e+00
4.286388724909753201e+00
4.278589626301155135e+00
4.270624459373496329e+00
4.262498032174041995e+00
4.254215242039618872e+00
4.245781071191227163e+00
4.237200575486961718e+00
4.228478877268379676e+00
4.219621156703356135e+00
4.210632641149848254e+00
4.201518597554215972e+00
4.192284323187230655e+00
4.182935135428153650e+00
4.173476363594350147e+00
4.163913339211783082e+00
4.154251387600375267e+00
4.144495817678066629e+00
4.134651914774289949e+00
4.124724931801741157e+00
4.114720078676891823e+00
4.104642517530431078e+00
4.094497351276960906e+00
4.084289619180058395e+00
4.074024286834649899e+00
4.063706239649433449e+00
4.053340276906062023e+00
4.042931104059290348e+00
4.032483326129603363e+00
4.022001442710179120e+00
4.011489841706112003e+00
4.000952793545318187e+00
3.990394446117675908e+00
3.979818820136840962e+00
3.969229804173768805e+00
3.958631150726014791e+00
3.948026471535568405e+00
3.937419234330520101e+00
3.926812759357871663e+00
3.916210214783512722e+00
3.905614615773961518e+00
3.895028819934435838e+00
3.884455525505001727e+00
3.873897268590386744e+00
3.863356421654604134e+00
3.852835190650409025e+00
3.842335613719566556e+00
3.831859560199081471e+00
3.821408728126831189e+00
3.810984643385816995e+00
3.800588659059942032e+00
3.790221954257509740e+00
3.779885532777047530e+00
3.769580223840286681e+00
3.759306679613675151e+00
3.749065376705656760e+00
3.738856614957795532e+00
3.728680517488486501e+00
3.718537030606321458e+00
3.708425923846077943e+00
3.698346790716542820e+00
3.688299048224475740e+00
3.678281937604514606e+00
3.668294525056384092e+00
3.658335702374140741e+00
3.648404186924508519e+00
3.638498523621085834e+00
3.628617084964198547e+00
3.618758072629690847e+00
3.608919518516892300e+00
3.599099285803339043e+00
3.589295071103648649e+00
3.579504405025794256e+00
3.569724655016739412e+00
3.559953026456005531e+00
3.550186565356969748e+00
3.540422159792374845e+00
3.530656543304341977e+00
3.520886297036404766e+00
3.511107852625489745e+00
3.501317495250855227e+00
3.491511367457268200e+00
3.481685472165906514e+00
3.471835676603073573e+00
3.461957717134204415e+00
3.452047202770816003e+00
3.442099620699281104e+00
3.432110340916314950e+00
3.422074621576760567e+00
3.411987615585839073e+00
3.401844375216982019e+00
3.391639860172289023e+00
3.381368942903004715e+00
3.371026417167391820e+00
3.360607004304980716e+00
3.350105362053364733e+00
3.339516092015518911e+00
3.328833748848571528e+00
3.318052848813274114e+00
3.307167878508592729e+00
3.296173305502839934e+00
3.285063586524558765e+00
3.273833178502817187e+00
3.262476548094463968e+00
3.250988182135916560e+00
3.239362597834290813e+00
3.227594353186802323e+00
3.215678057492852737e+00
3.203608381390062654e+00
3.191380067490281469e+00
3.178987939746007463e+00
3.166426914299882878e+00
3.153692007709602674e+00
3.140778347264583381e+00
3.127681178904000880e+00
3.114395875809281122e+00
3.100917946007438530e+00
3.087243039146814638e+00
3.073366953481871278e+00
3.059285640476918644e+00
3.044995210825372833e+00
3.030491937307193240e+00
3.015772259025593538e+00
3.000832782176785507e+00
2.985670283098219802e+00
2.970281706817032852e+00
2.954664167608367809e+00
2.938814946523875538e+00
2.922731489318066700e+00
2.906411402404760924e+00
2.889852448484583558e+00
2.873052540789653886e+00
2.856009736755500850e+00
2.838722230848241157e+00
2.821188345846874945e+00
2.803406524733379257e+00
2.785375320105013319e+00
2.767093384521605692e+00
2.748559459035519126e+00
2.729772361986131823e+00
2.710730976808328752e+00
2.691434239551038221e+00
2.671881126145369212e+00
2.652070639479418457e+00
2.632001795573038816e+00
2.611673610799366330e+00
2.591085087734179560e+00
2.570235201869832231e+00
2.549122888204414572e+00
2.527747027254767076e+00
2.506106432493635960e+00
2.484199836744672485e+00
2.462025879508464410e+00
2.439583094698652310e+00
2.416869898105195258e+00
2.393884576299612377e+00
2.370625274906103641e+00
2.347089988268682426e+00
2.323276549376185773e+00
2.299182620528567700e+00
2.274805684496458813e+00
2.250143036992706680e+00
2.225191779637658129e+00
2.199948814060120217e+00
2.174410836929905777e+00
2.148574336855546552e+00
2.122435591613829775e+00
2.095990668055699224e+00
2.069235422940246316e+00
2.042165506181217172e+00
2.014776366338750346e+00
1.987063258430754598e+00
1.959021255152797014e+00
1.930645260935737406e+00
1.901930030462405163e+00
1.872870191202472112e+00
1.843460271333109635e+00
1.813694733668820724e+00
1.783568016262527145e+00
1.753074581178855285e+00
1.722208972290770301e+00
1.690965883732598929e+00
1.659340240778323095e+00
1.627327294786365286e+00
1.594922734586847746e+00
1.562122816897100863e+00
1.528924518720633952e+00
1.495325714761804425e+00
1.461325384193018495e+00
1.426923850614357336e+00
1.392123060449645955e+00
1.356926905107322279e+00
1.321341592855377112e+00
1.285376077528086913e+00
1.249042550779506211e+00
1.212357006028661033e+00
1.175339881764214889e+00
1.138016792291946855e+00
1.100419353441034476e+00
1.062586109304238580e+00
1.024563564728103060e+00
9.864073240746731308e-01
9.481833327668836020e-01
9.099692101513066067e-01
8.718556533557187960e-01
8.339478778322946262e-01
7.963670449111501792e-01
7.592516046837861632e-01
7.227584596667385730e-01
6.870638259563763839e-01
6.523636417532290288e-01
6.188733446944835181e-01
5.868268229243100986e-01
5.564743361645457798e-01
5.280792218012830830e-01
5.019132453695349660e-01
4.782505399509903166e-01
4.573602000364757614e-01
4.394977558323109879e-01
4.248959276009718344e-01
4.137552369876562608e-01
4.062351729430980218e-01
4.024466813935528853e-01
