-5.581196609109483120e+00
-5.581738240325312184e+00
-5.582821454422097318e+00
-5.584446154804823870e+00
-5.586612196621169701e+00
-5.589319386985856397e+00
-5.592567484986483706e+00
-5.596356202057957141e+00
-5.600685201991539408e+00
-5.605554101460252348e+00
-5.610962470031416238e+00
-5.616909830844310392e+00
-5.623395660626555603e+00
-5.630419390525667644e+00
-5.637980406129782907e+00
-5.646078048455106746e+00
-5.654711613971548090e+00
-5.663880355748489137e+00
-5.673583483486045687e+00
-5.683820164821907994e+00
-5.694589525369049277e+00
-5.705890650186898228e+00
-5.717722583826401639e+00
-5.730084331969150568e+00
-5.742974861480883320e+00
-5.756393102222689961e+00
-5.770337947114073884e+00
-5.784808254120848758e+00
-5.799802846329054518e+00
-5.815320514114578287e+00
-5.831360015229446248e+00
-5.847920077158645924e+00
-5.864999397220328703e+00
-5.882596645116046297e+00
-5.900710463046435983e+00
-5.919339468461515708e+00
-5.938482254193595544e+00
-5.958137391414768835e+00
-5.978303429789025181e+00
-5.998978900644350354e+00
-6.020162317146032116e+00
-6.041852177691530379e+00
-6.064046966106690917e+00
-6.086745155271869656e+00
-6.109945207342762252e+00
-6.133645577616413824e+00
-6.157844714778183182e+00
-6.182541065016112114e+00
-6.207733072294928434e+00
-6.233419182727190311e+00
-6.259597844874138950e+00
-6.286267514381068011e+00
-6.313426654303544439e+00
-6.341073740012729942e+00
-6.369207259543379962e+00
-6.397825718771907866e+00
-6.426927641779218270e+00
-6.456511576299915234e+00
-6.486576094088013278e+00
-6.517119796628543682e+00
-6.548141315487046477e+00
-6.579639318263886594e+00
-6.611612508897819040e+00
-6.644059633827056111e+00
-6.676979482201574889e+00
-6.710370892190401726e+00
-6.744232751034861195e+00
-6.778564001404877359e+00
-6.813363641192458964e+00
-6.848630729765353919e+00
-6.884364387352772674e+00
-6.920563800963396517e+00
-6.957228223148413271e+00
-6.994356977231459105e+00
-7.031949455144257399e+00
-7.070005121449661090e+00
-7.108523509852556543e+00
-7.147504225321707594e+00
-7.186946938943510332e+00
-7.226851387620759404e+00
-7.267217368149530010e+00
-7.308044736821183385e+00
-7.349333411917694292e+00
-7.391083395551204305e+00
-7.433294845722062227e+00
-7.475968270634031576e+00
-7.519105055446286379e+00
-7.562708780890885940e+00
-7.606788549097953656e+00
-7.651366813687848989e+00
-7.696496039710388537e+00
-7.742284492294102094e+00
-7.788907718924041212e+00
-7.836555003701808353e+00
-7.885329376624392594e+00
-7.935207153335039898e+00
-7.986074043513913701e+00
-8.037771996407094832e+00
-8.090127679735735100e+00
-8.142966143790864919e+00
-8.196117525293587391e+00
-8.249420487106839062e+00
-8.302724201305169416e+00
-8.355889310141417781e+00
-8.408788310983130287e+00
-8.461305404870953950e+00
-8.513336069312895660e+00
-8.564786358973030644e+00
-8.615572125313100571e+00
-8.665618137573128266e+00
-8.714857241438721758e+00
-8.763229518011991459e+00
-8.810681538845367200e+00
-8.857165666954767147e+00
-8.902639472617773109e+00
-8.947065208266831604e+00
-8.990409394468990456e+00
-9.032642460459365807e+00
-9.073738480907179493e+00
-9.113674954083867519e+00
-9.152432656692454316e+00
-9.189995523378012621e+00
-9.226350582125348865e+00
-9.261487896906960060e+00
-9.295400546334853686e+00
-9.328084593310739692e+00
-9.359539073214342864e+00
-9.389765959509437820e+00
-9.418770134100634905e+00
-9.446559325400935236e+00
-9.473144041976960139e+00
-9.498537468835129616e+00
-9.522755355135950950e+00
-9.545815864247407134e+00
-9.567739415828340199e+00
-9.588548494136615474e+00
-9.608267452777999651e+00
-9.626922292573166118e+00
-9.644540442671143410e+00
-9.661150523176077698e+00
-9.676782118655665954e+00
-9.691465541567508168e+00
-9.705231613641444710e+00
-9.718111444403991328e+00
-9.730136233189545791e+00
-9.741337073614317887e+00
-9.751744785037423924e+00
-9.761389749664171944e+00
-9.770301778071578624e+00
-9.778509981569037279e+00
-9.786042672640521189e+00
-9.792927271828062885e+00
-9.799190241040433236e+00
-9.804857021820318153e+00
-9.809951997561620729e+00
-9.814498458595306118e+00
-9.818518588374045564e+00
-9.822033450225669426e+00
-9.825062992319200106e+00
-9.827626050976659755e+00
-9.829740369505405084e+00
-9.831422613408216549e+00
-9.832688398745149883e+00
-9.833552315248354603e+00
-9.834027960594720952e+00
-9.834127968172692746e+00
-9.833864044386132264e+00
-9.833246998539797445e+00
-9.832286780980572516e+00
-9.830992513211070261e+00
-9.829372525267862315e+00
-9.827434384713539473e+00
-9.825184932138231630e+00
-9.822630308114424835e+00
-9.819775986090279574e+00
-9.816626796724646553e+00
-9.813186957728539994e+00
-9.809460095243844435e+00
-9.805449270396522365e+00
-9.801156997555837691e+00
-9.796585267505177441e+00
-9.791735562533359527e+00
-9.786608876219696995e+00
-9.781205725378601556e+00
-9.775526166506333325e+00
-9.769569804635267474e+00
-9.763335806510655246e+00
-9.756822906419808206e+00
-9.750029416165743257e+00
-9.742953227926141935e+00
-9.735591821072183905e+00
-9.727942262087188041e+00
-9.720001208247897040e+00
-9.711764904596357439e+00
-9.703229184459880585e+00
-9.694389463424849751e+00
-9.685240736622551694e+00
-9.675777569601301309e+00
-9.665994092249809100e+00
-9.655883986405878971e+00
-9.645440476227847171e+00
-9.634656312314950455e+00
-9.623523758272446216e+00
-9.612034571052562981e+00
-9.600179983391923244e+00
-9.587950680015872251e+00
-9.575336775562607983e+00
-9.562327786233206339e+00
-9.548912602763007129e+00
-9.535079457056115260e+00
-9.520815889735247950e+00
-9.506108711291993529e+00
-9.490943963768232905e+00
-9.475306876015913815e+00
-9.459181819181791795e+00
-9.442552255864606892e+00
-9.425400689370173168e+00
-9.407708606985872635e+00
-9.389456423586961975e+00
-9.370623420104772450e+00
-9.351187683245120397e+00
-9.331126041837180196e+00
-9.310414006607999227e+00
-9.289025710045537565e+00
-9.266933854136254922e+00
-9.244109664694654782e+00
-9.220522862100740014e+00
-9.196141650599374273e+00
-9.170932739866669792e+00
-9.144861406920171021e+00
-9.117891619311297546e+00
-9.089986238084383885e+00
-9.061107334701851812e+00
-9.031216658906059180e+00
-9.000276315791172266e+00
-8.968249721935453778e+00
-8.935102941972317581e+00
-8.900806533188214686e+00
-8.865338074519968359e+00
-8.828685605004290338e+00
-8.790852270216680253e+00
-8.751862550530459472e+00
-8.711770538006920361e+00
-8.670670804319637881e+00
-8.628712445882854354e+00
-8.586116821225187934e+00
-8.543199210013211697e+00
-8.500393921029976596e+00
-8.458281013080762634e+00
-8.417610481839497893e+00
-8.379316430554176520e+00
-8.344509897427897727e+00
-8.314436427466850077e+00
-8.290386488024322986e+00
-8.273557317511510689e+00
-8.264884601726427249e+00
