-5.128325288120239023e+00
-5.128037379571478205e+00
-5.127461588199662579e+00
-5.126597965378089761e+00
-5.125446588202885678e+00
-5.124007559258526356e+00
-5.122281006768402811e+00
-5.120267084203407038e+00
-5.117965970508123519e+00
-5.115377869551486434e+00
-5.112503010429048977e+00
-5.109341646754321786e+00
-5.105894057037672518e+00
-5.102160543816632199e+00
-5.098141434112092973e+00
-5.093837078395393902e+00
-5.089247851122701505e+00
-5.084374149536225573e+00
-5.079216394277841218e+00
-5.073775028021330513e+00
-5.068050516166420216e+00
-5.062043345298528507e+00
-5.055754023964550647e+00
-5.049183080956060721e+00
-5.042331066168375564e+00
-5.035198548702597421e+00
-5.027786117809755595e+00
-5.020094380806417789e+00
-5.012123964105883900e+00
-5.003875510941599103e+00
-4.995349682487529641e+00
-4.986547155382884178e+00
-4.977468622944101639e+00
-4.968114792483624420e+00
-4.958486386616236530e+00
-4.948584140363783135e+00
-4.938408802558834410e+00
-4.927961132726460747e+00
-4.917241902588494362e+00
-4.906251892712382379e+00
-4.894991894119747222e+00
-4.883462704691283740e+00
-4.871665130883638284e+00
-4.859599983878106322e+00
-4.847268081410279983e+00
-4.834670243648941934e+00
-4.821807295143488048e+00
-4.808680060417763080e+00
-4.795289366040753620e+00
-4.781636035918598537e+00
-4.767720893494527878e+00
-4.753544756720237352e+00
-4.739108440391860633e+00
-4.724412750779671377e+00
-4.709458488107526541e+00
-4.694246440817504862e+00
-4.678777388200971998e+00
-4.663052094271976422e+00
-4.647071310559041990e+00
-4.630835769557932302e+00
-4.614346187694155610e+00
-4.597603258322290998e+00
-4.580607654870063605e+00
-4.563360023347566852e+00
-4.545860985684584854e+00
-4.528111131708829618e+00
-4.510111022688801263e+00
-4.491861182735782165e+00
-4.473362102564409248e+00
-4.454614230268897579e+00
-4.435617975312005079e+00
-4.416373698622001243e+00
-4.396881716815737029e+00
-4.377142291558574705e+00
-4.357155634011532719e+00
-4.336921893383711257e+00
-4.316441161536086035e+00
-4.295713460579642984e+00
-4.274738747314277276e+00
-4.253516899252796968e+00
-4.232047717266173237e+00
-4.210330906551284613e+00
-4.188366068491470529e+00
-4.166152655700882335e+00
-4.143689900236988244e+00
-4.120976614351553380e+00
-4.098010731611438473e+00
-4.074788155384530874e+00
-4.051299948645053384e+00
-4.027525676929540666e+00
-4.003419106432125396e+00
-3.978884893362820030e+00
-3.953763983515367286e+00
-3.927872203104394888e+00
-3.901085945034626246e+00
-3.873385149651586978e+00
-3.844828238731883285e+00
-3.815513245159007472e+00
-3.785553292198796882e+00
-3.755064780869433960e+00
-3.724161609885512814e+00
-3.692952210106992705e+00
-3.661537767462176074e+00
-3.630011294324857030e+00
-3.598457146029336418e+00
-3.566950994600575076e+00
-3.535560020786086444e+00
-3.504343359691772797e+00
-3.473352618732189256e+00
-3.442632513154054497e+00
-3.412221483165303049e+00
-3.382152348622819105e+00
-3.352452899649452700e+00
-3.323146485506542014e+00
-3.294252523455825976e+00
-3.265786991325231536e+00
-3.237762840463168867e+00
-3.210190390720922604e+00
-3.183077653572444099e+00
-3.156430641147834670e+00
-3.130253613398392254e+00
-3.104549316694171335e+00
-3.079319170290816032e+00
-3.054563449541686904e+00
-3.030281425455688016e+00
-3.006471505408970124e+00
-2.983131337176462949e+00
-2.960257917481836198e+00
-2.937847669439328069e+00
-2.915896526932616251e+00
-2.894399992276301514e+00
-2.873353202462116229e+00
-2.852750972134539431e+00
-2.832587846206847892e+00
-2.812858131920870086e+00
-2.793555941165392298e+00
-2.774675214393320655e+00
-2.756209755101222569e+00
-2.738153247638904109e+00
-2.720499285664299993e+00
-2.703241385338978287e+00
-2.686373009100391229e+00
-2.669887575342071440e+00
-2.653778478500428584e+00
-2.638039096031399744e+00
-2.622662805557660626e+00
-2.607642989744845430e+00
-2.592973051071642221e+00
-2.578646415057063379e+00
-2.564656543081707873e+00
-2.550996934307039332e+00
-2.537661136877575441e+00
-2.524642748792359281e+00
-2.511935427745152882e+00
-2.499532891148968261e+00
-2.487428924817371101e+00
-2.475617382299104108e+00
-2.464092192563334560e+00
-2.452847358768808217e+00
-2.441876965085424178e+00
-2.431175174998000177e+00
-2.420736237373341648e+00
-2.410554484380261986e+00
-2.400624336893474098e+00
-2.390940302097354309e+00
-2.381496978304085577e+00
-2.372289052297720691e+00
-2.363311303632932070e+00
-2.354558601767427817e+00
-2.346025909898774131e+00
-2.337708281926337950e+00
-2.329600865876488403e+00
-2.321698900729661119e+00
-2.313997719478241066e+00
-2.306492745849849424e+00
-2.299179497037135533e+00
-2.292053580344528996e+00
-2.285110695624907429e+00
-2.278346631873835459e+00
-2.271757269404316215e+00
-2.265338576409723359e+00
-2.259086610904636139e+00
-2.252997517275198369e+00
-2.247067528011132964e+00
-2.241292960260155454e+00
-2.235670217373649571e+00
-2.230195785479847093e+00
-2.224866234863354553e+00
-2.219678216570041940e+00
-2.214628463638565137e+00
-2.209713787748354363e+00
-2.204931080319349146e+00
-2.200277309213051424e+00
-2.195749519715001430e+00
-2.191344831297590279e+00
-2.187060438498194426e+00
-2.182893607751267506e+00
-2.178841678173605523e+00
-2.174902058472208743e+00
-2.171072227646808628e+00
-2.167349731978987393e+00
-2.163732185660886653e+00
-2.160217267870151669e+00
-2.156802723332675864e+00
-2.153486359487042368e+00
-2.150266046988084323e+00
-2.147139716963800460e+00
-2.144105361465458159e+00
-2.141161030819205280e+00
-2.138304834027560997e+00
-2.135534936217188040e+00
-2.132849558995720596e+00
-2.130246977996470559e+00
-2.127725523193627843e+00
-2.125283576543967268e+00
-2.122919572262566223e+00
-2.120631994560871814e+00
-2.118419377884177113e+00
-2.116280304744615925e+00
-2.114213405920698285e+00
-2.112217358383048360e+00
-2.110290885455388565e+00
-2.108432754830002587e+00
-2.106641778688685740e+00
-2.104916811804206311e+00
-2.103256751618922227e+00
-2.101660536428168857e+00
-2.100127145413819285e+00
-2.098655596905431242e+00
-2.097244948366593142e+00
-2.095894294730752172e+00
-2.094602768339807408e+00
-2.093369537354609733e+00
-2.092193805649452010e+00
-2.091074811303169856e+00
-2.090011826461091626e+00
-2.089004155923102513e+00
-2.088051136997866930e+00
-2.087152138220513375e+00
-2.086306559243305436e+00
-2.085513829738138813e+00
-2.084773409392495225e+00
-2.084084787077665979e+00
-2.083447481043358973e+00
-2.082861038452873625e+00
-2.082325035881390285e+00
-2.081839079317505892e+00
-2.081402805048905513e+00
-2.081015880183474387e+00
-2.080678003930726216e+00
-2.080388908589869690e+00
-2.080148361101997079e+00
-2.079956164300590160e+00
-2.079812158453891335e+00
-2.079716222434830009e+00
-2.079668274874850731e+00
