5.377478877768059107e+00
5.377476262436986509e+00
5.377471040722733520e+00
5.377463230457359522e+00
5.377452858230350685e+00
5.377439959200281727e+00
5.377424576846971505e+00
5.377406762666872453e+00
5.377386575815044090e+00
5.377364082697618564e+00
5.377339356519145852e+00
5.377312476789667173e+00
5.377283528796700018e+00
5.377252603047619317e+00
5.377219794688126164e+00
5.377185202902601269e+00
5.377148930302241503e+00
5.377111082306772261e+00
5.377071766525499008e+00
5.377031092143219837e+00
5.376989169316330752e+00
5.376946108584093054e+00
5.376902020299727525e+00
5.376857014085556941e+00
5.376811198315992080e+00
5.376764679631666155e+00
5.376717562487561608e+00
5.376669948737410110e+00
5.376621937256214068e+00
5.376573623602132201e+00
5.376525099718580059e+00
5.376476453676829692e+00
5.376427769459008132e+00
5.376379126780910234e+00
5.376330600953724392e+00
5.376282262783332655e+00
5.376234178505636230e+00
5.376186409755975504e+00
5.376139013570618630e+00
5.376092042417973005e+00
5.376045544257174846e+00
5.375999562621477601e+00
5.375954136723936294e+00
5.375909301582732169e+00
5.375865088163612526e+00
5.375821523536868263e+00
5.375778631046417289e+00
5.375736430488577966e+00
5.375694938298327230e+00
5.375654167740855804e+00
5.375614129106490502e+00
5.375574829907088237e+00
5.375536275072299475e+00
5.375498467144106840e+00
5.375461406468374115e+00
5.375425091382142639e+00
5.375389518395712329e+00
5.375354682368580050e+00
5.375320576678557671e+00
5.375287193383433859e+00
5.375254523374771054e+00
5.375222556523444162e+00
5.375191281816769084e+00
5.375160687487006150e+00
5.375130761131299728e+00
5.375101489822999845e+00
5.375072860214583415e+00
5.375044858632253231e+00
5.375017471162528260e+00
5.374990683731026841e+00
5.374964482173806068e+00
5.374938852301538894e+00
5.374913779956939308e+00
5.374889251065742002e+00
5.374865251681685052e+00
5.374841768025803823e+00
5.374818786520502378e+00
5.374796293818691062e+00
5.374774276828455655e+00
5.374752722733534327e+00
5.374731619010036709e+00
5.374710953439661765e+00
5.374690714119823909e+00
5.374670889470901436e+00
5.374651468241002483e+00
5.374632439508408410e+00
5.374613792682073843e+00
5.374595517500301511e+00
5.374577604027927613e+00
5.374560042652119840e+00
5.374542824077080283e+00
5.374525939317719825e+00
5.374509379692577582e+00
5.374493136816011152e+00
5.374477202589908131e+00
5.374461569194920685e+00
5.374446229081438098e+00
5.374431174960289326e+00
5.374416399793363830e+00
5.374401896784108956e+00
5.374387659368095704e+00
5.374373681203580944e+00
5.374359956162236607e+00
5.374346478319969478e+00
5.374333241947992335e+00
5.374320241504037199e+00
5.374307471623881227e+00
5.374294927113061782e+00
5.374282602938931674e+00
5.374270494222932015e+00
5.374258596233228324e+00
5.374246904377574019e+00
5.374235414196549598e+00
5.374224121357020323e+00
5.374213021645983801e+00
5.374202110964620083e+00
5.374191385322725445e+00
5.374180840833339801e+00
5.374170473707740925e+00
5.374160280250622534e+00
5.374150256855615204e+00
5.374140400000979589e+00
5.374130706245621170e+00
5.374121172225254206e+00
5.374111794648874785e+00
5.374102570295355541e+00
5.374093496010330817e+00
5.374084568703188403e+00
5.374075785344325062e+00
5.374067142962485555e+00
5.374058638642357444e+00
5.374050269522223644e+00
5.374042032791845003e+00
5.374033925690392621e+00
5.374025945504594226e+00
5.374018089566896528e+00
5.374010355253846960e+00
5.374002739984460320e+00
5.373995241218792351e+00
5.373987856456490242e+00
5.373980583235528741e+00
5.373973419130911644e+00
5.373966361753550913e+00
5.373959408749093392e+00
5.373952557796914498e+00
5.373945806609052411e+00
5.373939152929295915e+00
5.373932594532202955e+00
5.373926129222263981e+00
5.373919754832988005e+00
5.373913469226129891e+00
5.373907270290818161e+00
5.373901155942832020e+00
5.373895124123764688e+00
5.373889172800330627e+00
5.373883299963550186e+00
5.373877503628079921e+00
5.373871781831404348e+00
5.373866132633173365e+00
5.373860554114400223e+00
5.373855044376789181e+00
5.373849601541926368e+00
5.373844223750597671e+00
5.373838909161958277e+00
5.373833655952833688e+00
5.373828462316854626e+00
5.373823326463734951e+00
5.373818246618364824e+00
5.373813221020054876e+00
5.373808247921584957e+00
5.373803325588394131e+00
5.373798452297582351e+00
5.373793626337041829e+00
5.373788846004393882e+00
5.373784109606056347e+00
5.373779415456106712e+00
5.373774761875268702e+00
5.373770147189691926e+00
5.373765569729852309e+00
5.373761027829229597e+00
5.373756519823106537e+00
5.373752044047133580e+00
5.373747598836009942e+00
5.373743182521915074e+00
5.373738793433060046e+00
5.373734429891964481e+00
5.373730090213848953e+00
5.373725772704743164e+00
5.373721475659698044e+00
5.373717197360689646e+00
5.373712936074620750e+00
5.373708690050997383e+00
5.373704457519686173e+00
5.373700236688316423e+00
5.373696025739757687e+00
5.373691822829209208e+00
5.373687626081343538e+00
5.373683433587030933e+00
5.373679243400100169e+00
5.373675053533628621e+00
5.373670861956257205e+00
5.373666666587976870e+00
5.373662465295915069e+00
5.373658255889536939e+00
5.373654036115810051e+00
5.373649803653726131e+00
5.373645556108731292e+00
5.373641291006459042e+00
5.373637005786307874e+00
5.373632697794246127e+00
5.373628364275412572e+00
5.373624002365846586e+00
5.373619609083958970e+00
5.373615181321049761e+00
5.373610715831495632e+00
5.373606209221910568e+00
5.373601657939928167e+00
5.373597058261895043e+00
5.373592406280184974e+00
5.373587697889406378e+00
5.373582928772314915e+00
5.373578094384724224e+00
5.373573189940363370e+00
5.373568210395056610e+00
5.373563150431419189e+00
5.373558004443629521e+00
5.373552766523879143e+00
5.373547430450469342e+00
5.373541989679859299e+00
5.373536437343459760e+00
5.373530766252732960e+00
5.373524968914979993e+00
5.373519037565696266e+00
5.373512964222872945e+00
5.373506740773443369e+00
5.373500359102918900e+00
5.373493811286407684e+00
5.373487089862683419e+00
5.373480188224148968e+00
5.373473101163741994e+00
5.373465825637489424e+00
5.373458361816851436e+00
5.373450714530890515e+00
5.373442895219938009e+00
5.373434924549238545e+00
5.373426835837909366e+00
5.373418679439864398e+00
5.373410528115440954e+00
5.373402483212569081e+00
5.373394681031339104e+00
5.373387297984034916e+00
5.373380551940984518e+00
5.373374695549318680e+00
5.373369996503417845e+00
5.373366703421084800e+00
5.373365006174208425e+00
