5.376223008718946872e+00
5.376220511671524704e+00
5.376215526742341488e+00
5.376208072196202892e+00
5.376198175264777390e+00
5.376185871950032613e+00
5.376171206765592459e+00
5.376154232418888235e+00
5.376135009437636114e+00
5.376113605744722079e+00
5.376090096186138645e+00
5.376064562017033310e+00
5.376037090351330150e+00
5.376007773580677274e+00
5.375976708768693157e+00
5.375943997026610965e+00
5.375909742876471498e+00
5.375874053607992309e+00
5.375837038635103760e+00
5.375798808857978450e+00
5.375759476036102491e+00
5.375719152177617310e+00
5.375677948949791229e+00
5.375635977115033270e+00
5.375593345996407812e+00
5.375550162976093560e+00
5.375506533029730249e+00
5.375462558299033411e+00
5.375418337704549465e+00
5.375373966599857667e+00
5.375329536468034242e+00
5.375285134660668263e+00
5.375240844179257849e+00
5.375196743498364960e+00
5.375152906429496724e+00
5.375109402024335736e+00
5.375066294515572274e+00
5.375023643293377340e+00
5.374981502915251674e+00
5.374939923146860643e+00
5.374898949031281958e+00
5.374858620984001689e+00
5.374818974910959390e+00
5.374780042346891662e+00
5.374741850611254534e+00
5.374704422979062812e+00
5.374667778864042234e+00
5.374631934011609324e+00
5.374596900699294189e+00
5.374562687942394668e+00
5.374529301702763107e+00
5.374496745098824135e+00
5.374465018615064871e+00
5.374434120309428131e+00
5.374404046017210668e+00
5.374374789550223852e+00
5.374346342890167882e+00
5.374318696375308235e+00
5.374291838879714511e+00
5.374265757984460379e+00
5.374240440140312103e+00
5.374215870821581476e+00
5.374192034670915774e+00
5.374168915634903065e+00
5.374146497090474206e+00
5.374124761962169927e+00
5.374103692830388468e+00
5.374083272030833136e+00
5.374063481745387172e+00
5.374044304084724999e+00
5.374025721162989377e+00
5.374007715164879961e+00
5.373990268405551163e+00
5.373973363383695911e+00
5.373956982828231865e+00
5.373941109738987087e+00
5.373925727421799969e+00
5.373910819518429527e+00
5.373896370031672198e+00
5.373882363346070612e+00
5.373868784244589136e+00
5.373855617921600825e+00
5.373842849992547244e+00
5.373830466500575831e+00
5.373818453920475413e+00
5.373806799160194103e+00
5.373795489560208694e+00
5.373784512891005782e+00
5.373773857348901117e+00
5.373763511550416538e+00
5.373753464525426793e+00
5.373743705709236096e+00
5.373734224933779835e+00
5.373725012418088198e+00
5.373716058758147618e+00
5.373707354916304801e+00
5.373698892210305722e+00
5.373690662302077925e+00
5.373682657186352962e+00
5.373674869179197344e+00
5.373667290906527505e+00
5.373659915292672729e+00
5.373652735549033110e+00
5.373645745162885845e+00
5.373638937886369149e+00
5.373632307725691781e+00
5.373625848930576154e+00
5.373619555983979446e+00
5.373613423592091820e+00
5.373607446674641075e+00
5.373601620355502817e+00
5.373595939953632161e+00
5.373590400974315173e+00
5.373584999100748050e+00
5.373579730185944925e+00
5.373574590244957427e+00
5.373569575447433522e+00
5.373564682110473001e+00
5.373559906691809829e+00
5.373555245783287582e+00
5.373550696104635094e+00
5.373546254497528984e+00
5.373541917919939515e+00
5.373537683440741120e+00
5.373533548234591173e+00
5.373529509577050334e+00
5.373525564839956914e+00
5.373521711487027730e+00
5.373517947069681000e+00
5.373514269223075956e+00
5.373510675662354963e+00
5.373507164179081030e+00
5.373503732637862740e+00
5.373500378973151470e+00
5.373497101186215374e+00
5.373493897342265235e+00
5.373490765567737526e+00
5.373487704047722247e+00
5.373484711023523097e+00
5.373481784790353544e+00
5.373478923695151011e+00
5.373476126134510089e+00
5.373473390552724993e+00
5.373470715439933265e+00
5.373468099330362513e+00
5.373465540800667739e+00
5.373463038468352160e+00
5.373460590990277730e+00
5.373458197061245833e+00
5.373455855412658799e+00
5.373453564811243588e+00
5.373451324057842982e+00
5.373449131986270721e+00
5.373446987462219937e+00
5.373444889382229306e+00
5.373442836672696288e+00
5.373440828288942761e+00
5.373438863214322403e+00
5.373436940459371591e+00
5.373435059061002939e+00
5.373433218081731688e+00
5.373431416608940303e+00
5.373429653754175916e+00
5.373427928652478869e+00
5.373426240461744108e+00
5.373424588362101240e+00
5.373422971555332772e+00
5.373421389264304793e+00
5.373419840732434061e+00
5.373418325223163983e+00
5.373416842019469897e+00
5.373415390423378568e+00
5.373413969755511665e+00
5.373412579354641672e+00
5.373411218577264670e+00
5.373409886797190893e+00
5.373408583405147709e+00
5.373407307808398592e+00
5.373406059430371862e+00
5.373404837710303639e+00
5.373403642102893230e+00
5.373402472077967396e+00
5.373401327120159721e+00
5.373400206728589090e+00
5.373399110416563040e+00
5.373398037711274888e+00
5.373396988153519516e+00
5.373395961297411816e+00
5.373394956710114023e+00
5.373393973971571924e+00
5.373393012674255509e+00
5.373392072422902288e+00
5.373391152834277484e+00
5.373390253536928007e+00
5.373389374170946198e+00
5.373388514387745118e+00
5.373387673849823187e+00
5.373386852230549238e+00
5.373386049213942250e+00
5.373385264494457303e+00
5.373384497776775071e+00
5.373383748775592217e+00
5.373383017215422441e+00
5.373382302830389534e+00
5.373381605364031088e+00
5.373380924569103101e+00
5.373380260207381021e+00
5.373379612049473231e+00
5.373378979874624761e+00
5.373378363470531660e+00
5.373377762633151811e+00
5.373377177166519303e+00
5.373376606882557915e+00
5.373376051600898151e+00
5.373375511148693384e+00
5.373374985360436007e+00
5.373374474077777130e+00
5.373373977149345393e+00
5.373373494430566666e+00
5.373373025783480195e+00
5.373372571076564519e+00
5.373372130184557172e+00
5.373371702988272602e+00
5.373371289374430759e+00
5.373370889235476788e+00
5.373370502469403398e+00
5.373370128979582105e+00
5.373369768674582048e+00
5.373369421468003004e+00
5.373369087278302203e+00
5.373368766028625565e+00
5.373368457646638952e+00
5.373368162064364739e+00
5.373367879218016618e+00
5.373367609047842386e+00
5.373367351497964961e+00
5.373367106516227842e+00
5.373366874054046782e+00
5.373366654066263237e+00
5.373366446511001371e+00
5.373366251349530387e+00
5.373366068546135743e+00
5.373365898067989477e+00
5.373365739885031189e+00
5.373365593969851695e+00
5.373365460297586438e+00
5.373365338845811578e+00
5.373365229594455172e+00
5.373365132525702137e+00
5.373365047623924973e+00
5.373364974875603828e+00
5.373364914269271431e+00
5.373364865795452694e+00
5.373364829446623858e+00
5.373364805217174300e+00
5.373364793103379000e+00
