1.133933771698157678e+01
1.133931679433299422e+01
1.133927502061897030e+01
1.133921253849597832e+01
1.133912956067990940e+01
1.133902636843935952e+01
1.133890330961287951e+01
1.133876079617208177e+01
1.133859930135745842e+01
1.133841935641805243e+01
1.133822154699027074e+01
1.133800650915443775e+01
1.133777492521070229e+01
1.133752751921806023e+01
1.133726505234211146e+01
1.133698831805791585e+01
1.133669813725503772e+01
1.133639535329128378e+01
1.133608082704109421e+01
1.133575543198286439e+01
1.133542004936775349e+01
1.133507556350984480e+01
1.133472285723492234e+01
1.133436280752155767e+01
1.133399628136504056e+01
1.133362413189043671e+01
1.133324719473759679e+01
1.133286628473638835e+01
1.133248219288682002e+01
1.133209568365416153e+01
1.133170749258574617e+01
1.133131832425174501e+01
1.133092885050917076e+01
1.133053970908438757e+01
1.133015150246689728e+01
1.132976479710376694e+01
1.132938012288219376e+01
1.132899797288491150e+01
1.132861880340205474e+01
1.132824303418089151e+01
1.132787104889450269e+01
1.132750319580892651e+01
1.132713978862859783e+01
1.132678110749895950e+01
1.132642740014600413e+01
1.132607888313205358e+01
1.132573574320844401e+01
1.132539813874572587e+01
1.132506620122371999e+01
1.132474003676395213e+01
1.132441972768902616e+01
1.132410533409381159e+01
1.132379689541549972e+01
1.132349443198995864e+01
1.132319794658410039e+01
1.132290742589424504e+01
1.132262284200280256e+01
1.132234415378574255e+01
1.132207130826556885e+01
1.132180424190457835e+01
1.132154288183527058e+01
1.132128714702465722e+01
1.132103694937125482e+01
1.132079219473315668e+01
1.132055278388750175e+01
1.132031861342110446e+01
1.132008957655377479e+01
1.131986556389512799e+01
1.131964646413733355e+01
1.131943216468531688e+01
1.131922255222755247e+01
1.131901751324941507e+01
1.131881693449262194e+01
1.131862070336304171e+01
1.131842870829058434e+01
1.131824083904353628e+01
1.131805698700112650e+01
1.131787704538663242e+01
1.131770090946474916e+01
1.131752847670537498e+01
1.131735964691739404e+01
1.131719432235439626e+01
1.131703240779569342e+01
1.131687381060431719e+01
1.131671844076512023e+01
1.131656621090436765e+01
1.131641703629369466e+01
1.131627083483951424e+01
1.131612752706052483e+01
1.131598703605406264e+01
1.131584928745374619e+01
1.131571420937886252e+01
1.131558173237772280e+01
1.131545178936519136e+01
1.131532431555637253e+01
1.131519924839646762e+01
1.131507652748860870e+01
1.131495609451941853e+01
1.131483789318401278e+01
1.131472186910997202e+01
1.131460796978187133e+01
1.131449614446575147e+01
1.131438634413499678e+01
1.131427852139686330e+01
1.131417263042104437e+01
1.131406862686939974e+01
1.131396646782815552e+01
1.131386611174159995e+01
1.131376751834855909e+01
1.131367064862055827e+01
1.131357546470293052e+01
1.131348192985769963e+01
1.131339000840949893e+01
1.131329966569327006e+01
1.131321086800497433e+01
1.131312358255406814e+01
1.131303777741890926e+01
1.131295342150382233e+01
1.131287048449903310e+01
1.131278893684208242e+01
1.131270874968202556e+01
1.131262989484494241e+01
1.131255234480207505e+01
1.131247607263913935e+01
1.131240105202810398e+01
1.131232725719994470e+01
1.131225466291975223e+01
1.131218324446261292e+01
1.131211297759170264e+01
1.131204383853698658e+01
1.131197580397596703e+01
1.131190885101489130e+01
1.131184295717186394e+01
1.131177810036024667e+01
1.131171425887385595e+01
1.131165141137227970e+01
1.131158953686788138e+01
1.131152861471278825e+01
1.131146862458744629e+01
1.131140954648902763e+01
1.131135136072133207e+01
1.131129404788439530e+01
1.131123758886551123e+01
1.131118196482984928e+01
1.131112715721242168e+01
1.131107314770952499e+01
1.131101991827147479e+01
1.131096745109472401e+01
1.131091572861521222e+01
1.131086473350100974e+01
1.131081444864614483e+01
1.131076485716365276e+01
1.131071594237976363e+01
1.131066768782722320e+01
1.131062007723974716e+01
1.131057309454550541e+01
1.131052672386173974e+01
1.131048094948833693e+01
1.131043575590249439e+01
1.131039112775230748e+01
1.131034704985141914e+01
1.131030350717251309e+01
1.131026048484188351e+01
1.131021796813277192e+01
1.131017594245977342e+01
1.131013439337194626e+01
1.131009330654698175e+01
1.131005266778402429e+01
1.131001246299754648e+01
1.130997267820978713e+01
1.130993329954426052e+01
1.130989431321776273e+01
1.130985570553343678e+01
1.130981746287225320e+01
1.130977957168555825e+01
1.130974201848595939e+01
1.130970478983925531e+01
1.130966787235463933e+01
1.130963125267592240e+01
1.130959491747093715e+01
1.130955885342195621e+01
1.130952304721417079e+01
1.130948748552517991e+01
1.130945215501242451e+01
1.130941704230158784e+01
1.130938213397281977e+01
1.130934741654789555e+01
1.130931287647505101e+01
1.130927850011469182e+01
1.130924427372261931e+01
1.130921018343406992e+01
1.130917621524508299e+01
1.130914235499459330e+01
1.130910858834363530e+01
1.130907490075516897e+01
1.130904127747077936e+01
1.130900770348785400e+01
1.130897416353335494e+01
1.130894064203790528e+01
1.130890712310613644e+01
1.130887359048715979e+01
1.130884002754092243e+01
1.130880641720442270e+01
1.130877274195340121e+01
1.130873898376358611e+01
1.130870512406691297e+01
1.130867114370695781e+01
1.130863702288877626e+01
1.130860274112756514e+01
1.130856827719107471e+01
1.130853360904040450e+01
1.130849871376387483e+01
1.130846356750877746e+01
1.130842814540550201e+01
1.130839242148907076e+01
1.130835636861238669e+01
1.130831995835652748e+01
1.130828316093226427e+01
1.130824594507858372e+01
1.130820827795235317e+01
1.130817012501562147e+01
1.130813144991490127e+01
1.130809221436001266e+01
1.130805237799756036e+01
1.130801189828845565e+01
1.130797073038614187e+01
1.130792882702813529e+01
1.130788613844085866e+01
1.130784261227597831e+01
1.130779819358478200e+01
1.130775282485896582e+01
1.130770644615694742e+01
1.130765899536267405e+01
1.130761040862009104e+01
1.130756062102464732e+01
1.130750956766045867e+01
1.130745718512836362e+01
1.130740341373857305e+01
1.130734820063029744e+01
1.130729150414704343e+01
1.130723329993701931e+01
1.130717358937191896e+01
1.130711241108423160e+01
1.130704985659660800e+01
1.130698609123101050e+01
1.130692138154037707e+01
1.130685613035601733e+01
1.130679091976063333e+01
1.130672656053765657e+01
1.130666414308781320e+01
1.130660507870938325e+01
1.130655111036498361e+01
1.130650425923165159e+01
1.130646666686444313e+01
1.130644032220578588e+01
1.130642674423077310e+01
