6.836509619862206364e+02
6.836427281130718256e+02
6.836262888341711914e+02
6.836017008786010365e+02
6.835690488280599766e+02
6.835284445090946974e+02
6.834800261935466779e+02
6.834239576162390222e+02
6.833604268209397787e+02
6.832896448474276667e+02
6.832118442741426634e+02
6.831272776322507525e+02
6.830362157081727901e+02
6.829389457524587215e+02
6.828357696136151844e+02
6.827270018157776121e+02
6.826129675993319097e+02
6.824940009433353225e+02
6.823704425883032627e+02
6.822426380771797767e+02
6.821109358315842428e+02
6.819756852792587551e+02
6.818372350475573285e+02
6.816959312363236450e+02
6.815521157821731322e+02
6.814061249244767851e+02
6.812582877818841780e+02
6.811089250463936651e+02
6.809583478005005190e+02
6.808068564611211286e+02
6.806547398526032566e+02
6.805022744093924985e+02
6.803497235077051073e+02
6.801973369239959766e+02
6.800453504170217229e+02
6.798939854289650384e+02
6.797434489003738918e+02
6.795939331925929991e+02
6.794456161109471850e+02
6.792986610211229390e+02
6.791532170510644164e+02
6.790094193701493168e+02
6.788673895375352458e+02
6.787272359112494087e+02
6.785890541099565780e+02
6.784529275191970328e+02
6.783189278344532340e+02
6.781871156333950239e+02
6.780575409703681089e+02
6.779302439862757410e+02
6.778052555278223963e+02
6.776825977702229693e+02
6.775622848383583232e+02
6.774443234215068514e+02
6.773287133776817655e+02
6.772154483237329714e+02
6.771045162082670004e+02
6.769958998645207657e+02
6.768895775411976956e+02
6.767855234092879755e+02
6.766837080437318264e+02
6.765840988787214201e+02
6.764866606362270431e+02
6.763913557271920354e+02
6.762981446255751052e+02
6.762069862152072801e+02
6.761178381101100285e+02
6.760306569486331227e+02
6.759453986624124582e+02
6.758620187207826575e+02
6.757804723518919445e+02
6.757007147413307848e+02
6.756227012096748012e+02
6.755463873698518000e+02
6.754717292658064025e+02
6.753986834934004264e+02
6.753272073050433164e+02
6.752572586989615502e+02
6.751887964945726708e+02
6.751217803948129585e+02
6.750561710368210697e+02
6.749919300317344550e+02
6.749290199949226690e+02
6.748674045673047885e+02
6.748070484289796696e+02
6.747479173057035950e+02
6.746899779693428627e+02
6.746331982327172909e+02
6.745775469398656696e+02
6.745229939520309017e+02
6.744695101303034335e+02
6.744170673151115807e+02
6.743656383034078772e+02
6.743151968236396669e+02
6.742657175092753050e+02
6.742171758708798279e+02
6.741695482674452933e+02
6.741228118768830200e+02
6.740769446663277904e+02
6.740319253620853033e+02
6.739877334198247354e+02
6.739443489947823309e+02
6.739017529125402461e+02
6.738599266400887018e+02
6.738188522577025878e+02
6.737785124312965763e+02
6.737388903857636251e+02
6.736999698789167041e+02
6.736617351765274861e+02
6.736241710280418147e+02
6.735872626434540962e+02
6.735509956708941672e+02
6.735153561753979830e+02
6.734803306183915765e+02
6.734459058383578167e+02
6.734120690321934717e+02
6.733788077377251966e+02
6.733461098168728540e+02
6.733139634399386750e+02
6.732823570704845224e+02
6.732512794512904293e+02
6.732207195908358699e+02
6.731906667508098963e+02
6.731611104340768179e+02
6.731320403736110620e+02
6.731034465218177729e+02
6.730753190407663169e+02
6.730476482927373354e+02
6.730204248316243820e+02
6.729936393945818054e+02
6.729672828944703724e+02
6.729413464124827442e+02
6.729158211915139418e+02
6.728906986296475452e+02
6.728659702743398157e+02
6.728416278166561142e+02
6.728176630861644298e+02
6.727940680458211773e+02
6.727708347874751098e+02
6.727479555273120013e+02
6.727254226018792451e+02
6.727032284640034732e+02
6.726813656792553502e+02
6.726598269222640738e+02
6.726386049735494908e+02
6.726176927161616277e+02
6.725970831328163513e+02
6.725767693027967198e+02
6.725567443993335246e+02
6.725370016867130971e+02
6.725175345178473663e+02
6.724983363315402585e+02
6.724794006502003185e+02
6.724607210772185226e+02
6.724422912947831037e+02
6.724241050613272819e+02
6.724061562094082092e+02
6.723884386431894882e+02
6.723709463363474015e+02
6.723536733295561589e+02
6.723366137283910575e+02
6.723197617007831468e+02
6.723031114748911250e+02
6.722866573364972282e+02
6.722703936268188727e+02
6.722543147398192787e+02
6.722384151199308917e+02
6.722226892592537979e+02
6.722071316951653444e+02
6.721917370073779239e+02
6.721764998154070554e+02
6.721614147754622763e+02
6.721464765777453749e+02
6.721316799431415347e+02
6.721170196203190699e+02
6.721024903821906946e+02
6.720880870227789501e+02
6.720738043534116741e+02
6.720596371993173079e+02
6.720455803955138663e+02
6.720316287830926285e+02
6.720177772047543385e+02
6.720040205007333043e+02
6.719903535039283042e+02
6.719767710354124119e+02
6.719632678990966497e+02
6.719498388767597135e+02
6.719364787221765027e+02
6.719231821555902116e+02
6.719099438572214922e+02
6.718967584610951462e+02
6.718836205478328338e+02
6.718705246377284084e+02
6.718574651827086655e+02
6.718444365585341984e+02
6.718314330557919902e+02
6.718184488710766118e+02
6.718054780968524256e+02
6.717925147114430047e+02
6.717795525675735462e+02
6.717665853809652390e+02
6.717536067173352876e+02
6.717406099793533940e+02
6.717275883918408681e+02
6.717145349868085304e+02
6.717014425865475005e+02
6.716883037864234893e+02
6.716751109355089966e+02
6.716618561167603048e+02
6.716485311247903383e+02
6.716351274430123794e+02
6.716216362181147588e+02
6.716080482337201829e+02
6.715943538811010285e+02
6.715805431289012404e+02
6.715666054896568085e+02
6.715525299851871068e+02
6.715383051085940451e+02
6.715239187851169618e+02
6.715093583295713415e+02
6.714946104028816762e+02
6.714796609655262500e+02
6.714644952308271968e+02
6.714490976161748677e+02
6.714334516958313088e+02
6.714175401540218218e+02
6.714013447431851773e+02
6.713848462473795280e+02
6.713680244578802103e+02
6.713508581634959000e+02
6.713333251665591206e+02
6.713154023319851831e+02
6.712970656875361328e+02
6.712782905919652876e+02
6.712590520024651823e+02
6.712393248756511639e+02
6.712190847581579192e+02
6.711983086339138254e+02
6.711769761294075352e+02
6.711550712038305164e+02
6.711325845053252124e+02
6.711095166223300339e+02
6.710858825388689866e+02
6.710617176694847785e+02
6.710370859321394619e+02
6.710120903385329711e+02
6.709868865234120676e+02
6.709616993319167477e+02
6.709368419048088299e+02
6.709127353273124754e+02
6.708899245550777550e+02
6.708690825586883193e+02
6.708509896779895598e+02
6.708364726826488322e+02
6.708262993874432141e+02
6.708210561553086109e+02
