-2.614345799250628044e-01
-2.614524358816583960e-01
-2.614880804450789853e-01
-2.615413793946650411e-01
-2.616121325997246005e-01
-2.617000754422940667e-01
-2.618048806935359685e-01
-2.619261608182865131e-01
-2.620634706869256481e-01
-2.622163106642582120e-01
-2.623841300423887524e-01
-2.625663307827929005e-01
-2.627622715286105359e-01
-2.629712718459728538e-01
-2.631926166526032396e-01
-2.634255607890188533e-01
-2.636693336895195028e-01
-2.639231441075741702e-01
-2.641861848530039358e-01
-2.644576374982391953e-01
-2.647366770128026792e-01
-2.650224762882285590e-01
-2.653142105162201170e-01
-2.656110613883403970e-01
-2.659122210860228042e-01
-2.662168960358703984e-01
-2.665243104063355628e-01
-2.668337093281477057e-01
-2.671443618223453553e-01
-2.674555634257023140e-01
-2.677666385057786980e-01
-2.680769422622886200e-01
-2.683858624143273808e-01
-2.686928205774281597e-01
-2.689972733361469803e-01
-2.692987130220063641e-01
-2.695966682080224719e-01
-2.698907039341368330e-01
-2.701804216791526825e-01
-2.704654590965545613e-01
-2.707454895329154398e-01
-2.710202213479971367e-01
-2.712893970569155155e-01
-2.715527923143790101e-01
-2.718102147613815078e-01
-2.720615027543335507e-01
-2.723065239962601525e-01
-2.725451740888438223e-01
-2.727773750233902783e-01
-2.730030736278510894e-01
-2.732222399856905626e-01
-2.734348658415677313e-01
-2.736409630073457500e-01
-2.738405617805405590e-01
-2.740337093863304263e-01
-2.742204684529062075e-01
-2.744009155283268497e-01
-2.745751396461565963e-01
-2.747432409461903480e-01
-2.749053293546259158e-01
-2.750615233280483407e-01
-2.752119486636447898e-01
-2.753567373779953198e-01
-2.754960266552854420e-01
-2.756299578654774485e-01
-2.757586756522276139e-01
-2.758823270895652269e-01
-2.760010609060948861e-01
-2.761150267751374399e-01
-2.762243746681352086e-01
-2.763292542697420306e-01
-2.764298144511060373e-01
-2.765262027991194915e-01
-2.766185651984526261e-01
-2.767070454632906129e-01
-2.767917850159092308e-01
-2.768729226086770190e-01
-2.769505940868178251e-01
-2.770249321885998040e-01
-2.770960663802232160e-01
-2.771641227222799153e-01
-2.772292237656409086e-01
-2.772914884731453866e-01
-2.773510321657708944e-01
-2.774079664898529973e-01
-2.774623994038544761e-01
-2.775144351821712818e-01
-2.775641744341433848e-01
-2.776117141364751184e-01
-2.776571476773121439e-01
-2.777005649103853613e-01
-2.777420522178543627e-01
-2.777816925804125203e-01
-2.778195656536355806e-01
-2.778557478492720278e-01
-2.778903124205504560e-01
-2.779233295507246293e-01
-2.779548664438623584e-01
-2.779849874173260238e-01
-2.780137539950911507e-01
-2.780412250017863518e-01
-2.780674566561766592e-01
-2.780925026646209330e-01
-2.781164143132937028e-01
-2.781392405592871264e-01
-2.781610281203228952e-01
-2.781818215624990431e-01
-2.782016633863264587e-01
-2.782205941105924119e-01
-2.782386523539641110e-01
-2.782558749142848842e-01
-2.782722968456648460e-01
-2.782879515327371100e-01
-2.783028707628769638e-01
-2.783170847955627192e-01
-2.783306224294904152e-01
-2.783435110670881008e-01
-2.783557767765317825e-01
-2.783674443514965735e-01
-2.783785373683195230e-01
-2.783890782410338161e-01
-2.783990882738180406e-01
-2.784085877117538632e-01
-2.784175957886368402e-01
-2.784261307736086155e-01
-2.784342100148427535e-01
-2.784418499820642268e-01
-2.784490663066374050e-01
-2.784558738200748063e-01
-2.784622865907125933e-01
-2.784683179588787749e-01
-2.784739805700617854e-01
-2.784792864070063656e-01
-2.784842468200494081e-01
-2.784888725560341616e-01
-2.784931737861813250e-01
-2.784971601320860302e-01
-2.785008406913407342e-01
-2.785042240611813602e-01
-2.785073183615188741e-01
-2.785101312569210341e-01
-2.785126699771893755e-01
-2.785149413376865057e-01
-2.785169517581804199e-01
-2.785187072810064168e-01
-2.785202135889084385e-01
-2.785214760213619578e-01
-2.785224995908237022e-01
-2.785232889981416604e-01
-2.785238486473843311e-01
-2.785241826600036719e-01
-2.785242948886751391e-01
-2.785241889304346796e-01
-2.785238681396287053e-01
-2.785233356403484795e-01
-2.785225943383217717e-01
-2.785216469327741473e-01
-2.785204959278844150e-01
-2.785191436437380319e-01
-2.785175922274513161e-01
-2.785158436637294455e-01
-2.785138997856918541e-01
-2.785117622848202190e-01
-2.785094327215272281e-01
-2.785069125354072694e-01
-2.785042030551123649e-01
-2.785013055085309719e-01
-2.784982210329274843e-01
-2.784949506849487832e-01
-2.784914954505267604e-01
-2.784878562555160308e-01
-2.784840339753594241e-01
-2.784800294456762360e-01
-2.784758434727962473e-01
-2.784714768439636723e-01
-2.784669303382636962e-01
-2.784622047374457621e-01
-2.784573008368257940e-01
-2.784522194565524633e-01
-2.784469614527276260e-01
-2.784415277297012659e-01
-2.784359192504686220e-01
-2.784301370504269624e-01
-2.784241822475367334e-01
-2.784180560565516771e-01
-2.784117598002001093e-01
-2.784052949224497531e-01
-2.783986630014815278e-01
-2.783918657626933135e-01
-2.783849050914378731e-01
-2.783777830471402814e-01
-2.783705018759714545e-01
-2.783630640247400923e-01
-2.783554721539735488e-01
-2.783477291518507979e-01
-2.783398381472617644e-01
-2.783318025233074700e-01
-2.783236259301168358e-01
-2.783153122980422944e-01
-2.783068658503634052e-01
-2.782982911150968519e-01
-2.782895929374795130e-01
-2.782807764909199788e-01
-2.782718472871762994e-01
-2.782628111884272171e-01
-2.782536744138819351e-01
-2.782444435505035951e-01
-2.782351255592979133e-01
-2.782257277819430996e-01
-2.782162579467727381e-01
-2.782067241715676098e-01
-2.781971349673814653e-01
-2.781874992388181922e-01
-2.781778262843615512e-01
-2.781681257936473028e-01
-2.781584078435097029e-01
-2.781486828928166344e-01
-2.781389617744475795e-01
-2.781292556846963748e-01
-2.781195761726586446e-01
-2.781099351242734552e-01
-2.781003447482967572e-01
-2.780908175541190186e-01
-2.780813663347447284e-01
-2.780720041397285458e-01
-2.780627442508708524e-01
-2.780536001545214075e-01
-2.780445855100702746e-01
-2.780357141179012892e-01
-2.780269998840113055e-01
-2.780184567827407305e-01
-2.780100988200993051e-01
-2.780019399877248221e-01
-2.779939942277636078e-01
-2.779862753821719101e-01
-2.779787971519789846e-01
-2.779715730486837511e-01
-2.779646163483208698e-01
-2.779579400434144532e-01
-2.779515567951291732e-01
-2.779454788867097292e-01
-2.779397181714332032e-01
-2.779342860338201993e-01
-2.779291933348714272e-01
-2.779244503729650928e-01
-2.779200668391689777e-01
-2.779160517764831528e-01
-2.779124135388912897e-01
-2.779091597557380999e-01
-2.779062973012131343e-01
-2.779038322573058606e-01
-2.779017698947640613e-01
-2.779001146330462024e-01
-2.778988700495456654e-01
-2.778980388243665334e-01
-2.778976227566331003e-01
