6.932988151420304668e+00
6.933215240294834381e+00
6.933669382918953517e+00
6.934350509048028854e+00
6.935258513328180108e+00
6.936393255312021999e+00
6.937754559479597738e+00
6.939342215264567848e+00
6.941155977085607276e+00
6.943195564383072060e+00
6.945460661660853852e+00
6.947950918533497777e+00
6.950665949778497499e+00
6.953605335393877596e+00
6.956768620660913172e+00
6.960155316212134124e+00
6.963764898104479073e+00
6.967596807897720623e+00
6.971650452737996773e+00
6.975925205446684707e+00
6.980420404614255503e+00
6.985135354699563592e+00
6.990069326134081606e+00
6.995221555431518468e+00
7.000591245302409504e+00
7.006177564774069388e+00
7.011979649315523311e+00
7.017996600967760124e+00
7.024227488478938852e+00
7.030671347444983788e+00
7.037327180455042352e+00
7.044193957242331550e+00
7.051270614839868500e+00
7.058556057741563805e+00
7.066049158068183900e+00
7.073748755738654026e+00
7.081653658646218652e+00
7.089762642839976259e+00
7.098074452711227167e+00
7.106587801185143327e+00
7.115301369917328422e+00
7.124213809495647531e+00
7.133323739646915129e+00
7.142629749448903276e+00
7.152130397547124652e+00
7.161824212377014831e+00
7.171709692390865420e+00
7.181785306290044524e+00
7.192049493262142157e+00
7.202500663223283972e+00
7.213137197065367268e+00
7.223957446908575442e+00
7.234959736358652194e+00
7.246142360769589175e+00
7.257503587511074272e+00
7.269041656241258309e+00
7.280754779184387182e+00
7.292641141413774619e+00
7.304698901139543565e+00
7.316926190001849406e+00
7.329321113368817642e+00
7.341881750640018467e+00
7.354606155554624713e+00
7.367492356505226603e+00
7.380538356856255255e+00
7.393742135268164262e+00
7.407101646026243102e+00
7.420614819375189519e+00
7.434279561858373242e+00
7.448093756662941267e+00
7.462055263969585184e+00
7.476161921308289493e+00
7.490411543918688686e+00
7.504801925116553640e+00
7.519330836664923190e+00
7.533996029151370344e+00
7.548795232370043351e+00
7.563726155709840526e+00
7.578786488547363476e+00
7.593973900645954345e+00
7.609286042559139318e+00
7.624720546039345237e+00
7.640275024448640373e+00
7.655947073169152794e+00
7.671734270000968081e+00
7.687634175523789359e+00
7.703644333355031293e+00
7.719762270142470406e+00
7.735985494877192004e+00
7.752311496535400082e+00
7.768737737863555814e+00
7.785261641694368073e+00
7.801880568002786731e+00
7.818591791259477120e+00
7.835392497987284877e+00
7.852279807667539302e+00
7.869250798028303961e+00
7.886302521877896154e+00
7.903432015900456520e+00
7.920636305100029695e+00
7.937912405220294509e+00
7.955257324161823185e+00
7.972668062812077849e+00
7.990141615477741155e+00
8.007674970028759276e+00
8.025265107835842571e+00
8.042909003564679082e+00
8.060603624880759099e+00
8.078345932104802785e+00
8.096132877852349807e+00
8.113961406678940946e+00
8.131828454749159718e+00
8.149730949538206204e+00
8.167665809574112146e+00
8.185629944221693322e+00
8.203620253510718996e+00
8.221633628005223571e+00
8.239666948713875172e+00
8.257717087036425596e+00
8.275780904745200672e+00
8.293855253996079924e+00
8.311936977367931689e+00
8.330022907924899300e+00
8.348109869300882835e+00
8.366194675800956659e+00
8.384274132519456302e+00
8.402345035469970469e+00
8.420404171727318143e+00
8.438448319577206647e+00
8.456474248673968575e+00
8.474478720202510473e+00
8.492458487045094984e+00
8.510410293949307814e+00
8.528330877698254042e+00
8.546216967279342214e+00
8.564065284052993832e+00
8.581872541917730857e+00
8.599635447473065852e+00
8.617350700176887202e+00
8.635014992498659225e+00
8.652625010065236211e+00
8.670177431800796697e+00
8.687668930057478534e+00
8.705096170738405803e+00
8.722455813409620617e+00
8.739744511402546934e+00
8.756958911903574005e+00
8.774095656032280033e+00
8.791151378904745073e+00
8.808122709683571472e+00
8.825006271610925879e+00
8.841798682026036360e+00
8.858496552363490650e+00
8.875096488133596750e+00
8.891595088881041775e+00
8.907988948123033879e+00
8.924274653262868284e+00
8.940448785480109350e+00
8.956507919593159173e+00
8.972448623895058262e+00
8.988267459958271033e+00
9.003960982408985458e+00
9.019525738666530401e+00
9.034958268648086488e+00
9.050255104434135944e+00
9.065412769894503953e+00
9.080427780270074578e+00
9.095296641709808227e+00
9.110015850757656963e+00
9.124581893788727527e+00
9.138991246388878054e+00
9.153240372676473058e+00
9.167325724560210887e+00
9.181243740931154917e+00
9.194990846782237881e+00
9.208563452252747084e+00
9.221957951590679770e+00
9.235170722029304002e+00
9.248198122570331137e+00
9.261036492669250109e+00
9.273682150814014591e+00
9.286131392991913813e+00
9.298380491034661688e+00
9.310425690835318235e+00
9.322263210425843383e+00
9.333889237907589731e+00
9.345299929221962287e+00
9.356491405751929946e+00
9.367459751740003782e+00
9.378201011511311691e+00
9.388711186485384275e+00
9.398986231963107230e+00
9.409022053670016206e+00
9.418814504039708879e+00
9.428359378215926512e+00
9.437652409753841454e+00
9.446689265996003115e+00
9.455465543099911940e+00
9.463976760689028822e+00
9.472218356100110981e+00
9.480185678194532173e+00
9.487873980702103083e+00
9.495278415060438348e+00
9.502394022713545496e+00
9.509215726827960680e+00
9.515738323385299680e+00
9.521956471604912764e+00
9.527864683651143807e+00
9.533457313575507186e+00
9.538728545445259499e+00
9.543672380607759465e+00
9.548282624043007871e+00
9.552552869757477083e+00
9.556476485179862479e+00
9.560046594525664077e+00
9.563256061112440420e+00
9.566097468624771949e+00
9.568563101356662770e+00
9.570644923495178702e+00
9.572334557562962587e+00
9.573623262207343387e+00
9.574501909622110674e+00
9.574960963018822824e+00
9.574990454742950519e+00
9.574579965868716513e+00
9.573718608429189203e+00
9.572395011870103332e+00
9.570597315898080382e+00
9.568313172675669165e+00
9.565529762367514621e+00
9.562233827458330282e+00
9.558411733169821289e+00
9.554049563873322271e+00
9.549133268854127721e+00
9.543648875439700419e+00
9.537582793753154320e+00
9.530922245712471153e+00
9.523655861999534622e+00
9.515774505325625299e+00
9.507272397210421389e+00
9.498148649317315062e+00
9.488409329205577336e+00
9.478070222774205078e+00
9.467160487129870461e+00
9.455727407447605870e+00
9.443842457908251831e+00
9.431608780211728771e+00
9.419169967593029824e+00
9.406719582558233483e+00
9.394510035168899265e+00
9.382858252686654410e+00
9.372144137163139987e+00
9.362796741613347962e+00
9.355263621714781763e+00
9.349962444129991113e+00
9.347221127087104620e+00
