-5.573406621389951354e+00
-5.573948161531094847e+00
-5.575031193396560170e+00
-5.576655620299873384e+00
-5.578821297142575908e+00
-5.581528030856161671e+00
-5.584775580117062432e+00
-5.588563656084486020e+00
-5.592891921972128699e+00
-5.597759994083842727e+00
-5.603167441241054370e+00
-5.609113786119090506e+00
-5.615598504528862556e+00
-5.622621027057589593e+00
-5.630180738202928303e+00
-5.638276978322551258e+00
-5.646909042618682761e+00
-5.656076183401898660e+00
-5.665777608923519004e+00
-5.676012485959970988e+00
-5.686779938490055031e+00
-5.698079050607246288e+00
-5.709908865038386239e+00
-5.722268386392251216e+00
-5.735156579515811259e+00
-5.748572373088580711e+00
-5.762514657811873775e+00
-5.776982290359701899e+00
-5.791974091395988289e+00
-5.807488849893941207e+00
-5.823525320975522668e+00
-5.840082230612662073e+00
-5.857158273282500716e+00
-5.874752117065388468e+00
-5.892862401108546422e+00
-5.911487741137364083e+00
-5.930626726719212982e+00
-5.950277927206435002e+00
-5.970439888790814997e+00
-5.991111140898614629e+00
-6.012290193025011220e+00
-6.033975541603602721e+00
-6.056165666608518627e+00
-6.078859038923277502e+00
-6.102054116696407071e+00
-6.125749353237096351e+00
-6.149943193107872297e+00
-6.174634080577233952e+00
-6.199820455430352872e+00
-6.225500762011829003e+00
-6.251673444731770779e+00
-6.278336957735278112e+00
-6.305489760076856243e+00
-6.333130326056528148e+00
-6.361257140030189383e+00
-6.389868707455589991e+00
-6.418963549299193438e+00
-6.448540213838643176e+00
-6.478597270617395765e+00
-6.509133323053369224e+00
-6.540147001880423971e+00
-6.571636978614986191e+00
-6.603601958407298689e+00
-6.636040694418578134e+00
-6.668951979982955969e+00
-6.702334663945912041e+00
-6.736187642008062859e+00
-6.770509873069554097e+00
-6.805300369585812525e+00
-6.840558214949773230e+00
-6.876282552633264267e+00
-6.912472604615412131e+00
-6.949127659005487345e+00
-6.986247089487580553e+00
-7.023830341016663148e+00
-7.061876950197250480e+00
-7.100386528527042884e+00
-7.139358783604528469e+00
-7.178793499390983435e+00
-7.218690558464598617e+00
-7.259049919691687336e+00
-7.299871644376755953e+00
-7.341155878496561371e+00
-7.382902902607122009e+00
-7.425113168696126920e+00
-7.467787500591397176e+00
-7.510927504774254082e+00
-7.554536718740634704e+00
-7.598623367324337963e+00
-7.643207087695810031e+00
-7.688333565001756575e+00
-7.734099525813816989e+00
-7.780671089299898036e+00
-7.828245367691843981e+00
-7.876950685849421596e+00
-7.926787896465515182e+00
-7.977656946854409625e+00
-8.029406170274450361e+00
-8.081864787272166950e+00
-8.134858777466705604e+00
-8.188218592843712784e+00
-8.241783025302163779e+00
-8.295401455130397395e+00
-8.348934944027524452e+00
-8.402256744046498582e+00
-8.455252192759383334e+00
-8.507818340870180407e+00
-8.559863245618389627e+00
-8.611305196965032493e+00
-8.662071794576881700e+00
-8.712099080247346805e+00
-8.761330628899395734e+00
-8.809716755467089655e+00
-8.857213732349201507e+00
-8.903783142294528830e+00
-8.949391259823572753e+00
-8.994008564971640141e+00
-9.037609285461499553e+00
-9.080171057461040363e+00
-9.121674606307296429e+00
-9.162103528225404858e+00
-9.201444080417251925e+00
-9.239685054085944316e+00
-9.276817643686028347e+00
-9.312835382150616681e+00
-9.347734060926143229e+00
-9.381511700884049176e+00
-9.414168498072472246e+00
-9.445706807571133012e+00
-9.476131094194542470e+00
-9.505447911213773082e+00
-9.533665840322679941e+00
-9.560795452482024004e+00
-9.586849227041494004e+00
-9.611841487609007473e+00
-9.635788295873670251e+00
-9.658707360858965529e+00
-9.680617908163094754e+00
-9.701540565652683412e+00
-9.721497212986372816e+00
-9.740510850265216902e+00
-9.758605435446346732e+00
-9.775805744417725762e+00
-9.792137205103980335e+00
-9.807625757874495420e+00
-9.822297694920319344e+00
-9.836179529076625627e+00
-9.849297845740945689e+00
-9.861679186491494775e+00
-9.873349918858641772e+00
-9.884336138995763577e+00
-9.894663562440033644e+00
-9.904357447940551396e+00
-9.913442510301146982e+00
-9.921942865582124682e+00
-9.929881965434827151e+00
-9.937282562433004784e+00
-9.944166664090717589e+00
-9.950555516098118503e+00
-9.956469573466161904e+00
-9.961928498906772234e+00
-9.966951148209632905e+00
-9.971555580838044719e+00
-9.975759056621933851e+00
-9.979578055739706244e+00
-9.983028284008486963e+00
-9.986124699693332829e+00
-9.988881525001824357e+00
-9.991312277524420082e+00
-9.993429785924998754e+00
-9.995246224209171970e+00
-9.996773129994259932e+00
-9.998021440184574615e+00
-9.999001510570943552e+00
-9.999723151838331603e+00
-1.000019564956826201e+01
-1.000042779980230989e+01
-1.000042792879313147e+01
-1.000020392759365961e+01
-9.999763271123569552e+00
-9.999113051450615686e+00
-9.998259995912775366e+00
-9.997210498909936405e+00
-9.995970638953755483e+00
-9.994546208901441631e+00
-9.992942731901980125e+00
-9.991165490085128553e+00
-9.989219539440858497e+00
-9.987109737032238144e+00
-9.984840754889848569e+00
-9.982417105852414707e+00
-9.979843156584641051e+00
-9.977123152168262621e+00
-9.974261228363884513e+00
-9.971261435081117952e+00
-9.968127748005668920e+00
-9.964864091072616503e+00
-9.961474347571064314e+00
-9.957962381731357837e+00
-9.954332049402456306e+00
-9.950587218842832371e+00
-9.946731781041194154e+00
-9.942769669772314245e+00
-9.938704871600144486e+00
-9.934541445224278178e+00
-9.930283531165450484e+00
-9.925935370385511547e+00
-9.921501313608908745e+00
-9.916985839148566129e+00
-9.912393561762787186e+00
-9.907729249561114671e+00
-9.902997832234241571e+00
-9.898204416848047416e+00
-9.893354295214765060e+00
-9.888452958310427476e+00
-9.883506102479913125e+00
-9.878519642135010770e+00
-9.873499714406161587e+00
-9.868452689697463143e+00
-9.863385174317908621e+00
-9.858304018390834145e+00
-9.853216315922169954e+00
-9.848129409491557240e+00
-9.843050887152255513e+00
-9.837988583277837762e+00
-9.832950571647707250e+00
-9.827945161797840612e+00
-9.822980887639223724e+00
-9.818066498675888099e+00
-9.813210943543895226e+00
-9.808423355528940846e+00
-9.803713030514362714e+00
-9.799089406366189081e+00
-9.794562034952015495e+00
-9.790140555173648451e+00
-9.785834658971980460e+00
-9.781654058081240777e+00
-9.777608444268274468e+00
-9.773707450252977935e+00
-9.769960604834492912e+00
-9.766377288853547611e+00
-9.762966686309805908e+00
-9.759737736704716227e+00
-9.756699083717542464e+00
-9.753859025718742970e+00
-9.751225463998853371e+00
-9.748805853629677998e+00
-9.746607153574085913e+00
-9.744635780338432696e+00
-9.742897562476331430e+00
-9.741397699567821533e+00
-9.740140723620209329e+00
-9.739130465789907376e+00
-9.738370026951191250e+00
-9.737861754231754929e+00
-9.737607222567120857e+00
