-1.759106169008747000e-01
-1.764729572479109276e-01
-1.775975877880945630e-01
-1.792844081761778285e-01
-1.815332681086724020e-01
-1.843439672114245975e-01
-1.877162555063725535e-01
-1.916498332240863245e-01
-1.961443515051763398e-01
-2.011994121377357336e-01
-2.068145684948788920e-01
-2.129893251970061963e-01
-2.197231392874681721e-01
-2.270154198195321882e-01
-2.348655292727118427e-01
-2.432727830642750499e-01
-2.522364512092976074e-01
-2.617557577565519100e-01
-2.718298826959077985e-01
-2.824579613183744731e-01
-2.936390863750521496e-01
-3.053723073611005479e-01
-3.176566329310263059e-01
-3.304910301063047617e-01
-3.438744269524169894e-01
-3.578057117098440987e-01
-3.722837357388820712e-01
-3.873073125736939404e-01
-4.028752211416233853e-01
-4.189862047399219858e-01
-4.356389745370283784e-01
-4.528322084715096230e-01
-4.705645550434431890e-01
-4.888346321351589308e-01
-5.076410311015603360e-01
-5.269823155121363678e-01
-5.468570255498498289e-01
-5.672636766737717551e-01
-5.882007643369796535e-01
-6.096667625689322634e-01
-6.316601290235467348e-01
-6.541793034803502493e-01
-6.772227132344762479e-01
-7.007887715153278130e-01
-7.248758832308497269e-01
-7.494824433020002008e-01
-7.746068427740767648e-01
-8.002474670646332333e-01
-8.264027024547060396e-01
-8.530709342470657042e-01
-8.802505536497311489e-01
-9.079399558401838322e-01
-9.361375472525387265e-01
-9.648417435415284071e-01
-9.940509772826138235e-01
-1.023763695826923170e+00
-1.053978369419875438e+00
-1.084693488934622252e+00
-1.115907574408690817e+00
-1.147619172638112861e+00
-1.179826866122183127e+00
-1.212529270492736400e+00
-1.245725043842554891e+00
-1.279412883953275015e+00
-1.313591537960755229e+00
-1.348259799329301734e+00
-1.383416517773802257e+00
-1.419060595905391686e+00
-1.455190999279350805e+00
-1.491806752605172148e+00
-1.528906949711871688e+00
-1.566490749168844454e+00
-1.604557383839851026e+00
-1.643106155690028602e+00
-1.682136444400424757e+00
-1.721647701005212028e+00
-1.761639454650313574e+00
-1.802111304339563347e+00
-1.843062921873587223e+00
-1.884494039421222844e+00
-1.926404442517975824e+00
-1.968793942788048534e+00
-2.011662333525517710e+00
-2.055009287593887013e+00
-2.098834124117724631e+00
-2.143135269388379172e+00
-2.187908923552986273e+00
-2.233145844788152701e+00
-2.278823408992059818e+00
-2.324886970063862357e+00
-2.371209752634829027e+00
-2.417527243516433444e+00
-2.463391497860602186e+00
-2.508256680805769800e+00
-2.551678711226089025e+00
-2.593419969868666630e+00
-2.633405315494968590e+00
-2.671647540133195609e+00
-2.708200712249909881e+00
-2.743138067724710361e+00
-2.776541195800441120e+00
-2.808494252496832821e+00
-2.839080119202331609e+00
-2.868377926669030131e+00
-2.896461271163389917e+00
-2.923397205927114939e+00
-2.949245630914175020e+00
-2.974059175676518674e+00
-2.997883282021626350e+00
-3.020756574307144948e+00
-3.042711290865009133e+00
-3.063773868890517171e+00
-3.083965510049017755e+00
-3.103302823132216837e+00
-3.121798409425118326e+00
-3.139461486312335570e+00
-3.156298440329035504e+00
-3.172313400177945830e+00
-3.187508737476497434e+00
-3.201885578401244548e+00
-3.215444244948947983e+00
-3.228184700936026275e+00
-3.240106929248843137e+00
-3.251211307863354882e+00
-3.261498917385050600e+00
-3.270971841123398782e+00
-3.279633396107543675e+00
-3.287488350926764724e+00
-3.294543074364098878e+00
-3.300805666915369141e+00
-3.306286024744297780e+00
-3.310995885440144004e+00
-3.314948810579575245e+00
-3.318160152377621852e+00
-3.320646964457180772e+00
-3.322427902133081368e+00
-3.323523076547470811e+00
-3.323953905991560820e+00
-3.323742932146251494e+00
-3.322913642144072366e+00
-3.321490266641513589e+00
-3.319497591984598817e+00
-3.316960758302739176e+00
-3.313905078536644400e+00
-3.310355851300346597e+00
-3.306338199451250404e+00
-3.301876908008988920e+00
-3.296996290313514155e+00
-3.291720056701167074e+00
-3.286071211906106626e+00
-3.280071956152952328e+00
-3.273743613845498945e+00
-3.267106565629080084e+00
-3.260180205822313049e+00
-3.252982901945354666e+00
-3.245531976788611050e+00
-3.237843690809571573e+00
-3.229933244045218643e+00
-3.221814776454091422e+00
-3.213501384845083741e+00
-3.205005136451994474e+00
-3.196337096443268688e+00
-3.187507350549499296e+00
-3.178525039341706382e+00
-3.169398386416466096e+00
-3.160134736337765204e+00
-3.150740585597896271e+00
-3.141221621811605136e+00
-3.131582755337041224e+00
-3.121828157933527415e+00
-3.111961293505309811e+00
-3.101984954959164043e+00
-3.091901293008842977e+00
-3.081711850389878382e+00
-3.071417588035567636e+00
-3.061018916129381484e+00
-3.050515717243904135e+00
-3.039907373948767866e+00
-3.029192788705512118e+00
-3.018370407915290432e+00
-3.007438238500187655e+00
-2.996393868383881109e+00
-2.985234479776843308e+00
-2.973956866147905220e+00
-2.962557442278351605e+00
-2.951032257813228643e+00
-2.939377004167637697e+00
-2.927587024751887590e+00
-2.915657318809560472e+00
-2.903582548397063867e+00
-2.891357039212575586e+00
-2.878974784382876351e+00
-2.866429442309551323e+00
-2.853714337277263091e+00
-2.840822454301220379e+00
-2.827746436523941753e+00
-2.814478576997825332e+00
-2.801010812783351511e+00
-2.787334713543971443e+00
-2.773441472198900914e+00
-2.759321890145616241e+00
-2.744966364255759128e+00
-2.730364868474825180e+00
-2.715506936882255307e+00
-2.700381641350341866e+00
-2.684977570322300000e+00
-2.669282802147618483e+00
-2.653284879170528576e+00
-2.636970776304649711e+00
-2.620326869979761497e+00
-2.603338901488973178e+00
-2.585991940333185912e+00
-2.568270341895475095e+00
-2.550157704784298929e+00
-2.531636822507707940e+00
-2.512689634609395206e+00
-2.493297172309824727e+00
-2.473439503659631722e+00
-2.453095673727156534e+00
-2.432243644847972952e+00
-2.410860233115647233e+00
-2.388921046412954219e+00
-2.366400421141341859e+00
-2.343271363659380047e+00
-2.319505495141238161e+00
-2.295073007355671546e+00
-2.269942630658927207e+00
-2.244081624578835754e+00
-2.217455796713837746e+00
-2.190029565689206592e+00
-2.161766081655377647e+00
-2.132627429917489437e+00
-2.102574944951756564e+00
-2.071569678312832341e+00
-2.039573072243565210e+00
-2.006547914776352304e+00
-1.972459671680965254e+00
-1.937278328145626061e+00
-1.900980910910286203e+00
-1.863554920488291300e+00
-1.825002966631426027e+00
-1.785348984640052095e+00
-1.744646494125373426e+00
-1.702989445555061598e+00
-1.660526235831091491e+00
-1.617477410437877516e+00
-1.574157277900327889e+00
-1.530998967874750205e+00
-1.488581097875553594e+00
-1.447651912560385501e+00
-1.409143426297732038e+00
-1.374164266439320548e+00
-1.343957330885988899e+00
-1.319810383909781892e+00
-1.302918180628395595e+00
-1.294214478522206502e+00
