5.440498944038790752e-01
5.442761302781923272e-01
5.447285818614092667e-01
5.454072088540075081e-01
5.463119508235512178e-01
5.474427272986940318e-01
5.487994377716016725e-01
5.503819618548208004e-01
5.521901592851865548e-01
5.542238701437247617e-01
5.564829148613108512e-01
5.589670945020839277e-01
5.616761907711382840e-01
5.646099663619121856e-01
5.677681649664572117e-01
5.711505116873254462e-01
5.747567130509896316e-01
5.785864574849790554e-01
5.826394153351126537e-01
5.869152394086619706e-01
5.914135649962508623e-01
5.961340104819790042e-01
6.010761773709315525e-01
6.062396509672370870e-01
6.116240004084151360e-01
6.172287794124508009e-01
6.230535263202587881e-01
6.290977649130364835e-01
6.353610044644183441e-01
6.418427406293490955e-01
6.485424555077149433e-01
6.554596186062512375e-01
6.625936869155926168e-01
6.699441059467102777e-01
6.775103098238796084e-01
6.852917223971008998e-01
6.932877573537544746e-01
7.014978194087159169e-01
7.099213044378672732e-01
7.185576007474507865e-01
7.274060892333571449e-01
7.364661447312830234e-01
7.457371362061465669e-01
7.552184281846510139e-01
7.649093809800584509e-01
7.748093522085308660e-01
7.849176970554243571e-01
7.952337698765367113e-01
8.057569245133350266e-01
8.164865159798161409e-01
8.274219008354739557e-01
8.385624389580004223e-01
8.499074939845547849e-01
8.614564351696718525e-01
8.732086379077397265e-01
8.851634856741941171e-01
8.973203706450769701e-01
9.096786957178268906e-01
9.222378752475016706e-01
9.349973371410624789e-01
9.479565237347467033e-01
9.611148939519732481e-01
9.744719243530219899e-01
9.880271113416324580e-01
1.001779972426714238e+00
1.015730048455133261e+00
1.029876905137579346e+00
1.044220135273779215e+00
1.058759360611752687e+00
1.073494234015354376e+00
1.088424441751189242e+00
1.103549705523990454e+00
1.118869785324543731e+00
1.134384481224515184e+00
1.150093636987221224e+00
1.165997141480078270e+00
1.182094933407163317e+00
1.198387002253558542e+00
1.214873395021968783e+00
1.231554217338320489e+00
1.248429645466657911e+00
1.265499933034369029e+00
1.282765444589101467e+00
1.300226703464627542e+00
1.317884539818798606e+00
1.335740402164408591e+00
1.353797184308660917e+00
1.372061186848964498e+00
1.390547026275807285e+00
1.409289047508220483e+00
1.428365525002150971e+00
1.447936107530213956e+00
1.468260274131171883e+00
1.489629153564998587e+00
1.512237466113755202e+00
1.536131007932196590e+00
1.561247921464904653e+00
1.587472653769511410e+00
1.614668423772169570e+00
1.642692676419371001e+00
1.671404681071762655e+00
1.700669542319747540e+00
1.730360647858714573e+00
1.760361038678973422e+00
1.790564158483661572e+00
1.820874021659439457e+00
1.851205054918587223e+00
1.881481620438334668e+00
1.911637407121615118e+00
1.941614680849111041e+00
1.971363526072999584e+00
2.000841051428895678e+00
2.030010650790680327e+00
2.058841280176618938e+00
2.087306814682379219e+00
2.115385440518615212e+00
2.143059129606751156e+00
2.170313151438845178e+00
2.197135659809427821e+00
2.223517311483353520e+00
2.249450948623929136e+00
2.274931305541015192e+00
2.299954768045831432e+00
2.324519149684614039e+00
2.348623510790043056e+00
2.372267988103112124e+00
2.395453659174680894e+00
2.418182412376090884e+00
2.440456845323717872e+00
2.462280165190520620e+00
2.483656112487790502e+00
2.504588884034632645e+00
2.525083075593429704e+00
2.545143621789563326e+00
2.564775752775853235e+00
2.583984946875106825e+00
2.602776897717435478e+00
2.621157476486764004e+00
2.639132706917433513e+00
2.656708734845641295e+00
2.673891809144819831e+00
2.690688256884494312e+00
2.707104468790581198e+00
2.723146878753737621e+00
2.738821952769963541e+00
2.754136171861329530e+00
2.769096023721027588e+00
2.783707988343558704e+00
2.797978531794283352e+00
2.811914094017406551e+00
2.825521084293043828e+00
2.838805870817032950e+00
2.851774777513270021e+00
2.864434075071892849e+00
2.876789978861715724e+00
2.888848641181920751e+00
2.900616150076301913e+00
2.912098522604657624e+00
2.923301704402985202e+00
2.934231563819122535e+00
2.944893892094718968e+00
2.955294398238707654e+00
2.965438709730875644e+00
2.975332368028996921e+00
2.984980829712075678e+00
2.994389462534017721e+00
3.003563546938930795e+00
3.012508272587511637e+00
3.021228740187769102e+00
3.029729958431042647e+00
3.038016846090187517e+00
3.046094229310567059e+00
3.053966843934931230e+00
3.061639333101592531e+00
3.069116249760897031e+00
3.076402054538518449e+00
3.083501118413274344e+00
3.090417720808178892e+00
3.097156052403364779e+00
3.103720213421523155e+00
3.110114216553220512e+00
3.116341985406727577e+00
3.122407357526035376e+00
3.128314082977961430e+00
3.134065827445889685e+00
3.139666170929555467e+00
3.145118610899882761e+00
3.150426561088969457e+00
3.155593354693686514e+00
3.160622243235181372e+00
3.165516399800832215e+00
3.170278917954217235e+00
3.174912815006890376e+00
3.179421030961017802e+00
3.183806431804193871e+00
3.188071808468018631e+00
3.192219880140845678e+00
3.196253293226301917e+00
3.200174624670519830e+00
3.203986380905129661e+00
3.207691001187027879e+00
3.211290856510699676e+00
3.214788252960150139e+00
3.218185430575263961e+00
3.221484566717169873e+00
3.224687774872883939e+00
3.227797108037103957e+00
3.230814557438496770e+00
3.233742055942603333e+00
3.236581476681842151e+00
3.239334636486163710e+00
3.242003294396755386e+00
3.244589155133242198e+00
3.247093867468268336e+00
3.249519027742541866e+00
3.251866178073470781e+00
3.254136809932351326e+00
3.256332362154835014e+00
3.258454224598080096e+00
3.260503735913526047e+00
3.262482187306163350e+00
3.264390820020010686e+00
3.266230829227310561e+00
3.268003361163012155e+00
3.269709517179024250e+00
3.271350350444481414e+00
3.272926870209976080e+00
3.274440037962504935e+00
3.275890771958634318e+00
3.277279942682696845e+00
3.278608377728494450e+00
3.279876856350658620e+00
3.281086114806777143e+00
3.282236839704938181e+00
3.283329673973572227e+00
3.284365208578540418e+00
3.285343989391437791e+00
3.286266506658158892e+00
3.287133203250224511e+00
3.287944460996369944e+00
3.288700611292804776e+00
3.289401917084171068e+00
3.290048588062721269e+00
3.290640756940872880e+00
3.291178505020739387e+00
3.291661832575925484e+00
3.292090711721719742e+00
3.292465058008537060e+00
3.292784866669842714e+00
3.293050228477651498e+00
3.293261804060592546e+00
3.293421525905071867e+00
3.293536566755346229e+00
3.293618265597930250e+00
3.293672227141334119e+00
3.293699143437585075e+00
