-9.742625707316970616e-06
-9.748848330295471700e-06
-9.761299748623705481e-06
-9.779994255452620927e-06
-9.804952663138879581e-06
-9.836202410800773944e-06
-9.873778306522255202e-06
-9.917721608094470816e-06
-9.968080851648184767e-06
-1.002491116302944910e-05
-1.008827486602958742e-05
-1.015824074336544526e-05
-1.023488486840412090e-05
-1.031828977778972909e-05
-1.040854505164398857e-05
-1.050574702372497472e-05
-1.060999863453804377e-05
-1.072140978709379915e-05
-1.084009690180000427e-05
-1.096618306777813340e-05
-1.109979800325840484e-05
-1.124107796969388246e-05
-1.139016564735537968e-05
-1.154721010605848358e-05
-1.171236684463812274e-05
-1.188579739801225473e-05
-1.206766961387261534e-05
-1.225815724509489525e-05
-1.245743993754483348e-05
-1.266570322902249750e-05
-1.288313809001293869e-05
-1.310994112482005425e-05
-1.334631417166473819e-05
-1.359246426232022085e-05
-1.384860327421913216e-05
-1.411494791568749473e-05
-1.439171943041646679e-05
-1.467914330517011180e-05
-1.497744917119913376e-05
-1.528687043140117694e-05
-1.560764409653572478e-05
-1.594001046440503814e-05
-1.628421283176275777e-05
-1.664049726631630603e-05
-1.700911225582895346e-05
-1.739030840680957923e-05
-1.778433817578145673e-05
-1.819145551664529364e-05
-1.861191558853120894e-05
-1.904597441181000308e-05
-1.949388860592543251e-05
-1.995591500584158052e-05
-2.043231035808610398e-05
-2.092333111822030869e-05
-2.142923299699963144e-05
-2.195027084163538920e-05
-2.248669820645198594e-05
-2.303876722615378887e-05
-2.360672835244234771e-05
-2.419083009182032738e-05
-2.479131887797472560e-05
-2.540843893490423277e-05
-2.604243209558365055e-05
-2.669353774306023813e-05
-2.736199278371547402e-05
-2.804803163789688179e-05
-2.875188626676548475e-05
-2.947378628790294527e-05
-3.021395909505515228e-05
-3.097263010365984901e-05
-3.175002297866959841e-05
-3.254635995571954465e-05
-3.336186233519648975e-05
-3.419675079149309940e-05
-3.505124604531242047e-05
-3.592556942476655426e-05
-3.681994359880543644e-05
-3.773459330832642047e-05
-3.866974631605873578e-05
-3.962563433316889885e-05
-4.060249402234541343e-05
-4.160056825021013287e-05
-4.262010731011824501e-05
-4.366137023742374139e-05
-4.472462629468777659e-05
-4.581015660099665271e-05
-4.691825567291641884e-05
-4.804923342881288690e-05
-4.920341690529103412e-05
-5.038115239252328065e-05
-5.158280757352467637e-05
-5.280877381699912519e-05
-5.405946860000277333e-05
-5.533533798846880096e-05
-5.663685941903775741e-05
-5.796454448962720283e-05
-5.931894190379774555e-05
-6.070064059163258021e-05
-6.211027309469412973e-05
-6.354851885124785001e-05
-6.501610793312669902e-05
-6.651382475581728954e-05
-6.804251206324388168e-05
-6.960307512423340355e-05
-7.119648597382791197e-05
-7.282378813903259726e-05
-7.448610123881644783e-05
-7.618462612341377798e-05
-7.792065001574264682e-05
-7.969555215975470167e-05
-8.151080942192417728e-05
-8.336800243825762265e-05
-8.526882196978917341e-05
-8.721507559293560879e-05
-8.920869462314474680e-05
-9.125174161253311379e-05
-9.334641811113814319e-05
-9.549507270211545244e-05
-9.770020982146111212e-05
-9.996449868153300521e-05
-1.022907829585012403e-04
-1.046820909386065240e-04
-1.071416460181350466e-04
-1.096728783759003112e-04
-1.122794365576446486e-04
-1.149652005290231771e-04
-1.177342947601379774e-04
-1.205911028027876564e-04
-1.235402821652890177e-04
-1.265867805792538598e-04
-1.297358528883726285e-04
-1.329930792831939207e-04
-1.363643847465298669e-04
-1.398560592463407137e-04
-1.434747801022713705e-04
-1.472276349791028997e-04
-1.511221469675534776e-04
-1.551663010892508467e-04
-1.593685727247210924e-04
-1.637379579252797696e-04
-1.682840057807620895e-04
-1.730168532042556848e-04
-1.779472618790637587e-04
-1.830866582670052510e-04
-1.884471757559574021e-04
-1.940417008327557284e-04
-1.998839215344339504e-04
-2.059883803187639157e-04
-2.123705302990235532e-04
-2.190467958524849640e-04
-2.260346378757044437e-04
-2.333526235002923689e-04
-2.410205019817192871e-04
-2.490592852057869270e-04
-2.574913357087423179e-04
-2.663404602461239825e-04
-2.756320122355809224e-04
-2.853930002988108857e-04
-2.956522077060533466e-04
-3.064403194613288641e-04
-3.177900610543153898e-04
-3.297363475639190672e-04
-3.423164457471031350e-04
-3.555701490950084059e-04
-3.695399678733538918e-04
-3.842713349076734737e-04
-3.998128288111382506e-04
-4.162164169962832751e-04
-4.335377183722337216e-04
-4.518362906051315948e-04
-4.711759410106599656e-04
-4.916250662152386788e-04
-5.132570212761673875e-04
-5.361505225936520494e-04
-5.603900872788086579e-04
-5.860665126295926336e-04
-6.132773997423517044e-04
-6.421277268540351172e-04
-6.727304748185403529e-04
-7.052073137158111540e-04
-7.396893537099821737e-04
-7.763179684278643774e-04
-8.152456995230540973e-04
-8.566372475277762074e-04
-9.006705628605946208e-04
-9.475380442143919611e-04
-9.974478569554799320e-04
-1.050625386355629907e-03
-1.107314836637029488e-03
-1.167780997015267427e-03
-1.232311188475517568e-03
-1.301217414448028326e-03
-1.374838737211167517e-03
-1.453543906485026647e-03
-1.537734266384420184e-03
-1.627846975263898786e-03
-1.724358572362969791e-03
-1.827788932032212155e-03
-1.938705646480391774e-03
-2.057728893153164696e-03
-2.185536832652688194e-03
-2.322871606373686296e-03
-2.470545996115201381e-03
-2.629450822271233498e-03
-2.800563164786166320e-03
-2.984955493516423548e-03
-3.183805813471318139e-03
-3.398408926170418034e-03
-3.630188930866056884e-03
-3.880713086581444749e-03
-4.151707168697759028e-03
-4.445072461216271337e-03
-4.762904522874271754e-03
-5.107513871747038428e-03
-5.481448721272154725e-03
-5.887519885852528397e-03
-6.328827952634239265e-03
-6.808792769401226901e-03
-7.331185236461879202e-03
-7.900161299088265601e-03
-8.520297915295637486e-03
-9.196630583302800935e-03
-9.934691791131412819e-03
-1.074054941733691183e-02
-1.162084370092758036e-02
-1.258282085461632539e-02
-1.363436068019163554e-02
-1.478399468249064902e-02
-1.604091004650308114e-02
-1.741493350557541883e-02
-1.891648748579741537e-02
-2.055650900282012319e-02
-2.234631963829527418e-02
-2.429743255434187871e-02
-2.642128018742480669e-02
-2.872884411693287995e-02
-3.123016723740393297e-02
-3.393372822959248719e-02
-3.684566052421525684e-02
-3.996880336212639551e-02
-4.330158289029927693e-02
-4.683673753787689908e-02
-5.055992591361166411e-02
-5.444828724167994488e-02
-5.846906380593742264e-02
-6.257843813887431494e-02
-6.672077999405762183e-02
-7.082852866538730252e-02
-7.482294361498695312e-02
-7.861592570259406942e-02
-8.211303210351085513e-02
-8.521767482817099726e-02
-8.783631625930551912e-02
-8.988427732847388552e-02
-9.129159980063279722e-02
-9.200829221266045022e-02
