1.408824375366012766e-02
1.408539830904076071e-02
1.407971122584664170e-02
1.407119010670632164e-02
1.405984633193288133e-02
1.404569503123062092e-02
1.402875504607302079e-02
1.400904888284608234e-02
1.398660265686760100e-02
1.396144602742951588e-02
1.393361212402564886e-02
1.390313746396813939e-02
1.387006186161335482e-02
1.383442832946243754e-02
1.379628297141929916e-02
1.375567486853832705e-02
1.371265595760957044e-02
1.366728090298321291e-02
1.361960696204663097e-02
1.356969384482384182e-02
1.351760356817443241e-02
1.346340030512440875e-02
1.340715022986319234e-02
1.334892135899385171e-02
1.328878338961697603e-02
1.322680753487719824e-02
1.316306635758555076e-02
1.309763360257296290e-02
1.303058402840356206e-02
1.296199323911155152e-02
1.289193751658755140e-02
1.282049365426770823e-02
1.274773879272898466e-02
1.267375025781416163e-02
1.259860540185031227e-02
1.252238144853565043e-02
1.244515534200211701e-02
1.236700360056529856e-02
1.228800217559807353e-02
1.220822631596406305e-02
1.212775043836623705e-02
1.204664800396221085e-02
1.196499140151400728e-02
1.188285183733473957e-02
1.180029923220967357e-02
1.171740212546420849e-02
1.163422758626690527e-02
1.155084113225316594e-02
1.146730665547266922e-02
1.138368635566480366e-02
1.130004068078766487e-02
1.121642827473151582e-02
1.113290593207414379e-02
1.104952855974547336e-02
1.096634914540134224e-02
1.088341873232135174e-02
1.080078640058449585e-02
1.071849925429641318e-02
1.063660241458712179e-02
1.055513901812327703e-02
1.047415022083015256e-02
1.039367520654805969e-02
1.031375120030489541e-02
1.023441348592017165e-02
1.015569542761766281e-02
1.007762849536111144e-02
1.000024229359375121e-02
9.923564593102047679e-03
9.847621365694864126e-03
9.772436821430184953e-03
9.698033448096183423e-03
9.624432052695230597e-03
9.551651804657014175e-03
9.479710280549153920e-03
9.408623510033754453e-03
9.338406022860096245e-03
9.269070896665966217e-03
9.200629805400888442e-03
9.133093068168536902e-03
9.066469698325200360e-03
9.000767452656209186e-03
8.935992880490467236e-03
8.872151372599465166e-03
8.809247209762914588e-03
8.747283610870803389e-03
8.686262780465324462e-03
8.626185955613761489e-03
8.567053452035906791e-03
8.508864709397059856e-03
8.451618335707926019e-03
8.395312150761072290e-03
8.339943228561279981e-03
8.285507938695754054e-03
8.232001986615979094e-03
8.179420452791779511e-03
8.127757830721600227e-03
8.077008063772612295e-03
8.027164580845028152e-03
7.978220330845497976e-03
7.930167815972917825e-03
7.882999123810607509e-03
7.836705958236132169e-03
7.791279669150167481e-03
7.746711281041897094e-03
7.702991520398862202e-03
7.660110841983302013e-03
7.618059453988267928e-03
7.576827342099297195e-03
7.536404292478811155e-03
7.496779913701755171e-03
7.457943657662800818e-03
7.419884839485451494e-03
7.382592656455587259e-03
7.346056206010790138e-03
7.310264502809733431e-03
7.275206494913289378e-03
7.240871079102551185e-03
7.207247115365477547e-03
7.174323440577730360e-03
7.142088881408824828e-03
7.110532266479375162e-03
7.079642437799679028e-03
7.049408261515023241e-03
7.019818637986881792e-03
6.990862511234882150e-03
6.962528877767487114e-03
6.934806794825288875e-03
6.907685388063665617e-03
6.881153858697519436e-03
6.855201490133590835e-03
6.829817654111994783e-03
6.804991816380538509e-03
6.780713541922985498e-03
6.756972499762694748e-03
6.733758467361875173e-03
6.711061334636475584e-03
6.688871107605367204e-03
6.667177911692633539e-03
6.645971994700468344e-03
6.625243729469707139e-03
6.604983616244603124e-03
6.585182284757431365e-03
6.565830496048293517e-03
6.546919144034327870e-03
6.528439256842810505e-03
6.510381997920850101e-03
6.492738666935205481e-03
6.475500700473784364e-03
6.458659672561308136e-03
6.442207294999408723e-03
6.426135417543073387e-03
6.410436027922336577e-03
6.395101251720302846e-03
6.380123352115642764e-03
6.365494729499472301e-03
6.351207920974129631e-03
6.337255599742980944e-03
6.323630574397696297e-03
6.310325788111667382e-03
6.297334317745085369e-03
6.284649372869891004e-03
6.272264294719084692e-03
6.260172555068275677e-03
6.248367755053254625e-03
6.236843623930748808e-03
6.225594017785818918e-03
6.214612918192292598e-03
6.203894430829199301e-03
6.193432784059393383e-03
6.183222327472412405e-03
6.173257530397540695e-03
6.163532980388831961e-03
6.154043381687298621e-03
6.144783553661929687e-03
6.135748429234210571e-03
6.126933053287432832e-03
6.118332581065304143e-03
6.109942276560541112e-03
6.101757510897860663e-03
6.093773760711675321e-03
6.085986606522614077e-03
6.078391731112899217e-03
6.070984917904454457e-03
6.063762049339620382e-03
6.056719105267839923e-03
6.049852161338303488e-03
6.043157387401567812e-03
6.036631045919755613e-03
6.030269490388462036e-03
6.024069163769672254e-03
6.018026596938512614e-03
6.012138407143139719e-03
6.006401296480390339e-03
6.000812050386387236e-03
5.995367536144447125e-03
5.990064701409513609e-03
5.984900572751244464e-03
5.979872254214920607e-03
5.974976925902150855e-03
5.970211842570481708e-03
5.965574332253750951e-03
5.961061794902204093e-03
5.956671701044193371e-03
5.952401590468412405e-03
5.948249070928252058e-03
5.944211816867403173e-03
5.940287568168131291e-03
5.936474128921201583e-03
5.932769366219056012e-03
5.929171208971018014e-03
5.925677646742147538e-03
5.922286728614513905e-03
5.918996562072501542e-03
5.915805311910889153e-03
5.912711199167281807e-03
5.909712500077724147e-03
5.906807545057018646e-03
5.903994717702610098e-03
5.901272453823530779e-03
5.898639240493520723e-03
5.896093615129387351e-03
5.893634164594245377e-03
5.891259524326544240e-03
5.888968377494301076e-03
5.886759454176031074e-03
5.884631530567362157e-03
5.882583428214898692e-03
5.880614013276810360e-03
5.878722195811075107e-03
5.876906929091299872e-03
5.875167208950975162e-03
5.873502073155942305e-03
5.871910600806071710e-03
5.870391911765686366e-03
5.868945166123759258e-03
5.867569563683438898e-03
5.866264343481510969e-03
5.865028783337429205e-03
5.863862199432262438e-03
5.862763945916949805e-03
5.861733414550072269e-03
5.860770034364118711e-03
5.859873271360309908e-03
5.859042628230687159e-03
5.858277644107059631e-03
5.857577894335521534e-03
5.856942990275715126e-03
5.856372579123181148e-03
5.855866343754091534e-03
5.855424002590462265e-03
5.855045309484886197e-03
5.854730053623131807e-03
5.854478059443525388e-03
5.854289186571794840e-03
5.854163329770376706e-03
5.854100418901175135e-03
