1.900339951573218897e-03
1.899168148217823772e-03
1.896827627406425442e-03
1.893324544634076168e-03
1.888668092520153895e-03
1.882870452441889756e-03
1.875946730674736725e-03
1.867914879572045439e-03
1.858795604433334005e-03
1.848612256829172858e-03
1.837390715249598858e-03
1.825159254044746420e-03
1.811948401703050889e-03
1.797790789593073932e-03
1.782720992346194808e-03
1.766775361114431486e-03
1.749991850960923041e-03
1.732409843673468836e-03
1.714069967285820808e-03
1.695013913599747925e-03
1.675284254968575090e-03
1.654924261586752585e-03
1.633977720473824263e-03
1.612488757303898006e-03
1.590501662154018272e-03
1.568060720190790711e-03
1.545210048219759335e-03
1.521993437955300628e-03
1.498454206761940227e-03
1.474635056543233602e-03
1.450577941340706759e-03
1.426323944127526984e-03
1.401913163165991860e-03
1.377384608221604969e-03
1.352776106814086634e-03
1.328124220614464602e-03
1.303464171992326903e-03
1.278829780654626869e-03
1.254253410222950105e-03
1.229765924544545808e-03
1.205396653450404752e-03
1.181173367635293724e-03
1.157122262266275766e-03
1.133267948901442749e-03
1.109633455246843972e-03
1.086240232267894840e-03
1.063108168132195558e-03
1.040255608461443252e-03
1.017699382343729758e-03
9.954548335700356965e-04
9.735358565432997028e-04
9.519549363310332970e-04
9.307231923267529931e-04
9.098504250154926601e-04
8.893451653411283114e-04
8.692147262088028258e-04
8.494652556640954573e-04
8.301017913299078236e-04
8.111283156944799335e-04
7.925478118851872261e-04
7.743623195776757479e-04
7.565729907314344520e-04
7.391801448589298447e-04
7.221833235759003884e-04
7.055813441963588529e-04
6.893723521743874705e-04
6.735538722096182443e-04
6.581228578691907492e-04
6.430757395921209499e-04
6.284084709745923385e-04
6.141165732458977447e-04
6.001951778736613115e-04
5.866390672460284261e-04
5.734427134038120070e-04
5.606003148022055361e-04
5.481058311035416847e-04
5.359530160069385417e-04
5.241354481390788061e-04
5.126465600328069779e-04
5.014796652353382652e-04
4.906279835885815578e-04
4.800846647363835929e-04
4.698428099125005015e-04
4.598954920729846139e-04
4.502357744344583491e-04
4.408567274872741927e-04
4.317514445493844666e-04
4.229130559325823720e-04
4.143347417885262550e-04
4.060097437065014205e-04
3.979313751299814626e-04
3.900930306623037985e-04
3.824881943266189251e-04
3.751104468474507022e-04
3.679534720158620167e-04
3.610110622017031015e-04
3.542771230709378365e-04
3.477456775669652612e-04
3.414108692094655249e-04
3.352669647647675577e-04
3.293083563365062534e-04
3.235295629254519379e-04
3.179252315025259601e-04
3.124901376387440011e-04
3.072191857313734918e-04
3.021074088651236420e-04
2.971499683430481862e-04
2.923421529213319700e-04
2.876793777782664548e-04
2.831571832472301879e-04
2.787712333399413678e-04
2.745173140857384841e-04
2.703913317095017516e-04
2.663893106702266457e-04
2.625073915795588029e-04
2.587418290189582941e-04
2.550889892717914868e-04
2.515453479860617239e-04
2.481074877813998678e-04
2.447720958134056378e-04
2.415359613065975542e-04
2.383959730667679466e-04
2.353491169819424563e-04
2.323924735207302968e-04
2.295232152354903510e-04
2.267386042773679542e-04
2.240359899290811504e-04
2.214128061610329626e-04
2.188665692153417871e-04
2.163948752220549207e-04
2.139953978510762754e-04
2.116658860029757799e-04
2.094041615412918478e-04
2.072081170685964742e-04
2.050757137481599784e-04
2.030049791727339258e-04
2.009940052816597603e-04
1.990409463271972329e-04
1.971440168907677643e-04
1.953014899494867900e-04
1.935116949932856297e-04
1.917730161925660683e-04
1.900838906163695692e-04
1.884428065006686669e-04
1.868483015665148262e-04
1.852989613873812170e-04
1.837934178052376660e-04
1.823303473945126765e-04
1.809084699733141954e-04
1.795265471609254297e-04
1.781833809808419243e-04
1.768778125082530418e-04
1.756087205611698708e-04
1.743750204340278659e-04
1.731756626729194894e-04
1.720096318912405712e-04
1.708759456248940824e-04
1.697736532258013742e-04
1.687018347928588319e-04
1.676596001391005670e-04
1.666460877942163446e-04
1.656604640411669114e-04
1.647019219860997518e-04
1.637696806603234571e-04
1.628629841535552270e-04
1.619811007772451979e-04
1.611233222572318541e-04
1.602889629545525710e-04
1.594773591137148034e-04
1.586878681372917840e-04
1.579198678861854887e-04
1.571727560044692781e-04
1.564459492682001890e-04
1.557388829571419362e-04
1.550510102488603982e-04
1.543818016341573680e-04
1.537307443533458677e-04
1.530973418524081040e-04
1.524811132585486909e-04
1.518815928742464736e-04
1.512983296893666415e-04
1.507308869104619716e-04
1.501788415068887729e-04
1.496417837728894712e-04
1.491193169053123420e-04
1.486110565961773337e-04
1.481166306397747249e-04
1.476356785535557837e-04
1.471678512125349154e-04
1.467128104965079486e-04
1.462702289498271082e-04
1.458397894530858948e-04
1.454211849064743439e-04
1.450141179242045040e-04
1.446183005397863662e-04
1.442334539215897821e-04
1.438593080985000607e-04
1.434956016951401852e-04
1.431420816764782361e-04
1.427985031013335397e-04
1.424646288846275030e-04
1.421402295679017615e-04
1.418250830979947582e-04
1.415189746134066172e-04
1.412216962382707264e-04
1.409330468834963399e-04
1.406528320550006178e-04
1.403808636686248253e-04
1.401169598716795611e-04
1.398609448707303557e-04
1.396126487655678021e-04
1.393719073890256296e-04
1.391385621525763827e-04
1.389124598974037026e-04
1.386934527508935878e-04
1.384813979882509481e-04
1.382761578992107443e-04
1.380775996595543930e-04
1.378855952074211906e-04
1.377000211241368225e-04
1.375207585195583867e-04
1.373476929216804407e-04
1.371807141704964881e-04
1.370197163158915279e-04
1.368645975195592992e-04
1.367152599607264290e-04
1.365716097457013488e-04
1.364335568210331970e-04
1.363010148902968355e-04
1.361739013343153291e-04
1.360521371348362874e-04
1.359356468014800566e-04
1.358243583019799294e-04
1.357182029955520666e-04
1.356171155694024225e-04
1.355210339782321938e-04
1.354298993867404373e-04
1.353436561149939953e-04
1.352622515866719940e-04
1.351856362800516647e-04
1.351137636817483379e-04
1.350465902430889097e-04
1.349840753391182927e-04
1.349261812301421151e-04
1.348728730258033073e-04
1.348241186516202083e-04
1.347798888179668633e-04
1.347401569914767313e-04
1.347048993688602860e-04
1.346740948531283545e-04
1.346477250322644507e-04
1.346257741603534234e-04
1.346082291412443728e-04
1.345950795147783825e-04
1.345863174456747699e-04
1.345819377151186527e-04
