0.000000000000000000e+00
0.000000000000000000e+00
1.284628222479800286e+02
3.856235073424547863e+02
7.719527843987743836e+02
1.288158369068344200e+03
1.935186916042007397e+03
2.714226632604313636e+03
3.626710562084482262e+03
4.674320548235426031e+03
5.858991893972593971e+03
7.182918730133214922e+03
8.648560112455958006e+03
1.025864686729115965e+04
1.201618920926598912e+04
1.392448515654802031e+04
1.598712977228254385e+04
1.820802526333650167e+04
2.059139197067093846e+04
2.314178028839035323e+04
2.586408355201570157e+04
2.876355193944880011e+04
3.184580743195370087e+04
3.511685988563043065e+04
3.858312426812927151e+04
4.225143911876298080e+04
4.612908629491600004e+04
5.022381207136883313e+04
5.454384966441105644e+04
5.909794325669022510e+04
6.389537360458751209e+04
6.894598531435677432e+04
7.426021587979179458e+04
7.984912657903284708e+04
8.572443533540022327e+04
9.189855165245076932e+04
9.838461374156230886e+04
1.051965279661228706e+05
1.123490107354766660e+05
1.198576329880274279e+05
1.277388674130340805e+05
1.360101385673969926e+05
1.446898760550247971e+05
1.537975709436675243e+05
1.633538356066700944e+05
1.733804671849280712e+05
1.839005148782912875e+05
1.949383512840052717e+05
2.065197480152896605e+05
2.186719558419411187e+05
2.314237896120568621e+05
2.448057182231538463e+05
2.588499599299836846e+05
2.735905832858017529e+05
2.890636140348541085e+05
3.053071482834247872e+05
3.223614722999053774e+05
3.402691893038096605e+05
3.590753536290769116e+05
3.788276126560113044e+05
3.995763569340871181e+05
4.213748789259755868e+05
4.442795408336341497e+05
4.683499519740130636e+05
4.936491562051547226e+05
5.202438299080547877e+05
5.482044910657308064e+05
5.776057199825218413e+05
6.085263922256737715e+05
6.410499243687108392e+05
6.752645331581141800e+05
7.112635087167687016e+05
7.491455024426674936e+05
7.890148302461154526e+05
8.309817918165982701e+05
8.751630065864039352e+05
9.216817671086174669e+05
9.706684105333979242e+05
1.022260708920462173e+06
1.076604279086981202e+06
1.133853012758889934e+06
1.194169527787383646e+06
1.257725641361948336e+06
1.324702866424165666e+06
1.395292933358759386e+06
1.469698341231461149e+06
1.548132948616137728e+06
1.630822629419817589e+06
1.718006059011081699e+06
1.809935800103295594e+06
1.906880112244645599e+06
2.009126454153780127e+06
2.116988387917592190e+06
2.230817166070979554e+06
2.351015156267297920e+06
2.478043621178926434e+06
2.612421348905394785e+06
2.754719189261126332e+06
2.905556268716376275e+06
3.065599103967661969e+06
3.235562623828136362e+06
3.416212208389066160e+06
3.608366324476829264e+06
3.812899599654711317e+06
4.030746286149551626e+06
4.262904100414095446e+06
4.510438436309644021e+06
4.774486951953692362e+06
5.056264533029937185e+06
5.357068636369199492e+06
5.678285020546237007e+06
6.021393872101941146e+06
6.387976339032026008e+06
6.779721485203817487e+06
7.198433682005526498e+06
7.646040455311372876e+06
8.124600807949618436e+06
8.636314039305919781e+06
9.183529085293056443e+06
9.768754403063852340e+06
1.039466842602013797e+07
1.106413061557492986e+07
1.178019313694808632e+07
1.254611318697907776e+07
1.336536600244898722e+07
1.424165857792047784e+07
1.517894412230459414e+07
1.618143728368205205e+07
1.725363017177887261e+07
1.840030920758645982e+07
1.962657282912008464e+07
2.093785008212430030e+07
2.233992012361568213e+07
2.383893266563200578e+07
2.544142938514892012e+07
2.715436632520248368e+07
2.898513731027672067e+07
3.094159839762059972e+07
3.303209338352090493e+07
3.526548038160890341e+07
3.765115948689548671e+07
4.019910153663954884e+07
4.291987797492996603e+07
4.582469182454981655e+07
4.892540976452586055e+07
5.223459530764691532e+07
5.576554306603508443e+07
5.953231408784433454e+07
6.354977224083355069e+07
6.783362161258967221e+07
7.240044488863644004e+07
7.726774266265882552e+07
8.245397362325516343e+07
8.797859555353713036e+07
9.386210706873090565e+07
1.001260900077366978e+08
1.067932523820341527e+08
1.138874717750111520e+08
1.214338390708088279e+08
1.294587023803553283e+08
1.379897110168740451e+08
1.470558593606542647e+08
1.566875304361323714e+08
1.669165390108222663e+08
1.777761740076001585e+08
1.893012400074475110e+08
2.015280976005132794e+08
2.144947023282057047e+08
2.282406419387129843e+08
2.428071716625956297e+08
2.582372471938758492e+08
2.745755550458959937e+08
2.918685399292559624e+08
3.101644287827668786e+08
3.295132510658960938e+08
3.499668549047475457e+08
3.715789186608256102e+08
3.944049574755924344e+08
4.185023243207771182e+08
4.439302050685380101e+08
4.707496070723864436e+08
4.990233407342982888e+08
5.288159935102122426e+08
5.601938957909076214e+08
5.932250780718801022e+08
6.279792188107184172e+08
6.645275823466258049e+08
7.029429462413502932e+08
7.432995173758261204e+08
7.856728361205098629e+08
8.301396678705090284e+08
8.767778812181836367e+08
9.256663120059325695e+08
9.768846124797856808e+08
1.030513084729576468e+09
1.086632497573845625e+09
1.145323886005238771e+09
1.206668332276530027e+09
1.270746727654557943e+09
1.337639513821816206e+09
1.407426402838779211e+09
1.480186074516234636e+09
1.555995849961537123e+09
1.634931339977769375e+09
1.717066066885215759e+09
1.802471058222610950e+09
1.891214410645733356e+09
1.983360822195634127e+09
2.078971090932229042e+09
2.178101577744080544e+09
2.280803630926413536e+09
2.387122969890136719e+09
2.497099025099841595e+09
2.610764231064315796e+09
2.728143268894354343e+09
2.849252254628872871e+09
2.974097869190760612e+09
3.102676425500902176e+09
3.234972867940329075e+09
3.370959699044273376e+09
3.510595828039068222e+09
3.653825335642367363e+09
3.800576149459984303e+09
3.950758624396881104e+09
4.104264022806166649e+09
4.260962889727826118e+09
4.420703319611909866e+09
4.583309112525444984e+09
4.748577820160726547e+09
4.916278685206352234e+09
5.086150482036413193e+09
5.257899272503916740e+09
5.431196098194586754e+09
5.605674640150624275e+09
5.780928889153972626e+09
5.956510884492298126e+09
6.131928596974284172e+09
6.306644052922760963e+09
6.480071819836112976e+09
6.651578000859560966e+09
6.820479913134066582e+09
6.986046652731081009e+09
7.147500773613294601e+09
7.304021326184407234e+09
7.454748507746109009e+09
7.598790166803624153e+09
7.735230369365307808e+09
7.863140172024978638e+09
7.981590648982832909e+09
8.089668086418044090e+09
8.186491090667317390e+09
8.271229165613517761e+09
8.343122115858278275e+09
8.401499448642406464e+09
8.445798806607016563e+09
8.475582393180278778e+09
