1.856029785518990144e-02
1.854243864319285104e-02
1.850678756655612170e-02
1.845347883827836571e-02
1.838271257879519130e-02
1.829475339166383024e-02
1.818992848851787303e-02
1.806862538345831506e-02
1.793128918153155324e-02
1.777841949010161224e-02
1.761056698564511871e-02
1.742832967178348583e-02
1.723234886713728709e-02
1.702330496383414049e-02
1.680191299918035175e-02
1.656891808411871739e-02
1.632509073261676283e-02
1.607122213609441658e-02
1.580811942637163486e-02
1.553660096948213977e-02
1.525749173103052060e-02
1.497161875164499008e-02
1.467980676852292769e-02
1.438287401614683249e-02
1.408162823600624287e-02
1.377686292167450491e-02
1.346935382190103322e-02
1.315985572057746904e-02
1.284909950855640109e-02
1.253778955842892347e-02
1.222660140954768236e-02
1.191617976687495487e-02
1.160713681368779129e-02
1.130005083483647151e-02
1.099546514415226418e-02
1.069388730678615465e-02
1.039578864473855203e-02
1.010160401164293328e-02
9.811731820992984285e-03
9.526534310470085101e-03
9.246338023818616997e-03
8.971434490841067796e-03
8.702081085512078720e-03
8.438502041938385559e-03
8.180889607889658965e-03
7.929405315877102733e-03
7.684181352227020118e-03
7.445322005270512203e-03
7.212905174609394142e-03
6.986983924397643930e-03
6.767588064672425997e-03
6.554725745947699404e-03
6.348385053525280354e-03
6.148535589251873969e-03
5.955130029746722765e-03
5.768105651410924267e-03
5.587385813794025491e-03
5.412881394126897380e-03
5.244492167005161340e-03
5.082108124331768950e-03
4.925610731677591315e-03
4.774874118198158858e-03
4.629766198144356394e-03
4.490149722825770295e-03
4.355883262623038397e-03
4.226822119301812224e-03
4.102819169460048161e-03
3.983725640441105123e-03
3.869391820470980455e-03
3.759667705138380368e-03
3.654403582626622373e-03
3.553450560342392376e-03
3.456661035760132897e-03
3.363889114432529106e-03
3.274990978196798061e-03
3.189825206651869527e-03
3.108253054986797725e-03
3.030138691219672574e-03
2.955349395855870129e-03
2.883755726904897818e-03
2.815231653103542672e-03
2.749654658091996509e-03
2.686905818171172588e-03
2.626869856147268957e-03
2.569435173637979117e-03
2.514493864080844226e-03
2.461941708547952124e-03
2.411678156334236354e-03
2.363606292151533735e-03
2.317632791627419891e-03
2.273667866678012826e-03
2.231625202198528422e-03
2.191421885395235247e-03
2.152978328966091183e-03
2.116218189228873461e-03
2.081068280191387607e-03
2.047458484460226540e-03
2.015321661794415749e-03
1.984593556023012129e-03
1.955212700967565685e-03
1.927120325936350440e-03
1.900260261288807618e-03
1.874578844506829926e-03
1.850024827151664896e-03
1.826549283033036689e-03
1.804105517869525116e-03
1.782648980675662596e-03
1.762137177072590523e-03
1.742529584683444278e-03
1.723787570743349779e-03
1.705874312025500291e-03
1.688754717159628551e-03
1.672395351397089292e-03
1.656764363856737515e-03
1.641831417268581512e-03
1.627567620217440026e-03
1.613945461875155619e-03
1.600938749198973577e-03
1.588522546563787266e-03
1.576673117788028686e-03
1.565367870505514044e-03
1.554585302830571204e-03
1.544304952258428827e-03
1.534507346739546856e-03
1.525173957863510191e-03
1.516287156085941107e-03
1.507830167930341442e-03
1.499787035095978245e-03
1.492142575402180885e-03
1.484882345499780563e-03
1.477992605280279695e-03
1.471460283914319310e-03
1.465272947451902626e-03
1.459418767917671595e-03
1.453886493836330273e-03
1.448665422124252459e-03
1.443745371285211311e-03
1.439116655849931054e-03
1.434770062000510771e-03
1.430696824322993726e-03
1.426888603633105160e-03
1.423337465821623458e-03
1.420035861668448663e-03
1.416976607575635982e-03
1.414152867171770706e-03
1.411558133742014031e-03
1.409186213439575465e-03
1.407031209236637992e-03
1.405087505573695715e-03
1.403349753668932951e-03
1.401812857450175209e-03
1.400471960073556383e-03
1.399322430995158769e-03
1.398359853562588725e-03
1.397580013095612098e-03
1.396978885425792256e-03
1.396552625866934357e-03
1.396297558588910056e-03
1.396210166369220643e-03
1.396287080697603076e-03
1.396525072209963943e-03
1.396921041429841732e-03
1.397472009795677371e-03
1.398175110953988167e-03
1.399027582299674144e-03
1.400026756744899127e-03
1.401170054700069754e-03
1.402454976250654779e-03
1.403879093514784696e-03
1.405440043167885270e-03
1.407135519120933202e-03
1.408963265340438045e-03
1.410921068798879014e-03
1.413006752545535941e-03
1.415218168888214599e-03
1.417553192677864981e-03
1.420009714688751177e-03
1.422585635087712103e-03
1.425278856987462857e-03
1.428087280079450710e-03
1.431008794343470664e-03
1.434041273831377110e-03
1.437182570524344737e-03
1.440430508263601268e-03
1.443782876755941294e-03
1.447237425656430114e-03
1.450791858732070798e-03
1.454443828111311870e-03
1.458190928625675755e-03
1.462030692250746756e-03
1.465960582655734517e-03
1.469977989871405245e-03
1.474080225088142144e-03
1.478264515596953987e-03
1.482527999887548169e-03
1.486867722919561242e-03
1.491280631583231453e-03
1.495763570368688691e-03
1.500313277262883306e-03
1.504926379895571995e-03
1.509599391956194204e-03
1.514328709905303494e-03
1.519110610004765615e-03
1.523941245692304837e-03
1.528816645326640331e-03
1.533732710330106908e-03
1.538685213756771104e-03
1.543669799313734025e-03
1.548681980863979334e-03
1.553717142439311897e-03
1.558770538791222479e-03
1.563837296507540305e-03
1.568912415721584108e-03
1.573990772439892586e-03
1.579067121513185769e-03
1.584136100273269600e-03
1.589192232857056675e-03
1.594229935236236070e-03
1.599243520968747501e-03
1.604227207684668461e-03
1.609175124316397035e-03
1.614081319078637059e-03
1.618939768199939002e-03
1.623744385403121842e-03
1.628489032126641950e-03
1.633167528474823403e-03
1.637773664878596326e-03
1.642301214443210242e-03
1.646743945954197777e-03
1.651095637505644621e-03
1.655350090710367046e-03
1.659501145444598497e-03
1.663542695074014029e-03
1.667468702102396696e-03
1.671273214178302944e-03
1.674950380389639629e-03
1.678494467770983182e-03
1.681899877944095833e-03
1.685161163807179533e-03
1.688273046185553329e-03
1.691230430352835996e-03
1.694028422329453944e-03
1.696662344863954707e-03
1.699127753001303167e-03
1.701420449143121062e-03
1.703536497504668824e-03
1.705472237876366152e-03
1.707224298599366178e-03
1.708789608668893770e-03
1.710165408883300518e-03
1.711349261962387576e-03
1.712339061564385105e-03
1.713133040138427234e-03
1.713729775556334422e-03
1.714128196476815379e-03
1.714327586402757597e-03
