3.000965695101621145e-01
3.000965695101621145e-01
3.000965695101621145e-01
3.000965695101621145e-01
3.000965695101621145e-01
3.000965695101621145e-01
3.000965695101621145e-01
3.000965695101621145e-01
3.000965695101621145e-01
3.000965695101621145e-01
3.000965695101621145e-01
3.000965695101621145e-01
3.000965695101621145e-01
3.000965695101621145e-01
3.000965695101621145e-01
3.000965695101621145e-01
3.000965695101621145e-01
3.000965695101621145e-01
3.000965695101621145e-01
3.000965695101621145e-01
3.000965695101621145e-01
3.000965695101621145e-01
3.000965695101621145e-01
3.000965695101621145e-01
3.000965695101621145e-01
3.000965695101621145e-01
3.000965695101621145e-01
3.000965695101621145e-01
3.000965695101621145e-01
3.000965695101621145e-01
3.000965695101621145e-01
3.000965695101621145e-01
3.000965695101621145e-01
3.000965695101621145e-01
3.000965695101621145e-01
3.000965695101621145e-01
3.000965695101621145e-01
3.000965695101621145e-01
3.000965695101621145e-01
3.000965695101621145e-01
3.000965695101621145e-01
3.000965695101621145e-01
3.000965695101621145e-01
3.000965695101621145e-01
3.000965695101621145e-01
3.000965695101621145e-01
3.000965695101621145e-01
3.000965695101621145e-01
3.000965695101621145e-01
3.000965695101621145e-01
3.000965695101621145e-01
3.000965695101621145e-01
3.000965695101621145e-01
3.000965695101621145e-01
3.000965695101621145e-01
3.000965695101621145e-01
3.000965695101621145e-01
3.000965695101621145e-01
3.000965695101621145e-01
3.000965695101621145e-01
3.000965695101621145e-01
3.000965695101620589e-01
3.000965695101620034e-01
3.000965695101617814e-01
3.000965695101608377e-01
3.000965695101571185e-01
3.000965695101418529e-01
3.000965695100771824e-01
3.000965695097921881e-01
3.000965695084871765e-01
3.000965695022654867e-01
3.000965694713165210e-01
3.000965693103994081e-01
3.000965684335169525e-01
3.000965634149677097e-01
3.000965331531584845e-01
3.000963404093097697e-01
3.000950389187469480e-01
3.000856962319651822e-01
3.000141789947713966e-01
2.994335676090529863e-01
2.947555986405004380e-01
2.693978182790683351e-01
2.180666457470968045e-01
1.669241082415482691e-01
1.251478069444826036e-01
9.283517491531105559e-02
6.863629358525083490e-02
5.090121971569226689e-02
3.809243913929843961e-02
2.891846362468033019e-02
2.237739652804783541e-02
1.771848523681347071e-02
1.439810560149755274e-02
1.202603939435386259e-02
1.032682739482744007e-02
9.105273612542843370e-03
8.224506479098898926e-03
7.587410694098357944e-03
7.125809848728024802e-03
6.790899548251417769e-03
6.548298939146075283e-03
6.373047415867139076e-03
6.247521954330107798e-03
6.158679208492166476e-03
6.097331595371618430e-03
6.056498372988817352e-03
6.031316658483398992e-03
6.017952911376310381e-03
6.013805592579573624e-03
6.016710630153755332e-03
6.025273009316774175e-03
6.038234524571541549e-03
6.054857031065968669e-03
6.074385695700752069e-03
6.096447290622201282e-03
6.120573947843832747e-03
6.146599379981107329e-03
6.174224047667897265e-03
6.203401628792910849e-03
6.233934656847980524e-03
6.265848164476704903e-03
6.299009109164729718e-03
6.333486414437884335e-03
6.369189457299749210e-03
6.406212593433485182e-03
6.444459474944162596e-03
6.483664604440383256e-03
6.519990537180297453e-03
6.522379001343905913e-03
6.369295576888976337e-03
6.040696944906910441e-03
5.684675344156214956e-03
5.352040182171786085e-03
5.047128407299082166e-03
4.768061849635829227e-03
4.512305935174799019e-03
4.277658815912619740e-03
4.062018738263779676e-03
3.863629892703176506e-03
3.680814291557457998e-03
3.512175306905306049e-03
3.356367612133456628e-03
3.212275516759731907e-03
3.078814622104923161e-03
2.955089538816086953e-03
2.840221375898165004e-03
2.733488170094705745e-03
2.634173627972434973e-03
2.541692893303273710e-03
2.455458935200037843e-03
2.374995775639011757e-03
2.299819650877279412e-03
2.229541440043019632e-03
2.163760290560547226e-03
2.102156691515537530e-03
2.044396691632499510e-03
1.990216824598440258e-03
1.939337391612387662e-03
1.891540254853388541e-03
1.846589928330717029e-03
1.804305099750043049e-03
1.764486489958963815e-03
1.726982835062619917e-03
1.691624648599693997e-03
1.658285289284041611e-03
1.626819900533053344e-03
1.597122100394084620e-03
1.569067487317445239e-03
1.542566414351542649e-03
1.517511543578231505e-03
1.493827103920152086e-03
1.471420053663945009e-03
1.450226168139646726e-03
1.430164433532785020e-03
1.411180265600966511e-03
1.393202811087913048e-03
1.376185560187318229e-03
1.360066276341606118e-03
1.344805232249333396e-03
1.330347526259074249e-03
1.316659143445029481e-03
1.303691448464132851e-03
1.291415248857197837e-03
1.279787281144183567e-03
1.268782432434313817e-03
1.258362059509538205e-03
1.248504506542121723e-03
1.239175116622635723e-03
1.230355167466367196e-03
1.222013451817438156e-03
1.214133739126982327e-03
1.206687815948226427e-03
1.199661569395062003e-03
1.193029391395739134e-03
1.186778969044075330e-03
1.180886967697523807e-03
1.175342603908199066e-03
1.170124532080343361e-03
1.165223267338698224e-03
1.160619209004176266e-03
1.156303973376594189e-03
1.152259494814667200e-03
1.148478321851573473e-03
1.144943743319593640e-03
1.141649095374882477e-03
1.138578866004904405e-03
1.135727055322035585e-03
1.133079217035566329e-03
1.130629909704631902e-03
1.128365638427851697e-03
1.126281430559992200e-03
1.124364645043445183e-03
1.122610702332167698e-03
1.121007732520171727e-03
1.119551485832834996e-03
1.118230794049871867e-03
1.117041684876252973e-03
1.115973634153677408e-03
1.115022904676327142e-03
1.114179569372969426e-03
1.113440092655368450e-03
1.112795107164929681e-03
1.112241253507797361e-03
1.111769695322985469e-03
1.111377231244956108e-03
1.111055534988252165e-03
1.110801551566792476e-03
1.110607450823444114e-03
1.110470318307962790e-03
1.110382812228761715e-03
1.110342157932076978e-03
1.110341499633216459e-03
1.110378206137400741e-03
1.110445909932600891e-03
1.110542130634120878e-03
1.110660995107326261e-03
1.110800184091993714e-03
1.110954327981885726e-03
1.111121281182172885e-03
1.111296189016666800e-03
1.111477093581723355e-03
1.111659667992585592e-03
1.111842156810862511e-03
1.112020774490067370e-03
1.112193982861617216e-03
1.112358551206716045e-03
1.112513172778137370e-03
1.112655184422593454e-03
1.112783523681534119e-03
1.112896106325289439e-03
1.112992125206283857e-03
1.113070084453186923e-03
1.113129440933283403e-03
1.113169294202305320e-03
1.113189371157709707e-03
