1.158699119633576302e+00
1.158641521916954797e+00
1.158526404310224134e+00
1.158353921216661586e+00
1.158124303191855331e+00
1.157837853268945061e+00
1.157494946261951929e+00
1.157096022878087105e+00
1.156641589031142558e+00
1.156132208058480826e+00
1.155568500416709998e+00
1.154951134379866184e+00
1.154280826528978343e+00
1.153558331314115559e+00
1.152784442736886295e+00
1.151959983115412811e+00
1.151085806301501258e+00
1.150162785904946583e+00
1.149191820298784528e+00
1.148173820453242788e+00
1.147109716880126307e+00
1.146000447114440268e+00
1.144846964649402610e+00
1.143650226000677561e+00
1.142411201600568083e+00
1.141130862297226267e+00
1.139810192119173449e+00
1.138450174005747995e+00
1.137051804324763715e+00
1.135616077601510510e+00
1.134144002671765072e+00
1.132636586171237303e+00
1.131094850228554938e+00
1.129519814488789908e+00
1.127912515289842155e+00
1.126273986015104756e+00
1.124605277745037490e+00
1.122907437757948879e+00
1.121181531700631728e+00
1.119428620076592162e+00
1.117649782031248540e+00
1.115846089679290110e+00
1.114018633648959256e+00
1.112168495101710786e+00
1.110296773226107314e+00
1.108404554791994068e+00
1.106492943828933484e+00
1.104563028532668856e+00
1.102615913408377057e+00
1.100652683308593893e+00
1.098674438371566087e+00
1.096682254915568810e+00
1.094677223562114721e+00
1.092660406639284876e+00
1.090632879954527956e+00
1.088595686264671514e+00
1.086549881261607231e+00
1.084496482541563722e+00
1.082436520500375421e+00
1.080370982066997332e+00
1.078300867390073803e+00
1.076227127370579018e+00
1.074150727284258311e+00
1.072072576822576950e+00
1.069993602179616365e+00
1.067914666832683324e+00
1.065836654202397371e+00
1.063760376673680064e+00
1.061686671851173713e+00
1.059616296149501702e+00
1.057550039182421520e+00
1.055488596285450775e+00
1.053432708366859982e+00
1.051383004816428546e+00
1.049340184597673975e+00
1.047304831344628262e+00
1.045277744106791973e+00
1.043260102483866136e+00
1.041255715507335200e+00
1.039276864623861707e+00
1.037351664254342998e+00
1.035509566170573992e+00
1.033762384253732902e+00
1.032109728776553048e+00
1.030547471303763452e+00
1.029070896368788457e+00
1.027675235623231931e+00
1.026355985787655412e+00
1.025108784137812590e+00
1.023929552901481355e+00
1.022814364812668630e+00
1.021759557330419677e+00
1.020761614365871761e+00
1.019817262396248481e+00
1.018923366058801516e+00
1.018077010828738249e+00
1.017275409779032413e+00
1.016515975997129839e+00
1.015796238506822435e+00
1.015113906708179359e+00
1.014466793977231607e+00
1.013852875795967279e+00
1.013270219897325353e+00
1.012717039316638035e+00
1.012191628190978410e+00
1.011692410652729412e+00
1.011217881563570842e+00
1.010766651946565453e+00
1.010337394060836891e+00
1.009928883904943842e+00
1.009539950133924169e+00
1.009169514046251104e+00
1.008816541919923093e+00
1.008480082805863320e+00
1.008159223920083170e+00
1.007853126499500540e+00
1.007560983936794274e+00
1.007282055904216156e+00
1.007015628959135434e+00
1.006761049103158445e+00
1.006517684621313746e+00
1.006284957214501397e+00
1.006062306865043832e+00
1.005849221657883152e+00
1.005645204490719591e+00
1.005449801681761013e+00
1.005262571364647695e+00
1.005083110966670468e+00
1.004911027147644242e+00
1.004745962221474054e+00
1.004587565514569736e+00
1.004435518794735804e+00
1.004289508938973396e+00
1.004149252426407957e+00
1.004014469217729966e+00
1.003884906362866980e+00
1.003760313005109817e+00
1.003640463149227946e+00
1.003525131712743823e+00
1.003414116495930264e+00
1.003307215210933245e+00
1.003204246691453472e+00
1.003105028837617985e+00
1.003009399099993759e+00
1.002917193284422970e+00
1.002828265342258884e+00
1.002742466984943182e+00
1.002659666809895711e+00
1.002579730679500125e+00
1.002502540209929016e+00
1.002427973873504019e+00
1.002355924875780513e+00
1.002286282944078399e+00
1.002218951616379750e+00
1.002153830682210867e+00
1.002090832905315976e+00
1.002029867086057457e+00
1.001970854238392272e+00
1.001913711245618677e+00
1.001858366510842702e+00
1.001804744180307294e+00
1.001752779285301376e+00
1.001702402509424994e+00
1.001653554838785487e+00
1.001606172851471355e+00
1.001560202891821350e+00
1.001515586862098850e+00
1.001472275935674006e+00
1.001430216832429609e+00
1.001389365084795147e+00
1.001349671779830031e+00
1.001311096391211741e+00
1.001273593972199061e+00
1.001237127565918206e+00
1.001201655834556448e+00
1.001167145059566943e+00
1.001133557193485180e+00
1.001100861461005076e+00
1.001069022820771925e+00
1.001038013177647290e+00
1.001007800242696533e+00
1.000978358366382492e+00
1.000949657785769942e+00
1.000921675087826035e+00
1.000894382833594998e+00
1.000867759660278633e+00
1.000841780272803350e+00
1.000816425192867953e+00
1.000791671108944847e+00
1.000767500280028033e+00
1.000743891235690075e+00
1.000720827841823812e+00
1.000698290342907804e+00
1.000676264096634682e+00
1.000654730951023419e+00
1.000633677654448217e+00
1.000613087560686898e+00
1.000592948720493203e+00
1.000573245908102038e+00
1.000553968400140104e+00
1.000535102317487990e+00
1.000516638096994315e+00
1.000498563142962816e+00
1.000480868996810768e+00
1.000463544292774953e+00
1.000446581630348275e+00
1.000429970829113113e+00
1.000413705508474083e+00
1.000397776636799740e+00
1.000382178822693424e+00
1.000366904153871639e+00
1.000351948203902941e+00
1.000337304156483587e+00
1.000322968531290879e+00
1.000308935589518056e+00
1.000295202782180981e+00
1.000281765432946335e+00
1.000268621911951872e+00
1.000255768592111849e+00
1.000243204751199544e+00
1.000230927797946201e+00
1.000218937904855832e+00
1.000207233500523873e+00
1.000195815635349872e+00
1.000184683736631719e+00
1.000173839709054935e+00
1.000163283949231152e+00
1.000153019182606018e+00
1.000143046734228935e+00
1.000133370103518216e+00
1.000123991488225839e+00
1.000114915098351931e+00
1.000106143930491243e+00
1.000097682822120859e+00
1.000089535473846603e+00
1.000081707245312979e+00
1.000074202423271386e+00
1.000067026760525613e+00
1.000060184988265544e+00
1.000053683099728863e+00
1.000047526105878992e+00
1.000041720065837580e+00
1.000036270085700840e+00
1.000031182098246152e+00
1.000026461105431475e+00
1.000022112710341693e+00
1.000018141604635646e+00
1.000014552856083982e+00
1.000011350642834529e+00
1.000008539300133448e+00
1.000006122303671585e+00
1.000004103079066065e+00
1.000002484236674150e+00
1.000001268147097333e+00
1.000000456429649853e+00
1.000000050296511400e+00
