-4.408314118535527903e+00
-4.409190947588952803e+00
-4.410944700636362015e+00
-4.413575466519201740e+00
-4.417083531764415483e+00
-4.421469077236720224e+00
-4.426732586189932483e+00
-4.432874337921745678e+00
-4.439895021062865155e+00
-4.447795023074888832e+00
-4.456575250250904396e+00
-4.466236211411837687e+00
-4.476779046615310342e+00
-4.488204402898352541e+00
-4.500513674242893281e+00
-4.513707666676313401e+00
-4.527788052629835747e+00
-4.542755822135640109e+00
-4.558612955347168594e+00
-4.575360655954273881e+00
-4.593001246322834241e+00
-4.611536178577932077e+00
-4.630968157574628208e+00
-4.651298924364661858e+00
-4.672531613043075183e+00
-4.694668300504324598e+00
-4.717712604135978260e+00
-4.741666990872213105e+00
-4.766535623743068939e+00
-4.792321422232168615e+00
-4.819029166858073587e+00
-4.846662301720920496e+00
-4.875226307615958099e+00
-4.904725236389615439e+00
-4.935165364593289361e+00
-4.966551447838474687e+00
-4.998890668727349329e+00
-5.032188597769004623e+00
-5.066453451316148993e+00
-5.101691743744130036e+00
-5.137912873434874683e+00
-5.175124448783581244e+00
-5.213337222969760987e+00
-5.252560073889640968e+00
-5.292805311626256781e+00
-5.334083289542288497e+00
-5.376408112116441096e+00
-5.419791851089871493e+00
-5.464250685815279951e+00
-5.509798694428736709e+00
-5.556454464243119062e+00
-5.604234423288738220e+00
-5.653159964813208482e+00
-5.703250279039078663e+00
-5.754530043822217777e+00
-5.807021709914096164e+00
-5.860753819697498201e+00
-5.915752691368225236e+00
-5.972051439967870579e+00
-6.029680996413071092e+00
-6.088679920526365308e+00
-6.149084679388912456e+00
-6.210940361721902114e+00
-6.274290126252207500e+00
-6.339186951905738887e+00
-6.405682150480207504e+00
-6.473838319248139683e+00
-6.543716793384249719e+00
-6.615392008317190431e+00
-6.688937747620291141e+00
-6.764443172197807108e+00
-6.841997704538952618e+00
-6.921709035489520545e+00
-7.003686495021126390e+00
-7.088061378662186662e+00
-7.174968752445757936e+00
-7.264570341199388714e+00
-7.357035142627561974e+00
-7.452564435628202588e+00
-7.551373591356091985e+00
-7.653716585381121540e+00
-7.759896179938106542e+00
-7.870399428825453292e+00
-7.986825685716564927e+00
-8.111902707758888553e+00
-8.245955038283531380e+00
-8.386873243547066537e+00
-8.532364457209656194e+00
-8.680293332762452962e+00
-8.828962985066334923e+00
-8.977007535332234056e+00
-9.123416519994723473e+00
-9.267383228772253290e+00
-9.408287284688992003e+00
-9.545577714860847607e+00
-9.678768606466423563e+00
-9.807361016116242780e+00
-9.930856846090684087e+00
-1.004871344562913826e+01
-1.016037874946949948e+01
-1.026527879082057737e+01
-1.036287827714700960e+01
-1.045269732491321513e+01
-1.053438719388732103e+01
-1.060775153246557956e+01
-1.067280375566956963e+01
-1.072975437495625428e+01
-1.077902058491164539e+01
-1.082116760264558941e+01
-1.085688153132434408e+01
-1.088689362833395791e+01
-1.091195329036994899e+01
-1.093276835342940778e+01
-1.095000005667040277e+01
-1.096422822042555723e+01
-1.097596629437482463e+01
-1.098564333438216067e+01
-1.099362874680722157e+01
-1.100022128100580865e+01
-1.100567557897951509e+01
-1.101019254362525324e+01
-1.101394410571351301e+01
-1.101706288647555887e+01
-1.101966425942897310e+01
-1.102183499329362171e+01
-1.102365279041581658e+01
-1.102517419771350227e+01
-1.102645209343103083e+01
-1.102752324338257317e+01
-1.102842418742940289e+01
-1.102917874441739698e+01
-1.102981264968521202e+01
-1.103034121419199565e+01
-1.103078296669016289e+01
-1.103114759281232793e+01
-1.103144876071948488e+01
-1.103169241035632275e+01
-1.103188888904884024e+01
-1.103204162545624101e+01
-1.103215866732147887e+01
-1.103224175727280176e+01
-1.103229736129030947e+01
-1.103232622922946682e+01
-1.103233428281917305e+01
-1.103232379116746564e+01
-1.103230804993105174e+01
-1.103231674336884183e+01
-1.103245242477149901e+01
-1.103301052829211493e+01
-1.103476156473927539e+01
-1.103912755614943997e+01
-1.104731414041349602e+01
-1.105877228816808255e+01
-1.107186725082984147e+01
-1.108539189455985685e+01
-1.109879778994993949e+01
-1.111187617261612104e+01
-1.112456278520151187e+01
-1.113683858416188421e+01
-1.114870878859012038e+01
-1.116017958250637854e+01
-1.117126500966190328e+01
-1.118197430651539293e+01
-1.119232212654987002e+01
-1.120231764937135033e+01
-1.121197494991361232e+01
-1.122130268921935681e+01
-1.123031419825298016e+01
-1.123901756365965632e+01
-1.124742537170201651e+01
-1.125554514773098269e+01
-1.126338876152284918e+01
-1.127096320303250465e+01
-1.127827965890448425e+01
-1.128534461195838290e+01
-1.129216859951825924e+01
-1.129875762565927744e+01
-1.130512161157060369e+01
-1.131126611049933217e+01
-1.131720045973201216e+01
-1.132292978889303825e+01
-1.132846288250279798e+01
-1.133380447292488924e+01
-1.133896282187159343e+01
-1.134394228987415509e+01
-1.134875064456261917e+01
-1.135339189906626700e+01
-1.135787335439210466e+01
-1.136219869965411711e+01
-1.136637479540964790e+01
-1.137040502907040107e+01
-1.137429584562492479e+01
-1.137805035200548787e+01
-1.138167460122420138e+01
-1.138517143986114633e+01
-1.138854655126886861e+01
-1.139180254071116494e+01
-1.139494474294300908e+01
-1.139797553986859313e+01
-1.140089993747916175e+01
-1.140372011121571383e+01
-1.140644075694330439e+01
-1.140906385950036395e+01
-1.141159382210281947e+01
-1.141403245384022291e+01
-1.141638388163515927e+01
-1.141864975270743443e+01
-1.142083393296226390e+01
-1.142293792068946878e+01
-1.142496533501626210e+01
-1.142691753734002980e+01
-1.142879791325712446e+01
-1.143060769844636582e+01
-1.143235005727301612e+01
-1.143402611004710323e+01
-1.143563881130014614e+01
-1.143718917553874270e+01
-1.143867995800047233e+01
-1.144011207620927095e+01
-1.144148809583496273e+01
-1.144280884553441346e+01
-1.144407671036540108e+01
-1.144529243756670134e+01
-1.144645823981121779e+01
-1.144757478973959763e+01
-1.144864413517889190e+01
-1.144966688039891700e+01
-1.145064491527049810e+01
-1.145157878136205554e+01
-1.145247021686539846e+01
-1.145331970579237080e+01
-1.145412884035533807e+01
-1.145489805166122466e+01
-1.145562879109769305e+01
-1.145632144105472783e+01
-1.145697731673586617e+01
-1.145759675556575985e+01
-1.145818094071854709e+01
-1.145873016799419020e+01
-1.145924549223230038e+01
-1.145972717056100443e+01
-1.146017613274386626e+01
-1.146059259982327738e+01
-1.146097737933020966e+01
-1.146133065845923937e+01
-1.146165312495594435e+01
-1.146194493407348602e+01
-1.146220665583933318e+01
-1.146243841515430439e+01
-1.146264066602923570e+01
-1.146281350429642920e+01
-1.146295726929732339e+01
-1.146307202878407949e+01
-1.146315800843106203e+01
-1.146321524861088115e+01
-1.146324386199519196e+01
