1.962543523225760644e+00
1.962546587476763804e+00
1.962552694720454349e+00
1.962561802807927691e+00
1.962573849358554945e+00
1.962588752820944915e+00
1.962606413707872033e+00
1.962626716230765345e+00
1.962649529958438777e+00
1.962674711847167019e+00
1.962702108125606637e+00
1.962731556511916331e+00
1.962762888111913240e+00
1.962795929614821411e+00
1.962830505006377457e+00
1.962866437563084876e+00
1.962903551221492071e+00
1.962941672239818747e+00
1.962980630120137571e+00
1.963020258865875833e+00
1.963060397414381653e+00
1.963100890478610694e+00
1.963141588503725554e+00
1.963182348132377131e+00
1.963223031743023927e+00
1.963263507614762426e+00
1.963303649133013140e+00
1.963343334749553026e+00
1.963382446952423477e+00
1.963420872120708927e+00
1.963458499352216169e+00
1.963495220303779210e+00
1.963530927956508521e+00
1.963565516515423992e+00
1.963598880172248595e+00
1.963630913117539345e+00
1.963661508339469508e+00
1.963690557780916057e+00
1.963717951192598843e+00
1.963743576449666683e+00
1.963767318460920119e+00
1.963789059645591584e+00
1.963808678888217862e+00
1.963826052167001013e+00
1.963841051535988980e+00
1.963853545891411922e+00
1.963863399958712952e+00
1.963870475181629383e+00
1.963874628690360558e+00
1.963875714299136099e+00
1.963873581432443283e+00
1.963868076219396075e+00
1.963859040356608077e+00
1.963846312291281260e+00
1.963829726001251608e+00
1.963809112262596024e+00
1.963784297329311812e+00
1.963755104285172859e+00
1.963721351606817267e+00
1.963682854603535866e+00
1.963639423848100751e+00
1.963590866711941718e+00
1.963536985647891253e+00
1.963477579831933273e+00
1.963412443280853736e+00
1.963341366615757977e+00
1.963264134995315269e+00
1.963180530020675718e+00
1.963090327461544549e+00
1.962993299327366659e+00
1.962889211358355590e+00
1.962777825294579337e+00
1.962658896096809436e+00
1.962532174454003631e+00
1.962397403688783015e+00
1.962254322555971875e+00
1.962102661773320378e+00
1.961942147182416107e+00
1.961772495829951835e+00
1.961593419616235234e+00
1.961404620950624622e+00
1.961205797643100546e+00
1.960996640715799044e+00
1.960776852593105746e+00
1.960546196745834857e+00
1.960304734375641234e+00
1.960053744834544753e+00
1.959799370612857583e+00
1.959566452441336537e+00
1.959449151698710034e+00
1.959781382961768070e+00
1.961588899274792741e+00
1.967029680945200365e+00
1.977778533341655098e+00
1.992485160193811389e+00
2.008773994342975655e+00
2.025367545500011524e+00
2.041814409153720256e+00
2.057976065973236679e+00
2.073812223530241639e+00
2.089312298779233412e+00
2.104474839467881164e+00
2.119301361944530449e+00
2.133794461695688316e+00
2.147957223526389292e+00
2.161793018536436684e+00
2.175305433976890246e+00
2.188498235295858407e+00
2.201375349053047437e+00
2.213940843679778059e+00
2.226198918764433987e+00
2.238153889137383779e+00
2.249810175494615816e+00
2.261172289991126849e+00
2.272244827643595144e+00
2.283032453151394137e+00
2.293539893026163679e+00
2.303771923551583001e+00
2.313733363639048246e+00
2.323429063865179334e+00
2.332863900049792605e+00
2.342042763315328013e+00
2.350970554375145127e+00
2.359652174560522564e+00
2.368092520800082923e+00
2.376296477560530196e+00
2.384268912492272463e+00
2.392014669230477786e+00
2.399538563677499958e+00
2.406845377611212200e+00
2.413939855571563431e+00
2.420826699223694867e+00
2.427510564813550875e+00
2.433996058234063398e+00
2.440287733013181359e+00
2.446390086032419475e+00
2.452307556009749590e+00
2.458044519821043661e+00
2.463605291440009282e+00
2.468994118814518135e+00
2.474215183225954462e+00
2.479272596674062523e+00
2.484170401618697177e+00
2.488912568828715255e+00
2.493502997470043780e+00
2.497945513376066629e+00
2.502243869447234204e+00
2.506401744302515056e+00
2.510422742957108433e+00
2.514310395816787835e+00
2.518068159601862366e+00
2.521699416648443215e+00
2.525207476048576094e+00
2.528595573224631021e+00
2.531866871257319573e+00
2.535024460701702953e+00
2.538071361076538857e+00
2.541010520892626801e+00
2.543844819278767488e+00
2.546577066195273797e+00
2.549210004173601885e+00
2.551746308689892384e+00
2.554188589997105296e+00
2.556539393635424595e+00
2.558801202337328995e+00
2.560976436653545907e+00
2.563067456913125319e+00
2.565076563945341004e+00
2.567006001078255828e+00
2.568857954938612576e+00
2.570634557473754800e+00
2.572337886813027552e+00
2.573969969299146232e+00
2.575532780395973997e+00
2.577028246716605242e+00
2.578458246963584166e+00
2.579824613941966494e+00
2.581129135519151685e+00
2.582373556612113319e+00
2.583559580154976221e+00
2.584688869050391524e+00
2.585763047133826209e+00
2.586783701079781839e+00
2.587752381352526054e+00
2.588670604058419755e+00
2.589539851873486676e+00
2.590361575833641350e+00
2.591137196230024031e+00
2.591868104329400069e+00
2.592555663228704788e+00
2.593201209498222859e+00
2.593806053987255833e+00
2.594371483383059562e+00
2.594898760959905903e+00
2.595389128047124849e+00
2.595843804714209391e+00
2.596263991141611882e+00
2.596650868234932297e+00
2.597005598892456746e+00
2.597329328541901017e+00
2.597623186299016673e+00
2.597888285420795196e+00
2.598125724349939158e+00
2.598336587078920346e+00
2.598521944075619317e+00
2.598682852553217959e+00
2.598820357272896953e+00
2.598935490715268415e+00
2.599029273756729097e+00
2.599102715738926150e+00
2.599156815016232525e+00
2.599192558920696339e+00
2.599210924179059301e+00
2.599212876771747727e+00
2.599199372219009874e+00
2.599171355333737221e+00
2.599129760377578702e+00
2.599075510708774850e+00
2.599009518810570629e+00
2.598932685836752299e+00
2.598845901516242840e+00
2.598750043600746018e+00
2.598645977651046657e+00
2.598534556392927186e+00
2.598416619392523330e+00
2.598292992328446349e+00
2.598164486565366360e+00
2.598031898352176405e+00
2.597896008304771964e+00
2.597757580541868894e+00
2.597617362089764459e+00
2.597476081969158468e+00
2.597334450536279871e+00
2.597193158535679114e+00
2.597052876393573406e+00
2.596914253252916804e+00
2.596777916236030492e+00
2.596644469479341577e+00
2.596514493383279110e+00
2.596388543664793769e+00
2.596267150612985741e+00
2.596150818177872299e+00
2.596040023250318907e+00
2.595935214805391134e+00
2.595836813224786432e+00
2.595745209512473117e+00
2.595660764677011567e+00
2.595583809036107414e+00
2.595514641674802281e+00
2.595453529854027330e+00
2.595400708558837088e+00
2.595356380024013809e+00
2.595320713384261069e+00
2.595293844327463351e+00
2.595275874856159515e+00
2.595266873076284231e+00
