1.004907275403263300e+00
1.004897417602402809e+00
1.004877809894451302e+00
1.004848665775461614e+00
1.004810299834241416e+00
1.004763121167610018e+00
1.004707624928254051e+00
1.004644382266566716e+00
1.004574028973825417e+00
1.004497253163239900e+00
1.004414782346016999e+00
1.004327370260704289e+00
1.004235783808207882e+00
1.004140790419661089e+00
1.004043146156003097e+00
1.003943584792859056e+00
1.003842808101293338e+00
1.003741477478867994e+00
1.003640207037177268e+00
1.003539558194774584e+00
1.003440035779939787e+00
1.003342085597695332e+00
1.003246093381684689e+00
1.003152385014196568e+00
1.003061227878208062e+00
1.002972833182939061e+00
1.002887359099814857e+00
1.002804914537559933e+00
1.002725563393220387e+00
1.002649329118993515e+00
1.002576199461831630e+00
1.002506131243151133e+00
1.002439055067874785e+00
1.002374879865693513e+00
1.002313497190381764e+00
1.002254785216604382e+00
1.002198612394793686e+00
1.002144840736025166e+00
1.002093328716370246e+00
1.002043933798127062e+00
1.001996514578668007e+00
1.001950932581845199e+00
1.001907053716121432e+00
1.001864749424509649e+00
1.001823897557124754e+00
1.001784382995463130e+00
1.001746098060643186e+00
1.001708942734383490e+00
1.001672824722785293e+00
1.001637659388643797e+00
1.001603369578152325e+00
1.001569885363257306e+00
1.001537143720539147e+00
1.001505088162984558e+00
1.001473668340552292e+00
1.001442839621311975e+00
1.001412562664556027e+00
1.001382802993734611e+00
1.001353530576868378e+00
1.001324719419157239e+00
1.001296347172479839e+00
1.001268394764170511e+00
1.001240846047577238e+00
1.001213687475145830e+00
1.001186907794994640e+00
1.001160497770638313e+00
1.001134449923839487e+00
1.001108758299587231e+00
1.001083418252565194e+00
1.001058426253797373e+00
1.001033779716490102e+00
1.001009476839671786e+00
1.000985516468479553e+00
1.000961897969753212e+00
1.000938621121758576e+00
1.000915686016822015e+00
1.000893092975736698e+00
1.000870842472896705e+00
1.000848935071098733e+00
1.000827371365154761e+00
1.000806151933324672e+00
1.000785277295930031e+00
1.000764747880212191e+00
1.000744563990997538e+00
1.000724725786291680e+00
1.000705233257534355e+00
1.000686086213695480e+00
1.000667284269094015e+00
1.000648826834167782e+00
1.000630713109198489e+00
1.000612942080254086e+00
1.000595512517480357e+00
1.000578422975010540e+00
1.000561671792731699e+00
1.000545257099183516e+00
1.000529176815927901e+00
1.000513428662653137e+00
1.000498010163438867e+00
1.000482918653443187e+00
1.000468151286499685e+00
1.000453705042879449e+00
1.000439576737777170e+00
1.000425763029747284e+00
1.000412260429719646e+00
1.000399065309800273e+00
1.000386173912533927e+00
1.000373582359831426e+00
1.000361286662285965e+00
1.000349282728091760e+00
1.000337566372371256e+00
1.000326133326206790e+00
1.000314979246429425e+00
1.000304099725831231e+00
1.000293490305638189e+00
1.000283146491331765e+00
1.000273063776268234e+00
1.000263237678756134e+00
1.000253663804938853e+00
1.000244337955998652e+00
1.000235256311631904e+00
1.000226415734144503e+00
1.000217814248085313e+00
1.000209451726320253e+00
1.000201330707145564e+00
1.000193457009440401e+00
1.000185839491692041e+00
1.000178488349975581e+00
1.000171412255672632e+00
1.000164615765594123e+00
1.000158098325822031e+00
1.000151854889038239e+00
1.000145877271981121e+00
1.000140155477699855e+00
1.000134678670675514e+00
1.000129435797028510e+00
1.000124415945309986e+00
1.000119608540946281e+00
1.000115003442852979e+00
1.000110590983365411e+00
1.000106361977594949e+00
1.000102307715389660e+00
1.000098419945128381e+00
1.000094690852729284e+00
1.000091113039553337e+00
1.000087679499437332e+00
1.000084383596768545e+00
1.000081219044839598e+00
1.000078179885823371e+00
1.000075260471297689e+00
1.000072455444464881e+00
1.000069759722903129e+00
1.000067168482952962e+00
1.000064677144520298e+00
1.000062281357405380e+00
1.000059976987938581e+00
1.000057760107019078e+00
1.000055626978350931e+00
1.000053574047974791e+00
1.000051597933903302e+00
1.000049695416948436e+00
1.000047863431569706e+00
1.000046099057832816e+00
1.000044399513313254e+00
1.000042762146037489e+00
1.000041184427302943e+00
1.000039663945477386e+00
1.000038198399618716e+00
1.000036785594019317e+00
1.000035423432526827e+00
1.000034109913736646e+00
1.000032843125926219e+00
1.000031621242814861e+00
1.000030442519036056e+00
1.000029305286392889e+00
1.000028207949799741e+00
1.000027148983974268e+00
1.000026126929797643e+00
1.000025140391382461e+00
1.000024188032798689e+00
1.000023268575482405e+00
1.000022380795277943e+00
1.000021523520145061e+00
1.000020695627486855e+00
1.000019896042114720e+00
1.000019123733831838e+00
1.000018377715625517e+00
1.000017657041476271e+00
1.000016960804751109e+00
1.000016288136216458e+00
1.000015638202609303e+00
1.000015010204823973e+00
1.000014403376647598e+00
1.000013816983105874e+00
1.000013250319337077e+00
1.000012702709081047e+00
1.000012173503677770e+00
1.000011662080688701e+00
1.000011167843002147e+00
1.000010690217567610e+00
1.000010228654606648e+00
1.000009782626448240e+00
1.000009351626826470e+00
1.000008935169809376e+00
1.000008532789177673e+00
1.000008144037435320e+00
1.000007768485263071e+00
1.000007405720601206e+00
1.000007055348165474e+00
1.000006716988604882e+00
1.000006390278069590e+00
1.000006074867433092e+00
1.000005770421907636e+00
1.000005476620332123e+00
1.000005193154823946e+00
1.000004919730123065e+00
1.000004656063286479e+00
1.000004401883078264e+00
1.000004156929700905e+00
1.000003920954229075e+00
1.000003693718375386e+00
1.000003474993965469e+00
1.000003264562730143e+00
1.000003062215821803e+00
1.000002867753630564e+00
1.000002680985337955e+00
1.000002501728754600e+00
1.000002329809912105e+00
1.000002165062913617e+00
1.000002007329563680e+00
1.000001856459237226e+00
1.000001712308535851e+00
1.000001574741174570e+00
1.000001443627669184e+00
1.000001318845236353e+00
1.000001200277507385e+00
1.000001087814440526e+00
1.000000981352065610e+00
1.000000880792406122e+00
1.000000786043245826e+00
1.000000697018063489e+00
1.000000613635829483e+00
1.000000535820944725e+00
1.000000463503059711e+00
1.000000396617026333e+00
1.000000335102740223e+00
1.000000278905099238e+00
1.000000227973867784e+00
1.000000182263645954e+00
1.000000141733754955e+00
1.000000106348211126e+00
1.000000076075637123e+00
1.000000050889241043e+00
1.000000030766751813e+00
1.000000015690400090e+00
1.000000005646879186e+00
1.000000000627331520e+00
