0.000000000000000000e+00
0.000000000000000000e+00
1.144384053872548357e+01
3.436517856497381729e+01
6.883148694853042571e+01
1.149443733442188034e+02
1.728400607954027919e+02
2.426900328693262736e+02
3.247018470867245696e+02
4.191201214120676468e+02
5.262276996158298061e+02
6.463470024171230079e+02
7.798415724696692450e+02
9.271178224772118028e+02
1.088626997024063485e+03
1.264867360092045146e+03
1.456386621716081663e+03
1.663784618817866203e+03
1.887716266960656185e+03
2.128894801600733899e+03
2.388095329384906108e+03
2.666158712172543801e+03
2.963995808760245382e+03
3.282592101774930597e+03
3.623012739893788421e+03
3.986408028469347300e+03
4.374019404805560043e+03
4.787185937772131183e+03
5.227351395186098671e+03
5.696071926460278519e+03
6.195024412452185061e+03
6.726015539279456789e+03
7.290991658135094440e+03
7.892049498886059155e+03
8.531447811512167391e+03
9.211620016295484675e+03
9.935187951155530754e+03
1.070497681270484281e+04
1.152403139654000915e+04
1.239563375205643570e+04
1.332332237776149850e+04
1.431091309474710579e+04
1.536252174876232857e+04
1.648258890530657300e+04
1.767590671745447980e+04
1.894764816284734479e+04
2.030339886458598266e+04
2.174919173077123924e+04
2.329154466933630829e+04
2.493750165876273240e+04
2.669467748147454404e+04
2.857130645535911026e+04
3.057629553021182073e+04
3.271928215018122137e+04
3.501069732078550442e+04
3.746183436006966076e+04
4.008492385830211424e+04
4.289321541962079937e+04
4.590106681261816993e+04
4.912404121541337372e+04
5.257901330476130533e+04
5.628428500867141702e+04
6.025971181840610370e+04
6.452684063916661398e+04
6.910906024989071011e+04
7.403176554206310539e+04
7.932253681602141296e+04
8.501133553171569656e+04
9.113071804013650399e+04
9.771606896258192137e+04
1.048058560386064491e+05
1.124419084309912578e+05
1.206697206585403183e+05
1.295387845262376650e+05
1.391029516386525065e+05
1.494208293178922322e+05
1.605562130034924485e+05
1.725785584900388494e+05
1.855634976608664438e+05
1.995934017047927482e+05
2.147579961595809436e+05
2.311550325128480908e+05
2.488910215108334669e+05
2.680820337802036083e+05
2.888545738606001833e+05
3.113465342786391266e+05
3.357082368705201079e+05
3.621035691833229503e+05
3.907112244577453821e+05
4.217260544208056526e+05
4.553605448994339677e+05
4.918464251086101285e+05
5.314364223744722549e+05
5.744061750277226092e+05
6.210563172494875034e+05
6.717147507748662028e+05
7.267391195627812995e+05
7.865195048286842648e+05
8.514813592133572092e+05
9.220887003306775587e+05
9.988475855038851732e+05
1.082309891167344991e+06
1.173077422182913870e+06
1.271806378199380357e+06
1.379212206172134029e+06
1.496074870257118484e+06
1.623244572490681428e+06
1.761647959943169495e+06
1.912294856331005692e+06
2.076285558250564151e+06
2.254818737933259923e+06
2.449199994980551768e+06
2.660851097298447508e+06
2.891319942917938810e+06
3.142291252205900382e+06
3.415597949054078665e+06
3.713233079852665309e+06
4.037361892101605423e+06
4.390333242081392556e+06
4.774688634249280207e+06
5.193165621383238584e+06
5.648689676954781637e+06
6.144344989853046834e+06
6.683311505293483846e+06
7.268758641719721258e+06
7.903706573365705088e+06
8.590909563843058422e+06
9.332852898756204173e+06
1.013191911975041032e+07
1.099066418806158565e+07
1.191206714698167890e+07
1.289966421829262003e+07
1.395757581873109005e+07
1.509048068851669133e+07
1.630358103807146847e+07
1.760257847452899441e+07
1.899366486530313268e+07
2.048352615735574439e+07
2.207935593833455071e+07
2.378887599795106053e+07
2.562036193247870356e+07
2.758267249505337328e+07
2.968528185777129233e+07
3.193831425209552050e+07
3.435258064050123841e+07
3.693961718388102204e+07
3.971172533308442682e+07
4.268201340651947260e+07
4.586443952991712093e+07
4.927385581588703394e+07
5.292605365390179306e+07
5.683780996836372465e+07
6.102693428501904011e+07
6.551231642513505369e+07
7.031397462319606543e+07
7.545310383778229356e+07
8.095212399708332121e+07
8.683472789035937190e+07
9.312592838480317593e+07
9.985210461383047700e+07
1.070410467480465919e+08
1.147219989241632819e+08
1.229256998702545017e+08
1.316844207281278670e+08
1.410319995356194973e+08
1.510038717935486436e+08
1.616370965043216348e+08
1.729703770321260393e+08
1.850440760987865031e+08
1.979002241951291859e+08
2.115825206556968391e+08
2.261363266154254675e+08
2.416086490410725772e+08
2.580481150084080696e+08
2.755049353792076707e+08
2.940308570204797983e+08
3.136791027031119466e+08
3.345042978186780214e+08
3.565623830625972748e+08
3.799105122496337891e+08
4.046069344549164176e+08
4.307108597107027769e+08
4.582823075369314551e+08
4.873819376427022815e+08
5.180708622068687677e+08
5.504104392293444872e+08
5.844620465411404371e+08
6.202868361705118418e+08
6.579454688855940104e+08
6.974978288700829744e+08
7.390027186382454634e+08
7.825175344581565857e+08
8.280979227275109291e+08
8.757974179335775375e+08
9.256670630274627209e+08
9.777550132514657974e+08
1.032106124675625801e+09
1.088761528924519300e+09
1.147758195805682182e+09
1.209128485785033941e+09
1.272899694490383148e+09
1.339093591658658743e+09
1.407725957173810482e+09
1.478806117067356110e+09
1.552336482569420099e+09
1.628312095502006769e+09
1.706720183494649887e+09
1.787539728672608137e+09
1.870741053616101027e+09
1.956285428512351513e+09
2.044124703517528057e+09
2.134200970409657717e+09
2.226446257643656731e+09
2.320782262912934780e+09
2.417120127276079655e+09
2.515360254820025444e+09
2.615392181700913429e+09
2.717094498229171276e+09
2.820334827445823193e+09
2.924969863371254921e+09
3.030845471797157288e+09
3.137796856136507511e+09
3.245648790447693348e+09
3.354215921308571815e+09
3.463303139736676693e+09
3.572706023837450981e+09
3.682211352315277100e+09
3.791597688408055305e+09
3.900636033209569931e+09
4.009090546730119228e+09
4.116719334421463490e+09
4.223275296262799263e+09
4.328507034877395630e+09
4.432159818531538963e+09
4.533976594265373230e+09
4.633699045827412605e+09
4.731068690536327362e+09
4.825828008684490204e+09
4.917721598632300377e+09
5.006497350329563141e+09
5.091907629643130302e+09
5.173710465578308105e+09
5.251670732256182671e+09
5.325561317357272148e+09
5.395164268665889740e+09
5.460271910351960182e+09
5.520687920710880280e+09
5.576228363245405197e+09
5.626722663219888687e+09
5.672014522141763687e+09
5.711962763028033257e+09
5.746442099791869164e+09
5.775343824630658150e+09
5.798576407910038948e+09
5.816066005707995415e+09
5.827756870906798363e+09
