1.920759262766965224e-07
1.924885017658937691e-07
1.933158616055857630e-07
1.945624376943979964e-07
1.962349134025855602e-07
1.983422663584048679e-07
2.008958258313930148e-07
2.039093448946382968e-07
2.073990877675057528e-07
2.113839325978618742e-07
2.158854902310293559e-07
2.209282392835108459e-07
2.265396781978089927e-07
2.327504946292550673e-07
2.395947529465202718e-07
2.471101001937045097e-07
2.553379913684459651e-07
2.643239343134324228e-07
2.741177551053094668e-07
2.847738841266967884e-07
2.963516636792972634e-07
3.089156771354002063e-07
3.225361003903963894e-07
3.372890753312730547e-07
3.532571059043138763e-07
3.705294761030321099e-07
3.892026901814359213e-07
4.093809338908455412e-07
4.311765566556894496e-07
4.547105728197045777e-07
4.801131813677126996e-07
5.075243014329474102e-07
5.370941223614323178e-07
5.689836646641525056e-07
6.033653498774179237e-07
6.404235745324315775e-07
6.803552854046333379e-07
7.233705499836238172e-07
7.696931184199086825e-07
8.195609695352988120e-07
8.732268362256097686e-07
9.309587014498911398e-07
9.930402592643027512e-07
1.059771330737366506e-06
1.131468228480789490e-06
1.208464058400649985e-06
1.291108951931475970e-06
1.379770216357162099e-06
1.474832396377159460e-06
1.576697233865239601e-06
1.685783519361812722e-06
1.802526822045911721e-06
1.927379092708265160e-06
2.060808126823940573e-06
2.203296883917082107e-06
2.355342651293884382e-06
2.517456050755475524e-06
2.690159878005766630e-06
2.873987776544086162e-06
3.069482738041557832e-06
3.277195434883521748e-06
3.497682379731069601e-06
3.731503922283322583e-06
3.979222081381047834e-06
4.241398227565103307e-06
4.518590617758005952e-06
4.811351802315527051e-06
5.120225909636574463e-06
5.445745833638917735e-06
5.788430332524184485e-06
6.148781068820964491e-06
6.527279601793171997e-06
6.924384366202241370e-06
7.340527650323505168e-06
7.776112610244659298e-06
8.231510334080598880e-06
8.707056994980288690e-06
9.203051106047013200e-06
9.719750916551912190e-06
1.025737196072034580e-05
1.081608479757076923e-05
1.139601294993111123e-05
1.199723107883929823e-05
1.261976339710978390e-05
1.326358235475810856e-05
1.392860759474162918e-05
1.461470520717518670e-05
1.532168727446280566e-05
1.604931173024021833e-05
1.679728251820004588e-05
1.756525006802936908e-05
1.835281206817890269e-05
1.915951454696872378e-05
1.998485323577971220e-05
2.082827522037935855e-05
2.168918084887494331e-05
2.256692589744406646e-05
2.346082395807326813e-05
2.437014904533437194e-05
2.529413838337175323e-05
2.623199536694522532e-05
2.718289265595890436e-05
2.814597539516132692e-05
2.912036451804654800e-05
3.010516012550469724e-05
3.109944489916351829e-05
3.210228753976558978e-05
3.311274619264823648e-05
3.412987185127408252e-05
3.515271170404106314e-05
3.618031241657363188e-05
3.721172331871225807e-05
3.824599949012202514e-05
3.928220471833417072e-05
4.031941432510852179e-05
4.135671783993262560e-05
4.239322151856968771e-05
4.342805069064670605e-05
4.446035193612487353e-05
4.548929507979875507e-05
4.651407500534985402e-05
4.753391328308429744e-05
4.854805961420965640e-05
4.955579309045957305e-05
5.055642327282515734e-05
5.154929109248070377e-05
5.253376957811148269e-05
5.350926441655036046e-05
5.447521435089475687e-05
5.543109142637180200e-05
5.637640108761027172e-05
5.731068214047431984e-05
5.823350658118154705e-05
5.914447930829363841e-05
6.004323771898698600e-05
6.092945120719484269e-05
6.180282056343941010e-05
6.266307729552563150e-05
6.350998286810307226e-05
6.434332788153594490e-05
6.516293118608014565e-05
6.596863895280097680e-05
6.676032369513245669e-05
6.753788326325917775e-05
6.830123980308768796e-05
6.905033870255432315e-05
6.978514751490698398e-05
7.050565488212834700e-05
7.121186944607598682e-05
7.190381877081187113e-05
7.258154826172672381e-05
7.324512010515472481e-05
7.389461221225203846e-05
7.453011719098306617e-05
7.515174132830868925e-05
7.575960360653310078e-05
7.635383473437094522e-05
7.693457621678602919e-05
7.750197944280874695e-05
7.805620481542322007e-05
7.859742090158691947e-05
7.912580362648326954e-05
7.964153548907683270e-05
8.014480482310190471e-05
8.063580507970356250e-05
8.111473415587505936e-05
8.158179374424141264e-05
8.203718872831056814e-05
8.248112659822567558e-05
8.291381691110696732e-05
8.333547077063768358e-05
8.374630034992244440e-05
8.414651843203462391e-05
8.453633799218602922e-05
8.491597179582195069e-05
8.528563203645769700e-05
8.564552998753554485e-05
8.599587569199902226e-05
8.633687766391693350e-05
8.666874262570518363e-05
8.699167525543168337e-05
8.730587796755283109e-05
8.761155070181613793e-05
8.790889074342953587e-05
8.819809254955379360e-05
8.847934760494170195e-05
8.875284428215661763e-05
8.901876772888996266e-05
8.927729975822226488e-05
8.952861876402667073e-05
8.977289963781917668e-05
9.001031370889166867e-05
9.024102868452141138e-05
9.046520861171311785e-05
9.068301383781175479e-05
9.089460099097859582e-05
9.110012295847665770e-05
9.129972888328469628e-05
9.149356415756690775e-05
9.168177043305332421e-05
9.186448562746808895e-05
9.204184394653768995e-05
9.221397590136235878e-05
9.238100834014431205e-05
9.254306447471065693e-05
9.270026392025614991e-05
9.285272272941208168e-05
9.300055343849506211e-05
9.314386510771091728e-05
9.328276337256960298e-05
9.341735048896477244e-05
9.354772538857870294e-05
9.367398372774013188e-05
9.379621794577599071e-05
9.391451731667390941e-05
9.402896800946401051e-05
9.413965314184132591e-05
9.424665284176486526e-05
9.435004430229036840e-05
9.444990184368127974e-05
9.454629696877795038e-05
9.463929842500263178e-05
9.472897225967732732e-05
9.481538188136166281e-05
9.489858811460520464e-05
9.497864926011928446e-05
9.505562114849218304e-05
9.512955719876349146e-05
9.520050847067712638e-05
9.526852372124959198e-05
9.533364945520135937e-05
9.539592997914863866e-05
9.545540744985751781e-05
9.551212192575008462e-05
9.556611141265858506e-05
9.561741191233704665e-05
9.566605746544103118e-05
9.571208019676405953e-05
9.575551035517993132e-05
9.579637635535226718e-05
9.583470481439771316e-05
9.587052058984301859e-05
9.590384681278516974e-05
9.593470492189355562e-05
9.596311469286738865e-05
9.598909426829491706e-05
9.601266018323932226e-05
9.603382739078512409e-05
9.605260928360271808e-05
9.606901771504632633e-05
9.608306301655785472e-05
9.609475401420626149e-05
9.610409804182956487e-05
9.611110095291519162e-05
9.611576712940868598e-05
9.611809948886335900e-05
