0.000000000000000000e+00
0.000000000000000000e+00
8.877102256187814912e+18
2.660045831475736986e+19
5.310864792673403699e+19
8.831022842270728192e+19
1.320845489936969564e+20
1.842828183503666217e+20
2.447294107351359816e+20
3.132233920520675000e+20
3.895402450169909740e+20
4.734337697720232182e+20
5.646381343963080294e+20
6.628700482167786701e+20
7.678310298008626135e+20
8.792097410112850493e+20
9.966843585191616184e+20
1.119924954694298108e+21
1.248595860793311625e+21
1.382357986811825619e+21
1.520871074207140676e+21
1.663795859877896126e+21
1.810796132242768265e+21
1.961540662925692240e+21
2.115705000358708773e+21
2.272973114488106516e+21
2.433038884646366478e+21
2.595607425470332666e+21
2.760396248448083952e+21
2.927136259214059504e+21
3.095572593044566311e+21
3.265465293101758677e+21
3.436589837810991628e+21
3.608737525321571500e+21
3.781715724288319816e+21
3.955348001223861076e+21
4.129474135418895598e+21
4.303950032922962559e+21
4.478647551342982201e+21
4.653454247270615613e+21
4.828273058020112466e+21
5.003021929068503237e+21
5.177633398169086722e+21
5.352054146580123484e+21
5.526244527241358737e+21
5.700178079060791919e+21
5.873841035769516392e+21
6.047231837076543504e+21
6.220360649131622924e+21
6.393248900590425080e+21
6.565928839891493323e+21
6.738443118701889716e+21
6.910844405882699121e+21
7.083195035766189195e+21
7.255566694033937924e+21
7.428040144036646879e+21
7.600704996008460812e+21
7.773659521296775512e+21
7.947010513457387667e+21
8.120873197847928898e+21
8.295371191193642729e+21
8.470636512490974872e+21
8.646809646559656935e+21
8.824039661544887288e+21
9.002484381710761853e+21
9.182310616946947654e+21
9.363694450535569555e+21
9.546821586887087489e+21
9.731887761156464443e+21
9.919099212887207444e+21
1.010867322610471718e+22
1.030083873858696249e+22
1.049583702338271235e+22
1.069392244602194992e+22
1.089536330127382675e+22
1.110044273375053034e+22
1.130945974713657275e+22
1.152273030733877582e+22
1.174058854540847455e+22
1.196338806668209947e+22
1.219150337322552132e+22
1.242533140734941751e+22
1.266529322469510506e+22
1.291183580617072286e+22
1.316543401885453569e+22
1.342659273687457753e+22
1.369584913422983207e+22
1.397377516253755526e+22
1.426098022778261419e+22
1.455811408130833436e+22
1.486586994153260843e+22
1.518498786419944299e+22
1.551625838039250921e+22
1.586052642304651638e+22
1.621869556430122516e+22
1.659173258775500528e+22
1.698067242149777873e+22
1.738662345973896839e+22
1.781077330290326215e+22
1.825439494824685417e+22
1.871885346535813782e+22
1.920561319334895839e+22
1.971624549912527084e+22
2.025243713884650262e+22
2.081599926754965717e+22
2.140887714492470369e+22
2.203316058838571103e+22
2.269109522788589240e+22
2.338509462037432631e+22
2.411775328538200323e+22
2.489186072695425886e+22
2.571041651100395504e+22
2.657664647114091869e+22
2.749402012012225180e+22
2.846626934825300053e+22
2.949740849432803829e+22
3.059175587902263185e+22
3.175395689498028487e+22
3.298900875218446713e+22
3.430228698148748709e+22
3.569957380335912511e+22
3.718708847294585346e+22
3.877151971633174413e+22
4.046006037641407601e+22
4.226044439008166229e+22
4.418098622160633122e+22
4.623062288066834072e+22
4.841895865720081954e+22
5.075631270807787169e+22
5.325376963072883687e+22
5.592323315594089097e+22
5.877748308861064000e+22
6.183023562268825826e+22
6.509620715420235124e+22
6.859118171248145937e+22
7.233208212371679687e+22
7.633704501282478857e+22
8.062549973921140048e+22
8.521825134950284788e+22
9.013756761541441487e+22
9.540727020749487446e+22
1.010528300352812435e+23
1.071014667612115551e+23
1.135822524692223188e+23
1.205262194391219647e+23
1.279664719443046810e+23
1.359383019530007442e+23
1.444793085718018822e+23
1.536295210244833553e+23
1.634315249090052070e+23
1.739305914208630121e+23
1.851748091715277921e+23
1.972152181665405589e+23
2.101059454387817105e+23
2.239043417585974090e+23
2.386711187638075995e+23
2.544704857693166491e+23
2.713702854282147340e+23
2.894421273241858469e+23
3.087615184790012874e+23
3.294079896593508556e+23
3.514652162646479408e+23
3.750211324724920713e+23
4.001680372116948391e+23
4.270026904252072203e+23
4.556263979776596351e+23
4.861450834557501241e+23
5.186693450054663594e+23
5.533144952494779384e+23
5.902005822323185030e+23
6.294523892518370631e+23
6.711994113544170976e+23
7.155758062004511661e+23
7.627203169473220366e+23
8.127761647518486249e+23
8.658909084643799786e+23
9.222162690753042454e+23
9.819079164828969861e+23
1.045125216182271325e+24
1.112030933529949502e+24
1.182790893320222196e+24
1.257573592519231121e+24
1.336549764143206342e+24
1.419891890439868740e+24
1.507773663738508773e+24
1.600369393575855728e+24
1.697853358983201222e+24
1.800399105135160217e+24
1.908178683913811710e+24
2.021361838332326804e+24
2.140115131190589090e+24
2.264601018799714208e+24
2.394976871112543698e+24
2.531393940130048770e+24
2.673996279017852132e+24
2.822919614958868296e+24
2.978290179383525156e+24
3.140223499855066223e+24
3.308823158537525081e+24
3.484179522833280276e+24
3.666368454439991901e+24
3.855450003735089701e+24
4.051467097043790270e+24
4.254444224975386437e+24
4.464386140614058331e+24
4.681276576916822206e+24
4.905076993192546080e+24
5.135725361004149115e+24
5.373135000241889171e+24
5.617193476449684014e+24
5.867761570740629141e+24
6.124672333802973795e+24
6.387730235566562436e+24
6.656710422064531371e+24
6.931358090878820479e+24
7.211387996295909199e+24
7.496484094915812807e+24
7.786299341949093611e+24
8.080455647802865511e+24
8.378544003793519316e+24
8.680124784936099575e+24
8.984728236746015781e+24
9.291855151855590890e+24
9.600977740999607158e+24
9.911540701567259167e+24
1.022296248546555280e+25
1.053463676649699613e+25
1.084593410583895991e+25
1.115620381253582740e+25
1.146477599419276687e+25
1.177096379131020041e+25
1.207406578693684269e+25
1.237336858156656415e+25
1.266814952147949131e+25
1.295767956704950289e+25
1.324122628593191139e+25
1.351805695452138624e+25
1.378744174965740476e+25
1.404865701126498351e+25
1.430098855547771227e+25
1.454373501680561386e+25
1.477621119710942759e+25
1.499775139852759784e+25
1.520771271709273048e+25
1.540547827357622398e+25
1.559046035812017223e+25
1.576210346546312745e+25
1.591988719803508323e+25
1.606332901489650148e+25
1.619198680541302116e+25
1.630546126769169551e+25
1.640339807314551886e+25
1.648548980008497594e+25
1.655147762095294720e+25
1.660115272969308393e+25
1.663435749776555329e+25
