5.055376593077123143e-02
5.055333244597122466e-02
5.055246510796306686e-02
5.055116316021578127e-02
5.054942549546626029e-02
5.054725059650744950e-02
5.054463661110112499e-02
5.054158125306625754e-02
5.053808191498286584e-02
5.053413552923250590e-02
5.052973871889741148e-02
5.052488761826340324e-02
5.051957806245837429e-02
5.051380536676799288e-02
5.050756455570647868e-02
5.050085010033156935e-02
5.049365618759118352e-02
5.048597641464626362e-02
5.047780409950281683e-02
5.046913193115654117e-02
5.045995232269685077e-02
5.045025701588071870e-02
5.044003747808689653e-02
5.042928445969276779e-02
5.041798843647966183e-02
5.040613911792981433e-02
5.039372593692472563e-02
5.038073750679285256e-02
5.036716216042340377e-02
5.035298735357136152e-02
5.033820025582476376e-02
5.032278709730835659e-02
5.030673381430694063e-02
5.029002533608584874e-02
5.027264628839934330e-02
5.025458021665811514e-02
5.023581035104299208e-02
5.021631876168254627e-02
5.019608718967767669e-02
5.017509612927415624e-02
5.015332572980028131e-02
5.013075479901770576e-02
5.010736178180733719e-02
5.008312367791541847e-02
5.005801710423390949e-02
5.003201711898393189e-02
5.000509837567808369e-02
4.997723384433896965e-02
4.994839606676746563e-02
4.991855576359666841e-02
4.988768320242525228e-02
4.985574667724036735e-02
4.982271400343707413e-02
4.978855085324357388e-02
4.975322239483950110e-02
4.971669146363928010e-02
4.967892036693123681e-02
4.963986886586689573e-02
4.959949617269890365e-02
4.955775871154054907e-02
4.951461234307171638e-02
4.947000986270332773e-02
4.942390349863254317e-02
4.937624209257317209e-02
4.932697393309708189e-02
4.927604354415467125e-02
4.922339493994225268e-02
4.916896791572104852e-02
4.911270184889109797e-02
4.905453133695785589e-02
4.899439073374416143e-02
4.893220889497752052e-02
4.886791475686931563e-02
4.880143081704252372e-02
4.873268040236612003e-02
4.866157983773033296e-02
4.858805164455570064e-02
4.851203015858085443e-02
4.843355377237419657e-02
4.835301664550918643e-02
4.827153372947195348e-02
4.819040694964239063e-02
4.811028757632537095e-02
4.803132473509763578e-02
4.795350101573939150e-02
4.787676335731234911e-02
4.780104780137148929e-02
4.772629268657308660e-02
4.765243441838272476e-02
4.757941321455817774e-02
4.750716818348010850e-02
4.743564194621140845e-02
4.736477631764614282e-02
4.729451627903148714e-02
4.722480619416148662e-02
4.715559328456832289e-02
4.708682427333480552e-02
4.701844846616796275e-02
4.695041474016094230e-02
4.688267430683364101e-02
4.681517798420753440e-02
4.674787869887434694e-02
4.668072899483103472e-02
4.661368331808397880e-02
4.654669572642206737e-02
4.647972199028981705e-02
4.641271747541675374e-02
4.634563908653824976e-02
4.627844330048477145e-02
4.621108797400200197e-02
4.614353050916229076e-02
4.607572954250831188e-02
4.600764322789584887e-02
4.593923082109336448e-02
4.587045106768851410e-02
4.580126369487161342e-02
4.573162789402456657e-02
4.566150372952712533e-02
4.559085070723446764e-02
4.551962910863921463e-02
4.544779863773548700e-02
4.537531968765832341e-02
4.530215205948726759e-02
4.522825616750341532e-02
4.515359182436158580e-02
4.507811939030201276e-02
4.500179861984799495e-02
4.492458975964928186e-02
4.484645245248083945e-02
4.476734678783796800e-02
4.468723225953498412e-02
4.460606877271403731e-02
4.452381565178745865e-02
4.444043260712918220e-02
4.435587879048831506e-02
4.427011372430050828e-02
4.418309640203195443e-02
4.409478618275988748e-02
4.400514193419056280e-02
4.391412289491577331e-02
4.382168785809392730e-02
4.372779600357259988e-02
4.363240612043926131e-02
4.353547741101045782e-02
4.343696875064466389e-02
4.333683946543102211e-02
4.323504862782103636e-02
4.313155580970077368e-02
4.302632041253550560e-02
4.291930239737822700e-02
4.281046164834150652e-02
4.269975868097317107e-02
4.258715403797656840e-02
4.247260897727051648e-02
4.235608489897002560e-02
4.223754401434578337e-02
4.211694880315278167e-02
4.199426266460919849e-02
4.186944940422591965e-02
4.174247386783599273e-02
4.161330145713050543e-02
4.148189874768531960e-02
4.134823303245433596e-02
4.121227292466167480e-02
4.107398792853626107e-02
4.093334902786066598e-02
4.079032828326165094e-02
4.064489940713276322e-02
4.049703738681230403e-02
4.034671904652895047e-02
4.019392269581002070e-02
4.003862867903015127e-02
3.988081904839899799e-02
3.972047810162356724e-02
3.955759207882322825e-02
3.939214968874939909e-02
3.922414182896580281e-02
3.905356210099905634e-02
3.888040655310679578e-02
3.870467418466102399e-02
3.852636671080042485e-02
3.834548905627243459e-02
3.816204914122868497e-02
3.797605836467054380e-02
3.778753141059879028e-02
3.759648672111351453e-02
3.740294632206379172e-02
3.720693628575053036e-02
3.700848657513848561e-02
3.680763149598367812e-02
3.660440955856694711e-02
3.639886391892149103e-02
3.619104225690666227e-02
3.598099720603867291e-02
3.576878624654823008e-02
3.555447212310243466e-02
3.533812275127323071e-02
3.511981162217343855e-02
3.489961772049064714e-02
3.467762591474094630e-02
3.445392688468002645e-02
3.422861749548812560e-02
3.400180073195033237e-02
3.377358605441150435e-02
3.354408933660806696e-02
3.331343320065791730e-02
3.308174695481023997e-02
3.284916690405683543e-02
3.261583628333414309e-02
3.238190553954271855e-02
3.214753225488339167e-02
3.191288139514874417e-02
3.167812521689969407e-02
3.144344347585236593e-02
3.120902331051388090e-02
3.097505940334611962e-02
3.074175383230712266e-02
3.050931617626985101e-02
3.027796332470598234e-02
3.004791951763347013e-02
2.981941610251478275e-02
2.959269149789619038e-02
2.936799088559011867e-02
2.914556608628962250e-02
2.892567517441707245e-02
2.870858225353618495e-02
2.849455698108354501e-02
2.828387423157700462e-02
2.807681351905515557e-02
2.787365853716062061e-02
2.767469646876782874e-02
2.748021739428933852e-02
2.729051348095472979e-02
2.710587825441413204e-02
2.692660566468416117e-02
2.675298922150352865e-02
2.658532094023173531e-02
2.642389034851615540e-02
2.626898332338567510e-02
2.612088098547847570e-02
2.597985844794582083e-02
2.584618362434390471e-02
2.572011592017620085e-02
2.560190499083431562e-02
2.549178941675811841e-02
2.538999545746413802e-02
2.529673576020944128e-02
2.521220816388709124e-02
2.513659449739726395e-02
2.507005949166871833e-02
2.501274972636821636e-02
2.496479270834226979e-02
2.492629602283997353e-02
2.489734663150887026e-02
2.487801027652524269e-02
2.486833104084795742e-02
