3.973589441288108946e-03
3.959463579775293618e-03
3.931378839211458268e-03
3.889665639124041500e-03
3.834810856232022044e-03
3.767447629628038665e-03
3.688342265329744990e-03
3.598378643227239000e-03
3.498540592569123614e-03
3.389892757733292596e-03
3.273560497974418657e-03
3.150709381024168615e-03
3.022524809426524028e-03
2.890192296749023119e-03
2.754878852792695069e-03
2.617715885675395496e-03
2.479783945482624211e-03
2.342099566401954682e-03
2.205604370792619163e-03
2.071156528697371685e-03
1.939524577154213072e-03
1.811383544185587828e-03
1.687313249004118720e-03
1.567798609575588378e-03
1.453231737844502868e-03
1.343915585203638366e-03
1.240068874001323557e-03
1.141832054703007708e-03
1.049274022820690213e-03
9.623993505131880942e-04
8.811557980379129901e-04
8.054419016654941694e-04
7.351144542241807656e-04
6.699957300721085061e-04
6.098803290905131227e-04
5.545415487619234640e-04
5.037372147903848921e-04
4.572149303719895766e-04
4.147167213308401972e-04
3.759830773000968061e-04
3.407564007238678811e-04
3.087838913800192500e-04
2.798199002675208491e-04
2.536277962868082768e-04
2.299813906984512178e-04
2.086659688645173369e-04
1.894789769794857329e-04
1.722304123976435911e-04
1.567429622767183212e-04
1.428519338836229042e-04
1.304050150212077706e-04
1.192619004808864665e-04
1.092938153604516670e-04
1.003829631453405163e-04
9.242192174795277359e-05
8.531300788133104639e-05
7.896762609874440108e-05
7.330561641336774030e-05
6.825461113854425839e-05
6.374940968262985037e-05
5.973137751771159836e-05
5.614787414697816034e-05
5.295171305585142686e-05
5.010065568970377691e-05
4.755694022012737777e-05
4.528684528566837133e-05
4.326028804903383980e-05
4.145045561297085152e-05
3.983346831824786591e-05
3.838807334232349224e-05
3.709536672924808039e-05
3.593854200455731148e-05
3.490266339680727427e-05
3.397446178723414036e-05
3.314215147659472453e-05
3.239526599754114975e-05
3.172451122768407678e-05
3.112163421201317000e-05
3.057930616158700848e-05
3.009101824709295106e-05
2.965098887740623250e-05
2.925408129382382318e-05
2.889573038424908725e-05
2.857187774640867258e-05
2.827891409843014418e-05
2.801362824264954417e-05
2.777316185019860446e-05
2.755496942452982808e-05
2.735678285498378072e-05
2.717658004654280562e-05
2.701255715616185567e-05
2.686310402738938086e-05
2.672678245122407032e-05
2.660230693075286466e-05
2.648852765630774751e-05
2.638441543768312546e-05
2.628904836316765957e-05
2.620159998690406425e-05
2.612132886433268382e-05
2.604756928072356754e-05
2.597972303198887100e-05
2.591725213698719153e-05
2.585967237147860048e-05
2.580654752972138079e-05
2.575748432809210148e-05
2.571212787762950310e-05
2.567015765876765306e-05
2.563128394144528248e-05
2.559524459855497722e-05
2.556180226858210811e-05
2.553074182681992375e-05
2.550186813084159241e-05
2.547500400849742112e-05
2.544998846174297138e-05
2.542667506145676682e-05
2.540493051248712039e-05
2.538463336942633651e-05
2.536567288696062026e-05
2.534794798944767675e-05
2.533136634714971757e-05
2.531584354700187325e-05
2.530130234812906745e-05
2.528767201250969938e-05
2.527488770315973094e-05
2.526288994220630263e-05
2.525162412290572029e-05
2.524104006951600804e-05
2.523109164039523308e-05
2.522173636943163567e-05
2.521293514221812225e-05
2.520465190301039561e-05
2.519685338969789788e-05
2.518950889355723666e-05
2.518259004166569068e-05
2.517607059931481334e-05
2.516992629080923882e-05
2.516413463645406645e-05
2.515867480450069459e-05
2.515352747622669647e-05
2.514867472323371945e-05
2.514409989541879564e-05
2.513978751896033301e-05
2.513572320300021108e-05
2.513189355455925012e-05
2.512828610055291729e-05
2.512488921660179536e-05
2.512169206164678194e-05
2.511868451819510611e-05
2.511585713731927404e-05
2.511320108833979499e-05
2.511070811240401839e-05
2.510837047997872389e-05
2.510618095153821099e-05
2.510413274153726367e-05
2.510221948500767437e-05
2.510043520692332549e-05
2.509877429371967558e-05
2.509723146715900157e-05
2.509580175996608222e-05
2.509448049345670948e-05
2.509326325662546487e-05
2.509214588693447351e-05
2.509112445230035065e-05
2.509019523454809745e-05
2.508935471384243887e-05
2.508859955439053099e-05
2.508792659094563612e-05
2.508733281641578640e-05
2.508681537012665149e-05
2.508637152705249043e-05
2.508599868757890132e-05
2.508569436811951901e-05
2.508545619216397807e-05
2.508528188208321793e-05
2.508516925128307791e-05
2.508511619703439373e-05
2.508512069358275037e-05
2.508518078586855271e-05
2.508529458346597286e-05
2.508546025508108152e-05
2.508567602321864733e-05
2.508594015936011724e-05
2.508625097927490624e-05
2.508660683880142796e-05
2.508700612972953190e-05
2.508744727611995903e-05
2.508792873070051128e-05
2.508844897167158879e-05
2.508900649956560182e-05
2.508959983449386629e-05
2.509022751343184968e-05
2.509088808787122618e-05
2.509158012149559456e-05
2.509230218820759272e-05
2.509305287017109289e-05
2.509383075618647723e-05
2.509463444007393649e-05
2.509546251937974244e-05
2.509631359408057543e-05
2.509718626559886550e-05
2.509807913581559924e-05
2.509899080637907992e-05
2.509991987800654875e-05
2.510086495007477671e-05
2.510182462019791677e-05
2.510279748408413854e-05
2.510378213537627426e-05
2.510477716576055071e-05
2.510578116505928173e-05
2.510679272157721661e-05
2.510781042242896913e-05
2.510883285411246227e-05
2.510985860305740575e-05
2.511088625640841527e-05
2.511191440277948166e-05
2.511294163323125723e-05
2.511396654221639192e-05
2.511498772873114237e-05
2.511600379743536294e-05
2.511701335996138843e-05
2.511801503618581004e-05
2.511900745567897909e-05
2.511998925910773428e-05
2.512095909980231436e-05
2.512191564527229302e-05
2.512285757886545561e-05
2.512378360137371605e-05
2.512469243276448265e-05
2.512558281384954340e-05
2.512645350806301864e-05
2.512730330317468507e-05
2.512813101308632936e-05
2.512893547956064066e-05
2.512971557401845186e-05
2.513047019925312414e-05
2.513119829120183174e-05
2.513189882062625492e-05
2.513257079482801820e-05
2.513321325927172405e-05
2.513382529922164417e-05
2.513440604128227253e-05
2.513495465493294575e-05
2.513547035396241543e-05
2.513595239788034039e-05
2.513640009322407900e-05
2.513681279482663308e-05
2.513718990697583287e-05
2.513753088451982677e-05
2.513783523386258905e-05
2.513810251389121084e-05
2.513833233678898740e-05
2.513852436877393257e-05
2.513867833071861040e-05
2.513879399868507031e-05
2.513887120434474509e-05
2.513890983530064522e-05
