-4.741298093733614216e+00
-4.742186224156802687e+00
-4.743962559507874488e+00
-4.746627289941477201e+00
-4.750180640754044781e+00
-4.754622995990732903e+00
-4.759954737113748280e+00
-4.766176449586922104e+00
-4.773288680085499003e+00
-4.781292226926900923e+00
-4.790187814858386517e+00
-4.799976470568251052e+00
-4.810659113745726856e+00
-4.822237019291389259e+00
-4.834711322982795600e+00
-4.848083572412978270e+00
-4.862355145210142560e+00
-4.877527891175700070e+00
-4.893603460590026266e+00
-4.910584040505481696e+00
-4.928471590215543152e+00
-4.947268675192923126e+00
-4.966977606297205305e+00
-4.987601375446086394e+00
-5.009142694576585342e+00
-5.031605037811834436e+00
-5.054991575560483952e+00
-5.079306328710686991e+00
-5.104552992535131395e+00
-5.130736209329097797e+00
-5.157860275966024588e+00
-5.185930542424435963e+00
-5.214951995886544012e+00
-5.244930793803680658e+00
-5.275872716317850042e+00
-5.307784843939664654e+00
-5.340673868760422494e+00
-5.374547928516931528e+00
-5.409414765498266497e+00
-5.445283730819567403e+00
-5.482163778046832192e+00
-5.520065653991937715e+00
-5.558999711789132547e+00
-5.598978307582502367e+00
-5.640013414967115501e+00
-5.682119250736812788e+00
-5.725309669078651353e+00
-5.769601044314155658e+00
-5.815009418764210736e+00
-5.861553676466330742e+00
-5.909252412851075498e+00
-5.958127441192536011e+00
-6.008200344618574995e+00
-6.059496367170968512e+00
-6.112040598373662093e+00
-6.165862314123113030e+00
-6.220990729709853007e+00
-6.277459873588957961e+00
-6.335303824115524840e+00
-6.394562223372414422e+00
-6.455274881930459507e+00
-6.517488072933650400e+00
-6.581248340505294614e+00
-6.646609759879813950e+00
-6.713626704138184742e+00
-6.782362319334495737e+00
-6.852879861034201880e+00
-6.925252720478395574e+00
-6.999553670839573805e+00
-7.075866898824060058e+00
-7.154273945224327136e+00
-7.234868356003009815e+00
-7.317735870416993471e+00
-7.402972560384887935e+00
-7.490653911437817669e+00
-7.580858619027969425e+00
-7.673617762721132607e+00
-7.768983738291252550e+00
-7.867145331777009254e+00
-7.969209629520316973e+00
-8.076343279373185524e+00
-8.187613646400203393e+00
-8.300598098355820298e+00
-8.412521337779121922e+00
-8.520586546055005428e+00
-8.622175715428712195e+00
-8.715024458395246754e+00
-8.797395995730159513e+00
-8.868239167709027981e+00
-8.927255492229546618e+00
-8.974867815044039077e+00
-9.012057489806348798e+00
-9.040158330674801235e+00
-9.060626739282035658e+00
-9.074882620142423306e+00
-9.084190095351317495e+00
-9.089623113102208052e+00
-9.092045983942092846e+00
-9.092145057493143057e+00
-9.090442629982282696e+00
-9.087341084822593729e+00
-9.083135455764008270e+00
-9.078051243300748752e+00
-9.072247601627299929e+00
-9.065847190976743519e+00
-9.058931160196589616e+00
-9.051563717229756278e+00
-9.043781348025746070e+00
-9.035614816293207952e+00
-9.027074275545567517e+00
-9.018170721110097432e+00
-9.008897688695176598e+00
-8.999253737891011795e+00
-8.989220588844016646e+00
-8.978788210523189761e+00
-8.967928343565763072e+00
-8.956624376394175968e+00
-8.944837783947985344e+00
-8.932547946693519592e+00
-8.919726896553612505e+00
-8.906786089464178602e+00
-8.899404531709167898e+00
-8.913603627213998237e+00
-8.938382873238614579e+00
-8.963824172885223263e+00
-8.988849555394732960e+00
-9.013354939887276984e+00
-9.037317353408264253e+00
-9.060712876651033199e+00
-9.083529458068378304e+00
-9.105751627479913068e+00
-9.127372624491624009e+00
-9.148383355286977547e+00
-9.168781421573379831e+00
-9.188562710813462431e+00
-9.207728320927415666e+00
-9.226277992288039798e+00
-9.244215546171707487e+00
-9.261543660854753668e+00
-9.278268218600778994e+00
-9.294394095311748316e+00
-9.309928680484780728e+00
-9.324878450880577319e+00
-9.339251847848908383e+00
-9.353056469794497119e+00
-9.366301439861874911e+00
-9.378995094778808550e+00
-9.391146941566468342e+00
-9.402765749880126478e+00
-9.413861172719791170e+00
-9.424442170401475138e+00
-9.434518353416279979e+00
-9.444098681495319170e+00
-9.453192574512366164e+00
-9.461808841528695169e+00
-9.469956596515261893e+00
-9.477644380931863566e+00
-9.484880914127197471e+00
-9.491674379688060270e+00
-9.498033035038172756e+00
-9.503964637014609806e+00
-9.509476931006282996e+00
-9.514577195345124139e+00
-9.519272627007788756e+00
-9.523569987712038554e+00
-9.527475900541313436e+00
-9.530996583304149894e+00
-9.534138068279338185e+00
-9.536906010569429881e+00
-9.539305841393026952e+00
-9.541342640948762721e+00
-9.543021234217597737e+00
-9.544346119331009959e+00
-9.545321513627868626e+00
-9.545951329751495962e+00
-9.546239178684071902e+00
-9.546188386829733474e+00
-9.545801961887567799e+00
-9.545082645049170367e+00
-9.544032844840115715e+00
-9.542654719299612509e+00
-9.540950082297225521e+00
-9.538920511193268226e+00
-9.536567229604129281e+00
-9.533891236583770024e+00
-9.530893169353079841e+00
-9.527573450511006570e+00
-9.523932133849447368e+00
-9.519969066509755606e+00
-9.515683720666336498e+00
-9.511075367901668187e+00
-9.506142899251868172e+00
-9.500885009390728442e+00
-9.495300007284214416e+00
-9.489386008060376909e+00
-9.483140736314112473e+00
-9.476561723803358817e+00
-9.469646107279764635e+00
-9.462390830401341546e+00
-9.454792437839966368e+00
-9.446847280046911877e+00
-9.438551305307932182e+00
-9.429900266252751351e+00
-9.420889511501174596e+00
-9.411514193085167790e+00
-9.401769059367088843e+00
-9.391648662864472641e+00
-9.381147156243127228e+00
-9.370258500426835724e+00
-9.358976265703176978e+00
-9.347293840502061357e+00
-9.335204240042466850e+00
-9.322700316829058309e+00
-9.309774579876808787e+00
-9.296419408881334334e+00
-9.282626887974881669e+00
-9.268389026784232598e+00
-9.253697614026028972e+00
-9.238544450432703670e+00
-9.222921229471937821e+00
-9.206819789616137228e+00
-9.190232032327880773e+00
-9.173150204675096120e+00
-9.155566868810565140e+00
-9.137475230893450373e+00
-9.118869182055300726e+00
-9.099743696472053500e+00
-9.080094971770447998e+00
-9.059920928419872510e+00
-9.039221488153085460e+00
-9.017999218933820060e+00
-8.996259803282852019e+00
-8.974012887474486888e+00
-8.951272806417675199e+00
-8.928059709922750997e+00
-8.904400622549360378e+00
-8.880330926501359912e+00
-8.855895832315804128e+00
-8.831152280280244682e+00
-8.806170856593045215e+00
-8.781038099169538924e+00
-8.755858768507724932e+00
-8.730758351536776374e+00
-8.705885318151544539e+00
-8.681413234865642536e+00
-8.657542142626493131e+00
-8.634499091523434089e+00
-8.612537110909121552e+00
-8.591932339599482660e+00
-8.572978609071409295e+00
-8.555979310178770447e+00
-8.541236272996636458e+00
-8.529036132759200584e+00
-8.519634900535335120e+00
-8.513242241666935328e+00
-8.510007175662414269e+00
