4.633265313940603036e+00
4.634519942786028857e+00
4.637029350767396529e+00
4.640793693276305198e+00
4.645813423823473620e+00
4.652088857969435942e+00
4.659620760402333417e+00
4.668409616477786628e+00
4.678456515455153841e+00
4.689762127105550071e+00
4.702327884291940485e+00
4.716154661037808893e+00
4.731244258771099886e+00
4.747597781127746330e+00
4.765217429377472946e+00
4.784104568050457473e+00
4.804261836345244063e+00
4.825690897392235890e+00
4.848394873832629237e+00
4.872375772148361150e+00
4.897637252121025853e+00
4.924181716139319320e+00
4.952013423928523395e+00
4.981135235063284483e+00
5.011552082236814698e+00
5.043267353323907187e+00
5.076286738577526769e+00
5.110614236461874960e+00
5.146256392574159122e+00
5.183217911048001447e+00
5.221506305764116895e+00
5.261127096347390619e+00
5.302088895431083415e+00
5.344398165055291194e+00
5.388064767486486772e+00
5.433096254070744813e+00
5.479503911510232861e+00
5.527296550802788921e+00
5.576487086103677271e+00
5.627085786127449474e+00
5.679107428989190076e+00
5.732563972138419395e+00
5.787472334158353604e+00
5.843846431656001705e+00
5.901705648274155891e+00
5.961066177587849957e+00
6.021950251053756809e+00
6.084376714328834090e+00
6.148371100234561126e+00
6.213955351275449956e+00
6.281158841888093924e+00
6.350007141235131769e+00
6.420534112398303961e+00
6.492769585208469252e+00
6.566752690582072560e+00
6.642518280895644445e+00
6.720111698235911923e+00
6.799573736037341831e+00
6.880957094952207420e+00
6.964309618366731236e+00
7.049692765600667599e+00
7.137162765842242962e+00
7.226791546125584276e+00
7.318645316259250855e+00
7.412808546092145789e+00
7.509359286883217521e+00
7.608397029045434579e+00
7.710013721670124553e+00
7.814326713501772659e+00
7.921443822496121889e+00
8.031503178652515729e+00
8.144629523698275975e+00
8.260983879716816247e+00
8.380705785251414852e+00
8.503977990778011531e+00
8.630943660111578097e+00
8.761798399182813668e+00
8.896666454913518152e+00
9.035834128581541336e+00
9.180081777827368228e+00
9.332832752037500512e+00
9.498051679636958511e+00
9.675056082741368968e+00
9.860097420761226417e+00
1.004885814574790714e+01
1.023711383968675825e+01
1.042101989641747828e+01
1.059731550399461320e+01
1.076345389063569868e+01
1.091774973347897415e+01
1.105940555405161518e+01
1.118848468585173350e+01
1.130571884391351389e+01
1.141229884166858710e+01
1.150960720628884637e+01
1.159904701457802112e+01
1.168189062301119741e+01
1.175924006762839369e+01
1.183198965603054731e+01
1.190086000835323610e+01
1.196640350115941587e+01
1.202905286482109481e+01
1.208912985724220057e+01
1.214688641551403236e+01
1.220250650842782925e+01
1.225613715293814643e+01
1.230788418042628862e+01
1.235783551968537530e+01
1.240605344568111157e+01
1.245259265171924845e+01
1.249749099107975958e+01
1.254078402832268679e+01
1.258249551926165388e+01
1.262264941887676351e+01
1.266126081668346615e+01
1.269834592671634965e+01
1.273391387336575420e+01
1.276797496644882379e+01
1.280053347131365271e+01
1.283159491823314013e+01
1.286116517954454963e+01
1.288936066083155652e+01
1.291788967994663473e+01
1.295868672879814909e+01
1.301699741857442305e+01
1.307807593807247315e+01
1.313800821696592180e+01
1.319646487500492782e+01
1.325340556974374628e+01
1.330883516903220709e+01
1.336275037369358110e+01
1.341516500453641925e+01
1.346608475726210408e+01
1.351552919395716046e+01
1.356351046873466437e+01
1.361005249920925664e+01
1.365517213153223963e+01
1.369889642519479267e+01
1.374124555551733273e+01
1.378224871327205214e+01
1.382192833969287982e+01
1.386031493891928434e+01
1.389743238764184774e+01
1.393331185281476614e+01
1.396797799969673015e+01
1.400146214740976092e+01
1.403378924839230280e+01
1.406499037797622442e+01
1.409509038994754704e+01
1.412411981289109697e+01
1.415210310797811211e+01
1.417907002903135627e+01
1.420504442374384446e+01
1.423005510332628276e+01
1.425412513933962444e+01
1.427728228072337835e+01
1.429954870663864241e+01
1.432095102263406083e+01
1.434151043618679999e+01
1.436125235911513798e+01
1.438019697742165981e+01
1.439836848340338449e+01
1.441578601531308834e+01
1.443247253968078248e+01
1.444844613947035405e+01
1.446372856472677881e+01
1.447833685049623575e+01
1.449229155192374741e+01
1.450560867535510745e+01
1.451830761233787648e+01
1.453040336912865094e+01
1.454191421262905948e+01
1.455285418505307149e+01
1.456324047360968699e+01
1.457308619839574781e+01
1.458240751657961098e+01
1.459121667271735134e+01
1.459952884726850719e+01
1.460735545951857084e+01
1.461471076944612513e+01
1.462160542429805332e+01
1.462805282210860724e+01
1.463406289373561009e+01
1.463964823569178542e+01
1.464481812012643580e+01
1.464958440405633766e+01
1.465395576038030789e+01
1.465794337008090586e+01
1.466155536789967151e+01
1.466480232361458924e+01
1.466769189648945115e+01
1.467023411130725741e+01
1.467243621614629134e+01
1.467430775846083968e+01
1.467585564113308649e+01
1.467708900353524726e+01
1.467801447116474378e+01
1.467864084629034416e+01
1.467897454680247371e+01
1.467902411073567492e+01
1.467879582025759966e+01
1.467829802406740569e+01
1.467753694270809284e+01
1.467652081255995888e+01
1.467525586889206046e+01
1.467375031489837411e+01
1.467201047910471345e+01
1.467004461262745174e+01
1.466785921772245516e+01
1.466546267617793831e+01
1.466286174592998748e+01
1.466006502322800031e+01
1.465707960434596480e+01
1.465391438387680800e+01
1.465057687863858149e+01
1.464707636415914571e+01
1.464342085791124859e+01
1.463962009573974044e+01
1.463568267155982383e+01
1.463161885515491356e+01
1.462743788544206325e+01
1.462315063073383392e+01
1.461876703262088206e+01
1.461429860945363224e+01
1.460975604782770887e+01
1.460515154971576379e+01
1.460049656848638300e+01
1.459580399982560550e+01
1.459108605920229529e+01
1.458635631649387498e+01
1.458162771186733764e+01
1.457691443390373998e+01
1.457223007103787005e+01
1.456758933300582370e+01
1.456300633532476851e+01
1.455849616411269487e+01
1.455407329163557151e+01
1.454975298500502134e+01
1.454554985160284453e+01
1.454147909286662710e+01
1.453755517942282971e+01
1.453379295210518407e+01
1.453020642784881389e+01
1.452680975118737550e+01
1.452361613329355094e+01
1.452063865835252621e+01
1.451788935943724113e+01
1.451537988519435984e+01
1.451312071733547171e+01
1.451112170380408806e+01
1.450939142335224297e+01
1.450793759159571827e+01
1.450676657825998639e+01
1.450588369213756401e+01
1.450529285603011864e+01
1.450499677554620881e+01
