0.000000000000000000e+00
0.000000000000000000e+00
6.181796535770818806e+21
1.854572797912687627e+22
3.709246230220721514e+22
6.182297999595808175e+22
9.273854764983268042e+22
1.298406835794455917e+23
1.731311134400965090e+23
2.226117181459074017e+23
2.782844709894188465e+23
3.401513672274262853e+23
4.082143419706899054e+23
4.824751806075944042e+23
5.629354165229621294e+23
6.495962213311303050e+23
7.424582812832217778e+23
8.415216660884721228e+23
9.467856826779443858e+23
1.058248721210324193e+24
1.175908084680222958e+24
1.299759810537180226e+24
1.429798474463842436e+24
1.566016985889556769e+24
1.708406364124807080e+24
1.856955505932255843e+24
2.011650932096949333e+24
2.172476525137903640e+24
2.339413244330360137e+24
2.512438831613029684e+24
2.691527493073345341e+24
2.876649571145544886e+24
3.067771190640553765e+24
3.264853895458818301e+24
3.467854257415318711e+24
3.676723475934457155e+24
3.891406948215270178e+24
4.111843830765064718e+24
4.337966569904487008e+24
4.569700424570969935e+24
4.806962956818707022e+24
5.049663516129697716e+24
5.297702690470185910e+24
5.550971753443194372e+24
5.809352077680017242e+24
6.072714547623115666e+24
6.340918938629290246e+24
6.613813300068040665e+24
6.891233305575742390e+24
7.173001613590250647e+24
7.458927196818489832e+24
7.748804690419873997e+24
8.042413712043097268e+24
8.339518211755587393e+24
8.639865798091345549e+24
8.943187108661997785e+24
9.249195162667796658e+24
9.557584777106903787e+24
9.868031972270027173e+24
1.018019346581191281e+25
1.049370616499701134e+25
1.080818677988239899e+25
1.112323144458444322e+25
1.143841550179044302e+25
1.175329330504517598e+25
1.206739824024468201e+25
1.238024277161951253e+25
1.269131878255749222e+25
1.300009793873683236e+25
1.330603245211917187e+25
1.360855584325753522e+25
1.390708426223449666e+25
1.420101773199622743e+25
1.448974220782322729e+25
1.477263134909813620e+25
1.504904956439259177e+25
1.531835399012236358e+25
1.557989746497030129e+25
1.583301894838218858e+25
1.607697767019322958e+25
1.631067774448389809e+25
1.653243664982346754e+25
1.674044451876792375e+25
1.693348409264853957e+25
1.711115002201353361e+25
1.727371464904282643e+25
1.742192333203027729e+25
1.755680230159436400e+25
1.767950892867122975e+25
1.779122749130210787e+25
1.789310381939797480e+25
1.798620871768357346e+25
1.807152079608143720e+25
1.814992160872508518e+25
1.822219791244328485e+25
1.828904784262160490e+25
1.835108880583740591e+25
1.840886595683172231e+25
1.846286045873268186e+25
1.851349724775767778e+25
1.856115205833535791e+25
1.860615773030656471e+25
1.864880975310893759e+25
1.868937115220629623e+25
1.872807673405046352e+25
1.876513680201317171e+25
1.880074037213282476e+25
1.883505798535297231e+25
1.886824414240820185e+25
1.890043943820910926e+25
1.893177241601354207e+25
1.896236120015046696e+25
1.899231492259866795e+25
1.902173498688201966e+25
1.905071618181772482e+25
1.907934767531062488e+25
1.910771390099050537e+25
1.913589535481509066e+25
1.916396931948287405e+25
1.919201051689190115e+25
1.922009172124388609e+25
1.924828428835046637e+25
1.927665846431111941e+25
1.930528243644733068e+25
1.933422128860398071e+25
1.936353887505498587e+25
1.939330018119726623e+25
1.942357209506037022e+25
1.945442371066047001e+25
1.948592659598484383e+25
1.951815508791038375e+25
1.955118659086500860e+25
1.958510190019776172e+25
1.961998553416438978e+25
1.965592608811653242e+25
1.969301660071059265e+25
1.973135494153702211e+25
1.977104421340909434e+25
1.981219317624036541e+25
1.985491668776113801e+25
1.989933616645267971e+25
1.994558007312083040e+25
1.999378441544786527e+25
2.004409327257370573e+25
2.009665934329385850e+25
2.015164451517345884e+25
2.020922045757268522e+25
2.026956923583868763e+25
2.033288394914581204e+25
2.039936938895123829e+25
2.046924272005907255e+25
2.054273418075387106e+25
2.062008780349458056e+25
2.070156215191853092e+25
2.078743107510337528e+25
2.087798447392594299e+25
2.097352907986217829e+25
2.107438923996075091e+25
2.118090770765738399e+25
2.129344643186467120e+25
2.141238734324898220e+25
2.153813312864770933e+25
2.167110799170759778e+25
2.181175838904683022e+25
2.196055373912713833e+25
2.211798709134240972e+25
2.228457575157458859e+25
2.246086184981619278e+25
2.264741284516808025e+25
2.284482195184158276e+25
2.305370848057271908e+25
2.327471807710681677e+25
2.350852285136335292e+25
2.375582137704682150e+25
2.401733855469467029e+25
2.429382531620876233e+25
2.458605816351137798e+25
2.489483851793743565e+25
2.522099187302398767e+25
2.556536672628302257e+25
2.592883328311996889e+25
2.631228190800210947e+25
2.671662131713799259e+25
2.714277648797420454e+25
2.759168628158134378e+25
2.806430075426068415e+25
2.856157815707195161e+25
2.908448160159171492e+25
2.963397539413688561e+25
3.021102101980376740e+25
3.081657278305767506e+25
3.145157309040538781e+25
3.211694738737515976e+25
3.281359874069630246e+25
3.354240208435285727e+25
3.430419812692378598e+25
3.509978694620811288e+25
3.592992127614358609e+25
3.679529952005907211e+25
3.769655850378803567e+25
3.863426601120841650e+25
3.960891312494177441e+25
4.062090642348092038e+25
4.167056006705193162e+25
4.275808783197868408e+25
4.388359513540493007e+25
4.504707111798723300e+25
4.624838083547405908e+25
4.748725763347697525e+25
4.876329576440907692e+25
5.007594332590118527e+25
5.142449558618918625e+25
5.280808877856492707e+25
5.422569443481510852e+25
5.567611433979409565e+25
5.715797617888594384e+25
5.866972995738558968e+25
6.020964526234415629e+25
6.177580943927989928e+25
6.336612674971459928e+25
6.497831857159559083e+25
6.660992470041192668e+25
6.825830579898215939e+25
6.992064704198733182e+25
7.159396298557541668e+25
7.327510369297314160e+25
7.496076212560135517e+25
7.664748281248340175e+25
7.833167178404190912e+25
8.000960776253017290e+25
8.167745457004303806e+25
8.333127472421989712e+25
8.496704415670216728e+25
8.658066800171310244e+25
8.816799736436919208e+25
8.972484699385532167e+25
9.124701374730478661e+25
9.273029574898527395e+25
9.417051210984718276e+25
9.556352309440139551e+25
9.690525058342532586e+25
9.819169870586193590e+25
9.941897447715548358e+25
1.005833083087325130e+26
1.016810742206987666e+26
1.027088096192743185e+26
1.036632344721904296e+26
1.045412697457372342e+26
1.053400549436143135e+26
1.060569646178558202e+26
1.066896237033242542e+26
1.072359215555497983e+26
1.076940245577886246e+26
1.080623871889043702e+26
1.083397614360016194e+26
1.085252044601429239e+26
