2.481988548053064986e-02
2.481851162112869852e-02
2.481581155167171190e-02
2.481187975638768708e-02
2.480685573607994271e-02
2.480092165953523553e-02
2.479429891202319589e-02
2.478724448308458964e-02
2.478004622489925896e-02
2.477301838355532373e-02
2.476649601901175987e-02
2.476083016643178258e-02
2.475638191564950852e-02
2.475351770371148064e-02
2.475260353319757786e-02
2.475400084992618321e-02
2.475806130441508476e-02
2.476512357251737725e-02
2.477550894909004084e-02
2.478951934319701539e-02
2.480743385837360510e-02
2.482950805924054316e-02
2.485597155944098760e-02
2.488702853257565573e-02
2.492285621430639225e-02
2.496360653210839137e-02
2.500940534370034093e-02
2.506035499543500522e-02
2.511653406993497040e-02
2.517800065366005910e-02
2.524479235108805300e-02
2.531693004432394520e-02
2.539441794348877221e-02
2.547724764783312543e-02
2.556539803374912809e-02
2.565883946887118419e-02
2.575753338128507902e-02
2.586143652696734629e-02
2.597050012825172921e-02
2.608467414361364048e-02
2.620390590407109532e-02
2.632814437786346398e-02
2.645733826620639412e-02
2.659144029120940125e-02
2.673040473534423270e-02
2.687419180831873353e-02
2.702276462745284435e-02
2.717609373898462188e-02
2.733415354005428594e-02
2.749692704383620984e-02
2.766440173926307949e-02
2.783657469975334489e-02
2.801344786545794871e-02
2.819503360469201997e-02
2.838134938626843060e-02
2.857242391366459494e-02
2.876829113215519443e-02
2.896899707101396534e-02
2.917459310096478381e-02
2.938514364251727795e-02
2.960071855164737517e-02
2.982140188691307855e-02
3.004728325115541693e-02
3.027846786256200087e-02
3.051506661019736874e-02
3.075720775484943117e-02
3.100502535305010854e-02
3.125867303960488952e-02
3.151831030979046488e-02
3.178411901813449347e-02
3.205628661156043058e-02
3.233502564127496010e-02
3.262054895873036514e-02
3.291307469891920773e-02
3.321269445971083284e-02
3.351888736226067700e-02
3.382796085263996971e-02
3.412141472557696925e-02
3.431928220412183705e-02
3.418112292933638691e-02
3.345299659057909131e-02
3.232031137889571776e-02
3.108784825724926135e-02
2.987689870473485623e-02
2.871622596860950657e-02
2.761037927594550342e-02
2.655852024583266538e-02
2.555864099073207329e-02
2.460851839880234815e-02
2.370590803427280804e-02
2.284861410182756347e-02
2.203449177791790350e-02
2.126146794881099769e-02
2.052753396775926914e-02
1.983075922363893018e-02
1.916928339113714574e-02
1.854132615688045688e-02
1.794517948309874364e-02
1.737921454679030794e-02
1.684187412757315663e-02
1.633167748868577865e-02
1.584721298621682636e-02
1.538714144549855299e-02
1.495018907722839123e-02
1.453514976996118403e-02
1.414087837858337554e-02
1.376629224984551349e-02
1.341036492651252916e-02
1.307212714214351160e-02
1.275066096386553299e-02
1.244510043031420155e-02
1.215462613903387813e-02
1.187846565388640460e-02
1.161588852998947201e-02
1.136620658088693080e-02
1.112876932447517779e-02
1.090296417327408368e-02
1.068821227844303848e-02
1.048396868654279807e-02
1.028971855491663499e-02
1.010497730374149486e-02
9.929287174165251847e-03
9.762217393919714672e-03
9.603361049152873974e-03
9.452335274397443213e-03
9.308778409600811793e-03
9.172350220025788509e-03
9.042729311225367744e-03
8.919613380899540922e-03
8.802716866230454046e-03
8.691771227375404141e-03
8.586522803478631796e-03
8.486733126003839084e-03
8.392176961737289956e-03
8.302642653298790767e-03
8.217930329446678298e-03
8.137852269669504715e-03
8.062231264032762232e-03
7.990900998606590214e-03
7.923704548917123724e-03
7.860494783006856390e-03
7.801132974247194755e-03
7.745489218988672181e-03
7.693441156042226531e-03
7.644874396107377221e-03
7.599681336635711985e-03
7.557761600486660909e-03
7.519020936153285491e-03
7.483371663368222279e-03
7.450731649799333632e-03
7.421024761595066549e-03
7.394179908659080994e-03
7.370131498372041803e-03
7.348818542438038080e-03
7.330185112244054675e-03
7.314179501043818060e-03
7.300754679612251469e-03
7.289867508205612363e-03
7.281479191332233467e-03
7.275554534508434090e-03
7.272062397097759333e-03
7.270974989377218534e-03
7.272268322494535552e-03
7.275921541773500492e-03
7.281917372899190423e-03
7.290241487732977525e-03
7.300882945857772172e-03
7.313833589440785730e-03
7.329088479254798269e-03
7.346645315325636867e-03
7.366504866484735806e-03
7.388670413667475234e-03
7.413148171946140966e-03
7.439946753404117104e-03
7.469077580439842205e-03
7.500554365127317692e-03
7.534393512367598342e-03
7.570613612556009731e-03
7.609235832876351871e-03
7.650283419924414595e-03
7.693782077089711055e-03
7.739759473525034857e-03
7.788245605128853340e-03
7.839272305897542967e-03
7.892873589501471845e-03
7.949085158601277776e-03
8.007944723394552072e-03
8.069491503914024907e-03
8.133766521201216473e-03
8.200812086931283384e-03
8.270672062039970129e-03
8.343391327235095273e-03
8.419016002968600712e-03
8.497592893502495942e-03
8.579169661089760396e-03
8.663794235281581380e-03
8.751514933077183395e-03
8.842379824127681934e-03
8.936436787480597083e-03
9.033732822297375203e-03
9.134314030727095496e-03
9.238224862805365090e-03
9.345508014035561542e-03
9.456203592402876584e-03
9.570348918580851363e-03
9.687977602650731795e-03
9.809119234696390618e-03
9.933798359113869478e-03
1.006203404398965141e-02
1.019383874214542865e-02
1.032921772947705333e-02
1.046816784451367124e-02
1.061067678928562415e-02
1.075672174367939445e-02
1.090626852793374034e-02
1.105927009501401354e-02
1.121566556209700229e-02
1.137537859416386937e-02
1.153831632341531348e-02
1.170436765084800074e-02
1.187340208792726955e-02
1.204526802044930331e-02
1.221979152622411531e-02
1.239677466706772153e-02
1.257599435947835166e-02
1.275720078558021178e-02
1.294011641984873541e-02
1.312443467678871094e-02
1.330981922367339108e-02
1.349590300906792356e-02
1.368228801599667872e-02
1.386854483710023636e-02
1.405421303992116303e-02
1.423880146611180945e-02
1.442178938462657101e-02
1.460262768752741518e-02
1.478074099111339676e-02
1.495552987285497966e-02
1.512637403864955550e-02
1.529263568886010498e-02
1.545366379790211880e-02
1.560879861006745847e-02
1.575737697572347079e-02
1.589873786265658465e-02
1.603222856771351068e-02
1.615721099682643908e-02
1.627306843568912878e-02
1.637921221872539954e-02
1.647508861782491854e-02
1.656018541019147264e-02
1.663403835459717484e-02
1.669623710475478390e-02
1.674643071111167961e-02
1.678433233035899613e-02
1.680972323317728861e-02
1.682245584148872250e-02
