2.348295105975569452e+00
2.349224497650466148e+00
2.351082269653296031e+00
2.353866399628243400e+00
2.357573854939033264e+00
2.362200593912512581e+00
2.367741567742983388e+00
2.374190723285475979e+00
2.381541006946384709e+00
2.389784369964494726e+00
2.398911775309896743e+00
2.408913206511271277e+00
2.419777678610390392e+00
2.431493251524943222e+00
2.444047045947281838e+00
2.457425261993339216e+00
2.471613200628256735e+00
2.486595287993825565e+00
2.502355102550315014e+00
2.518875405063755846e+00
2.536138171241597128e+00
2.554124626964650702e+00
2.572815285826814513e+00
2.592189988869650463e+00
2.612227946158713454e+00
2.632907780055568914e+00
2.654207569797395916e+00
2.676104897232522983e+00
2.698576893315725478e+00
2.721600285229141658e+00
2.745151443745553532e+00
2.769206430733379687e+00
2.793741046446676091e+00
2.818730876541423402e+00
2.844151338494304238e+00
2.869977727409041002e+00
2.896185260920004723e+00
2.922749123218999490e+00
2.949644507945163863e+00
2.976846659998868105e+00
3.004330916044743116e+00
3.032072743792753489e+00
3.060047779842122839e+00
3.088231866198431153e+00
3.116601085263634996e+00
3.145131793425001376e+00
3.173800653054088983e+00
3.202584663053164693e+00
3.231461187769215648e+00
3.260407984421390903e+00
3.289403228869876905e+00
3.318425539878531172e+00
3.347454001706909210e+00
3.376468185189258620e+00
3.405448167144033089e+00
3.434374548276040162e+00
3.463228469423213163e+00
3.491991626314138397e+00
3.520646282697404761e+00
3.549175282012395627e+00
3.577562057472093215e+00
3.605790640730584418e+00
3.633845669015544733e+00
3.661712390900742076e+00
3.689376670608712772e+00
3.716824991020145408e+00
3.744044455289796680e+00
3.771022787246141927e+00
3.797748330483860180e+00
3.824210046326004253e+00
3.850397510573765114e+00
3.876300909219226210e+00
3.901911033047293920e+00
3.927219271299610792e+00
3.952217604334234302e+00
3.976898595450283125e+00
4.001255381818221046e+00
4.025281664680343319e+00
4.048971698768276894e+00
4.072320281096583727e+00
4.095322739084657826e+00
4.117974918159674758e+00
4.140273168797515169e+00
4.162214333147375100e+00
4.183795731201075618e+00
4.205015146645105339e+00
4.225870812359942441e+00
4.246361395696503394e+00
4.266485983497300793e+00
4.286244066983561751e+00
4.305635526478491570e+00
4.324660616079063935e+00
4.343319948248749007e+00
4.361614478434520770e+00
4.379545489682423742e+00
4.397114577346021846e+00
4.414323633863552310e+00
4.431174833689125236e+00
4.447670618355178185e+00
4.463813681742576200e+00
4.479606955536906021e+00
4.495053594938554831e+00
4.510156964606257368e+00
4.524920624893352894e+00
4.539348318357359524e+00
4.553443956594111164e+00
4.567211607377990035e+00
4.580655482151829716e+00
4.593779923848984481e+00
4.606589395083875438e+00
4.619088466694574180e+00
4.631281806666923906e+00
4.643174169425115849e+00
4.654770385512203568e+00
4.666075351647505087e+00
4.677094021179994954e+00
4.687831394928738682e+00
4.698292512428945855e+00
4.708482443584065535e+00
4.718406280749924520e+00
4.728069131268939351e+00
4.737476110490162817e+00
4.746632335285269733e+00
4.755542918007395592e+00
4.764212960669540031e+00
4.772647548914812354e+00
4.780851745388375207e+00
4.788830582706533612e+00
4.796589056952211827e+00
4.804132122533028237e+00
4.811464688397022016e+00
4.818591615013163576e+00
4.825517711609427884e+00
4.832247733450792282e+00
4.838786379155767925e+00
4.845138288096886292e+00
4.851308037948769858e+00
4.857300142408255361e+00
4.863119049116444437e+00
4.868769137777444023e+00
4.874254718486380256e+00
4.879580030249180744e+00
4.884749239701491774e+00
4.889766440004741810e+00
4.894635649925871412e+00
4.899360813076977905e+00
4.903945797322013078e+00
4.908394394325847010e+00
4.912710319253864810e+00
4.916897210597014123e+00
4.920958630131466727e+00
4.924898062987628222e+00
4.928718917838687652e+00
4.932424527183369989e+00
4.936018147734096750e+00
4.939502960885169713e+00
4.942882073273183074e+00
4.946158517404395383e+00
4.949335252362029536e+00
4.952415164568511941e+00
4.955401068616337668e+00
4.958295708142892444e+00
4.961101756763476089e+00
4.963821819038310323e+00
4.966458431488312009e+00
4.969014063635800227e+00
4.971491119085372112e+00
4.973891936621650522e+00
4.976218791339440450e+00
4.978473895783529279e+00
4.980659401114028384e+00
4.982777398274881975e+00
4.984829919181795965e+00
4.986818937907727012e+00
4.988746371882328390e+00
4.990614083084054187e+00
4.992423879241443707e+00
4.994177515022842684e+00
4.995876693231135590e+00
4.997523065983327406e+00
4.999118235891485185e+00
5.000663757225555450e+00
5.002161137074423003e+00
5.003611836486332898e+00
5.005017271604941698e+00
5.006378814782693532e+00
5.007697795687646725e+00
5.008975502385975886e+00
5.010213182416145550e+00
5.011412043837523811e+00
5.012573256269194921e+00
5.013697951902310379e+00
5.014787226501504769e+00
5.015842140379222158e+00
5.016863719358254592e+00
5.017852955706819884e+00
5.018810809061241329e+00
5.019738207321029044e+00
5.020636047531132462e+00
5.021505196736702814e+00
5.022346492824701691e+00
5.023160745338349109e+00
5.023948736278270211e+00
5.024711220876874052e+00
5.025448928359429246e+00
5.026162562678928580e+00
5.026852803237715328e+00
5.027520305583543347e+00
5.028165702092564082e+00
5.028789602627435684e+00
5.029392595182621051e+00
5.029975246505554054e+00
5.030538102705259362e+00
5.031081689837638038e+00
5.031606514478548675e+00
5.032113064274319925e+00
5.032601808480415606e+00
5.033073198478356325e+00
5.033527668281119638e+00
5.033965635017602303e+00
5.034387499405898581e+00
5.034793646206475515e+00
5.035184444664434267e+00
5.035560248932454463e+00
5.035921398483158562e+00
5.036268218502882199e+00
5.036601020275107921e+00
5.036920101546078499e+00
5.037225746880271693e+00
5.037518227998736720e+00
5.037797804107497335e+00
5.038064722209474766e+00
5.038319217406575845e+00
5.038561513185973340e+00
5.038791821696648299e+00
5.039010344010641518e+00
5.039217270374689583e+00
5.039412780447091400e+00
5.039597043524961073e+00
5.039770218757225528e+00
5.039932455347992502e+00
5.040083892746109129e+00
5.040224660825054492e+00
5.040354880049441988e+00
5.040474661631771269e+00
5.040584107676189696e+00
5.040683311312379011e+00
5.040772356816827227e+00
5.040851319724080071e+00
5.040920266925725812e+00
5.040979256759199778e+00
5.041028339084604681e+00
5.041067555351218310e+00
5.041096938652294135e+00
5.041116513769332563e+00
5.041126297204937323e+00
