3.596114125961315633e+00
3.596116114276353137e+00
3.596120067381129548e+00
3.596125938727465332e+00
3.596133659733472765e+00
3.596143141227535089e+00
3.596154275302797743e+00
3.596166937523542995e+00
3.596180989418034990e+00
3.596196281181999410e+00
3.596212654516921958e+00
3.596229945521858706e+00
3.596247987564309412e+00
3.596266614055033894e+00
3.596285661064381856e+00
3.596304969720568678e+00
3.596324388347148293e+00
3.596343774301491880e+00
3.596362995494647663e+00
3.596381931577461888e+00
3.596400474795884872e+00
3.596418530521058976e+00
3.596436017475811653e+00
3.596452867678858745e+00
3.596469026140991510e+00
3.596484450343838013e+00
3.596499109541551498e+00
3.596512983918967343e+00
3.596526063646519500e+00
3.596538347863256213e+00
3.596549843623594978e+00
3.596560564833323426e+00
3.596570531203147070e+00
3.596579767237614078e+00
3.596588301279452615e+00
3.596596164619207947e+00
3.596603390682303392e+00
3.596610014296468982e+00
3.596616071044993479e+00
3.596621596703346135e+00
3.596626626759668710e+00
3.596631196013047482e+00
3.596635338246862545e+00
3.596639085969099980e+00
3.596642470215260179e+00
3.596645520405067575e+00
3.596648264248095472e+00
3.596650727689816751e+00
3.596652934893434406e+00
3.596654908249974358e+00
3.596656668412618441e+00
3.596658234349026095e+00
3.596659623408541062e+00
3.596660851399235970e+00
3.596661932672681417e+00
3.596662880212540436e+00
3.596663705725720028e+00
3.596664419733195839e+00
3.596665031659901590e+00
3.596665549921696847e+00
3.596665982009213280e+00
3.596666334567346190e+00
3.596666613470453910e+00
3.596666823892564757e+00
3.596666970372880634e+00
3.596667056876178936e+00
3.596667086848548411e+00
3.596667063268302211e+00
3.596666988692501565e+00
3.596666865299160243e+00
3.596666694925487739e+00
3.596666479102377689e+00
3.596666219085423943e+00
3.596665915882777398e+00
3.596665570280013213e+00
3.596665182862394339e+00
3.596664754034606837e+00
3.596664284038404880e+00
3.596663772968094808e+00
3.596663220784423132e+00
3.596662627326622008e+00
3.596661992323230361e+00
3.596661315401385561e+00
3.596660596095194062e+00
3.596659833852810184e+00
3.596659028042896722e+00
3.596658177959920710e+00
3.596657282829089919e+00
3.596656341810291480e+00
3.596655354001820903e+00
3.596654318443241127e+00
3.596653234118190934e+00
3.596652099956405557e+00
3.596650914835817225e+00
3.596649677583918070e+00
3.596648386979334866e+00
3.596647041752709661e+00
3.596645640587851744e+00
3.596644182122263889e+00
3.596642664947999446e+00
3.596641087611931020e+00
3.596639448616397061e+00
3.596637746419292903e+00
3.596635979434590347e+00
3.596634146032287038e+00
3.596632244538908729e+00
3.596630273237350295e+00
3.596628230367376222e+00
3.596626114125468732e+00
3.596623922665319828e+00
3.596621654097734044e+00
3.596619306491188883e+00
3.596616877871776197e+00
3.596614366223888304e+00
3.596611769490250410e+00
3.596609085572724851e+00
3.596606312332494504e+00
3.596603447591013136e+00
3.596600489130346912e+00
3.596597434694314366e+00
3.596594281989014430e+00
3.596591028684183122e+00
3.596587672413919634e+00
3.596584210778293489e+00
3.596580641344305995e+00
3.596576961647751869e+00
3.596573169194452468e+00
3.596569261462387868e+00
3.596565235903229407e+00
3.596561089944777301e+00
3.596556820992788506e+00
3.596552426433759386e+00
3.596547903637074661e+00
3.596543249958138677e+00
3.596538462740876962e+00
3.596533539321242312e+00
3.596528477030081383e+00
3.596523273197024029e+00
3.596517925153755346e+00
3.596512430238292257e+00
3.596506785798669004e+00
3.596500989197638720e+00
3.596495037816770601e+00
3.596488929061582684e+00
3.596482660366081330e+00
3.596476229198321217e+00
3.596469633065370264e+00
3.596462869519335470e+00
3.596455936162736400e+00
3.596448830654980444e+00
3.596441550718147084e+00
3.596434094143879712e+00
3.596426458799592218e+00
3.596418642635709872e+00
3.596410643692292908e+00
3.596402460106612686e+00
3.596394090120089704e+00
3.596385532086201042e+00
3.596376784477699040e+00
3.596367845894759885e+00
3.596358715072416334e+00
3.596349390888916808e+00
3.596339872373317093e+00
3.596330158713942016e+00
3.596320249266084623e+00
3.596310143560516703e+00
3.596299841311200840e+00
3.596289342423788948e+00
3.596278647003273488e+00
3.596267755362391405e+00
3.596256668029153669e+00
3.596245385755071577e+00
3.596233909522492223e+00
3.596222240552553906e+00
3.596210380312260479e+00
3.596198330522109021e+00
3.596186093162777375e+00
3.596173670482355700e+00
3.596161065002573043e+00
3.596148279525529734e+00
3.596135317139381282e+00
3.596122181224457925e+00
3.596108875458312149e+00
3.596095403821145009e+00
3.596081770600087157e+00
3.596067980393835573e+00
3.596054038116067275e+00
3.596039948999150582e+00
3.596025718596605802e+00
3.596011352785768000e+00
3.595996857769184540e+00
3.595982240076109004e+00
3.595967506562713023e+00
3.595952664412338962e+00
3.595937721134396803e+00
3.595922684563261029e+00
3.595907562855758854e+00
3.595892364488622039e+00
3.595877098254486093e+00
3.595861773257793548e+00
3.595846398909242403e+00
3.595830984920061368e+00
3.595815541294854700e+00
3.595800078324206339e+00
3.595784606575859854e+00
3.595769136885635486e+00
3.595753680346928771e+00
3.595738248299923612e+00
3.595722852319408691e+00
3.595707504202299010e+00
3.595692215953816273e+00
3.595676999773355309e+00
3.595661868039049303e+00
3.595646833292074795e+00
3.595631908219683481e+00
3.595617105638018174e+00
3.595602438473733731e+00
3.595587919745422134e+00
3.595573562543956658e+00
3.595559380012688599e+00
3.595545385326641252e+00
3.595531591671653260e+00
3.595518012222616022e+00
3.595504660121724871e+00
3.595491548455973074e+00
3.595478690234724439e+00
3.595466098366682406e+00
3.595453785636992805e+00
3.595441764683922958e+00
3.595430047975773480e+00
3.595418647787480548e+00
3.595407576177588105e+00
3.595396844965042860e+00
3.595386465706488455e+00
3.595376449673512553e+00
3.595366807830522760e+00
3.595357550812730896e+00
3.595348688904850043e+00
3.595340232020086013e+00
3.595332189679930845e+00
3.595324570994400393e+00
3.595317384643189396e+00
3.595310638857386110e+00
3.595304341402232318e+00
3.595298499560568128e+00
3.595293120117391439e+00
3.595288209345244734e+00
3.595283772990792492e+00
3.595279816262329398e+00
3.595276343818549769e+00
3.595273359758354825e+00
3.595270867611942922e+00
3.595268870333065525e+00
3.595267370292557718e+00
3.595266369273120599e+00
3.595265868465410186e+00
