2.842559395039607750e-01
2.842420674757200616e-01
2.842144871258543426e-01
2.841735222477096423e-01
2.841196500662988567e-01
2.840534911551693686e-01
2.839757967037755959e-01
2.838874332085154495e-01
2.837893652800587141e-01
2.836826368827771727e-01
2.835683517022121736e-01
2.834476530427701979e-01
2.833217039117068015e-01
2.831916676771765173e-01
2.830586898575978005e-01
2.829238813409152287e-01
2.827883034459289235e-01
2.826529549891202975e-01
2.825187616016191505e-01
2.823865673092807449e-01
2.822571284573170969e-01
2.821311098544110330e-01
2.820090830812767013e-01
2.818915267334261565e-01
2.817788284481152483e-01
2.816712884226965086e-01
2.815691242263359539e-01
2.814724765929824124e-01
2.813814159921075864e-01
2.812959496827807104e-01
2.812160290744480373e-01
2.811415571431776783e-01
2.810723957737342182e-01
2.810083728321871588e-01
2.809492888941637623e-01
2.808949234914196458e-01
2.808450408545622445e-01
2.807993950659666837e-01
2.807577346453567491e-01
2.807198065224713046e-01
2.806853594521199757e-01
2.806541468541784989e-01
2.806259291547181789e-01
2.806004756270830680e-01
2.805775658196383304e-01
2.805569905755249671e-01
2.805385527337364016e-01
2.805220675161622657e-01
2.805073626871806280e-01
2.804942784853180493e-01
2.804826674075950321e-01
2.804723938386886606e-01
2.804633335984726972e-01
2.804553733917821701e-01
2.804484102270437540e-01
2.804423507796833803e-01
2.804371107609555658e-01
2.804326142608861705e-01
2.804287931214854424e-01
2.804255863025987283e-01
2.804229392936490317e-01
2.804208035282316214e-01
2.804191358532456269e-01
2.804178980052962067e-01
2.804170561453549482e-01
2.804165804009867147e-01
2.804164444675543155e-01
2.804166252146515492e-01
2.804171023504724580e-01
2.804178580874605031e-01
2.804188768641214247e-01
2.804201450633774240e-01
2.804216507850927353e-01
2.804233836101235333e-01
2.804253344168018969e-01
2.804274951839159646e-01
2.804298588448244645e-01
2.804324191232053787e-01
2.804351704192682426e-01
2.804381076728152400e-01
2.804412262768146702e-01
2.804445219631787611e-01
2.804479907397471328e-01
2.804516287948609077e-01
2.804554324545411315e-01
2.804593981025871874e-01
2.804635221553498647e-01
2.804678009945394401e-01
2.804722309575077288e-01
2.804768082803728024e-01
2.804815291020897883e-01
2.804863894157312298e-01
2.804913850849987123e-01
2.804965118017346826e-01
2.805017651136824663e-01
2.805071403863449997e-01
2.805126328412356762e-01
2.805182375201312195e-01
2.805239493331483369e-01
2.805297630235968342e-01
2.805356732253332375e-01
2.805416744263060091e-01
2.805477610347835160e-01
2.805539273391018384e-01
2.805601675819060503e-01
2.805664759110723105e-01
2.805728464558072122e-01
2.805792732506781628e-01
2.805857502782694857e-01
2.805922712814580833e-01
2.805988295946534317e-01
2.806054174557098824e-01
2.806120248225801861e-01
2.806186365390465065e-01
2.806252268778005043e-01
2.806317482455716883e-01
2.806381096297673183e-01
2.806441355207994759e-01
2.806494920459593478e-01
2.806535606639188329e-01
2.806552453210881537e-01
2.806527369489831836e-01
2.806433913807235281e-01
2.806241295045320827e-01
2.805929052860173245e-01
2.805509885133824488e-01
2.805039182627249161e-01
2.804590291116694223e-01
2.804214891530334985e-01
2.803927260972415847e-01
2.803716089837886005e-01
2.803561807364498004e-01
2.803446545585403515e-01
2.803357097145415255e-01
2.803284601998989323e-01
2.803223385663285994e-01
2.803169881960173027e-01
2.803121858094070329e-01
2.803077905236971423e-01
2.803037122420944938e-01
2.802998920141017147e-01
2.802962903320732613e-01
2.802928797415430995e-01
2.802896405768014465e-01
2.802865580704356208e-01
2.802836208149220298e-01
2.802808195332060492e-01
2.802781465583895626e-01
2.802755952349642032e-01
2.802731597910681494e-01
2.802708349881357641e-01
2.802686161507132456e-01
2.802664989174840637e-01
2.802644793376345422e-01
2.802625536645884097e-01
2.802607184823295294e-01
2.802589705176231627e-01
2.802573067810815166e-01
2.802557243873318171e-01
2.802542207042291733e-01
2.802527931760512292e-01
2.802514394786388974e-01
2.802501573423495929e-01
2.802489447122492594e-01
2.802477995699268476e-01
2.802467200978102091e-01
2.802457044985882662e-01
2.802447511645691502e-01
2.802438584933837351e-01
2.802430250624770580e-01
2.802422494406661135e-01
2.802415303680211300e-01
2.802408665630770623e-01
2.802402569074183836e-01
2.802397002488175026e-01
2.802391955912726940e-01
2.802387418924301432e-01
2.802383382599244466e-01
2.802379837430804543e-01
2.802376775357120486e-01
2.802374187609802392e-01
2.802372066819412977e-01
2.802370404784531588e-01
2.802369194661763485e-01
2.802368428656399901e-01
2.802368100287949693e-01
2.802368202008695963e-01
2.802368727548300575e-01
2.802369669445411438e-01
2.802371021493699210e-01
2.802372776170217183e-01
2.802374927184618780e-01
2.802377466809709561e-01
2.802380388533325939e-01
2.802383684283435428e-01
2.802387347201742429e-01
2.802391368742659372e-01
2.802395741574962851e-01
2.802400456562051945e-01
2.802405505792441298e-01
2.802410879427654766e-01
2.802416568884081305e-01
2.802422563522239951e-01
2.802428853998043534e-01
2.802435428803719542e-01
2.802442277764479739e-01
2.802449388431216826e-01
2.802456749764373201e-01
2.802464348327089461e-01
2.802472172180882071e-01
2.802480206881774460e-01
2.802488439590973823e-01
2.802496854846575070e-01
2.802505438928457049e-01
2.802514175390923845e-01
2.802523049664567556e-01
2.802532044348757245e-01
2.802541144111647120e-01
2.802550330672021750e-01
2.802559588001169444e-01
2.802568897034276030e-01
2.802578241178335094e-01
2.802587600678742574e-01
2.802596958521673121e-01
2.802606294399034303e-01
2.802615591025294228e-01
2.802624827694994991e-01
2.802633987048079867e-01
2.802643048122308023e-01
2.802651993675135400e-01
2.802660802682512275e-01
2.802669458244254619e-01
2.802677939432677290e-01
2.802686229917510374e-01
2.802694309053426203e-01
2.802702161334477693e-01
2.802709766567740846e-01
2.802717110316516047e-01
2.802724173009235598e-01
2.802730941533191356e-01
2.802737397084937854e-01
2.802743528166363185e-01
2.802749316835498883e-01
2.802754753501708329e-01
2.802759821123743667e-01
2.802764512400081065e-01
2.802768811139783600e-01
2.802772712702375491e-01
2.802776201599100347e-01
2.802779276468403413e-01
2.802781921886515204e-01
2.802784140995965845e-01
2.802785916926930354e-01
2.802787260118303481e-01
2.802788146673264036e-01
2.802788612886443764e-01
