1.333155959857052486e-01
1.324031421458961022e-01
1.305780953373744668e-01
1.278404339116401278e-01
1.241897385269751936e-01
1.196259628301151873e-01
1.141484013738035125e-01
1.077569769411117206e-01
1.004506880654108814e-01
9.222941731072677174e-02
8.309185311466074642e-02
7.303782512643977598e-02
6.206569324561450607e-02
5.017521797239624798e-02
3.736440758923959687e-02
2.363293341718698468e-02
8.978424060149542071e-03
-6.599562490472148796e-03
-2.310381078366756380e-02
-4.053490482912162907e-02
-5.889608174391695178e-02
-7.818810122039561439e-02
-9.841469894104167004e-02
-1.195768495651061969e-01
-1.416788406945602430e-01
-1.647219075576901171e-01
-1.887109513200774802e-01
-2.136475205610831318e-01
-2.395372010677956354e-01
-2.663819157711576069e-01
-2.941880169051247496e-01
-3.229578722246105871e-01
-3.526986946373260046e-01
-3.834133781824559106e-01
-4.151101050483674282e-01
-4.477923898464115648e-01
-4.814695094360590399e-01
-5.161457083570900606e-01
-5.518315032471282633e-01
-5.885319957404755442e-01
-6.262591106727586343e-01
-6.650189551194103377e-01
-7.048250582800291708e-01
-7.456847063638828432e-01
-7.876132623434792812e-01
-8.306193957783019055e-01
-8.747205729238030081e-01
-9.199270879031313797e-01
-9.662588284790477600e-01
-1.013727999692114023e+00
-1.062357288643187792e+00
-1.112161153091447918e+00
-1.163165530784990631e+00
-1.215387542576777946e+00
-1.268856919443529963e+00
-1.323593941093539561e+00
-1.379632788569570501e+00
-1.436997503220424743e+00
-1.495727517122861450e+00
-1.555851371007887396e+00
-1.617414732105806774e+00
-1.680451549281374746e+00
-1.745014943259910911e+00
-1.811145397041161953e+00
-1.878905004009524315e+00
-1.948342182767502484e+00
-2.019529904914021401e+00
-2.092526271680516192e+00
-2.167417530470817866e+00
-2.244273633147360503e+00
-2.323197109909130642e+00
-2.404272407644969967e+00
-2.487622045626006528e+00
-2.573348045016647934e+00
-2.661597246544389783e+00
-2.752492406328368002e+00
-2.846208952110882429e+00
-2.942892337523615343e+00
-3.042747310125669014e+00
-3.145935236781098432e+00
-3.252635940689349692e+00
-3.362678666763360358e+00
-3.473849201192440006e+00
-3.580037382450730998e+00
-3.676805778018000570e+00
-3.763786041841719499e+00
-3.841387286245534050e+00
-3.910200136108418878e+00
-3.970432085458454274e+00
-4.022022102710532288e+00
-4.064488357615032577e+00
-4.097185161773061246e+00
-4.119359392748687121e+00
-4.130465424069289071e+00
-4.130267703492686238e+00
-4.119044928458434285e+00
-4.097536544230932165e+00
-4.066917444012386085e+00
-4.028585658516825596e+00
-3.984043676572655013e+00
-3.934712072298109042e+00
-3.881881068493244324e+00
-3.826629119033686521e+00
-3.769852869467895218e+00
-3.712248939626973776e+00
-3.654371376130681526e+00
-3.596629810311382958e+00
-3.539344163877274685e+00
-3.482740266453191680e+00
-3.426994179735985302e+00
-3.372222215154681013e+00
-3.318516029773726395e+00
-3.265928619856332649e+00
-3.214502896332571691e+00
-3.164255577279075027e+00
-3.115201417797109240e+00
-3.067336323351554483e+00
-3.020658656296552724e+00
-2.975152328434977900e+00
-2.930806056832503170e+00
-2.887596827757441087e+00
-2.845507632391628849e+00
-2.804511486282127208e+00
-2.764587972177375619e+00
-2.725707908323389272e+00
-2.687849065668513227e+00
-2.650983507188341193e+00
-2.615113219122075172e+00
-2.580459586648294223e+00
-2.549063652137734781e+00
-2.529086821944202867e+00
-2.522707062764258712e+00
-2.520569507635410655e+00
-2.519089938589823774e+00
-2.517726167368017798e+00
-2.516406619155562741e+00
-2.515118747759325757e+00
-2.513859464896713192e+00
-2.512625549350261611e+00
-2.511415543381767090e+00
-2.510226716262887070e+00
-2.509057926901338664e+00
-2.507906718158715353e+00
-2.506772179557324787e+00
-2.505652088277243283e+00
-2.504545720490515492e+00
-2.503451056721351708e+00
-2.502367526225156347e+00
-2.501293286421340412e+00
-2.500227893123549539e+00
-2.499169658357984325e+00
-2.498118243344345846e+00
-2.497072096109651973e+00
-2.496030966357274394e+00
-2.494993422683319917e+00
-2.493959289741976448e+00
-2.492927243970608497e+00
-2.491897174190984110e+00
-2.490867854246151758e+00
-2.489839228593670573e+00
-2.488810159987966397e+00
-2.487780641848102992e+00
-2.486749618990803157e+00
-2.485717128664413078e+00
-2.484682192295684544e+00
-2.483644887116746691e+00
-2.482604306899985680e+00
-2.481560566093646170e+00
-2.480512827562932010e+00
-2.479461241109364611e+00
-2.478405036299649922e+00
-2.477344397185454739e+00
-2.476278618376281049e+00
-2.475207917706955030e+00
-2.474131653791255214e+00
-2.473050078309322775e+00
-2.471962613361506911e+00
-2.470869544970155207e+00
-2.469770358635878793e+00
-2.468665375569862430e+00
-2.467554144935997229e+00
-2.466437024252641219e+00
-2.465313626882787545e+00
-2.464184347968835898e+00
-2.463048865808806998e+00
-2.461907614614682771e+00
-2.460760338485317167e+00
-2.459607512208804803e+00
-2.458448946611979213e+00
-2.457285158560028382e+00
-2.456116026528439189e+00
-2.454942110889073881e+00
-2.453763358612995216e+00
-2.452580374871189406e+00
-2.451393175836271254e+00
-2.450202412568085464e+00
-2.449008170938914208e+00
-2.447811148719112317e+00
-2.446611501704195835e+00
-2.445409974863703706e+00
-2.444206793799754696e+00
-2.443002750772907739e+00
-2.441798140670669692e+00
-2.440593802677619273e+00
-2.439390099978934412e+00
-2.438187917798008808e+00
-2.436987686104838069e+00
-2.435790334702817805e+00
-2.434596358254739634e+00
-2.433406729061363460e+00
-2.432222003759034301e+00
-2.431043194395825058e+00
-2.429870916194663888e+00
-2.428706217498171060e+00
-2.427549768029767296e+00
-2.426402648245777893e+00
-2.425265577564348796e+00
-2.424139663632856045e+00
-2.423025670030681589e+00
-2.421924725931267286e+00
-2.420837632820163954e+00
-2.419765535003910006e+00
-2.418709264919177482e+00
-2.417669974915197084e+00
-2.416648520763164942e+00
-2.415646055114882174e+00
-2.414663448854053041e+00
-2.413701846610831314e+00
-2.412762125628250320e+00
-2.411845413690310913e+00
-2.410952585207309262e+00
-2.410084741893934623e+00
-2.409242745806622121e+00
-2.408427663087424619e+00
-2.407640333714700542e+00
-2.406881778608179090e+00
-2.406152805881229373e+00
-2.405454381582042611e+00
-2.404787272261285302e+00
-2.404152379603840650e+00
-2.403550419149679929e+00
-2.402982219049631496e+00
-2.402448434799709709e+00
-2.401949812332999645e+00
-2.401486938648553782e+00
-2.401060469429193045e+00
-2.400670915465431321e+00
-2.400318834965988746e+00
-2.400004655694891298e+00
-2.399728832117723698e+00
-2.399491703186173552e+00
-2.399293614438455791e+00
-2.399134811380583265e+00
-2.399015526633871520e+00
-2.398935908875891698e+00
-2.398896075102054937e+00
