-1.522130927555280641e-03
-1.151203237934684057e-03
-4.093251530700976011e-04
7.035995891548564758e-04
2.187639814455123038e-03
4.042989679446925243e-03
6.269766267187243218e-03
8.868264918198731292e-03
1.183865457112503843e-02
1.518133674679895267e-02
1.889653735393535816e-02
2.298477087381901179e-02
2.744632689556455660e-02
3.228184153042622934e-02
3.749167646000773485e-02
4.307660012195150406e-02
4.903705653981482032e-02
5.537395937459189954e-02
6.208784724758922846e-02
6.917979435551782630e-02
7.665044838743738376e-02
8.450106206646412765e-02
9.273240908629036550e-02
1.013459416848803696e-01
1.103425792706321934e-01
1.197239979692373418e-01
1.294912857567509512e-01
1.396463708716850216e-01
1.501905362999860771e-01
1.611259950360777737e-01
1.724542556465629428e-01
1.841778536287175250e-01
1.962985584818433826e-01
2.088192718906253242e-01
2.217420652130469294e-01
2.350702569608640879e-01
2.488062678164118524e-01
2.629538919607987135e-01
2.775159545880321876e-01
2.924967941308443398e-01
3.078997046572569118e-01
3.237296490803579507e-01
3.399904656761907340e-01
3.566878360926690195e-01
3.738262313533281533e-01
3.914121631129309775e-01
4.094508396811694650e-01
4.279497348009791979e-01
4.469149181231615309e-01
4.663549832179194610e-01
4.862770091050689913e-01
5.066908988392844204e-01
5.276049184963274019e-01
5.490305103615875648e-01
5.709773422164112766e-01
5.934586762066411669e-01
6.164858428741929464e-01
6.400742701960364656e-01
6.642372712115528488e-01
6.889928707138119890e-01
7.143567586802315184e-01
7.403500999976981856e-01
7.669914516334412902e-01
7.943058128412199270e-01
8.223152202988298631e-01
8.510494094374134733e-01
8.805346661084408888e-01
9.108066571871515915e-01
9.418968835526159156e-01
9.738485703674488736e-01
1.006699630657843070e+00
1.040503148863652916e+00
1.075304868728927943e+00
1.111171223878394620e+00
1.148157371651583381e+00
1.186350230086872459e+00
1.225823482868621417e+00
1.266760456339564023e+00
1.309668201112135444e+00
1.356530510750094676e+00
1.409947769485765834e+00
1.470382462977376292e+00
1.536722568765607866e+00
1.607590398004123289e+00
1.681671583041504991e+00
1.757838913848907891e+00
1.835181557447433720e+00
1.912991114538896698e+00
1.990736746050951522e+00
2.068023415870817061e+00
2.144566667721218955e+00
2.220158044744133807e+00
2.294651678127108241e+00
2.367940717865585576e+00
2.439953253082753015e+00
2.510636322080037619e+00
2.579957183198586801e+00
2.647891686951413970e+00
2.714428246786253940e+00
2.779558601818513885e+00
2.843283048056742590e+00
2.905602515521336304e+00
2.966524345040774779e+00
3.026055104996296485e+00
3.084206583043025418e+00
3.140989024263050045e+00
3.196417204538512191e+00
3.250503895659928144e+00
3.303265991768398191e+00
3.354718059708631017e+00
3.404878553806627295e+00
3.453763320047222418e+00
3.501391988098884855e+00
3.547781272882887915e+00
3.592951702132960001e+00
3.636920484805181708e+00
3.679708858794793702e+00
3.721334116815889548e+00
3.761818151079376005e+00
3.801177791652484039e+00
3.839436536213727713e+00
3.876620967099124293e+00
3.912821430184681315e+00
3.948131458154386930e+00
3.982571985985084329e+00
4.016145912087509373e+00
4.048855484345650346e+00
4.080706121713459922e+00
4.111704321713895993e+00
4.141858827231577500e+00
4.171179507427902777e+00
4.199677707897556012e+00
4.227365819629804733e+00
4.254257139603497606e+00
4.280365882595743798e+00
4.305706737564567455e+00
4.330295176363942566e+00
4.354146814639953789e+00
4.377277925919017321e+00
4.399704674016758688e+00
4.421443771884534080e+00
4.442511628722042971e+00
4.462925111674811873e+00
4.482700636577668263e+00
4.501855002563853958e+00
4.520404446446655733e+00
4.538365528310728259e+00
4.555754163751405628e+00
4.572586544073667270e+00
4.588878156729848001e+00
4.604644727714334529e+00
4.619901237865172483e+00
4.634662877933068081e+00
4.648944066520529717e+00
4.662759410450561859e+00
4.676122728748124402e+00
4.689048012552843758e+00
4.701548458537544661e+00
4.713637423845299601e+00
4.725327471581415750e+00
4.736631317209183401e+00
4.747560888173732785e+00
4.758128258934259058e+00
4.768344726331740446e+00
4.778221731019553609e+00
4.787769949838537542e+00
4.797000201870305958e+00
4.805922558808537026e+00
4.814547234227442019e+00
4.822883712720248184e+00
4.830941621270391728e+00
4.838729877753777942e+00
4.846257543537878298e+00
4.853532991804534902e+00
4.860564740694105268e+00
4.867360641792756404e+00
4.873928693294758752e+00
4.880276248906870507e+00
4.886410810628777135e+00
4.892339258253275425e+00
4.898068621468271822e+00
4.903605330071447277e+00
4.908955965181725389e+00
4.914126530238584145e+00
4.919123181179755555e+00
4.923951518256024507e+00
4.928617295088344896e+00
4.933125731297036687e+00
4.937482200397437460e+00
4.941691563216924266e+00
4.945758834625414657e+00
4.949688537693257118e+00
4.953485349283079486e+00
4.957153474885384270e+00
4.960697273122492312e+00
4.964120651186011202e+00
4.967427668322991430e+00
4.970621951789649273e+00
4.973707279404977477e+00
4.976687015928026092e+00
4.979564674775889266e+00
4.982343374726413643e+00
4.985026380906623089e+00
4.987616581719242603e+00
4.990117009213888899e+00
4.992530336133869540e+00
4.994859375787092048e+00
4.997106599108707137e+00
4.999274614151524965e+00
5.001365703060487000e+00
5.003382281303989210e+00
5.005326454457411423e+00
5.007200457297260598e+00
5.009006230293389095e+00
5.010745838687651776e+00
5.012421068597554097e+00
5.014033826200565258e+00
5.015585753356229581e+00
5.017078607016498104e+00
5.018513894278674670e+00
5.019893232141715345e+00
5.021218001909134365e+00
5.022489689411552050e+00
5.023709558687257548e+00
5.024878972792766518e+00
5.025999086699594720e+00
5.027071148818183843e+00
5.028096213063006026e+00
5.029075421221385511e+00
5.030009734155923340e+00
5.030900195158955590e+00
5.031747680281394963e+00
5.032553142825018533e+00
5.033317382808454532e+00
5.034041272760245711e+00
5.034725546350069969e+00
5.035371005646265274e+00
5.035978328939835436e+00
5.036548259600437838e+00
5.037081433072169823e+00
5.037578547361092340e+00
5.038040209031743544e+00
5.038467085119451738e+00
5.038859767625203823e+00
5.039218906184299129e+00
5.039545089976197545e+00
5.039838959774191274e+00
5.040101105425887518e+00
5.040332155186311169e+00
5.040532686448359279e+00
5.040703290278358395e+00
5.040844493921140312e+00
5.040956800399737148e+00
5.041040624507079571e+00
5.041096311546926501e+00
5.041124093146954088e+00
