3.476097358900728977e+02
3.475924565750864303e+02
3.475579212930672384e+02
3.475061763649984528e+02
3.474372909575566268e+02
3.473513559806835360e+02
3.472484838785855459e+02
3.471288068634261208e+02
3.469924767093427818e+02
3.468396624175442184e+02
3.466705501250129942e+02
3.464853403139598527e+02
3.462842479586934701e+02
3.460674993942346873e+02
3.458353328210658901e+02
3.455879949346238504e+02
3.453257418904503879e+02
3.450488357714839935e+02
3.447575460896353547e+02
3.444521461359728391e+02
3.441329150640378884e+02
3.438001341343320973e+02
3.434540893948208122e+02
3.430950678002032532e+02
3.427233604801704132e+02
3.423392586891678775e+02
3.419430576357520408e+02
3.415350522017243975e+02
3.411155412974291039e+02
3.406848232804531449e+02
3.402432008015295537e+02
3.397909758513711722e+02
3.393284550685664840e+02
3.388559443466369885e+02
3.383737545869526571e+02
3.378821958045314204e+02
3.373815833235112791e+02
3.368722313273846680e+02
3.363544595101895425e+02
3.358285860229776745e+02
3.352949346093745362e+02
3.347538269037870009e+02
3.342055900946878069e+02
3.336505485305132197e+02
3.330890319678322271e+02
3.325213664375982034e+02
3.319478831486800345e+02
3.313689085598006727e+02
3.307847740225130906e+02
3.301958049925781893e+02
3.296023315114698562e+02
3.290046764746706458e+02
3.284031670686344455e+02
3.277981219917854787e+02
3.271898639863583753e+02
3.265787058794014683e+02
3.259649643784821365e+02
3.253489447624691024e+02
3.247309561501126041e+02
3.241112946200992155e+02
3.234902602170221257e+02
3.228681382111736866e+02
3.222452181852775084e+02
3.216217730467730576e+02
3.209980806538849265e+02
3.203744000498049900e+02
3.197509962607192051e+02
3.191281130021040440e+02
3.185060015553520998e+02
3.178848888448505363e+02
3.172650117547264585e+02
3.166465788856352219e+02
3.160298125100579796e+02
3.154149014449285460e+02
3.148020553793022032e+02
3.141914494033884466e+02
3.135833232320375714e+02
3.129780307451598560e+02
3.123767146522005760e+02
3.117830593871585165e+02
3.112054992763029304e+02
3.106528698511722268e+02
3.101287152761198627e+02
3.096329186329659251e+02
3.091642413911290532e+02
3.087212689106365247e+02
3.083025706869696023e+02
3.079067957362966013e+02
3.075326352413437689e+02
3.071788658704443833e+02
3.068443094438005687e+02
3.065278671991259216e+02
3.062284843097615408e+02
3.059451787188745584e+02
3.056770098176404531e+02
3.054231032486214872e+02
3.051826229337097516e+02
3.049547927991389429e+02
3.047388715520467599e+02
3.045341720124538369e+02
3.043400381931695051e+02
3.041558627387901765e+02
3.039810659691976298e+02
3.038151117949914237e+02
3.036574884572935389e+02
3.035077231958188122e+02
3.033653644690712667e+02
3.032299955839696395e+02
3.031012182182510628e+02
3.029786651714831578e+02
3.028619850401772737e+02
3.027508542138753000e+02
3.026449625759769333e+02
3.025440248417589828e+02
3.024477671760249677e+02
3.023559379498501585e+02
3.022682951810382974e+02
3.021846167712648139e+02
3.021046886877406337e+02
3.020283147309475567e+02
3.019553053863941159e+02
3.018854871643504225e+02
3.018186920595131824e+02
3.017547664973649262e+02
3.016935613472158479e+02
3.016349405045282879e+02
3.015787714093942782e+02
3.015249332900011723e+02
3.014733081442932985e+02
3.014237886664421922e+02
3.013762696543709012e+02
3.013306556384207511e+02
3.012868526816920394e+02
3.012447757279223879e+02
3.012043407653189888e+02
3.011654719088601269e+02
3.011280939015329636e+02
3.010921389447684078e+02
3.010575395138231443e+02
3.010242349487791103e+02
3.009921645632799709e+02
3.009612740074360318e+02
3.009315086512854123e+02
3.009028197299981571e+02
3.008751579853268936e+02
3.008484796026776849e+02
3.008227400954829704e+02
3.007979000429687062e+02
3.007739192038500278e+02
3.007507620629787084e+02
3.007283921620511933e+02
3.007067774627341805e+02
3.006858848832235367e+02
3.006656854849139222e+02
3.006461492046632316e+02
3.006272498715948132e+02
3.006089601258172479e+02
3.005912562715176932e+02
3.005741133736855772e+02
3.005575099532528043e+02
3.005414232540921944e+02
3.005258337855904074e+02
3.005107207528274671e+02
3.004960664516356701e+02
3.004818518554413913e+02
3.004680608675463986e+02
3.004546760586296728e+02
3.004416827807021946e+02
3.004290650497288766e+02
3.004168095254385662e+02
3.004049015339489870e+02
3.003933289173635330e+02
3.003820781916597298e+02
3.003711382697754857e+02
3.003604967503669627e+02
3.003501435178700945e+02
3.003400671580455423e+02
3.003302584383015414e+02
3.003207068462315874e+02
3.003114039532941888e+02
3.003023400728089882e+02
3.002935075099147753e+02
3.002848973357309887e+02
3.002765025263478265e+02
3.002683148500785251e+02
3.002603278980835739e+02
3.002525340818410200e+02
3.002449275578603647e+02
3.002375013326834505e+02
3.002302500840083894e+02
3.002231673707070172e+02
3.002162483525471544e+02
3.002094871028723446e+02
3.002028792289904118e+02
3.001964192853070585e+02
3.001901032963344846e+02
3.001839262682060507e+02
3.001778846161479350e+02
3.001719737724305901e+02
3.001661905200420506e+02
3.001605306952463934e+02
3.001549914290982883e+02
3.001495689428888340e+02
3.001442606990432296e+02
3.001390632878324709e+02
3.001339744891045029e+02
3.001289912487339393e+02
3.001241116525422399e+02
3.001193329910399257e+02
3.001146536468079944e+02
3.001100712461615103e+02
3.001055844611708494e+02
3.001011912469450635e+02
3.000968905593872478e+02
3.000926806768554229e+02
3.000885608346542881e+02
3.000845296298838889e+02
3.000805865735855491e+02
3.000767305776335547e+02
3.000729614253598925e+02
3.000692783393838567e+02
3.000656813714567193e+02
3.000621700501571922e+02
3.000587446906049536e+02
3.000554051209895192e+02
3.000521519127164538e+02
3.000489851847693217e+02
3.000459057547818134e+02
3.000429140202686540e+02
3.000400110310554851e+02
3.000371974464677578e+02
3.000344745295055873e+02
3.000318431791473586e+02
3.000293048466362507e+02
3.000268606421539630e+02
3.000245121735939051e+02
3.000222607269814148e+02
3.000201080281576651e+02
3.000180554964796897e+02
3.000161049299186402e+02
3.000142578317637003e+02
3.000125160197512741e+02
3.000108810257102618e+02
3.000093546294738758e+02
3.000079383316294184e+02
3.000066338131024963e+02
3.000054424813906735e+02
3.000043658568251885e+02
3.000034051928503800e+02
3.000025617900400334e+02
3.000018366911014596e+02
3.000012309237198451e+02
3.000007452710022449e+02
3.000003804441291777e+02
3.000001369288949604e+02
3.000000150889534325e+02
