-4.070108180470340120e-02
-4.033146292392376930e-02
-3.959217144209700723e-02
-3.848318046971987288e-02
-3.700432803299733009e-02
-3.515555901616577300e-02
-3.293660074070638849e-02
-3.034736717096955458e-02
-2.738747079796153075e-02
-2.405679057468094670e-02
-2.035481829931806708e-02
-1.628139236167846712e-02
-1.183587617904693044e-02
-7.018060479451552688e-03
-1.827170666769366205e-03
3.737058950274544517e-03
9.675552710113041743e-03
1.598864328126643058e-02
2.267741875920999822e-02
2.974229132299529427e-02
3.718452935839351020e-02
4.500463927723224317e-02
5.320408909078023357e-02
6.178349661399768628e-02
7.074455196400331047e-02
8.008800429033863244e-02
8.981579185617029337e-02
9.992881821576755919e-02
1.104292998793174885e-01
1.213183214700834650e-01
1.325984125125913848e-01
1.442708695077470626e-01
1.563385751622969888e-01
1.688030734738494298e-01
1.816676467925219807e-01
1.949341278513505582e-01
2.086062524884031710e-01
2.226861900171685504e-01
2.371781923295305516e-01
2.520848209792050376e-01
2.674109168498044475e-01
2.831594986971769368e-01
2.993360817564255649e-01
3.159442180898320851e-01
3.329901976283884402e-01
3.504781952777265008e-01
3.684153942220685929e-01
3.868066980471032146e-01
4.056603240611326711e-01
4.249820302788973048e-01
4.447812365732232154e-01
4.650647056302403271e-01
4.858432627025329187e-01
5.071248557312787453e-01
5.289219614485187737e-01
5.512439314888056829e-01
5.741051952596131214e-01
5.975167740933842175e-01
6.214954222483747293e-01
6.460541569390640948e-01
6.712125221416552767e-01
6.969859337410695410e-01
7.233973132549589291e-01
7.504649759716413016e-01
7.782159749317305586e-01
8.066721508926270046e-01
8.358656721207049500e-01
8.658226901513951246e-01
8.965817992787081803e-01
9.281744442513932825e-01
9.606474412563019705e-01
9.940387360966600472e-01
1.028405927528065478e+00
1.063794863937358226e+00
1.100277842287447738e+00
1.137910067209015663e+00
1.176786395613433012e+00
1.216979951945928118e+00
1.258687728746040513e+00
1.302446418714859222e+00
1.350411765581094325e+00
1.405294150308023182e+00
1.467440897355294149e+00
1.535619107143414874e+00
1.608355644431635589e+00
1.684272910761590358e+00
1.762198854111191038e+00
1.841202067982502522e+00
1.920562711238008813e+00
1.999750614598644782e+00
2.078372520862017847e+00
2.156150927442932463e+00
2.232882264773607073e+00
2.308428016904943370e+00
2.382686015650214095e+00
2.455590604750446104e+00
2.527092662044919447e+00
2.597164556556889270e+00
2.665785263083168211e+00
2.732947435339781794e+00
2.798645465652674691e+00
2.862883279171285267e+00
2.925664184338073515e+00
2.986998721637099230e+00
3.046895694399787136e+00
3.105369773950517498e+00
3.162433380817428308e+00
3.218103924846420050e+00
3.272396350372627882e+00
3.325329971581405530e+00
3.376921570092835001e+00
3.427191821878875277e+00
3.476158876329359160e+00
3.523844385715301009e+00
3.570267517430534276e+00
3.615450603138572916e+00
3.659413546198746037e+00
3.702179116165728701e+00
3.743767703954996584e+00
3.784202327439351254e+00
3.823503603454444733e+00
3.861694900966409438e+00
3.898798715210402221e+00
3.934862281449799326e+00
3.969965340662219067e+00
4.004157296649772491e+00
4.037445783437112468e+00
4.069840693963068468e+00
4.101349041786939154e+00
4.131983159473764822e+00
4.161753448916519105e+00
4.190674566747595975e+00
4.218759319653736739e+00
4.246024068729870926e+00
4.272483286823416826e+00
4.298154489858808880e+00
4.323053247074787997e+00
4.347197776561058546e+00
4.370604300248691843e+00
4.393291376611927035e+00
4.415275535559114672e+00
4.436575392062451328e+00
4.457207517919492545e+00
4.477190365095202296e+00
4.496540343710750065e+00
4.515275575466494828e+00
4.533412154891492740e+00
4.550967748131975021e+00
4.567958019578540529e+00
4.584400088038441901e+00
4.600309104398822235e+00
4.615701574986795563e+00
4.630592078493570796e+00
4.644996464752042087e+00
4.658928701066487044e+00
4.672403953470086968e+00
4.685435554079279363e+00
4.698037970996182366e+00
4.710223889463980740e+00
4.722007075867504788e+00
4.733399566392100688e+00
4.744414429996427707e+00
4.755063059030617545e+00
4.765357835573783341e+00
4.775309519089329768e+00
4.784929820112065357e+00
4.794228880539028737e+00
4.803217758301086882e+00
4.811905996328214030e+00
4.820304021536302663e+00
4.828420798882901543e+00
4.836266147732786180e+00
4.843848477745893000e+00
4.851177025448789593e+00
4.858259668980316803e+00
4.865105087485023461e+00
4.871720651991380713e+00
4.878114510053938702e+00
4.884293550259197758e+00
4.890265414372478858e+00
4.896036533162583027e+00
4.901614068154400705e+00
4.907004016638905064e+00
4.912213084991333467e+00
4.917246860890926996e+00
4.922111620035484414e+00
4.926812563737741790e+00
4.931355560748605704e+00
4.935745448526437151e+00
4.939987711772387158e+00
4.944086845786532791e+00
4.948047973217891027e+00
4.951875268029344745e+00
4.955573511871445014e+00
4.959146577276900558e+00
4.962598924980698101e+00
4.965934145055764581e+00
4.969156396421223754e+00
4.972269004714939378e+00
4.975275845156273746e+00
4.978179996028843313e+00
4.980985065993750460e+00
4.983693902128070619e+00
4.986309862718177222e+00
4.988835578866741116e+00
4.991274173733658337e+00
4.993628076786817083e+00
4.995900190399607865e+00
4.998092755879322446e+00
5.000208468274876417e+00
5.002249393371620556e+00
5.004218031510601961e+00
5.006116284790092408e+00
5.007946470648164450e+00
5.009710338559813181e+00
5.011410034087452559e+00
5.013047164408368950e+00
5.014623713493000068e+00
5.016141155840704080e+00
5.017601323402925750e+00
5.019005566946399988e+00
5.020355575297553052e+00
5.021652583791227364e+00
5.022898146373559136e+00
5.024093390631620970e+00
5.025239743254552138e+00
5.026338231175006221e+00
5.027390160852415413e+00
5.028396465091204526e+00
5.029358336575541877e+00
5.030276619961965956e+00
5.031152400061824181e+00
5.031986438837543929e+00
5.032779718596897212e+00
5.033532923552860971e+00
5.034246938362978874e+00
5.034922373942430696e+00
5.035560021652081275e+00
5.036160423083433813e+00
5.036724280170203905e+00
5.037252068692160023e+00
5.037744404557346733e+00
5.038201700799617377e+00
5.038624490251549126e+00
5.039013125837922935e+00
5.039368059832977309e+00
5.039689587278749272e+00
5.039978081994498815e+00
5.040233782975089838e+00
5.040456987294721358e+00
5.040647879366211725e+00
5.040806680855567379e+00
5.040933522707883085e+00
5.041028552163891341e+00
5.041091847482396027e+00
5.041123482124040045e+00
