1.562894993324021430e-09
1.564213971995988910e-09
1.566855488216605708e-09
1.570826221926520560e-09
1.576136915553167012e-09
1.582801055200203143e-09
1.590836766143236834e-09
1.600264596787266102e-09
1.611110393849702823e-09
1.623402161636350509e-09
1.637173956131403562e-09
1.652461780325037280e-09
1.669308551027243809e-09
1.687758978293449238e-09
1.707865674760446100e-09
1.729682953362107732e-09
1.753274166801328606e-09
1.778704342390134624e-09
1.806048859446626171e-09
1.835384822845367190e-09
1.866801209292491348e-09
1.900388861579876691e-09
1.936252261607927385e-09
1.974498004864334377e-09
2.015248389672587136e-09
2.058628205421089236e-09
2.104780364985127414e-09
2.153850809942173924e-09
2.206006457916596594e-09
2.261417992491929751e-09
2.320280451227327490e-09
2.382793626074554058e-09
2.449185683398870336e-09
2.519690851026626136e-09
2.594576541855301844e-09
2.674117944473015755e-09
2.758629220878516946e-09
2.848434546803216240e-09
2.943904076963958999e-09
3.045420896154477753e-09
3.153422599327168039e-09
3.268363511962525082e-09
3.390762926508773390e-09
3.521161826473443622e-09
3.660179068056004237e-09
3.808461691892661392e-09
3.966750656505217975e-09
4.135823638608460500e-09
4.316572337384125888e-09
4.509936441383473742e-09
4.716995063446430717e-09
4.938890280750429521e-09
5.176935977535608504e-09
5.432529034676475185e-09
5.707279820626923275e-09
6.002908707096764533e-09
6.321403759413870062e-09
6.664899775149180722e-09
7.035870534666559801e-09
7.436986993595566364e-09
7.871353991760682375e-09
8.342343583801067159e-09
8.853889723047775412e-09
9.410292021650868539e-09
1.001658717964904784e-08
1.067831782700166182e-08
1.140200724266936324e-08
1.219488759599022204e-08
1.306551623175991623e-08
1.402345819377074406e-08
1.508010038227793557e-08
1.624828614495023643e-08
1.754341170263997426e-08
1.898301947966249731e-08
2.058830484455973984e-08
2.238369995230053480e-08
2.439898282165027805e-08
2.666895877807800867e-08
2.923643099849820690e-08
3.215237590829437958e-08
3.548006671993170813e-08
3.929950647391529386e-08
4.373104324468013780e-08
4.910078296825481092e-08
5.611972274852071227e-08
6.549830051121097085e-08
7.777309176580533664e-08
9.353460911858104702e-08
1.134373816476591305e-07
1.382531310968665151e-07
1.688553612005795706e-07
2.062646177972978077e-07
2.516314998868674993e-07
3.062810481140035443e-07
3.716903036009203270e-07
4.495348276995695034e-07
5.416577997181443418e-07
6.501204378120575253e-07
7.771592314934083072e-07
9.252416151892759978e-07
1.097007590555492724e-06
1.295332202170216181e-06
1.523247654069406036e-06
1.784014712696640333e-06
2.081021432150246587e-06
2.417866418017529043e-06
2.798230412071939722e-06
3.225975286972172363e-06
3.704984962852288337e-06
4.239284967752120793e-06
4.832849415975620936e-06
5.489746862747002683e-06
6.213910314911916368e-06
7.009315837242004639e-06
7.879712744557450788e-06
8.828841904674875654e-06
9.860123347722146340e-06
1.097692140605352468e-05
1.218218696313848592e-05
1.347877645376293914e-05
1.486904587551407693e-05
1.635523025413151835e-05
1.793898638856498100e-05
1.962183870401288730e-05
2.140466754277733867e-05
2.328822643815825079e-05
2.527257264843104571e-05
2.735765985543967997e-05
2.954270761503627446e-05
3.182687238342712444e-05
3.420855266122104242e-05
3.668614014086194885e-05
3.925725757535188304e-05
4.191959077285703565e-05
4.467005663124255994e-05
4.750571571859764223e-05
5.042286847042706284e-05
5.341804720481223908e-05
5.648703912740025008e-05
5.962595569678872141e-05
6.283018109785785358e-05
6.609551287413255056e-05
6.941702144732663795e-05
7.279020042903441194e-05
7.620951782829961006e-05
7.966878223378727616e-05
8.315670906983843656e-05
8.664802754639459631e-05
9.007247862853417315e-05
9.324995701682391646e-05
9.583364620053680795e-05
9.750233464427507542e-05
9.833444268579467581e-05
9.868488959403967371e-05
9.882646688048605968e-05
9.888780427615761278e-05
9.891907994867088581e-05
9.893909353141526106e-05
9.895468128342393716e-05
9.896858232322820346e-05
9.898171728857065510e-05
9.899460127719752751e-05
9.900730547100425457e-05
9.902000455484479338e-05
9.903263639094112090e-05
9.904531497733843942e-05
9.905795671816309026e-05
9.907066110210342497e-05
9.908334237981045655e-05
9.909609404934353676e-05
9.910883182562336990e-05
9.912164502088394245e-05
9.913445150491675007e-05
9.914733688672133706e-05
9.916022128435155283e-05
9.917318679515071164e-05
9.918615574725158453e-05
9.919920684287612995e-05
9.921226455201146691e-05
9.922540427309427572e-05
9.923855254397925395e-05
9.925178153859226787e-05
9.926501978941979680e-05
9.927833631741907108e-05
9.929166157934363082e-05
9.930506150902711844e-05
9.931846842092989286e-05
9.933194522325719685e-05
9.934542602601743389e-05
9.935897077002508223e-05
9.937251530355305272e-05
9.938611665599673874e-05
9.939971236190984550e-05
9.941335659385797628e-05
9.942698852638567311e-05
9.944065952927966983e-05
9.945431037683778372e-05
9.946798969031631435e-05
9.948163980993005788e-05
9.949530666354767313e-05
9.950893413015106262e-05
9.952256550087280017e-05
9.953614617323797338e-05
9.954971686036230875e-05
9.956322446520745706e-05
9.957670718410562385e-05
9.959011341960962837e-05
9.960347891538615052e-05
9.961675357507411663e-05
9.962997075694141622e-05
9.964308187453775655e-05
9.965611797134877724e-05
9.966903198689734038e-05
9.968185272392765257e-05
9.969453467106258974e-05
9.970710446774990680e-05
9.971951818164845392e-05
9.973180036961713747e-05
9.974390871474263763e-05
9.975586577503843565e-05
9.976763089140161598e-05
9.977922470944891879e-05
9.979060827572128764e-05
9.980180041213181259e-05
9.981276392353826375e-05
9.982351589853715661e-05
9.983402095709343498e-05
9.984429454593732464e-05
9.985430316026675695e-05
9.986406069674243669e-05
9.987353558838048728e-05
9.988274027314069628e-05
9.989164518599512050e-05
9.990026139629042535e-05
9.990856140568602438e-05
9.991655500283608488e-05
9.992421682043164542e-05
9.993155545126790969e-05
9.993854772203393771e-05
9.994520111048535395e-05
9.995149469790188407e-05
9.995743492289678824e-05
9.996300317858885327e-05
9.996820493452692456e-05
9.997302394865399992e-05
9.997746478486121448e-05
9.998151361377308438e-05
9.998517414957878990e-05
9.998843501751692809e-05
9.999129912986191090e-05
9.999375760178473571e-05
9.999581258265851638e-05
9.999745770568524070e-05
9.999869438706416561e-05
9.999951879844463649e-05
9.999993164288590046e-05
