nan
7.100680698738939256e+00
nan
8.027815377789865536e+00
nan
nan
nan
nan
nan
nan
nan
nan
nan
nan
nan
nan
nan
nan
nan
nan
nan
nan
nan
nan
nan
nan
nan
nan
nan
nan
nan
nan
nan
nan
nan
nan
nan
nan
nan
nan
nan
nan
nan
nan
nan
nan
nan
nan
nan
nan
nan
nan
nan
nan
nan
nan
nan
nan
nan
nan
nan
nan
nan
nan
nan
nan
nan
nan
nan
nan
nan
nan
nan
nan
nan
nan
nan
nan
nan
nan
nan
nan
nan
5.729888626898159920e+00
6.264054426448542934e+00
6.390769327280978018e+00
6.408048177262573475e+00
6.381107849290868828e+00
6.328647118206983890e+00
6.263619172223491738e+00
6.189688362300926450e+00
6.112075463946839982e+00
6.031481350839484890e+00
5.950562853891114834e+00
5.869163850379569780e+00
5.788813113995497694e+00
5.709110443616341790e+00
5.631017942302078971e+00
5.554098993074850554e+00
5.479002925612019403e+00
5.405325377419341493e+00
5.333528481105165753e+00
5.263258007546779638e+00
5.194855811645186172e+00
5.128017573303462306e+00
5.063003065846429784e+00
4.999552032046608474e+00
4.937865371623237465e+00
4.877720098189917586e+00
4.819273126881588709e+00
4.762332612477790050e+00
4.707021473072733109e+00
4.653173959756323086e+00
4.600885930694110115e+00
4.550013762806822015e+00
4.500631189783089070e+00
4.452613677322443841e+00
4.406016396317967043e+00
4.360731631910532258e+00
4.316798567203356640e+00
4.274124666911110815e+00
4.232734957285857469e+00
4.192550962802652492e+00
4.153584797196018918e+00
4.115771366992285074e+00
4.079110625860801420e+00
4.043550582763958623e+00
4.009079341085415749e+00
3.975658116123301333e+00
3.943263038157339917e+00
3.911869034669033240e+00
3.881439677757388740e+00
3.851964575982585792e+00
3.823393612223659588e+00
3.795732629276795222e+00
3.768915986291721865e+00
3.742968113900763782e+00
3.717805027385368888e+00
3.693473293476912112e+00
3.669866319067280891e+00
3.647058480191618823e+00
3.624914921990693095e+00
3.603551021493118345e+00
3.582810494886395247e+00
3.562930668394525213e+00
3.543950610976076554e+00
3.527050181729489697e+00
3.514960204879040262e+00
3.517225145985805934e+00
3.557095365291073286e+00
3.679046477774997381e+00
3.918700316864146327e+00
4.257483602256630917e+00
4.636665499974351512e+00
5.006041300066133459e+00
5.320328423800778417e+00
5.546171350149551316e+00
5.675920252721877723e+00
5.733215059364180632e+00
5.753077825140349155e+00
5.751686408391172733e+00
5.744782711135075992e+00
5.731405676314677677e+00
5.719005780585433740e+00
5.703246781277512056e+00
5.689336051260105442e+00
5.673026919643330501e+00
5.658403620302470571e+00
5.641937679510621528e+00
5.626817359180815714e+00
5.610303624497717578e+00
5.594786792993822644e+00
5.578272114479709387e+00
5.562432775960987286e+00
5.545948988088087894e+00
5.529852404001767141e+00
5.513427383546163796e+00
5.497133874438400625e+00
5.480794399733032840e+00
5.464360213458530069e+00
5.448132766541763594e+00
5.431610451558674058e+00
5.415521329177304999e+00
5.398959987620511214e+00
5.383035298525651768e+00
5.366480787674564823e+00
5.350746391746028507e+00
5.334241560235921220e+00
5.318722953154730426e+00
5.302307828086156860e+00
5.287030126659499452e+00
5.270742070560836545e+00
5.255729906101191951e+00
5.239603828760808213e+00
5.224881304925739656e+00
5.208949771285043440e+00
5.194540452069385417e+00
5.178833831427406942e+00
5.164760692144038323e+00
5.149307234271740086e+00
5.135592677184141586e+00
5.120418659370610470e+00
5.107084489911948744e+00
5.092214233564878789e+00
5.079281683276684056e+00
5.064737647205879156e+00
5.052227406863779358e+00
5.038030222274890946e+00
5.025962437516618309e+00
5.012130969239806610e+00
5.000525296697693634e+00
4.987076587054046328e+00
4.975952281485648498e+00
4.962901622033151661e+00
4.952277553980504621e+00
4.939638381222858143e+00
4.929533205617551594e+00
4.917317088714873385e+00
4.907749328284578105e+00
4.895965864213017937e+00
4.886954041158989348e+00
4.875610747452563842e+00
4.867173679218189442e+00
4.856275751328837487e+00
4.848432759766589939e+00
4.837982843953854584e+00
4.830754163803947954e+00
4.820751960747617026e+00
4.814159254914517128e+00
4.804600992312277441e+00
4.798668027364213273e+00
4.789545683870001902e+00
4.784299304350268400e+00
4.775599529068116134e+00
4.771071111355869476e+00
4.762773527171226817e+00
4.759001053573151729e+00
4.751075715771476915e+00
4.748107131371481771e+00
4.740510374212163924e+00
4.738408935172655490e+00
4.731076529696088606e+00
4.729929958195810968e+00
4.722764835958876972e+00
4.722702243621135665e+00
4.715551000038685991e+00
4.716776887309765520e+00
4.709379813147223537e+00
4.712251050303718714e+00
4.704119466865872567e+00
4.709354537008744401e+00
4.699395241771294529e+00
4.708834472253692560e+00
4.693630577266318937e+00
4.715468886114051905e+00
4.661114799678784060e+00
