1.217866655581905100e+01
1.218114703793448328e+01
1.218610513998195799e+01
1.219353513845405956e+01
1.220342845044047486e+01
1.221577363658754578e+01
1.223055640567895708e+01
1.224775962074550506e+01
1.226736330759866966e+01
1.228934466554618510e+01
1.231367808139767028e+01
1.234033514626952233e+01
1.236928467640081308e+01
1.240049273714254774e+01
1.243392267133559415e+01
1.246953513081564857e+01
1.250728811218985470e+01
1.254713699515656167e+01
1.258903458440478218e+01
1.263293115289642010e+01
1.267877448746202518e+01
1.272650993408502806e+01
1.277608044374017382e+01
1.282742661581166566e+01
1.288048673996667226e+01
1.293519683327427572e+01
1.299149067356368192e+01
1.304929982572640235e+01
1.310855366222027740e+01
1.316917937458890719e+01
1.323110197771414320e+01
1.329424430397845569e+01
1.335852698977881658e+01
1.342386845226690184e+01
1.349018485983294191e+01
1.355739009533640349e+01
1.362539571712288122e+01
1.369411091847616646e+01
1.376344249257860497e+01
1.383329480581909721e+01
1.390356978903117025e+01
1.397416695210996629e+01
1.404498343432440066e+01
1.411591409839099143e+01
1.418685168297409582e+01
1.425768702346752370e+01
1.432830935660147276e+01
1.439860671836771111e+01
1.446846644870104903e+01
1.453777580828221083e+01
1.460642271424939942e+01
1.467429659100551653e+01
1.474128933098099736e+01
1.480729634744262313e+01
1.487221769830532736e+01
1.493595924671878628e+01
1.499843382168757877e+01
1.505956233147766454e+01
1.511927478402877156e+01
1.517751116409313639e+01
1.523422212495062311e+01
1.528936945568484163e+01
1.534292629987142753e+01
1.539487711068253795e+01
1.544521734571828553e+01
1.549395291547476994e+01
1.554109941583168997e+01
1.558668118177297401e+01
1.563073020976135297e+01
1.567328499617094373e+01
1.571438934174156721e+01
1.575409116546224197e+01
1.579244136800310017e+01
1.582949277452842551e+01
1.586529918094862346e+01
1.589991451700715430e+01
1.593339213435486990e+01
1.596578421907659440e+01
1.599714132506318975e+01
1.602751201877618925e+01
1.605694262531729066e+01
1.608547706244866760e+01
1.611315675045278439e+01
1.614002058425911201e+01
1.616610495658193614e+01
1.619144382035176832e+01
1.621606878142281261e+01
1.624000921247498042e+01
1.626329238165956426e+01
1.628594358951510301e+01
1.630798631001243848e+01
1.632944233144536028e+01
1.635033189484380145e+01
1.637067382728468345e+01
1.639048566907787574e+01
1.640978379336545956e+01
1.642858351796806815e+01
1.644689920877974387e+01
1.646474437506120481e+01
1.648213175640159278e+01
1.649907340197413319e+01
1.651558074212193006e+01
1.653166465301507770e+01
1.654733551455007401e+01
1.656260326224967372e+01
1.657747743338802593e+01
1.659196720805913472e+01
1.660608144542161213e+01
1.661982871576802623e+01
1.663321732863624547e+01
1.664625535752923113e+01
1.665895066143522740e+01
1.667131090363097812e+01
1.668334356793230810e+01
1.669505597279507825e+01
1.670645528340486052e+01
1.671754852208570341e+01
1.672834257714450601e+01
1.673884421041618253e+01
1.674906006360903632e+01
1.675899666365838314e+01
1.676866042717517047e+01
1.677805766414762090e+01
1.678719458097450357e+01
1.679607728294440250e+01
1.680471177623497425e+01
1.681310396950895125e+01
1.682125967517876219e+01
1.682918461038449109e+01
1.683688439775687584e+01
1.684436456598243481e+01
1.685163055024411349e+01
1.685868769253069033e+01
1.686554124189118653e+01
1.687219635460705902e+01
1.687865809436205922e+01
1.688493143236488692e+01
1.689102124750889189e+01
1.689693232650859400e+01
1.690266936410186105e+01
1.690823696324457615e+01
1.691363963539106763e+01
1.691888180077611636e+01
1.692396778879629693e+01
1.692890183839689655e+01
1.693368809856664470e+01
1.693833062883836860e+01
1.694283339990178305e+01
1.694720029421993246e+01
1.695143510675906029e+01
1.695554154571795991e+01
1.695952323336967282e+01
1.696338370689727171e+01
1.696712641933926946e+01
1.697075474052282829e+01
1.697427195810277922e+01
1.697768127858169862e+01
1.698098582843113036e+01
1.698418865518709708e+01
1.698729272864156314e+01
1.699030094200144347e+01
1.699321611313819247e+01
1.699604098579850486e+01
1.699877823089995488e+01
1.700143044778185697e+01
1.700400016553554750e+01
1.700648984428424626e+01
1.700890187653705610e+01
1.701123858848758275e+01
1.701350224138142764e+01
1.701569503282400575e+01
1.701781909815223059e+01
1.701987651174270866e+01
1.702186928837922508e+01
1.702379938455345254e+01
1.702566869982064190e+01
1.702747907808579697e+01
1.702923230894088036e+01
1.703093012893038249e+01
1.703257422286409195e+01
1.703416622505667277e+01
1.703570772061109295e+01
1.703720024662758448e+01
1.703864529345335654e+01
1.704004430585720087e+01
1.704139868424193693e+01
1.704270978578146867e+01
1.704397892559301653e+01
1.704520737783411022e+01
1.704639637683239783e+01
1.704754711814052470e+01
1.704866075962175032e+01
1.704973842246135618e+01
1.705078119220680222e+01
1.705179011973465464e+01
1.705276622224448602e+01
1.705371048418082935e+01
1.705462385818037774e+01
1.705550726594875144e+01
1.705636159916107175e+01
1.705718772029356245e+01
1.705798646347773939e+01
1.705875863528745384e+01
1.705950501554710286e+01
1.706022635807473264e+01
1.706092339144514369e+01
1.706159681968989972e+01
1.706224732301626901e+01
1.706287555846516213e+01
1.706348216058704637e+01
1.706406774205904853e+01
1.706463289431902197e+01
1.706517818814308285e+01
1.706570417423921882e+01
1.706621138378668334e+01
1.706670032899046774e+01
1.706717150358394974e+01
1.706762538334583823e+01
1.706806242656745454e+01
1.706848307453354252e+01
1.706888775195582397e+01
1.706927686741904537e+01
1.706965081378230664e+01
1.707000996859187580e+01
1.707035469445158071e+01
1.707068533940397614e+01
1.707100223727119825e+01
1.707130570800575953e+01
1.707159605800332969e+01
1.707187358042451564e+01
1.707213855548075188e+01
1.707239125072838348e+01
1.707263192132897700e+01
1.707286081031675451e+01
1.707307814883458263e+01
1.707328415637586971e+01
1.707347904099716018e+01
1.707366299953568145e+01
1.707383621779949578e+01
1.707399887076154954e+01
1.707415112272830271e+01
1.707429312751116512e+01
1.707442502857438882e+01
1.707454695918460885e+01
1.707465904253870548e+01
1.707476139189212816e+01
1.707485411066737058e+01
1.707493729256158943e+01
1.707501102163620388e+01
1.707507537240432427e+01
1.707513040990194142e+01
1.707517618975548856e+01
1.707521275823493667e+01
1.707524015230186265e+01
1.707525839964470293e+01
1.707526751870750559e+01
