4.507769474665438016e-05
4.515942013518853330e-05
4.532323270964774131e-05
4.556985795477263239e-05
4.590038881322804429e-05
4.631629137894864698e-05
4.681941248451118115e-05
4.741198926711428884e-05
4.809666066287781374e-05
4.887648095696758214e-05
4.975493531406695823e-05
5.073595746037323442e-05
5.182394941109341171e-05
5.302380345933755827e-05
5.434092628255844578e-05
5.578126542849608374e-05
5.735133798949851758e-05
5.905826177496560533e-05
6.090978873150469853e-05
6.291434097062926860e-05
6.508104907936261292e-05
6.741979312674742375e-05
6.994124594908766130e-05
7.265691918439109445e-05
7.557921152413565272e-05
7.872145971636615122e-05
8.209799164705777329e-05
8.572418210596476941e-05
8.961651039135974087e-05
9.379262044455979614e-05
9.827138245933084246e-05
1.030729567595747560e-04
1.082188586382519567e-04
1.137320250786967162e-04
1.196368817495658903e-04
1.259594113576076226e-04
1.327272213905374045e-04
1.399696125459404987e-04
1.477176454532895934e-04
1.560042072629984908e-04
1.648640752073967600e-04
1.743339790743685211e-04
1.844526591058827890e-04
1.952609217465184376e-04
2.068016890536850420e-04
2.191200448326453842e-04
2.322632724763301225e-04
2.462808884099480723e-04
2.612246651256520426e-04
2.771486487994853924e-04
2.941091642740065334e-04
3.121648138171743232e-04
3.313764609702655735e-04
3.518072077295351127e-04
3.735223545485189000e-04
3.965893537709920817e-04
4.210777436784329157e-04
4.470590768106019091e-04
4.746068267899792833e-04
5.037962912464388982e-04
5.347044712227215372e-04
5.674099497719733640e-04
6.019927450215091990e-04
6.385341671242589397e-04
6.771166474752682383e-04
7.178235785512031763e-04
7.607391232406557130e-04
8.059480441679812458e-04
8.535354983530400340e-04
9.035868642235435908e-04
9.561875237454904976e-04
1.011422675085887467e-03
1.069376979228458223e-03
1.130133676494070143e-03
1.193770422587531839e-03
1.260338663664394660e-03
1.329759252351879213e-03
1.401317303822539623e-03
1.471541222666272394e-03
1.529238366033344948e-03
1.560842033161274510e-03
1.572064785480310973e-03
1.575843123708301798e-03
1.577746985973750441e-03
1.579243499002626469e-03
1.580672074432323132e-03
1.582109234312176161e-03
1.583571714939579524e-03
1.585062652041035894e-03
1.586582047669999251e-03
1.588129277952459199e-03
1.589703611096394660e-03
1.591304399840274804e-03
1.592931061620920944e-03
1.594583132904321340e-03
1.596260222655852910e-03
1.597962053026615948e-03
1.599688415365542026e-03
1.601439205988968795e-03
1.603214385980838812e-03
1.605014013463387399e-03
1.606838206789215065e-03
1.608687174041457599e-03
1.610561179200801270e-03
1.612460569400346339e-03
1.614385743715352406e-03
1.616337178568780448e-03
1.618315398846295562e-03
1.620321001754075271e-03
1.622354630004463859e-03
1.624416994357646624e-03
1.626508848657567865e-03
1.628631011237074815e-03
1.630784341611941782e-03
1.632969760890019351e-03
1.635188229955223359e-03
1.637440768991840464e-03
1.639728437010704769e-03
1.642052350577853821e-03
1.644413664552743081e-03
1.646813590093574491e-03
1.649253376492720510e-03
1.651734328518370681e-03
1.654257789245500892e-03
1.656825156783638814e-03
1.659437868013303313e-03
1.662097414741904849e-03
1.664805328265654564e-03
1.667563194989449878e-03
1.670372641742965455e-03
1.673235350895402708e-03
1.676153046361891210e-03
1.679127508239880613e-03
1.682160559448515327e-03
1.685254079909730704e-03
1.688409993768764418e-03
1.691630283139998600e-03
1.694916975861251269e-03
1.698272158821561174e-03
1.701697966205754356e-03
1.705196592418557755e-03
1.708770280779008414e-03
1.712421336052637752e-03
1.716152113557519159e-03
1.719965031313673608e-03
1.723862559524134974e-03
1.727847232347742845e-03
1.731921637719686935e-03
1.736088428750790077e-03
1.740350313852088082e-03
1.744710067760386289e-03
1.749170521931015529e-03
1.753734575185483075e-03
1.758405184335351664e-03
1.763185374443575985e-03
1.768078229640097270e-03
1.773086902983710481e-03
1.778214607426909302e-03
1.783464625259211173e-03
1.788840299174877888e-03
1.794345041272035410e-03
1.799982324171384498e-03
1.805755689537989024e-03
1.811668739192450524e-03
1.817725143113145319e-03
1.823928630473404004e-03
1.830282997071489091e-03
1.836792096217454645e-03
1.843459845526173799e-03
1.850290217565745245e-03
1.857287245934795316e-03
1.864455015570435021e-03
1.871797668014848646e-03
1.879319391264412534e-03
1.887024424111835444e-03
1.894917045399007989e-03
1.903001577299511665e-03
1.911282373815750314e-03
1.919763822842071718e-03
1.928450333721573552e-03
1.937346337902309595e-03
1.946456275340549677e-03
1.955784593531346375e-03
1.965335732513080053e-03
1.975114122018953138e-03
1.985124164802206173e-03
1.995370231617347480e-03
2.005856642546665052e-03
2.016587659479532422e-03
2.027567465079887880e-03
2.038800152389082590e-03
2.050289701031901644e-03
2.062039963525322348e-03
2.074054638278730305e-03
2.086337252149790371e-03
2.098891129755804923e-03
2.111719371781507239e-03
2.124824820087278018e-03
2.138210031246974389e-03
2.151877236919768916e-03
2.165828312085687872e-03
2.180064730149067296e-03
2.194587525353389711e-03
2.209397242115618450e-03
2.224493891151414510e-03
2.239876892612988318e-03
2.255545025555607402e-03
2.271496364582683072e-03
2.287728222450895535e-03
2.304237080134636986e-03
2.321018522620621905e-03
2.338067162610338486e-03
2.355376569918817171e-03
2.372939189462278456e-03
2.390746265173227143e-03
2.408787753494377043e-03
2.427052243375939482e-03
2.445526867236083677e-03
2.464197219432571074e-03
2.483047267565860038e-03
2.502059272820098164e-03
2.521213705573175853e-03
2.540489172165746445e-03
2.559862340011993375e-03
2.579307876632845609e-03
2.598798390765423311e-03
2.618304390797819570e-03
2.637794249638959840e-03
2.657234190873754807e-03
2.676588286205909811e-03
2.695818478511633962e-03
2.714884621272394515e-03
2.733744547983136056e-03
2.752354162867982380e-03
2.770667565495854232e-03
2.788637200915233295e-03
2.806214046547714919e-03
2.823347827411467822e-03
2.839987269166803410e-03
2.856080380147753978e-03
2.871574769732801371e-03
2.886417993487384870e-03
2.900557929973600953e-03
2.913943178717488293e-03
2.926523481608433574e-03
2.938250156266080260e-03
2.949076541102887018e-03
2.958958439915996240e-03
2.967854563557506889e-03
2.975726956367045605e-03
2.982541403398130016e-03
2.988267806792437292e-03
2.992880526707881583e-03
2.996358676809598564e-03
2.998686370092335657e-03
2.999852907687224329e-03
