3.014721826209789697e+02
3.014692252807208206e+02
3.014633429683353825e+02
3.014545997326384850e+02
3.014430899502724515e+02
3.014289363502830383e+02
3.014122874784762303e+02
3.013933146799699898e+02
3.013722086921476375e+02
3.013491759489719470e+02
3.013244347038050819e+02
3.012982110782112954e+02
3.012707351424623425e+02
3.012422371258983276e+02
3.012129438468008971e+02
3.011830754378577240e+02
3.011528424303879774e+02
3.011224432436603706e+02
3.010920621111532114e+02
3.010618674584324026e+02
3.010320107339819060e+02
3.010026256793086077e+02
3.009738280145053864e+02
3.009457155042589420e+02
3.009183683634624344e+02
3.008918499548817067e+02
3.008662077299444491e+02
3.008414743612679558e+02
3.008176690179661250e+02
3.007947987356980661e+02
3.007728598385494934e+02
3.007518393729453692e+02
3.007317165203624540e+02
3.007124639597080318e+02
3.006940491571145344e+02
3.006764355649813183e+02
3.006595837184381139e+02
3.006434522208075464e+02
3.006279986149110641e+02
3.006131801394381000e+02
3.005989543736004066e+02
3.005852797745535554e+02
3.005721161148364331e+02
3.005594248273529274e+02
3.005471692671374058e+02
3.005353148986389442e+02
3.005238294181929746e+02
3.005126828203150353e+02
3.005018474168355738e+02
3.004912978165931463e+02
3.004810108734457117e+02
3.004709656089772238e+02
3.004611431161617361e+02
3.004515264488953790e+02
3.004421005021656583e+02
3.004328518863935642e+02
3.004237687993668260e+02
3.004148408981203602e+02
3.004060591730604983e+02
3.003974158257471458e+02
3.003889041517439296e+02
3.003805184292511399e+02
3.003722538142731651e+02
3.003641062425437553e+02
3.003560723384983930e+02
3.003481493311915074e+02
3.003403349771518265e+02
3.003326274898761881e+02
3.003250254757695643e+02
3.003175278761391951e+02
3.003101339149470164e+02
3.003028430519015615e+02
3.002956549405438977e+02
3.002885693909259430e+02
3.002815863365275959e+02
3.002747058050466080e+02
3.002679278927209907e+02
3.002612527418690433e+02
3.002546805213296466e+02
3.002482114095464567e+02
3.002418455799974026e+02
3.002355831887790032e+02
3.002294243640636751e+02
3.002233691972992347e+02
3.002174177358875227e+02
3.002115699772602966e+02
3.002058258641086468e+02
3.002001852807281921e+02
3.001946480502503505e+02
3.001892139327595146e+02
3.001838826240762046e+02
3.001786537552441132e+02
3.001735268925031619e+02
3.001685015378195089e+02
3.001635771297550264e+02
3.001587530447783934e+02
3.001540285987959464e+02
3.001494030490316618e+02
3.001448755960329322e+02
3.001404453859498744e+02
3.001361115128638630e+02
3.001318730213331492e+02
3.001277289089242117e+02
3.001236781289159126e+02
3.001197195929401005e+02
3.001158521737601745e+02
3.001120747079494322e+02
3.001083859986857760e+02
3.001047848184275608e+02
3.001012699117113698e+02
3.000978399978620246e+02
3.000944937739288321e+02
3.000912299177493878e+02
3.000880470916914646e+02
3.000849439473995517e+02
3.000819191328804436e+02
3.000789713036268154e+02
3.000760991414816772e+02
3.000733013867995851e+02
3.000705768934895445e+02
3.000679247202433544e+02
3.000653442744256267e+02
3.000628355178960760e+02
3.000603992121436931e+02
3.000580371028320883e+02
3.000557518475076222e+02
3.000535465049926529e+02
3.000514236767018019e+02
3.000493847296782519e+02
3.000474294977465775e+02
3.000455564667114459e+02
3.000437631815943291e+02
3.000420466433099591e+02
3.000404036012026268e+02
3.000388307391085618e+02
3.000373247835929646e+02
3.000358825622838594e+02
3.000345010328558715e+02
3.000331772950096365e+02
3.000319085932785015e+02
3.000306923146168856e+02
3.000295259835385195e+02
3.000284072558187631e+02
3.000273339118659806e+02
3.000263038498312085e+02
3.000253150790305767e+02
3.000243657134518571e+02
3.000234539657470236e+02
3.000225781413893174e+02
3.000217366333394580e+02
3.000209279168709600e+02
3.000201505448858939e+02
3.000194031433561008e+02
3.000186844072215990e+02
3.000179930963815877e+02
3.000173280321057518e+02
3.000166880935052518e+02
3.000160722143924090e+02
3.000154793801709729e+02
3.000149086250845585e+02
3.000143590294708815e+02
3.000138297173498358e+02
3.000133198539940054e+02
3.000128286438112468e+02
3.000123553281908926e+02
3.000118991836432087e+02
3.000114595198855909e+02
3.000110356782058147e+02
3.000106270297580409e+02
3.000102329741209815e+02
3.000098529377778505e+02
3.000094863728444352e+02
3.000091327557108229e+02
3.000087915859178906e+02
3.000084623849398895e+02
3.000081446951922999e+02
3.000078380789393009e+02
3.000075421174147436e+02
3.000072564098396128e+02
3.000069805726446930e+02
3.000067142385833563e+02
3.000064570560435300e+02
3.000062086882460335e+02
3.000059688126344213e+02
3.000057371201495471e+02
3.000055133146876756e+02
3.000052971124428609e+02
3.000050882414253124e+02
3.000048864408649365e+02
3.000046914607827944e+02
3.000045030614472239e+02
3.000043210129942963e+02
3.000041450949317436e+02
3.000039750958011382e+02
3.000038108127243390e+02
3.000036520511033586e+02
3.000034986242065997e+02
3.000033503529006111e+02
3.000032070652702600e+02
3.000030685963819792e+02
3.000029347879344641e+02
3.000028054880479544e+02
3.000026805509428414e+02
3.000025598367532780e+02
3.000024432112306272e+02
3.000023305455789000e+02
3.000022217161803724e+02
3.000021166044496113e+02
3.000020150965814878e+02
3.000019170834208921e+02
3.000018224602299028e+02
3.000017311265722810e+02
3.000016429860996254e+02
3.000015579464471784e+02
3.000014759190369205e+02
3.000013968189859384e+02
3.000013205649235033e+02
3.000012470789102395e+02
3.000011762862687306e+02
3.000011081155126362e+02
3.000010424981896335e+02
3.000009793688190598e+02
3.000009186647465640e+02
3.000008603260891960e+02
3.000008042956013696e+02
3.000007505186263757e+02
3.000006989429735995e+02
3.000006495188740701e+02
3.000006021988691032e+02
3.000005569377711936e+02
3.000005136925607871e+02
3.000004724223523453e+02
3.000004330883007810e+02
3.000003956535708767e+02
3.000003600832521897e+02
3.000003263443321657e+02
3.000002944056196839e+02
3.000002642377218649e+02
3.000002358129737559e+02
3.000002091054190601e+02
3.000001840907488599e+02
3.000001607462834272e+02
3.000001390509178805e+02
3.000001189851079175e+02
3.000001005308220670e+02
3.000000836715297510e+02
3.000000683921603581e+02
3.000000546790938074e+02
3.000000425201264989e+02
3.000000319044633557e+02
3.000000228226911645e+02
3.000000152667723228e+02
3.000000092300255119e+02
3.000000047071200129e+02
3.000000016940637693e+02
3.000000001881994649e+02
