1.348031536402021580e+01
1.347950842668387139e+01
1.347789453088494405e+01
1.347547342553064631e+01
1.347224504582762883e+01
1.346820888595026844e+01
1.346336483317277732e+01
1.345771211960282265e+01
1.345125057740107266e+01
1.344397916547189098e+01
1.343589765065527608e+01
1.342700470354580666e+01
1.341730001227097091e+01
1.340678193980915900e+01
1.339545007878738403e+01
1.338330246076197305e+01
1.337033856240523555e+01
1.335655605516847011e+01
1.334195427531198241e+01
1.332653050015474250e+01
1.331028389667124223e+01
1.329321130810534868e+01
1.327531169835248193e+01
1.325658143002973155e+01
1.323701922463246561e+01
1.321662091015165252e+01
1.319538492009989739e+01
1.317330648538169591e+01
1.315038369879761149e+01
1.312661112201958424e+01
1.310198644619273800e+01
1.307650348044176525e+01
1.305015944380848758e+01
1.302294729658625627e+01
1.299486370419729120e+01
1.296590066665511110e+01
1.293605420127548200e+01
1.290531521849128183e+01
1.287367897773166625e+01
1.284113514938684730e+01
1.280767810707652998e+01
1.277329610542702731e+01
1.273798248267036470e+01
1.270172387157988148e+01
1.266451239941257256e+01
1.262633283421610741e+01
1.258717588524958053e+01
1.254702416805640475e+01
1.250586672863593662e+01
1.246368368696847462e+01
1.242046213371183327e+01
1.237617928156287128e+01
1.233081991604763239e+01
1.228435784474937975e+01
1.223677512666740697e+01
1.218804155730062178e+01
1.213813595829472369e+01
1.208702336613040096e+01
1.203467874188238085e+01
1.198106143420217862e+01
1.192614177837839406e+01
1.186987226646724913e+01
1.181221766271734985e+01
1.175312211153933895e+01
1.169254363265538110e+01
1.163041608941033367e+01
1.156668929649159061e+01
1.150128427856202507e+01
1.143414083309281715e+01
1.136516367444291653e+01
1.129428037100255366e+01
1.122137444396563133e+01
1.114635867471126929e+01
1.106908815395863499e+01
1.098945850720990336e+01
1.090728512574588471e+01
1.082244980774098764e+01
1.073473104070448336e+01
1.064419476910340734e+01
1.055182245801307950e+01
1.046325540350447092e+01
1.038659536630686198e+01
1.032448085969850915e+01
1.027548012870546223e+01
1.023733105543088406e+01
1.020774469686314845e+01
1.018468908525119510e+01
1.016651270710621624e+01
1.015191340041612378e+01
1.013992631717240123e+01
1.012982512811389135e+01
1.012109785547352026e+01
1.011336130967097446e+01
1.010635523993516927e+01
1.009988002941409846e+01
1.009380604677055970e+01
1.008802799343372492e+01
1.008248231777276871e+01
1.007711172368832564e+01
1.007188587710371230e+01
1.006677205191400759e+01
1.006175661722542003e+01
1.005681959374797962e+01
1.005195573851489144e+01
1.004715180156419940e+01
1.004240670189380324e+01
1.003771080955876549e+01
1.003306502925886967e+01
1.002846171224726923e+01
1.002390260977153602e+01
1.001938116854296901e+01
1.001489937721798462e+01
1.001045128270245677e+01
1.000603877477374581e+01
1.000165620845867487e+01
9.997305179808764208e+00
9.992980160746569140e+00
9.988682337737923689e+00
9.984406136611848837e+00
9.980152301710171869e+00
9.975914961826052973e+00
9.971695129219334319e+00
9.967491563729163673e+00
9.963370273802778954e+00
9.959490837292507948e+00
9.955938898650641633e+00
9.952688901234211016e+00
9.949718837134858163e+00
9.946997075901155227e+00
9.944504287997585124e+00
9.942214776527679376e+00
9.940113006646422278e+00
9.938177888828059636e+00
9.936397177687242177e+00
9.934753439351768023e+00
9.933237148897195112e+00
9.931833799096487780e+00
9.930536071336279136e+00
9.929331809084903426e+00
9.928215464726781292e+00
9.927176774207515209e+00
9.926211603003343598e+00
9.925311214760348832e+00
9.924472598355439601e+00
9.923688254900362438e+00
9.922956064277787647e+00
9.922269534171583416e+00
9.921627249979612984e+00
9.921023542151729657e+00
9.920457553935642991e+00
9.919924292008920119e+00
9.919423340033219461e+00
9.918950263828705260e+00
9.918504994065754587e+00
9.918083561891057442e+00
9.917686170626559772e+00
9.917309241324222313e+00
9.916953190680962038e+00
9.916614768795131596e+00
9.916294558401412829e+00
9.915989589338039423e+00
9.915700572500794507e+00
9.915424777349581831e+00
9.915163012572028478e+00
9.914912754461500555e+00
9.914674885097115364e+00
9.914447060684508983e+00
9.914230217050162608e+00
9.914022168103702626e+00
9.913823887574046978e+00
9.913633328666632494e+00
9.913451490210483996e+00
9.913276449374890831e+00
9.913109219729754784e+00
9.912947989576640140e+00
9.912793778834123160e+00
9.912644876145249029e+00
9.912502300973063285e+00
9.912364433184087886e+00
9.912232286267000703e+00
9.912104323570927633e+00
9.911981548134495057e+00
9.911862500187240244e+00
9.911748168690792227e+00
9.911637165098685642e+00
9.911530461360863242e+00
9.911426735287578893e+00
9.911326939448374063e+00
9.911229813804434130e+00
9.911136289639998154e+00
9.911045165418519431e+00
9.910957349614969658e+00
9.910871696017878207e+00
9.910789089082545189e+00
9.910708435146343476e+00
9.910630593693124268e+00
9.910554521175539477e+00
9.910481051367931116e+00
9.910409188699006222e+00
9.910339740672464259e+00
9.910271757807901594e+00
9.910206020923885362e+00
9.910141624966064100e+00
9.910079323775022431e+00
9.910018255249564589e+00
9.909959146060232982e+00
9.909901175753960345e+00
9.909845043722491198e+00
9.909789970003002324e+00
9.909736626668133042e+00
9.909684273216601724e+00
9.909633554417109025e+00
9.909583768314456975e+00
9.909535532432537153e+00
9.909488182545572954e+00
9.909442309025070728e+00
9.909397284643358006e+00
9.909353672735118579e+00
9.909310882411848098e+00
9.909269450099991161e+00
9.909228820650877623e+00
9.909189503713905722e+00
9.909150979327543851e+00
9.909113730487028704e+00
9.909077271898485861e+00
9.909042060005996078e+00
9.909007643683203526e+00
9.908974452893865248e+00
9.908942070184028950e+00
9.908910899063066324e+00
9.908880555244929056e+00
9.908851415752915059e+00
9.908823128941063985e+00
9.908796045245313877e+00
9.908769845096156104e+00
9.908744852161174066e+00
9.908720778337940516e+00
9.908697920258054737e+00
9.908676020625312830e+00
9.908655348678944819e+00
9.908635677216489412e+00
9.908617247643888959e+00
9.908599862095401889e+00
9.908583733630067059e+00
9.908568692932574251e+00
9.908554924148999632e+00
9.908542285722646170e+00
9.908530932296477189e+00
9.908520749306502395e+00
9.908511861313396452e+00
9.908504180042928766e+00
9.908497799444376142e+00
9.908492656932578413e+00
9.908488815405634753e+00
9.908486237506473060e+00
9.908484954766544561e+00
