8.028367795648598815e+00
8.028667302252326721e+00
8.029266270352575674e+00
8.030164609741689219e+00
8.031362185125182407e+00
8.032858816142075753e+00
8.034654277392048627e+00
8.036748298469381879e+00
8.039140564003634637e+00
8.041830713707131650e+00
8.044818342429190139e+00
8.048103000217087910e+00
8.051684192383824268e+00
8.055561379582547588e+00
8.059733977887749035e+00
8.064201358883162030e+00
8.068962849756369238e+00
8.074017733400022934e+00
8.079365248519856380e+00
8.085004589749207327e+00
8.090934907770321871e+00
8.097155309442120696e+00
8.103664857934692378e+00
8.110462572870277498e+00
8.117547430470857250e+00
8.124918363712255953e+00
8.132574262484743244e+00
8.140513973760121758e+00
8.148736301765318046e+00
8.157240008162334632e+00
8.166023812234669776e+00
8.175086391080082393e+00
8.184426379809710994e+00
8.194042371753523568e+00
8.203932918672046881e+00
8.214096530974339672e+00
8.224531677942204411e+00
8.235236787960600324e+00
8.246210248754158201e+00
8.257450407629889355e+00
8.268955571725912890e+00
8.280724008266236780e+00
8.292753944821591006e+00
8.305043569576175955e+00
8.317591031600340301e+00
8.330394441129204353e+00
8.343451869847012148e+00
8.356761351177411257e+00
8.370320880579399159e+00
8.384128415849014360e+00
8.398181877426701192e+00
8.412479148710254151e+00
8.427018076373400390e+00
8.441796470689837406e+00
8.456812105862807627e+00
8.472062720360025168e+00
8.487546017254073760e+00
8.503259664568028953e+00
8.519201295626446679e+00
8.535368509411465965e+00
8.551758870924190958e+00
8.568369911551087625e+00
8.585199129435503451e+00
8.602243989854120088e+00
8.619501925598433090e+00
8.636970337361045580e+00
8.654646594126806036e+00
8.672528033568752903e+00
8.690611962448720362e+00
8.708895657022594605e+00
8.727376363450206398e+00
8.746051298209707170e+00
8.764917648516396653e+00
8.783972572746000296e+00
8.803213200862245458e+00
8.822636634848716852e+00
8.842239949144953925e+00
8.862020191086607213e+00
8.881974381349778014e+00
8.902099514399298030e+00
8.922392558940963170e+00
8.942850458377659351e+00
8.963470131269277275e+00
8.984248471796378865e+00
9.005182350227542543e+00
9.026268613390239892e+00
9.047504085145362751e+00
9.068885566865070302e+00
9.090409837914148028e+00
9.112073656134569433e+00
9.133873758333393766e+00
9.155806860773765266e+00
9.177869659669052993e+00
9.200058831679982063e+00
9.222371034414740265e+00
9.244802906931932185e+00
9.267351070246364841e+00
9.290012127837513844e+00
9.312782666160707379e+00
9.335659255160793535e+00
9.358638448788388686e+00
9.381716785518506185e+00
9.404890788871512086e+00
9.428156967936409671e+00
9.451511817896248502e+00
9.474951820555681081e+00
9.498473444870549898e+00
9.522073147479430233e+00
9.545747373237045252e+00
9.569492555749508966e+00
9.593305117911224755e+00
9.617181472443533607e+00
9.641118022434802981e+00
9.665111161882103730e+00
9.689157276234240612e+00
9.713252742936107964e+00
9.737393931974322570e+00
9.761577206423979192e+00
9.785798922996560734e+00
9.810055432588750790e+00
9.834343080832297801e+00
9.858658208644612841e+00
9.882997152780221839e+00
9.907356246382832410e+00
9.931731819538057948e+00
9.956120199826658634e+00
9.980517712878178571e+00
1.000492068292503056e+01
1.002932543335677273e+01
1.005372828727466405e+01
1.007812556804629622e+01
1.010251359986026465e+01
1.012688870828084831e+01
1.015124722080247466e+01
1.017558546740409930e+01
1.019989978110320727e+01
1.022418649850947148e+01
1.024844196037800614e+01
1.027266251216203941e+01
1.029684450456499967e+01
1.032098429409191986e+01
1.034507824360005657e+01
1.036912272284863867e+01
1.039311410904774213e+01
1.041704878740604734e+01
1.044092315167759288e+01
1.046473360470730363e+01
1.048847655897525044e+01
1.051214843713957769e+01
1.053574567257799366e+01
1.055926470992777233e+01
1.058270200562412100e+01
1.060605402843691358e+01
1.062931726000564758e+01
1.065248819537254832e+01
1.067556334351376179e+01
1.069853922786856160e+01
1.072141238686641351e+01
1.074417937445188720e+01
1.076683676060735806e+01
1.078938113187327730e+01
1.081180909186609185e+01
1.083411726179362233e+01
1.085630228096783156e+01
1.087836080731494981e+01
1.090028951788283074e+01
1.092208510934542254e+01
1.094374429850435781e+01
1.096526382278748812e+01
1.098664044074434898e+01
1.100787093253840254e+01
1.102895210043606689e+01
1.104988076929229557e+01
1.107065378703285319e+01
1.109126802513291032e+01
1.111172037909217813e+01
1.113200776890622379e+01
1.115212713953411239e+01
1.117207546136212315e+01
1.119184973066353628e+01
1.121144697005439994e+01
1.123086422894521164e+01
1.125009858398833273e+01
1.126914713952122504e+01
1.128800702800525002e+01
1.130667541046009283e+01
1.132514947689362472e+01
1.134342644672720013e+01
1.136150356921626425e+01
1.137937812386624259e+01
1.139704742084352773e+01
1.141450880138166113e+01
1.143175963818247354e+01
1.144879733581218773e+01
1.146561933109240883e+01
1.148222309348591352e+01
1.149860612547720962e+01
1.151476596294769550e+01
1.153070017554551008e+01
1.154640636704987955e+01
1.156188217572991661e+01
1.157712527469790764e+01
1.159213337225690488e+01
1.160690421224264668e+01
1.162143557435970109e+01
1.163572527451183447e+01
1.164977116512651101e+01
1.166357113547349122e+01
1.167712311197745478e+01
1.169042505852468672e+01
1.170347497676367254e+01
1.171627090639964663e+01
1.172881092548302817e+01
1.174109315069168424e+01
1.175311573760708228e+01
1.176487688098414708e+01
1.177637481501493788e+01
1.178760781358608511e+01
1.179857419052986600e+01
1.180927229986906646e+01
1.181970053605548010e+01
1.182985733420204966e+01
1.183974117030873607e+01
1.184935056148195009e+01
1.185868406614764581e+01
1.186774028425807437e+01
1.187651785749208599e+01
1.188501546944913301e+01
1.189323184583681758e+01
1.190116575465213344e+01
1.190881600635621140e+01
1.191618145404284945e+01
1.192326099360053426e+01
1.193005356386814597e+01
1.193655814678436045e+01
1.194277376753061581e+01
1.194869949466778714e+01
1.195433444026656034e+01
1.195967776003141836e+01
1.196472865341842073e+01
1.196948636374657049e+01
1.197395017830303310e+01
1.197811942844197652e+01
1.198199348967725086e+01
1.198557178176872107e+01
1.198885376880248543e+01
1.199183895926477561e+01
1.199452690610974592e+01
1.199691720682095308e+01
1.199900950346676254e+01
1.200080348274950737e+01
1.200229887604851520e+01
1.200349545945693741e+01
1.200439305381248545e+01
1.200499152472194453e+01
1.200529078257963533e+01
