1.667983872356046948e-01
1.658880146601784955e-01
1.640672439998697996e-01
1.613358368414043731e-01
1.576937150971519375e-01
1.531403982140644715e-01
1.476757508252205531e-01
1.412990427325395981e-01
1.340100733763629481e-01
1.258078515236610850e-01
1.166921001767608213e-01
1.066615516306993472e-01
9.571583770080928366e-02
8.385339450297027430e-02
7.107374418403973604e-02
5.737500241315179883e-02
4.275655916250182403e-02
2.721618046130406046e-02
1.075309721229843543e-02
-6.635308764535828227e-03
-2.494999736577601171e-02
-4.419401147560968190e-02
-6.436853889711401100e-02
-8.547709430425791399e-02
-1.075211365465625485e-01
-1.305047065657029270e-01
-1.544295842202724200e-01
-1.793003995545828233e-01
-2.051193111729767982e-01
-2.318916105752893142e-01
-2.596199017690559718e-01
-2.883102209793971249e-01
-3.179656945802268320e-01
-3.485931993983659716e-01
-3.801964731205244585e-01
-4.127833437059454935e-01
-4.463582631231475251e-01
-4.809301381400633013e-01
-5.165042544886949694e-01
-5.530907456122791110e-01
-5.906958700559754583e-01
-6.293311597360421450e-01
-6.690040083980155483e-01
-7.097275467819298411e-01
-7.515104942371575447e-01
-7.943678149776982611e-01
-8.383097782213267957e-01
-8.833534577983452873e-01
-9.295109382738721004e-01
-9.768017297977584779e-01
-1.025240048296936823e+00
-1.074848229028412039e+00
-1.125642997743511398e+00
-1.177649980444150479e+00
-1.230888868975287709e+00
-1.285389141662352408e+00
-1.341174010510041592e+00
-1.398277488606642027e+00
-1.456726986266922763e+00
-1.516561887504895401e+00
-1.577814638136947112e+00
-1.640531026799064040e+00
-1.704749578100572815e+00
-1.770523775600641336e+00
-1.837899536307892934e+00
-1.906939666198718797e+00
-1.977699147578281691e+00
-2.050252184740303463e+00
-2.124664982963389459e+00
-2.201025824192388125e+00
-2.279414960003915525e+00
-2.359938250049590014e+00
-2.442693749584651908e+00
-2.527809518920699716e+00
-2.615406525333253906e+00
-2.705641174797235760e+00
-2.798664510707619790e+00
-2.894669351477821007e+00
-2.993847410969831646e+00
-3.096436993938002757e+00
-3.202684115968370548e+00
-3.312831371663409463e+00
-3.426815245883275018e+00
-3.542013281434355232e+00
-3.651849963675619648e+00
-3.752407145181360981e+00
-3.844058121264567696e+00
-3.927916952399545636e+00
-4.005376310152816366e+00
-4.077561326452602053e+00
-4.145435136371468765e+00
-4.209621470450006342e+00
-4.270565981964966618e+00
-4.328459836616465495e+00
-4.383371364865372932e+00
-4.435185787597578866e+00
-4.483701192320397766e+00
-4.528575590660328665e+00
-4.569406398250007939e+00
-4.605695525954661029e+00
-4.636932517286274980e+00
-4.662587513228405811e+00
-4.682205823385321430e+00
-4.695420773877423848e+00
-4.702041216633653598e+00
-4.702051206886179280e+00
-4.695655476766020797e+00
-4.683236219525762856e+00
-4.665346487806390385e+00
-4.642634630676957919e+00
-4.615815824233250986e+00
-4.585600460975814308e+00
-4.552677789319551138e+00
-4.517669618557286881e+00
-4.481135541220772289e+00
-4.443549634846633900e+00
-4.405319660420950356e+00
-4.366776015633086594e+00
-4.328195494539187393e+00
-4.289794302636992462e+00
-4.251751032720144430e+00
-4.214199903347527254e+00
-4.177251110477804730e+00
-4.140983156051436964e+00
-4.105460461557222551e+00
-4.070724789925958653e+00
-4.036810577149382517e+00
-4.003735766955724529e+00
-3.971515381003159817e+00
-3.940152087000827752e+00
-3.909648433845548166e+00
-3.879997391513899885e+00
-3.851193563048127544e+00
-3.823223851593210654e+00
-3.796077867729015676e+00
-3.769738816503787504e+00
-3.744193251636044550e+00
-3.719422233405660805e+00
-3.695410535963933985e+00
-3.672138101433121360e+00
-3.649588781043753727e+00
-3.627742114615801317e+00
-3.606581745005116524e+00
-3.586087838778588832e+00
-3.566246354831225318e+00
-3.547045990291671558e+00
-3.528500919954071779e+00
-3.510690233583357411e+00
-3.493894646981112739e+00
-3.478862298351746762e+00
-3.467001230993587146e+00
-3.459495722505950610e+00
-3.455783507881085015e+00
-3.454209595371676933e+00
-3.453554487174777421e+00
-3.453250614160148224e+00
-3.453077622035064298e+00
-3.452953110593323771e+00
-3.452847162554393279e+00
-3.452747803493629863e+00
-3.452651032253157837e+00
-3.452554612353350372e+00
-3.452458258438635852e+00
-3.452361221554701931e+00
-3.452263796607022428e+00
-3.452165497996715793e+00
-3.452066711880245720e+00
-3.451967014513075416e+00
-3.451866799471034586e+00
-3.451765668150383437e+00
-3.451664006295200426e+00
-3.451561433037032778e+00
-3.451458323768856751e+00
-3.451354313670238483e+00
-3.451249767810044222e+00
-3.451144336944895752e+00
-3.451038376365979765e+00
-3.450931552216351950e+00
-3.450824210639668266e+00
-3.450716033044042508e+00
-3.450607357039843226e+00
-3.450497879195923545e+00
-3.450387929164108414e+00
-3.450277218571655258e+00
-3.450166069641447564e+00
-3.450054208952638035e+00
-3.449941951782124594e+00
-3.449829039546227438e+00
-3.449715781011292393e+00
-3.449601932304255492e+00
-3.449487796067842726e+00
-3.449373142997513408e+00
-3.449258269949555977e+00
-3.449142962026673587e+00
-3.449027510584653289e+00
-3.448911714949233875e+00
-3.448795861208794555e+00
-3.448679762701505336e+00
-3.448563700426890755e+00
-3.448447501495173650e+00
-3.448331441939525455e+00
-3.448215362369028814e+00
-3.448099533915670811e+00
-3.447983810378643987e+00
-3.447868457995566960e+00
-3.447753343409313942e+00
-3.447638727910947942e+00
-3.447524490601286740e+00
-3.447410887713440175e+00
-3.447297810380207217e+00
-3.447185509606573550e+00
-3.447073888090722793e+00
-3.446963191381654301e+00
-3.446853333236171935e+00
-3.446744553463434890e+00
-3.446636776333146912e+00
-3.446530235577206724e+00
-3.446424865395603998e+00
-3.446320893055162760e+00
-3.446218262069456806e+00
-3.446117192806056551e+00
-3.446017637444922954e+00
-3.445919808978506804e+00
-3.445823667579997807e+00
-3.445729418354514184e+00
-3.445637028774577448e+00
-3.445546695515530722e+00
-3.445458392640489365e+00
-3.445372307829024816e+00
-3.445288421017795866e+00
-3.445206910308364900e+00
-3.445127760792560778e+00
-3.445051140403129875e+00
-3.444977038674898573e+00
-3.444905612780419180e+00
-3.444836855999334979e+00
-3.444770914160270259e+00
-3.444707783611457685e+00
-3.444647598269777955e+00
-3.444590356905794515e+00
-3.444536180980983353e+00
-3.444485071079796068e+00
-3.444437135696822860e+00
-3.444392376667415157e+00
-3.444350889047622211e+00
-3.444312675413393254e+00
-3.444277816957536320e+00
-3.444246316545653830e+00
-3.444218241136096204e+00
-3.444193593498559025e+00
-3.444172426044933122e+00
-3.444154741133982789e+00
-3.444140576383265984e+00
-3.444129933500442498e+00
-3.444122835128843096e+00
-3.444119282163060181e+00
