5.486542316523052715e-02
5.486520888097014270e-02
5.486478023323545367e-02
5.486413709203511596e-02
5.486327921988973927e-02
5.486220635717249661e-02
5.486091810863089752e-02
5.485941408572347217e-02
5.485769373626412510e-02
5.485575654390362210e-02
5.485360180073198255e-02
5.485122886411799431e-02
5.484863687204558774e-02
5.484582505758927445e-02
5.484279240670110467e-02
5.483953803066348581e-02
5.483606076598960405e-02
5.483235960525777858e-02
5.482843323872552133e-02
5.482428054402237183e-02
5.481990006901547863e-02
5.481529058090607587e-02
5.481045048982290113e-02
5.480537845794158924e-02
5.480007276321624543e-02
5.479453196921648533e-02
5.478875422834151437e-02
5.478273801315149821e-02
5.477648135833509263e-02
5.476998265439900898e-02
5.476323982758622005e-02
5.475625119687703435e-02
5.474901459098133194e-02
5.474152826969868463e-02
5.473378997702550708e-02
5.472579792802808457e-02
5.471754979702068283e-02
5.470904377121400125e-02
5.470027747283187636e-02
5.469124908091851922e-02
5.468195618616506631e-02
5.467239698238906404e-02
5.466256905274406719e-02
5.465247063252309800e-02
5.464209932532126945e-02
5.463145343896722017e-02
5.462053063009737752e-02
5.460932931518946987e-02
5.459784724188838229e-02
5.458608297730063036e-02
5.457403440428971325e-02
5.456170028939515831e-02
5.454907870218270866e-02
5.453616866538413266e-02
5.452296849525030409e-02
5.450947753676149699e-02
5.449569442279324216e-02
5.448161889753454917e-02
5.446724999212959606e-02
5.445258793977319350e-02
5.443763226534087396e-02
5.442238379601068571e-02
5.440684266224990462e-02
5.439101040824668998e-02
5.437488790149016399e-02
5.435847754780533114e-02
5.434178110664954903e-02
5.432480201615239729e-02
5.430754311117858696e-02
5.429000906450037051e-02
5.427220400467565320e-02
5.425413408037670776e-02
5.423580497523459304e-02
5.421722460348918360e-02
5.419840051920003093e-02
5.417934275295389207e-02
5.416006111307294230e-02
5.414056817563123875e-02
5.412087647198961932e-02
5.410100163670501783e-02
5.408095931916511584e-02
5.406076734662589728e-02
5.404043303361012046e-02
5.401992425977526768e-02
5.399915176722941412e-02
5.397801156896313984e-02
5.395640528632102140e-02
5.393424839255806652e-02
5.391146650847536415e-02
5.388799753517749258e-02
5.386378557550652174e-02
5.383878286035563565e-02
5.381294378046330706e-02
5.378622771873596553e-02
5.375859354972985921e-02
5.373000333129759193e-02
5.370041704790577686e-02
5.366979693383794325e-02
5.363810222426284441e-02
5.360529395593297691e-02
5.357132956922326661e-02
5.353616811390504021e-02
5.349976460291996222e-02
5.346207560298962824e-02
5.342305327064422044e-02
5.338265133795205841e-02
5.334081877335129784e-02
5.329750619179812743e-02
5.325265908497708867e-02
5.320622469896237744e-02
5.315814477468130961e-02
5.310836294807915609e-02
5.305681693455929077e-02
5.300344651800149159e-02
5.294818510397177741e-02
5.289096837445383253e-02
5.283172512648562358e-02
5.277038667591124610e-02
5.270687689725973846e-02
5.264112245165167986e-02
5.257304196897092524e-02
5.250255711955236632e-02
5.242958098997791555e-02
5.235402980668427131e-02
5.227581096130876070e-02
5.219483442261637490e-02
5.211100260855055372e-02
5.202421893978535078e-02
5.193440796544665505e-02
5.184166614565879905e-02
5.174723299177180075e-02
5.165389439036025682e-02
5.156336957342157190e-02
5.147575803608292477e-02
5.139089206179456998e-02
5.130852595871120136e-02
5.122846527646332526e-02
5.115050383643936910e-02
5.107447446960230314e-02
5.100020531055304840e-02
5.092755375162588694e-02
5.085637486796289880e-02
5.078654674260422303e-02
5.071794605701519798e-02
5.065046815764018967e-02
5.058400731347312274e-02
5.051847327211184124e-02
5.045377478116585407e-02
5.038983364513926339e-02
5.032657064948188597e-02
5.026391775071173407e-02
5.020180583869226359e-02
5.014017547960161747e-02
5.007896612755430299e-02
5.001812571214118985e-02
4.995760102075123832e-02
4.989734634129989327e-02
4.983731480919320611e-02
4.977746626210561437e-02
4.971775939520880344e-02
4.965815894789429863e-02
4.959862854597640869e-02
4.953913731403408044e-02
4.947965330875426365e-02
4.942014963145771600e-02
4.936059837563445962e-02
4.930097629996822023e-02
4.924125922740083677e-02
4.918142732812524898e-02
4.912145991850390414e-02
4.906134039509294636e-02
4.900105139032212564e-02
4.894057939199575324e-02
4.887991021942551806e-02
4.881903335756761220e-02
4.875793772273397109e-02
4.869661573625123918e-02
4.863505935326372515e-02
4.857326389730750454e-02
4.851122432930348588e-02
4.844893886155224316e-02
4.838640544696867080e-02
4.832362518859528028e-02
4.826059903158477771e-02
4.819733098230675333e-02
4.813382498763457001e-02
4.807008797601409339e-02
4.800612691033964013e-02
4.794195166189956642e-02
4.787757222459586293e-02
4.781300143143762948e-02
4.774825231911922208e-02
4.768334069566514122e-02
4.761828264546498490e-02
4.755309695575983542e-02
4.748780275317500410e-02
4.742242179594877149e-02
4.735697623383143540e-02
4.729149077227835785e-02
4.722599054831793514e-02
4.716050317234828093e-02
4.709505671323056114e-02
4.702968162283023557e-02
4.696440882418659313e-02
4.689927152351455741e-02
4.683430339583991020e-02
4.676954028882288755e-02
4.670501850074993549e-02
4.664077638023726713e-02
4.657685269193947292e-02
4.651328811594810514e-02
4.645012369701485150e-02
4.638740224726245476e-02
4.632516687514170312e-02
4.626346229491443141e-02
4.620233343196795267e-02
4.614182664240900483e-02
4.608198839174829087e-02
4.602286638785749173e-02
4.596450833041257344e-02
4.590696296040588237e-02
4.585027887810019104e-02
4.579450551224981819e-02
4.573969200467081081e-02
4.568588810229946146e-02
4.563314310682606983e-02
4.558150669270413097e-02
4.553102792062169862e-02
4.548175598456628832e-02
4.543373928821323876e-02
4.538702612414114573e-02
4.534166381250564343e-02
4.529769931548118661e-02
4.525517843785214350e-02
4.521414637972275691e-02
4.517464699889654767e-02
4.513672330484447270e-02
4.510041678294840484e-02
4.506576783264069908e-02
4.503281515376274247e-02
4.500159613168252387e-02
4.497214628615447962e-02
4.494449960608513928e-02
4.491868806138007986e-02
4.489474188985245751e-02
4.487268917260425760e-02
4.485255607536377948e-02
4.483436648797015089e-02
4.481814222218032800e-02
4.480390271580998729e-02
4.479166518877272796e-02
4.478144441238144507e-02
4.477325282507087917e-02
4.476710036728507452e-02
4.476299455799688520e-02
4.476094039550539139e-02
