1.012630128959762614e-02
1.011934989412835439e-02
1.010546897362937097e-02
1.008470213442781357e-02
1.005711445077402816e-02
1.002279206562395331e-02
9.981841663582399077e-03
9.934389820307587549e-03
9.880582234038681397e-03
9.820582845625539653e-03
9.754572854880919075e-03
9.682749641562727466e-03
9.605325600771132122e-03
9.522526902714585281e-03
9.434592188258698886e-03
9.341771211424225799e-03
9.244323441392152466e-03
9.142516635816477430e-03
9.036625398538399717e-03
8.926929733456987967e-03
8.813713607511576564e-03
8.697263533774628880e-03
8.577867186804234712e-03
8.455812059835221897e-03
8.331384174571710224e-03
8.204866851195051838e-03
8.076539547531161670e-03
7.946676772652414011e-03
7.815547081792368830e-03
7.683412155329608258e-03
7.550525966599562315e-03
7.417134038780150672e-03
7.283472793612731123e-03
7.149768989862775002e-03
7.016239252544242098e-03
6.883089688758540874e-03
6.750515589787774509e-03
6.618701213598557516e-03
6.487819646411800527e-03
6.358032736186745686e-03
6.229491096096364568e-03
6.102334169911961294e-03
5.976690357176934511e-03
5.852677189498537227e-03
5.730401555975697322e-03
5.609959968791855198e-03
5.491438867405947812e-03
5.374914952299649461e-03
5.260455547344159398e-03
5.148118981841311517e-03
5.037954992087716535e-03
4.930005133721897595e-03
4.824303205590970735e-03
4.720875676658351991e-03
4.619742117632695717e-03
4.520915629113827355e-03
4.424403268899632959e-03
4.330206470499430721e-03
4.238321456455313406e-03
4.148739638714097483e-03
4.061448010584721088e-03
3.976429522646788770e-03
3.893663448044970381e-03
3.813125729567888849e-03
3.734789314811525884e-03
3.658624471756170664e-03
3.584599091892914230e-03
3.512678973047562211e-03
3.442828089855854735e-03
3.375008843736264103e-03
3.309182301131408360e-03
3.245308411432386991e-03
3.183346214197060355e-03
3.123254026500212836e-03
3.064989620920451074e-03
3.008510384260264930e-03
2.953773468492419587e-03
2.900735923090721688e-03
2.849354821375042323e-03
2.799587368844681876e-03
2.751391007490237763e-03
2.704723502551455768e-03
2.659543027403734120e-03
2.615808231086227693e-03
2.573478306333404526e-03
2.532513039973288693e-03
2.492872866292998417e-03
2.454518900861350945e-03
2.417412976522674648e-03
2.381517643497914338e-03
2.346796126554689423e-03
2.313212108081430778e-03
2.280729292679522548e-03
2.249311298933794317e-03
2.218922935062387670e-03
2.189531306426935244e-03
2.161105349367029201e-03
2.133615132437387610e-03
2.107031540238958698e-03
2.081326188928261586e-03
2.056471399109071566e-03
2.032440197745367765e-03
2.009206312786556998e-03
1.986744176098308168e-03
1.965028916215596621e-03
1.944036356869513005e-03
1.923743006846455805e-03
1.904126054774102047e-03
1.885163356704806998e-03
1.866833428095107574e-03
1.849115429757085954e-03
1.831989157814401317e-03
1.815435028565867779e-03
1.799434067045810022e-03
1.783967891243869739e-03
1.769018699767518693e-03
1.754569255773650834e-03
1.740602874124692282e-03
1.727103405311549312e-03
1.714055222407775926e-03
1.701443205199609657e-03
1.689252727171914508e-03
1.677469640007903454e-03
1.666080260783182063e-03
1.655071356954173180e-03
1.644430133890364184e-03
1.634144220435031257e-03
1.624201656868696836e-03
1.614590881097351278e-03
1.605300717110658441e-03
1.596320361830264566e-03
1.587639374103048300e-03
1.579247662224479015e-03
1.571135473489026612e-03
1.563293382389886787e-03
1.555712280734665876e-03
1.548383366512531660e-03
1.541298134572632959e-03
1.534448366142074447e-03
1.527826120056655513e-03
1.521423722907613808e-03
1.515233760808534823e-03
1.509249070145092259e-03
1.503462729857947414e-03
1.497868052767351542e-03
1.492458578349301068e-03
1.487228064605482583e-03
1.482170481308358288e-03
1.477280002386590360e-03
1.472550999613870832e-03
1.467978035480116666e-03
1.463555857298800373e-03
1.459279390534719539e-03
1.455143733304965466e-03
1.451144150135037130e-03
1.447276066829179071e-03
1.443535064627823189e-03
1.439916875423936102e-03
1.436417376296042448e-03
1.433032585048257118e-03
1.429758655094593529e-03
1.426591871301513418e-03
1.423528645200561890e-03
1.420565511113481769e-03
1.417699121671693900e-03
1.414926244205211769e-03
1.412243756548815440e-03
1.409648643677197371e-03
1.407137993779079789e-03
1.404708995122142196e-03
1.402358932377577522e-03
1.400085183699462891e-03
1.397885217283487613e-03
1.395756588646458567e-03
1.393696937404052209e-03
1.391703984737124302e-03
1.389775530374417556e-03
1.387909450233272427e-03
1.386103693594162214e-03
1.384356280904261438e-03
1.382665301131630635e-03
1.381028909720875310e-03
1.379445326115622547e-03
1.377912831856241893e-03
1.376429768260044101e-03
1.374994534651694921e-03
1.373605586191294472e-03
1.372261432228744603e-03
1.370960634270500765e-03
1.369701804449729348e-03
1.368483603623169226e-03
1.367304739949408996e-03
1.366163967107847030e-03
1.365060082977958243e-03
1.363991927972817673e-03
1.362958383812668765e-03
1.361958371966000671e-03
1.360990852511142048e-03
1.360054822678300130e-03
1.359149315793295194e-03
1.358273399914424178e-03
1.357426176852813112e-03
1.356606780898329725e-03
1.355814377911387404e-03
1.355048164132500316e-03
1.354307365340709848e-03
1.353591235741725528e-03
1.352899057188431363e-03
1.352230138142891495e-03
1.351583812954709578e-03
1.350959440892472588e-03
1.350356405476013481e-03
1.349774113573189030e-03
1.349211994782360553e-03
1.348669500590681794e-03
1.348146103803366230e-03
1.347641297759949409e-03
1.347154595807180215e-03
1.346685530569958654e-03
1.346233653464945848e-03
1.345798534023148448e-03
1.345379759441546388e-03
1.344976933954575250e-03
1.344589678421291568e-03
1.344217629743224562e-03
1.343860440484840116e-03
1.343517778335460771e-03
1.343189325760992675e-03
1.342874779507826754e-03
1.342573850284026248e-03
1.342286262303301952e-03
1.342011752994052903e-03
1.341750072581744061e-03
1.341500983824324986e-03
1.341264261631548889e-03
1.341039692825492539e-03
1.340827075795503285e-03
1.340626220282708884e-03
1.340436947069451046e-03
1.340259087786810702e-03
1.340092484637565081e-03
1.339936990225894242e-03
1.339792467313000602e-03
1.339658788668305440e-03
1.339535836857028107e-03
1.339423504112292451e-03
1.339321692154042068e-03
1.339230312081585465e-03
1.339149284223383092e-03
1.339078538049619021e-03
1.339018012052471847e-03
1.338967653678418837e-03
1.338927419238690160e-03
1.338897273861073493e-03
1.338877191430327789e-03
1.338867154559332225e-03
