9.966016787436509511e-03
9.954941421849744509e-03
9.932919243195521136e-03
9.900204724612528956e-03
9.857173079027293713e-03
9.804312680102096958e-03
9.742215320988699412e-03
9.671564587181505357e-03
9.593122696516439077e-03
9.507716162935749352e-03
9.416220702014473781e-03
9.319545758670581478e-03
9.218619081946080943e-03
9.114371693928275536e-03
9.007723631189328700e-03
8.899570724739390773e-03
8.790772710533682754e-03
8.682142824492436461e-03
8.574439066893415826e-03
8.468357167123859164e-03
8.364525325699142394e-03
8.263500649645547438e-03
8.165767266568740163e-03
8.071735941207006451e-03
7.981745116029241929e-03
7.896063137993692901e-03
7.814891561745857321e-03
7.738369261635682887e-03
7.666577242439147691e-03
7.599543879197974243e-03
7.537250500440651271e-03
7.479637063381150940e-03
7.426607876084258958e-03
7.378037144690275002e-03
7.333774349132550496e-03
7.293649258063745859e-03
7.257476635310768087e-03
7.225060477979026313e-03
7.196197882754449063e-03
7.170682402690873973e-03
7.148307027846564042e-03
7.128866665181645204e-03
7.112160279755862756e-03
7.097992576665583357e-03
7.086175407032461668e-03
7.076528773489096022e-03
7.068881633938750401e-03
7.063072368647286409e-03
7.058949121010835159e-03
7.056369861999842001e-03
7.055202398153332354e-03
7.055324154892228354e-03
7.056621964124879659e-03
7.058991667637785905e-03
7.062337775154083411e-03
7.066572966959989641e-03
7.071617691605780985e-03
7.077399626006596230e-03
7.083853262421027815e-03
7.090919366092949573e-03
7.098544584794489777e-03
7.106680929316560973e-03
7.115285426041135369e-03
7.124319634266291883e-03
7.133749352800749545e-03
7.143544179878489643e-03
7.153677278197354689e-03
7.164124977506086504e-03
7.174866598299521267e-03
7.185884093471189143e-03
7.197161928495999367e-03
7.208686756279689654e-03
7.220447350647063965e-03
7.232434307211640066e-03
7.244640026974511274e-03
7.257058435270091062e-03
7.269685013027119870e-03
7.282516525242310745e-03
7.295551098747785068e-03
7.308787950453253177e-03
7.322227510325431815e-03
7.335871128349935599e-03
7.349721200086894134e-03
7.363780637646036124e-03
7.378052154697280554e-03
7.392533981684838197e-03
7.407204288412860133e-03
7.421958355736187236e-03
7.436370906731703916e-03
7.448823739629349336e-03
7.453570095411447480e-03
7.433002622597570039e-03
7.350665460870896284e-03
7.180763572576884073e-03
6.950880594280204466e-03
6.703573356187192585e-03
6.460219536322291817e-03
6.227515101007279237e-03
6.006874969481785370e-03
5.798160080083979498e-03
5.600816888728582695e-03
5.414204821313595845e-03
5.237688341833557880e-03
5.070662245383955428e-03
4.912557106430628755e-03
4.762839442246082251e-03
4.621009935421184663e-03
4.486601554004805356e-03
4.359177367394140822e-03
4.238328685140074423e-03
4.123673079066873283e-03
4.014852725844834935e-03
3.911532671650406849e-03
3.813399379484921654e-03
3.720159215525006054e-03
3.631537182373003204e-03
3.547275601692217225e-03
3.467133012924006330e-03
3.390883028232959725e-03
3.318313377167484562e-03
3.249224912163318178e-03
3.183430781153667472e-03
3.120755564177110208e-03
3.061034557651135576e-03
3.004113024844131188e-03
2.949845577255559743e-03
2.898095523779793681e-03
2.848734336302553415e-03
2.801641084277830054e-03
2.756701973208035283e-03
2.713809853062632872e-03
2.672863819734260654e-03
2.633768787250522457e-03
2.596435143581592164e-03
2.560778377942434826e-03
2.526718783469331358e-03
2.494181132091447851e-03
2.463094417601612018e-03
2.433391571606627075e-03
2.405009241401081035e-03
2.377887541401769306e-03
2.351969861003262371e-03
2.327202646677286810e-03
2.303535235657079572e-03
2.280919664552989636e-03
2.259310525290680795e-03
2.238664796671495719e-03
2.218941719488747109e-03
2.200102647958723356e-03
2.182110941368905262e-03
2.164931832732786519e-03
2.148532334693959919e-03
2.132881123124596556e-03
2.117948455327596079e-03
2.103706066613863189e-03
2.090127099117476163e-03
2.077186009657935872e-03
2.064858507717828862e-03
2.053121473128622851e-03
2.041952901961822161e-03
2.031331832776902494e-03
2.021238299350133077e-03
2.011653264394902638e-03
2.002558578201294338e-03
1.993936918887385425e-03
1.985771756150785106e-03
1.978047297236754879e-03
1.970748455113737092e-03
1.963860799454499994e-03
1.957370528642850792e-03
1.951264425159541767e-03
1.945529830909926896e-03
1.940154606489357791e-03
1.935127109393116772e-03
1.930436156707863050e-03
1.926071005827944584e-03
1.922021320182347535e-03
1.918277152135893643e-03
1.914828911416444849e-03
1.911667349927294963e-03
1.908783532588019310e-03
1.906168823826732712e-03
1.903814860590896272e-03
1.901713540325469668e-03
1.899856995948351248e-03
1.898237585153792059e-03
1.896847867181365678e-03
1.895680593313897426e-03
1.894728685299611583e-03
1.893985226940594945e-03
1.893443444055592289e-03
1.893096697079241914e-03
1.892938462477890662e-03
1.892962326301939231e-03
1.893161966989622032e-03
1.893531149834331087e-03
1.894063711131727806e-03
1.894753553541768951e-03
1.895594631552622276e-03
1.896580947732517822e-03
1.897706539500044771e-03
1.898965476274628314e-03
1.900351847556369265e-03
1.901859760995156098e-03
1.903483331794573021e-03
1.905216681728735253e-03
1.907053929893343667e-03
1.908989192705499386e-03
1.911016576031035995e-03
1.913130176205872458e-03
1.915324073571507543e-03
1.917592334556770389e-03
1.919929006652649692e-03
1.922328121590270895e-03
1.924783691782076074e-03
1.927289714624681911e-03
1.929840170425872140e-03
1.932429027850488239e-03
1.935050243340236424e-03
1.937697767706900815e-03
1.940365547036372682e-03
1.943047530414686828e-03
1.945737672288635903e-03
1.948429941288657699e-03
1.951118323995213854e-03
1.953796834797860444e-03
1.956459520991140223e-03
1.959100473581651403e-03
1.961713833609448742e-03
1.964293803786251735e-03
1.966834655909049066e-03
1.969330743183206854e-03
1.971776508566017161e-03
1.974166497599190440e-03
1.976495367492375060e-03
1.978757900262546627e-03
1.980949012342061912e-03
1.983063767798750980e-03
1.985097388231649856e-03
1.987045265826652141e-03
1.988902973287094873e-03
1.990666276466660205e-03
1.992331144072784048e-03
1.993893759612718267e-03
1.995350530605842151e-03
1.996698099581367333e-03
1.997933352541959515e-03
1.999053428762625866e-03
2.000055728263868196e-03
2.000937920180535009e-03
2.001697949026925820e-03
2.002334041432908031e-03
2.002844711015520050e-03
2.003228763315569299e-03
2.003485299129749778e-03
2.003613717523684574e-03
