-2.620546731906806315e+00
-2.619756726961832705e+00
-2.618177531631785904e+00
-2.615810774079787127e+00
-2.612658893371425872e+00
-2.608725136578389225e+00
-2.604013553323209607e+00
-2.598528990870424327e+00
-2.592277085821462990e+00
-2.585264257091581364e+00
-2.577497694639825809e+00
-2.568985350226411946e+00
-2.559735923070365793e+00
-2.549758848306950654e+00
-2.539064279501302757e+00
-2.527663074776909546e+00
-2.515566776172883934e+00
-2.502787593486127005e+00
-2.489338380534810380e+00
-2.475232616839567523e+00
-2.460484380936375892e+00
-2.445108330105827843e+00
-2.429119670955115939e+00
-2.412534137480076613e+00
-2.395367959200195962e+00
-2.377637837898908924e+00
-2.359360913642138069e+00
-2.340554740584586568e+00
-2.321237251228991827e+00
-2.301426731709217854e+00
-2.281141784654695748e+00
-2.260401304366891573e+00
-2.239224438644040305e+00
-2.217630564259496673e+00
-2.195639248079578998e+00
-2.173270223234765375e+00
-2.150543349832298556e+00
-2.127478592188366768e+00
-2.104095979400689487e+00
-2.080415583985292471e+00
-2.056457482535356096e+00
-2.032241736082654793e+00
-2.007788351029227591e+00
-1.983117261532928222e+00
-1.958248290858469964e+00
-1.933201136069947923e+00
-1.907995329907509641e+00
-1.882650228057724195e+00
-1.857184971620574832e+00
-1.831618477221787611e+00
-1.805969400090654986e+00
-1.780256127277511036e+00
-1.754496741314222730e+00
-1.728709016806136534e+00
-1.702910384591483695e+00
-1.677117931992357258e+00
-1.651348367323547617e+00
-1.625618024114833027e+00
-1.599942825739419705e+00
-1.574338293965214852e+00
-1.548819513371485934e+00
-1.523401144658556916e+00
-1.498097388387614526e+00
-1.472922003590582118e+00
-1.447888270184424897e+00
-1.423009013599590977e+00
-1.398296564955824994e+00
-1.373762792710805591e+00
-1.349419059282211286e+00
-1.325276261187077642e+00
-1.301344780142539292e+00
-1.277634533968912356e+00
-1.254154919021410963e+00
-1.230914875340220815e+00
-1.207922813776736604e+00
-1.185186694810126173e+00
-1.162713896255804791e+00
-1.140511153620390905e+00
-1.118583653767414310e+00
-1.096932696934782792e+00
-1.075552857126495176e+00
-1.054438219963698575e+00
-1.033590126574366330e+00
-1.013014604029571997e+00
-9.927186911738756780e-01
-9.727090933263289330e-01
-9.529919659762358108e-01
-9.335727962498320265e-01
-9.144564733497746456e-01
-8.956472460013631398e-01
-8.771487986229848932e-01
-8.589642222760920376e-01
-8.410960846523620749e-01
-8.235464089391046905e-01
-8.063167381383151699e-01
-7.894081195302573573e-01
-7.728211641191108372e-01
-7.565560350809391599e-01
-7.406125029159271733e-01
-7.249899367039258635e-01
-7.096873553884817110e-01
-6.947034209756549616e-01
-6.800364862789127773e-01
-6.656845894237695127e-01
-6.516454983228344711e-01
-6.379167060150988666e-01
-6.244954721020542499e-01
-6.113788185735118397e-01
-5.985635684096453080e-01
-5.860463416371619605e-01
-5.738235912832767571e-01
-5.618915994752562426e-01
-5.502465109177868685e-01
-5.388843289012943405e-01
-5.278009464623465430e-01
-5.169921422060458349e-01
-5.064536092990403748e-01
-4.961809510418108138e-01
-4.861697078349753731e-01
-4.764153524608201185e-01
-4.669133151555373007e-01
-4.576589785774762276e-01
-4.486477011106179136e-01
-4.398748115109929469e-01
-4.313356305599281848e-01
-4.230254653908233076e-01
-4.149396296043419419e-01
-4.070734372859839412e-01
-3.994222216894275923e-01
-3.919813289615369234e-01
-3.847461354944010647e-01
-3.777120413790451825e-01
-3.708744865212696418e-01
-3.642289438486802089e-01
-3.577709342802231629e-01
-3.514960197134222031e-01
-3.453998169324798972e-01
-3.394779904040159946e-01
-3.337262652037662480e-01
-3.281404196498219905e-01
-3.227162973232333143e-01
-3.174497995678908224e-01
-3.123368966757650300e-01
-3.073736202822334174e-01
-3.025560737822712842e-01
-2.978804246492983698e-01
-2.933429141443066324e-01
-2.889398495853151005e-01
-2.846676134072564368e-01
-2.805226554078867895e-01
-2.765015012121977978e-01
-2.726007445192017986e-01
-2.688170550207852338e-01
-2.651471706722136612e-01
-2.615879051116316578e-01
-2.581361399754957264e-01
-2.547888318613147351e-01
-2.515430047075659648e-01
-2.483957563388789758e-01
-2.453442509282637851e-01
-2.423857251606794105e-01
-2.395174807937371086e-01
-2.367368904725320466e-01
-2.340413904032939418e-01
-2.314284858494517483e-01
-2.288957439311215813e-01
-2.264407988296426033e-01
-2.240613447242110756e-01
-2.217551407295572374e-01
-2.195200039796035563e-01
-2.173538143205411277e-01
-2.152545075499661953e-01
-2.132200798854088086e-01
-2.112485813661078848e-01
-2.093381201149630555e-01
-2.074868559088562936e-01
-2.056930042501465272e-01
-2.039548301103214778e-01
-2.022706518253270247e-01
-2.006388350163427203e-01
-1.990577963216380863e-01
-1.975259974973122001e-01
-1.960419489968768247e-01
-1.946042042539486705e-01
-1.932113631194393444e-01
-1.918620663273920557e-01
-1.905549987984499760e-01
-1.892888842893538093e-01
-1.880624885702349980e-01
-1.868746142576913349e-01
-1.857241038724586901e-01
-1.846098348554725543e-01
-1.835307225115229146e-01
-1.824857152072867916e-01
-1.814737972057997029e-01
-1.804939840449872046e-01
-1.795453252670796973e-01
-1.786268999759166032e-01
-1.777378194647618037e-01
-1.768772229502895976e-01
-1.760442801018256009e-01
-1.752381869497099953e-01
-1.744581683183933918e-01
-1.737034739067856437e-01
-1.729733806272169272e-01
-1.722671888552342323e-01
-1.715842246760961032e-01
-1.709238363013852735e-01
-1.702853962244094133e-01
-1.696682978009872445e-01
-1.690719573148473931e-01
-1.684958107199330535e-01
-1.679393156167282575e-01
-1.674019481534515796e-01
-1.668832049140554774e-01
-1.663825999757680418e-01
-1.658996667093927679e-01
-1.654339549907488105e-01
-1.649850329138079219e-01
-1.645524841537146510e-01
-1.641359095932613810e-01
-1.637349248352684139e-01
-1.633491617429071174e-01
-1.629782660993983334e-01
-1.626218990626060179e-01
-1.622797349702584657e-01
-1.619514627092318582e-01
-1.616367836646044609e-01
-1.613354130041093071e-01
-1.610470777694942013e-01
-1.607715180766112473e-01
-1.605084853476568540e-01
-1.602577434273691204e-01
-1.600190669548748612e-01
-1.597922423963500094e-01
-1.595770665552636303e-01
-1.593733475217875006e-01
-1.591809033202459811e-01
-1.589995627754022534e-01
-1.588291642958639394e-01
-1.586695566571825755e-01
-1.585205979198927306e-01
-1.583821561291421653e-01
-1.582541083658756398e-01
-1.581363413624395642e-01
-1.580287506853361723e-01
-1.579312412659892861e-01
-1.578437267133598609e-01
-1.577661297588215661e-01
-1.576983816969327878e-01
-1.576404227432708638e-01
-1.575922016016194638e-01
-1.575536757336271632e-01
-1.575248110508870314e-01
-1.575055820953880636e-01
-1.574959718552759180e-01
