1.016247219197383422e-01
1.015882847029373065e-01
1.015154487291068663e-01
1.014062818077387379e-01
1.012608990290411320e-01
1.010794354479529339e-01
1.008620819211962227e-01
1.006090396276536070e-01
1.003205737619709964e-01
9.999694996105733258e-02
9.963850578094529675e-02
9.924556912553585131e-02
9.881854741078799353e-02
9.835782811666021752e-02
9.786388552160446563e-02
9.733716352151408624e-02
9.677819979833074404e-02
9.618749107025403866e-02
9.556563454143235381e-02
9.491317576531273226e-02
9.423076720825880603e-02
9.351899892226099575e-02
9.277857404433810518e-02
9.201012248545469008e-02
9.121439318013392639e-02
9.039205100488853506e-02
8.954388558906657691e-02
8.867059167788343688e-02
8.777299431664152551e-02
8.685181287005860895e-02
8.590790239816536999e-02
8.494200153446719581e-02
8.395498988369924642e-02
8.294761994575892972e-02
8.192079038377450551e-02
8.087526215796086992e-02
7.981194753800027741e-02
7.873161058005796742e-02
7.763517179131612655e-02
7.652339304324407010e-02
7.539719783953389987e-02
7.425734070791159547e-02
7.310474307731935906e-02
7.194014712732720029e-02
7.076446734816529971e-02
6.957842874889133555e-02
6.838293425743671716e-02
6.717868709311099196e-02
6.596657426656807321e-02
6.474727280510772509e-02
6.352164973887365618e-02
6.229035172355505690e-02
6.105422205517156004e-02
5.981387305718099956e-02
5.857012086002308382e-02
5.732353969870897237e-02
5.607491543602228373e-02
5.482478063915398325e-02
5.357388813263978811e-02
5.232272536982111866e-02
5.107200969523721656e-02
4.982218007202037641e-02
4.857391624514430933e-02
4.732760529070183242e-02
4.608388754721239045e-02
4.484309466051158988e-02
4.360582605794925681e-02
4.237235409000965347e-02
4.114323606104313552e-02
3.991868059474020652e-02
3.869920194538666730e-02
3.748493967630451423e-02
3.627636432580547132e-02
3.507353973450225842e-02
3.387689217284474419e-02
3.268640141570881841e-02
3.150244806711259560e-02
3.032491822016726221e-02
2.915413435103593465e-02
2.798985340127886981e-02
2.683197520111302303e-02
2.567773211968267869e-02
2.451066688687871323e-02
2.329648035499298775e-02
2.203271261837181499e-02
2.075220894901031246e-02
1.948750890487925547e-02
1.826470697250927311e-02
1.710052852008838928e-02
1.600492200463826675e-02
1.498178210514498551e-02
1.403155923770605350e-02
1.315198020826255365e-02
1.233962986571029291e-02
1.159016737635927899e-02
1.089916417914279026e-02
1.026203485564010885e-02
9.674487207555296578e-03
9.132353291424826283e-03
8.631852162096964945e-03
8.169406495856701769e-03
7.741812788363852324e-03
7.346073974304300272e-03
6.979520466180123492e-03
6.639666264693597567e-03
6.324301317212771729e-03
6.031370406657719091e-03
5.759047142855026197e-03
5.505632533243359078e-03
5.269616244864169276e-03
5.049591474846348849e-03
4.844306839505417052e-03
4.652594539618919341e-03
4.473415036675821785e-03
4.305796025174879298e-03
4.148871378825632478e-03
4.001828926027741276e-03
3.863944736666926477e-03
3.734538102006641769e-03
3.613001965569617550e-03
3.498763833292431371e-03
3.391312969809585562e-03
3.290166220023573763e-03
3.194892463409323459e-03
3.105082526478031204e-03
3.020371296370566970e-03
2.940411051761238070e-03
2.864891572620596825e-03
2.793516217001352445e-03
2.726019678434866110e-03
2.662142860589182536e-03
2.601650034614235579e-03
2.544320892088328644e-03
2.489965599839059733e-03
2.438400858769414377e-03
2.389463443591067614e-03
2.342994072737047007e-03
2.298850955609665035e-03
2.256895286345237533e-03
2.217003713384869349e-03
2.179055048039924957e-03
2.142941804892273695e-03
2.108557961454754839e-03
2.075809686938446738e-03
2.044604026196908571e-03
2.014858909046200741e-03
1.986492653311142890e-03
1.959433330439923696e-03
1.933608998441869618e-03
1.908956487641077972e-03
1.885412287022635632e-03
1.862920804791992494e-03
1.841425842133885896e-03
1.820878375890590522e-03
1.801228562521863062e-03
1.782433084177272942e-03
1.764447633069575428e-03
1.747233857173474073e-03
1.730752281536327786e-03
1.714968885570260010e-03
1.699848423213304576e-03
1.685360660138665199e-03
1.671474059297964592e-03
1.658161703235460976e-03
1.645395315516371510e-03
1.633150890617235873e-03
1.621403025167683903e-03
1.610130275522206810e-03
1.599309775707390396e-03
1.588922340710336237e-03
1.578947350594943518e-03
1.569367615724094004e-03
1.560164508746628544e-03
1.551322606367504546e-03
1.542825052860426595e-03
1.534657991582951417e-03
1.526806145379251082e-03
1.519257049780168472e-03
1.511996837160930899e-03
1.505014282448495630e-03
1.498296779219372059e-03
1.491834207740264919e-03
1.485615092356019776e-03
1.479630300799514861e-03
1.473869373250162379e-03
1.468324061051882101e-03
1.462984818736350057e-03
1.457844189572761592e-03
1.452893452662535516e-03
1.448125862101132862e-03
1.443533441975021567e-03
1.439110085336634849e-03
1.434848490580957871e-03
1.430743125911616799e-03
1.426787301153731834e-03
1.422976002916006254e-03
1.419303096416307678e-03
1.415764036115962779e-03
1.412353192602182339e-03
1.409066443081569316e-03
1.405898618785147948e-03
1.402845979354366487e-03
1.399903776615286921e-03
1.397068616567901777e-03
1.394336135721343595e-03
1.391703254102977152e-03
1.389165960659581546e-03
1.386721460433527940e-03
1.384366065820200357e-03
1.382097240811709432e-03
1.379911595160691071e-03
1.377806828365685157e-03
1.375779824029155609e-03
1.373828496050222498e-03
1.371949980682508419e-03
1.370142387207862102e-03
1.368403085399786225e-03
1.366730362774228437e-03
1.365121805348497698e-03
1.363575863401018332e-03
1.362090323585765867e-03
1.360663784980231010e-03
1.359294220772867259e-03
1.357980366236715818e-03
1.356720368353491000e-03
1.355513087217885071e-03
1.354356832097988956e-03
1.353250577651602619e-03
1.352192785049536120e-03
1.351182534269231104e-03
1.350218429026499474e-03
1.349299646302324794e-03
1.348424923940449733e-03
1.347593528460336483e-03
1.346804324282866025e-03
1.346056660785149243e-03
1.345349522216232521e-03
1.344682334856601470e-03
1.344054196780209440e-03
1.343464605893343470e-03
1.342912768789181763e-03
1.342398250356202855e-03
1.341920361057345615e-03
1.341478728717148588e-03
1.341072763640060051e-03
1.340702153107271692e-03
1.340366403828172895e-03
1.340065259602244091e-03
1.339798320674539123e-03
1.339565384944422718e-03
1.339366143870680597e-03
1.339200447537187456e-03
1.339068076826226269e-03
1.338968932580753999e-03
1.338902883836039616e-03
1.338869881249059529e-03
