1.726357768776169754e+00
1.723678313227553494e+00
1.718331618848936815e+00
1.710342021224262599e+00
1.699745802988823939e+00
1.686590904267228463e+00
1.670936586554056857e+00
1.652852963220071913e+00
1.632420513688994212e+00
1.609729452934212546e+00
1.584879116842677904e+00
1.557977195759824074e+00
1.529139017084521601e+00
1.498486672738024827e+00
1.466148228793299646e+00
1.432256780021514908e+00
1.396949618558789963e+00
1.360367250298713859e+00
1.322652555174530287e+00
1.283949800096880756e+00
1.244403822413681526e+00
1.204159072421338683e+00
1.163358849087410274e+00
1.122144402059695123e+00
1.080654245007900194e+00
1.039023342766365099e+00
9.973825229417272453e-01
9.558577686494027503e-01
9.145697436590758400e-01
8.736332054541260383e-01
8.331566534749323960e-01
7.932418712826801999e-01
7.539837017380452977e-01
7.154697212094690562e-01
6.777801400910530294e-01
6.409876065506162623e-01
6.051572259023232370e-01
5.703464865810704554e-01
5.366053877443751619e-01
5.039764761677812954e-01
4.724950681950025322e-01
4.421893831892794724e-01
4.130808436553728424e-01
3.851842888044282875e-01
3.585083353466979039e-01
3.330556536223900355e-01
3.088233711661733660e-01
2.858033936596847124e-01
2.639828338065240421e-01
2.433443599687105940e-01
2.238666340378305808e-01
2.055246718914859327e-01
1.882902756539041045e-01
1.721323918956677856e-01
1.570175257859620088e-01
1.429100850997451211e-01
1.297727661149958023e-01
1.175668738308618400e-01
1.062526719076621190e-01
9.578967189524371928e-02
8.613694191925219679e-02
7.725336004875729690e-02
6.909787868925154619e-02
6.162973938447822292e-02
5.480869189895033744e-02
4.859516967977727669e-02
4.295046433681693615e-02
3.783686264382621345e-02
3.321777851010738331e-02
2.905785376603265205e-02
2.532305073297022244e-02
2.198072015016734951e-02
1.899965804416560086e-02
1.635014516957520453e-02
1.400397210042502415e-02
1.193445708732793903e-02
1.011644990055338318e-02
8.526386260930484198e-03
7.142563161558818617e-03
5.946366864757353203e-03
4.923227139079553068e-03
4.059218386947637848e-03
3.337993980591161258e-03
2.741418895556809940e-03
2.251193909547975422e-03
1.850112296481628855e-03
1.522786662427707671e-03
1.255934773350211994e-03
1.038370847915724010e-03
8.608335009426485579e-04
7.157414302538904483e-04
5.969348271031697274e-04
4.994314926123890816e-04
4.192121127579256879e-04
3.530375350754320972e-04
2.982975777571001308e-04
2.528873189134321002e-04
2.151072753674688164e-04
1.835830089112778509e-04
1.572009001319409343e-04
1.350567057813187668e-04
1.164145812320359715e-04
1.006742751311740338e-04
8.734498302176042371e-05
7.602437195370343576e-05
6.638182354045394414e-05
5.814494480792683194e-05
5.108875659603493081e-05
4.502695386738787993e-05
3.980487449930242695e-05
3.529378929075859493e-05
3.138628984297304846e-05
2.799252490965446817e-05
2.503714793501431686e-05
2.245681373643382628e-05
2.019813981511073083e-05
1.821602606059697510e-05
1.647228058799593014e-05
1.493448162135558278e-05
1.357504262803352693e-05
1.237043503983886153e-05
1.130055188145209293e-05
1.034821265978394567e-05
9.498762047539099709e-06
8.739596816311588301e-06
8.059801881990816627e-06
7.449901318830483978e-06
6.901657763100927913e-06
6.407899629168332039e-06
5.962374783487004537e-06
5.559623818462808528e-06
5.194872797120317977e-06
4.863940091035949755e-06
4.563157568780035200e-06
4.289301902350246507e-06
4.039536465708274195e-06
3.811360489207174708e-06
3.602566056897537431e-06
3.411200303045729178e-06
3.235533442470881875e-06
3.074030523809196829e-06
2.925327546984330154e-06
2.788210244239590193e-06
2.661596147676658791e-06
2.544518559880046941e-06
2.436113017826670652e-06
2.335605113492373842e-06
2.242300221190547224e-06
2.155574188587766879e-06
2.074865498364458608e-06
1.999668110505400245e-06
1.929525449053770289e-06
1.864024865422453186e-06
1.802793000591759387e-06
1.745491476618792775e-06
1.691813300851231491e-06
1.641479493185628242e-06
1.594236283846324328e-06
1.549852457560856715e-06
1.508117158849567053e-06
1.468837788521338071e-06
1.431838276441992944e-06
1.396957405897119799e-06
1.364047447912409960e-06
1.332972818887556124e-06
1.303608995935661199e-06
1.275841435508643271e-06
1.249564708222510849e-06
1.224681622958882311e-06
1.201102533927205892e-06
1.178744627382495338e-06
1.157531364468089664e-06
1.137391897291593681e-06
1.118260619284315216e-06
1.100076684699147959e-06
1.082783644472168559e-06
1.066329048815970960e-06
1.050664151358589951e-06
1.035743578825183724e-06
1.021525089916884726e-06
1.007969299415601418e-06
9.950394811177616854e-07
9.827013362944255893e-07
9.709228322105045396e-07
9.596740069011717361e-07
9.489268365359834685e-07
9.386550700635468196e-07
9.288341200351132242e-07
9.194409219231466252e-07
9.104538440847949573e-07
9.018525675524295810e-07
8.936180116594682101e-07
8.857322308894974291e-07
8.781783533549199874e-07
8.709404919205464303e-07
8.640036932573927293e-07
8.573538609607842415e-07
8.509777133266685558e-07
8.448627165902018788e-07
8.389970499122978129e-07
8.333695471925241320e-07
8.279696680283134877e-07
8.227874468212038133e-07
8.178134686925542242e-07
8.130388248188760919e-07
8.084550924671425995e-07
8.040542956713881382e-07
7.998288886967800216e-07
7.957717213146077110e-07
7.918760251230620828e-07
7.881353827968560312e-07
7.845437167900725651e-07
7.810952620351806580e-07
7.777845566329153831e-07
7.746064175570561396e-07
7.715559330021778000e-07
7.686284407183507227e-07
7.658195217416523283e-07
7.631249810396571659e-07
7.605408423945721832e-07
7.580633310878035011e-07
7.556888697427991764e-07
7.534140628168382732e-07
7.512356932416247137e-07
7.491507085242955890e-07
7.471562180495692353e-07
7.452494806203951996e-07
7.434279023071760154e-07
7.416890252826998168e-07
7.400305261221065678e-07
7.384502058072857152e-07
7.369459883964548790e-07
7.355159120909131100e-07
7.341581282057863796e-07
7.328708932069160480e-07
7.316525679250618453e-07
7.305016104836177496e-07
7.294165757070617515e-07
7.283961088709434708e-07
7.274389452626814792e-07
7.265439046942656516e-07
7.257098911788588217e-07
7.249358881539141364e-07
7.242209582414421791e-07
7.235642391354187836e-07
7.229649434167867909e-07
7.224223550644454952e-07
7.219358293000227511e-07
7.215047896885079816e-07
7.211287279935949396e-07
7.208072018443485062e-07
7.205398345930629281e-07
7.203263135399933090e-07
7.201663898015862942e-07
7.200598771043274939e-07
7.200066516868692618e-07
