-9.356894174067942327e-01
-9.360495721547282821e-01
-9.367657773220854356e-01
-9.378298662400567087e-01
-9.392296938568167608e-01
-9.409492627746267601e-01
-9.429688911623396175e-01
-9.452654224844828645e-01
-9.478124762417415861e-01
-9.505807389878543345e-01
-9.535382936170552215e-01
-9.566509848931928905e-01
-9.598828173790632245e-01
-9.631963818966712276e-01
-9.665533043830836224e-01
-9.699147111867481019e-01
-9.732417023301717096e-01
-9.764958249753018515e-01
-9.796395368309003260e-01
-9.826366508486636953e-01
-9.854527503405141609e-01
-9.880555664537773453e-01
-9.904153081390822955e-01
-9.925049388603713885e-01
-9.943003928060980545e-01
-9.957807286459408047e-01
-9.969282173468365649e-01
-9.977283666547125396e-01
-9.981698827615314018e-01
-9.982445761201923506e-01
-9.979472152086953374e-01
-9.972753384606038995e-01
-9.962290299873624022e-01
-9.948106709418198523e-01
-9.930246722454004749e-01
-9.908772005183719145e-01
-9.883759015186253105e-01
-9.855296316770651988e-01
-9.823481996409147987e-01
-9.788421265302229557e-01
-9.750224240739696624e-01
-9.709003974097619727e-01
-9.664874691373014359e-01
-9.617950298736653858e-01
-9.568343098057696672e-01
-9.516162755443493548e-01
-9.461515452635891332e-01
-9.404503261004177883e-01
-9.345223658180524806e-01
-9.283769228952147845e-01
-9.220227464637649195e-01
-9.154680708191748062e-01
-9.087206155871058177e-01
-9.017875970697155630e-01
-8.946757416202805180e-01
-8.873913074949660862e-01
-8.799401057961153683e-01
-8.723275279353517320e-01
-8.645585699270509350e-01
-8.566378619370864644e-01
-8.485696929824231294e-01
-8.403580402101973323e-01
-8.320065921027937073e-01
-8.235187760578802640e-01
-8.148977789934342963e-01
-8.061465724860710225e-01
-7.972679302383846034e-01
-7.882644505127975876e-01
-7.791385703022677411e-01
-7.698925851121647401e-01
-7.605286599069249753e-01
-7.510488464858602331e-01
-7.414550914009705451e-01
-7.317492512812274752e-01
-7.219330979622947675e-01
-7.120083321688952527e-01
-7.019765860887201558e-01
-6.918394358501045449e-01
-6.815984017306154774e-01
-6.712549599137291878e-01
-6.608105405724747916e-01
-6.502665400094107540e-01
-6.396243193473104549e-01
-6.288852294557487621e-01
-6.180506599824651115e-01
-6.071222826181975618e-01
-5.961029693099801907e-01
-5.850004440746616741e-01
-5.738411144083817028e-01
-5.627207044926165747e-01
-5.519747011729245756e-01
-5.426305508545060663e-01
-5.368484527581668386e-01
-5.363067432857482331e-01
-5.396595844038281076e-01
-5.445350383406997175e-01
-5.496580424456464220e-01
-5.545790283696396816e-01
-5.591611229872875954e-01
-5.633656275406763170e-01
-5.671835479131772662e-01
-5.706150240800356155e-01
-5.736631753296297376e-01
-5.763322077683986633e-01
-5.786268278715740454e-01
-5.805520359168157007e-01
-5.821130584360572069e-01
-5.833153070400522999e-01
-5.841643635439897064e-01
-5.846659578312174421e-01
-5.848259590700752852e-01
-5.846503571727352799e-01
-5.841452551293175866e-01
-5.833168521988560951e-01
-5.821714368433525966e-01
-5.807153713342294576e-01
-5.789550852656585311e-01
-5.768970614600927860e-01
-5.745478300843993580e-01
-5.719139557719351563e-01
-5.690020323568030225e-01
-5.658186711396582247e-01
-5.623704962434570298e-01
-5.586641339549687224e-01
-5.547062086953404858e-01
-5.505033333724117517e-01
-5.460621059515199383e-01
-5.413891007561013602e-01
-5.364908656180575885e-01
-5.313739140661077887e-01
-5.260447230304314825e-01
-5.205097258600467347e-01
-5.147753105530595841e-01
-5.088478135460889895e-01
-5.027335184390551159e-01
-4.964386505015737638e-01
-4.899693758595595749e-01
-4.833317966654531173e-01
-4.765319507130982846e-01
-4.695758072206286382e-01
-4.624692668398432405e-01
-4.552181580026367635e-01
-4.478282372913324760e-01
-4.403051863018122014e-01
-4.326546123417288614e-01
-4.248820457658425420e-01
-4.169929409699893452e-01
-4.089926741563665313e-01
-4.008865445922754067e-01
-3.926797727655330084e-01
-3.843775018782653596e-01
-3.759847963549444172e-01
-3.675066435430331957e-01
-3.589479525384050573e-01
-3.503135560661199688e-01
-3.416082095903342220e-01
-3.328365933499669582e-01
-3.240033117223941606e-01
-3.151128953903471475e-01
-3.061698009307589619e-01
-2.971784130906994781e-01
-2.881430445747196201e-01
-2.790679384091223070e-01
-2.699572679029888511e-01
-2.608151390813720494e-01
-2.516455907969242234e-01
-2.424525972139071894e-01
-2.332400680488605771e-01
-2.240118510884353542e-01
-2.147717325389661702e-01
-2.055234395621895194e-01
-1.962706407148274990e-01
-1.870169484870665144e-01
-1.777659198143964892e-01
-1.685210586045649273e-01
-1.592858163047722597e-01
-1.500635944034366676e-01
-1.408577450366902406e-01
-1.316715734517929781e-01
-1.225083386375214051e-01
-1.133712557364911500e-01
-1.042634966845157607e-01
-9.518819255942255475e-02
-8.614843421488554975e-02
-7.714727455349557061e-02
-6.818772914093922111e-02
-5.927277839120236730e-02
-5.040536814717164887e-02
-4.158841176599117201e-02
-3.282479065236764554e-02
-2.411735623209191465e-02
-1.546893042456216373e-02
-6.882307492545261356e-03
1.639745559455338571e-03
1.009448727099624549e-02
1.847920141463114257e-02
2.679119542891247527e-02
3.502780020754667906e-02
4.318636869100258430e-02
5.126427576834228367e-02
5.925891703853281706e-02
6.716770883688363836e-02
7.498808717657007294e-02
8.271750791093686328e-02
9.035344586498313124e-02
9.789339514386899421e-02
1.053348684631438548e-01
1.126753976125938334e-01
1.199125329927605982e-01
1.270438442417713976e-01
1.340669199841574566e-01
1.409793686265937984e-01
1.477788183230800967e-01
1.544629179434485466e-01
1.610293372567981884e-01
1.674757680741182919e-01
1.737999246494194017e-01
1.799995449950551052e-01
1.860723914970350001e-01
1.920162523986950476e-01
1.978289426235006476e-01
2.035083054192809437e-01
2.090522133785161218e-01
2.144585702318364262e-01
2.197253120521028835e-01
2.248504091822079165e-01
2.298318676056115561e-01
2.346677309896688379e-01
2.393560822015884937e-01
2.438950454448362004e-01
2.482827878958377976e-01
2.525175219075194710e-01
2.565975067386999098e-01
2.605210507955245669e-01
2.642865134225709789e-01
2.678923071501214670e-01
2.713368995134481931e-01
2.746188152716915187e-01
2.777366382199024097e-01
2.806890133437640600e-01
2.834746485878694156e-01
2.860923169097523977e-01
2.885408579676798646e-01
2.908191800376390690e-01
2.929262615845464879e-01
2.948611530070416875e-01
2.966229780576188357e-01
2.982109353822097741e-01
2.996242997574691813e-01
3.008624233951174842e-01
3.019247369682296900e-01
3.028107506543705751e-01
3.035200549271647175e-01
3.040523213170961414e-01
3.044073029498334249e-01
3.045848350091150403e-01
