-2.754386838951755068e-01
-2.754535517534846822e-01
-2.754831120185320947e-01
-2.755270176559060924e-01
-2.755847571932883433e-01
-2.756556655192002325e-01
-2.757389375348256455e-01
-2.758336445576999862e-01
-2.759387527517465633e-01
-2.760531432315555533e-01
-2.761756331065549630e-01
-2.763049970239706554e-01
-2.764399885163557613e-01
-2.765793607300256474e-01
-2.767218859445085277e-01
-2.768663735562156836e-01
-2.770116860908857781e-01
-2.771567530637437105e-01
-2.773005824307225864e-01
-2.774422696115973475e-01
-2.775810040027286152e-01
-2.777160731087179868e-01
-2.778468643564850349e-01
-2.779728648342113528e-01
-2.780936591200904306e-01
-2.782089255106696135e-01
-2.783184308649225280e-01
-2.784220243947868600e-01
-2.785196306239323683e-01
-2.786112418267436830e-01
-2.786969101403203308e-01
-2.787767396153453814e-01
-2.788508783481168374e-01
-2.789195108997569172e-01
-2.789828510861009914e-01
-2.790411352822631530e-01
-2.790946162687744092e-01
-2.791435577083086761e-01
-2.791882292319983194e-01
-2.792289021811218408e-01
-2.792658459479287480e-01
-2.792993249312811233e-01
-2.793295960284484236e-01
-2.793569066613313390e-01
-2.793814932471492263e-01
-2.794035801048831980e-01
-2.794233787047354367e-01
-2.794410872526219558e-01
-2.794568905199085185e-01
-2.794709599158822777e-01
-2.794834537195783897e-01
-2.794945174763480145e-01
-2.795042844833869888e-01
-2.795128763784460735e-01
-2.795204037634070326e-01
-2.795269668853990752e-01
-2.795326563136281695e-01
-2.795375536422608498e-01
-2.795417321624293350e-01
-2.795452575403848394e-01
-2.795481884480850443e-01
-2.795505771889217339e-01
-2.795524702666775663e-01
-2.795539089448373926e-01
-2.795549297452016302e-01
-2.795555649364825368e-01
-2.795558429615088714e-01
-2.795557888568596105e-01
-2.795554246123140851e-01
-2.795547695268903454e-01
-2.795538405067130583e-01
-2.795526523644660810e-01
-2.795512180629357579e-01
-2.795495489654246657e-01
-2.795476550322600340e-01
-2.795455450294598854e-01
-2.795432266850397807e-01
-2.795407068625748725e-01
-2.795379916832936851e-01
-2.795350866704173765e-01
-2.795319968421726697e-01
-2.795287268318691898e-01
-2.795252809561175056e-01
-2.795216633148711605e-01
-2.795178778383434204e-01
-2.795139283705386224e-01
-2.795098186976958665e-01
-2.795055526183294892e-01
-2.795011339554701602e-01
-2.794965666157727124e-01
-2.794918545874228721e-01
-2.794870019906056657e-01
-2.794820130625427224e-01
-2.794768922013505796e-01
-2.794716439394937524e-01
-2.794662729830001968e-01
-2.794607841741611476e-01
-2.794551825281203494e-01
-2.794494731855443059e-01
-2.794436614484294146e-01
-2.794377527233359304e-01
-2.794317525583621120e-01
-2.794256665773793835e-01
-2.794195005206957516e-01
-2.794132601711848407e-01
-2.794069514037005875e-01
-2.794005801093001895e-01
-2.793941522715484571e-01
-2.793876739242727170e-01
-2.793811513398974933e-01
-2.793745911992767117e-01
-2.793680012818438585e-01
-2.793613916530686692e-01
-2.793547775069399886e-01
-2.793481846391159817e-01
-2.793416607732844836e-01
-2.793352971742990021e-01
-2.793292698364765458e-01
-2.793239135482201152e-01
-2.793198485391367170e-01
-2.793181738753686139e-01
-2.793207037593227748e-01
-2.793300905247073085e-01
-2.793494249409905761e-01
-2.793807669822643835e-01
-2.794228590293001968e-01
-2.794701665780038313e-01
-2.795153487695950512e-01
-2.795532229689460246e-01
-2.795823447070142631e-01
-2.796038307065806250e-01
-2.796196279668356488e-01
-2.796315169584304150e-01
-2.796408147915357967e-01
-2.796484055823733050e-01
-2.796548559410922397e-01
-2.796605222591027617e-01
-2.796656279360235087e-01
-2.796703141649169444e-01
-2.796746714521764487e-01
-2.796787592047639825e-01
-2.796826174035176860e-01
-2.796862739756679206e-01
-2.796897490496594862e-01
-2.796930578404218104e-01
-2.796962121851709893e-01
-2.796992217717366724e-01
-2.797020946586619150e-01
-2.797048378742664210e-01
-2.797074575449693956e-01
-2.797099592463719864e-01
-2.797123479742439356e-01
-2.797146283943243716e-01
-2.797168047467770147e-01
-2.797188810532546532e-01
-2.797208609913456323e-01
-2.797227480830853930e-01
-2.797245455545869786e-01
-2.797262565165314352e-01
-2.797278838155760061e-01
-2.797294302117456777e-01
-2.797308982238436159e-01
-2.797322903070175726e-01
-2.797336086930564680e-01
-2.797348555690362115e-01
-2.797360329134365720e-01
-2.797371426771272374e-01
-2.797381866143929252e-01
-2.797391664675922263e-01
-2.797400837930066331e-01
-2.797409401496042669e-01
-2.797417369194611925e-01
-2.797424755008362518e-01
-2.797431571238555570e-01
-2.797437830476291465e-01
-2.797443543704529190e-01
-2.797448722326145720e-01
-2.797453376202670428e-01
-2.797457515739302236e-01
-2.797461149858841423e-01
-2.797464288154923318e-01
-2.797466938788255586e-01
-2.797469110719187357e-01
-2.797470811519234268e-01
-2.797472049681883899e-01
-2.797472832358444128e-01
-2.797473167740800459e-01
-2.797473062718052739e-01
-2.797472525346086925e-01
-2.797471562402654710e-01
-2.797470181960076685e-01
-2.797468390837026808e-01
-2.797466197268935195e-01
-2.797463608257015344e-01
-2.797460632344024312e-01
-2.797457276841465168e-01
-2.797453550731395233e-01
-2.797449461765500467e-01
-2.797445019485532702e-01
-2.797440232193476040e-01
-2.797435110104281031e-01
-2.797429662164599429e-01
-2.797423899364083200e-01
-2.797417831384653719e-01
-2.797411470060084393e-01
-2.797404825879810653e-01
-2.797397911596685716e-01
-2.797390738543539812e-01
-2.797383320440436916e-01
-2.797375669499380102e-01
-2.797367800428539608e-01
-2.797359726321920759e-01
-2.797351462887981421e-01
-2.797343024085035545e-01
-2.797334426588902745e-01
-2.797325685191310862e-01
-2.797316817507660702e-01
-2.797307839077255442e-01
-2.797298768381676903e-01
-2.797289621643123114e-01
-2.797280418113206046e-01
-2.797271174565226781e-01
-2.797261910927749673e-01
-2.797252644382385856e-01
-2.797243395398983923e-01
-2.797234181418942200e-01
-2.797225023297821855e-01
-2.797215938540135727e-01
-2.797206948247044633e-01
-2.797198069794575304e-01
-2.797189324334916072e-01
-2.797180728891129897e-01
-2.797172304508598328e-01
-2.797164067630175666e-01
-2.797156039008731332e-01
-2.797148234252764265e-01
-2.797140673652817044e-01
-2.797133371738322882e-01
-2.797126348168741394e-01
-2.797119616139870923e-01
-2.797113194533478731e-01
-2.797107094921262860e-01
-2.797101335314071124e-01
-2.797095925366735458e-01
-2.797090882180038318e-01
-2.797086213110396291e-01
-2.797081934399014980e-01
-2.797078050732025867e-01
-2.797074577639245829e-01
-2.797071516518702672e-01
-2.797068882826060365e-01
-2.797066673446115814e-01
-2.797064905271454127e-01
-2.797063567881385437e-01
-2.797062685186379460e-01
-2.797062220900902729e-01
