5.230607629001631231e+00
5.230596834571992204e+00
5.230575258690137730e+00
5.230542927086701432e+00
5.230499878185833396e+00
5.230446162445638869e+00
5.230381842265808601e+00
5.230306990929940447e+00
5.230221692530657940e+00
5.230126040569592405e+00
5.230020137966292282e+00
5.229904095381992413e+00
5.229778031385857950e+00
5.229642070569784806e+00
5.229496343943589309e+00
5.229340986900345989e+00
5.229176139902310894e+00
5.229001946341579554e+00
5.228818553563101545e+00
5.228626110646487746e+00
5.228424769794445481e+00
5.228214684041339488e+00
5.227996009017720880e+00
5.227768900572527855e+00
5.227533516909558919e+00
5.227290016094985781e+00
5.227038558551299730e+00
5.226779304411214078e+00
5.226512416349438972e+00
5.226238056738281124e+00
5.225956390797404261e+00
5.225667583504878699e+00
5.225371803049115194e+00
5.225069217450632131e+00
5.224759998307440867e+00
5.224444317086135214e+00
5.224122349160962742e+00
5.223794269736661278e+00
5.223460258191234828e+00
5.223120493596177916e+00
5.222775159382864629e+00
5.222424438427561100e+00
5.222068518070924981e+00
5.221707584734979868e+00
5.221341829334433804e+00
5.220971441390209300e+00
5.220596614880424369e+00
5.220217541809892836e+00
5.219834418558123801e+00
5.219447438856254173e+00
5.219056800700050402e+00
5.218662698674619627e+00
5.218265331513094019e+00
5.217864893694662776e+00
5.217461583745589770e+00
5.217055595016590885e+00
5.216647124843774463e+00
5.216236364385570923e+00
5.215823508789362961e+00
5.215408745933474144e+00
5.214992267784229085e+00
5.214574257840671301e+00
5.214154903921999207e+00
5.213734384044870218e+00
5.213312880961631812e+00
5.212890566100384149e+00
5.212467616295936246e+00
5.212044195270147284e+00
5.211620473188763647e+00
5.211196604914515973e+00
5.210772753340394914e+00
5.210349063236526135e+00
5.209925689894274292e+00
5.209502766776918037e+00
5.209080442773143638e+00
5.208658844001070598e+00
5.208238142286631067e+00
5.207818589968096212e+00
5.207400989648501621e+00
5.206987920280321980e+00
5.206585294521814511e+00
5.206199348163339735e+00
5.205832653178888769e+00
5.205485226393460785e+00
5.205156291498482801e+00
5.204844938450604808e+00
5.204550236132215346e+00
5.204271300253999755e+00
5.204007268002984965e+00
5.203757329450782620e+00
5.203520699906172275e+00
5.203296644857493547e+00
5.203084455547903886e+00
5.202883469992613641e+00
5.202693051326204632e+00
5.202512605887180897e+00
5.202341563797836521e+00
5.202179394797373568e+00
5.202025590656800702e+00
5.201879679255045907e+00
5.201741208536611261e+00
5.201609759194292693e+00
5.201484929947793212e+00
5.201366349103532016e+00
5.201253660980167837e+00
5.201146536548942656e+00
5.201044660865429492e+00
5.200947742945068342e+00
5.200855504084700875e+00
5.200767687092031188e+00
5.200684045398818789e+00
5.200604351736390463e+00
5.200528387956640408e+00
5.200455953225829653e+00
5.200386854481064525e+00
5.200320914199657807e+00
5.200257961428242481e+00
5.200197839173667624e+00
5.200140395949846450e+00
5.200085492827544620e+00
5.200032995450852624e+00
5.199982780776588598e+00
5.199934729518099097e+00
5.199888732599904806e+00
5.199844683991535099e+00
5.199802486899062437e+00
5.199762046956038830e+00
5.199723278170425012e+00
5.199686096443477012e+00
5.199650425288084854e+00
5.199616189649773013e+00
5.199583321410449877e+00
5.199551753488560024e+00
5.199521425140627429e+00
5.199492276320120787e+00
5.199464252787821650e+00
5.199437300711178267e+00
5.199411371593412490e+00
5.199386417097062285e+00
5.199362393800811333e+00
5.199339258232611449e+00
5.199316971462409676e+00
5.199295494331746426e+00
5.199274791889846981e+00
5.199254828807906570e+00
5.199235573665421661e+00
5.199216994538512715e+00
5.199199063142839528e+00
5.199181750586345352e+00
5.199165031374623602e+00
5.199148879319361427e+00
5.199133271411611190e+00
5.199118183878014499e+00
5.199103595927040189e+00
5.199089485945790123e+00
5.199075835123919909e+00
5.199062623784454829e+00
5.199049834889801325e+00
5.199037450500563651e+00
5.199025455167766374e+00
5.199013832514167710e+00
5.199002568516556622e+00
5.198991648204496663e+00
5.198981058836321445e+00
5.198970786710670033e+00
5.198960820239560299e+00
5.198951146868429518e+00
5.198941756049491048e+00
5.198932636266316187e+00
5.198923777910457567e+00
5.198915170406934294e+00
5.198906804996934028e+00
5.198898671960805906e+00
5.198890763309504059e+00
5.198883070101939730e+00
5.198875585047668224e+00
5.198868299915678115e+00
5.198861208050677085e+00
5.198854301870599492e+00
5.198847575298715995e+00
5.198841021347330837e+00
5.198834634467798033e+00
5.198828408218059138e+00
5.198822337532542193e+00
5.198816416471331969e+00
5.198810640411820394e+00
5.198805003877448705e+00
5.198799502652875937e+00
5.198794131690362086e+00
5.198788887150119997e+00
5.198783764382533867e+00
5.198778759895272827e+00
5.198773869409653692e+00
5.198769089755993278e+00
5.198764417002540661e+00
5.198759848280467111e+00
5.198755379983873937e+00
5.198751009525754974e+00
5.198746733607681136e+00
5.198742549907978017e+00
5.198738455419776194e+00
5.198734448072584335e+00
5.198730525137469805e+00
5.198726684783134822e+00
5.198722924547062085e+00
5.198719242827131382e+00
5.198715637417637758e+00
5.198712106937429134e+00
5.198708649429746309e+00
5.198705263727796400e+00
5.198701948117439464e+00
5.198698701641036202e+00
5.198695522822046833e+00
5.198692410907945316e+00
5.198689364655826317e+00
5.198686383515113363e+00
5.198683466473321246e+00
5.198680613179209153e+00
5.198677822847880492e+00
5.198675095324971629e+00
5.198672430050291560e+00
5.198669827063585380e+00
5.198667286025935752e+00
5.198664807167566515e+00
5.198662390366269648e+00
5.198660036037640708e+00
5.198657744269823411e+00
5.198655515656531279e+00
5.198653350487396629e+00
5.198651249524107065e+00
5.198649213245702505e+00
5.198647242568086746e+00
5.198645338143681016e+00
5.198643501024569957e+00
5.198641732015966355e+00
5.198640032283272205e+00
5.198638402758901655e+00
5.198636844693556469e+00
5.198635359116078547e+00
5.198633947329300398e+00
5.198632610422727396e+00
5.198631349713408234e+00
5.198630166311405176e+00
5.198629061506228055e+00
5.198628036385208873e+00
5.198627092166145047e+00
5.198626229868852811e+00
5.198625450594745345e+00
5.198624755251979757e+00
5.198624144782739265e+00
5.198623619942473795e+00
5.198623181475664268e+00
5.198622829949663071e+00
5.198622565879661650e+00
5.198622389617609585e+00
5.198622301426941483e+00
