1.016436772685015200e+01
1.016428137141304155e+01
1.016410876435820221e+01
1.016385011153071360e+01
1.016350572032376931e+01
1.016307599440221665e+01
1.016256143296357628e+01
1.016196262227662572e+01
1.016128023508236389e+01
1.016051501939384671e+01
1.015966779856744040e+01
1.015873945789304322e+01
1.015773094592396930e+01
1.015664325939538060e+01
1.015547744638581662e+01
1.015423459003987361e+01
1.015291581405559285e+01
1.015152226556974213e+01
1.015005512334191629e+01
1.014851558000900944e+01
1.014690485319266600e+01
1.014522416716782161e+01
1.014347476697887451e+01
1.014165789941732854e+01
1.013977483011357705e+01
1.013782682359698839e+01
1.013581516324749821e+01
1.013374113012681832e+01
1.013160602563261925e+01
1.012941114874334936e+01
1.012715782121633623e+01
1.012484736287613352e+01
1.012248111923002902e+01
1.012006043444216274e+01
1.011758668129662908e+01
1.011506123152618208e+01
1.011248548812480408e+01
1.010986085273039237e+01
1.010718876036698255e+01
1.010447064360652902e+01
1.010170796990001918e+01
1.009890220225758917e+01
1.009605483940450199e+01
1.009316737271693931e+01
1.009024132951257435e+01
1.008727822595878010e+01
1.008427961388050065e+01
1.008124702931624661e+01
1.007818204330209255e+01
1.007508620568713731e+01
1.007196110043750359e+01
1.006880828423406271e+01
1.006562934694185962e+01
1.006242584439440790e+01
1.005919936480182031e+01
1.005595145496983100e+01
1.005268369358730141e+01
1.004939760992166775e+01
1.004609476515200761e+01
1.004277666230490063e+01
1.003944483711093305e+01
1.003610075756247788e+01
1.003274592621309758e+01
1.002938176719606211e+01
1.002600974253015842e+01
1.002263122364017356e+01
1.001924762520459744e+01
1.001586025699828397e+01
1.001247048034721310e+01
1.000907953415323348e+01
1.000568872156026679e+01
1.000229920072930945e+01
9.998912213991300035e+00
9.995528829052449993e+00
9.992150237022251247e+00
9.988777446845666930e+00
9.985411833130154236e+00
9.982055414581873620e+00
9.978714612025120445e+00
9.975410057079677983e+00
9.972189051011620009e+00
9.969101480143820027e+00
9.966167920268215852e+00
9.963388505984788424e+00
9.960757026824969884e+00
9.958266202441945936e+00
9.955908583894823138e+00
9.953677096869103735e+00
9.951564838860985418e+00
9.949565330443364886e+00
9.947672294086482125e+00
9.945879853697052297e+00
9.944182339220338562e+00
9.942574454778011273e+00
9.941051105446739200e+00
9.939607541934554646e+00
9.938239205219792538e+00
9.936941853216094245e+00
9.935711420091511314e+00
9.934544128877467628e+00
9.933436363129997559e+00
9.932384768391443686e+00
9.931386134419447842e+00
9.930437487665363605e+00
9.929535982678448391e+00
9.928678987228643393e+00
9.927863981760541634e+00
9.927088638397654208e+00
9.926350727514712702e+00
9.925648191573351653e+00
9.924979058027654233e+00
9.924341508728224071e+00
9.923733798490227187e+00
9.923154320643742921e+00
9.922601530685618343e+00
9.922074008434366377e+00
9.921570386263045549e+00
9.921089408226443140e+00
9.920629862435875523e+00
9.920190637457464433e+00
9.919770658443924916e+00
9.919368941049816257e+00
9.918984530981896697e+00
9.918616555636344145e+00
9.918264166769381163e+00
9.917926590029601641e+00
9.917603070485416339e+00
9.917292920200502238e+00
9.916995466384918245e+00
9.916710097141780977e+00
9.916436212035289799e+00
9.916173266120701157e+00
9.915920722745585891e+00
9.915678095962121574e+00
9.915444905398068443e+00
9.915220717139677120e+00
9.915005100526528281e+00
9.914797667584402063e+00
9.914598031613603979e+00
9.914405845243592807e+00
9.914220760697999069e+00
9.914042466536383102e+00
9.913870649491073550e+00
9.913705029955879766e+00
9.913545325300358257e+00
9.913391284160478989e+00
9.913242651145205642e+00
9.913099199979823695e+00
9.912960699527866737e+00
9.912826945834092740e+00
9.912697729391995338e+00
9.912572866129991667e+00
9.912452165861219910e+00
9.912335462253423657e+00
9.912222582403424909e+00
9.912113375828464967e+00
9.912007685112744326e+00
9.911905373955518073e+00
9.911806298841611351e+00
9.911710336179236691e+00
9.911617354950447378e+00
9.911527242969555118e+00
9.911439880473073671e+00
9.911355165527679034e+00
9.911272988522464189e+00
9.911193256753582759e+00
9.911115869784541843e+00
9.911040743233034078e+00
9.910967784967631644e+00
9.910896918120766230e+00
9.910828058092576498e+00
9.910761134812577922e+00
9.910696070523549395e+00
9.910632801313136397e+00
9.910571255652621758e+00
9.910511375218451491e+00
9.910453094162532395e+00
9.910396359242517050e+00
9.910341109801901638e+00
9.910287297226833658e+00
9.910234865615752398e+00
9.910183770579491735e+00
9.910133960581578805e+00
9.910085395097445016e+00
9.910038026607757899e+00
9.909991818131667074e+00
9.909946725856691785e+00
9.909902716060114969e+00
9.909859748360002385e+00
9.909817792038062123e+00
9.909776809897374861e+00
9.909736773999284765e+00
9.909697650114331680e+00
9.909659412885051921e+00
9.909622030857429209e+00
9.909585481080837255e+00
9.909549734708093638e+00
9.909514771043143710e+00
9.909480563698556566e+00
9.909447094100929831e+00
9.909414338195313476e+00
9.909382279417776829e+00
9.909350895936864134e+00
9.909320173102184270e+00
9.909290091213598828e+00
9.909260637454151421e+00
9.909231794178207764e+00
9.909203550336538768e+00
9.909175890275076171e+00
9.909148804659476895e+00
9.909122279776617859e+00
9.909096307965393535e+00
9.909070877413478584e+00
9.909045982100662897e+00
9.909021612083712682e+00
9.908997762958007272e+00
9.908974426623673892e+00
9.908951600270778926e+00
9.908929277620147857e+00
9.908907457436873401e+00
9.908886135239438175e+00
9.908865311345783411e+00
9.908844983044593491e+00
9.908825152177637818e+00
9.908805817767259327e+00
9.908786983138233140e+00
9.908768648995694761e+00
9.908750820089350597e+00
9.908733498736276957e+00
9.908716691029958668e+00
9.908700400802720409e+00
9.908684635381801442e+00
9.908669399986553827e+00
9.908654703033667133e+00
9.908640550964838312e+00
9.908626953103285118e+00
9.908613916908318942e+00
9.908601452385557451e+00
9.908589567765734074e+00
9.908578273471508879e+00
9.908567578218921312e+00
9.908557492544368017e+00
9.908548025328343556e+00
9.908539186886928363e+00
9.908530985918778455e+00
9.908523432166266076e+00
9.908516533787929959e+00
9.908510299595070236e+00
9.908504736852940198e+00
9.908499853099021593e+00
9.908495654376897832e+00
9.908492146642416287e+00
9.908489334434406715e+00
9.908487221874398898e+00
9.908485811777982377e+00
9.908485106252637564e+00
