1.133335749460018027e+00
1.133432518453140192e+00
1.133626077294481282e+00
1.133916412465559409e+00
1.134303586769908945e+00
1.134787573468436506e+00
1.135368478031206330e+00
1.136046261099019405e+00
1.136821072016574341e+00
1.137692859717367222e+00
1.138661819135963649e+00
1.139727888738474526e+00
1.140891311296391430e+00
1.142152016395872938e+00
1.143510297457074554e+00
1.144966077147620220e+00
1.146519702954668318e+00
1.148171092996136844e+00
1.149920652903220208e+00
1.151768299061602274e+00
1.153714500046194580e+00
1.155759173826915287e+00
1.157902857522255413e+00
1.160145474562838785e+00
1.162487637104385740e+00
1.164929278548308744e+00
1.167471093587644448e+00
1.170113030827050871e+00
1.172855876138931386e+00
1.175699599392909356e+00
1.178645087587870677e+00
1.181692338878358228e+00
1.184842352838647805e+00
1.188095164042436203e+00
1.191451897828022410e+00
1.194912634626066783e+00
1.198478640756193370e+00
1.202150053477963665e+00
1.205928297690627815e+00
1.209813580270819644e+00
1.213807505108670526e+00
1.217910363649141070e+00
1.222123962530020425e+00
1.226448695307782000e+00
1.230886599130855963e+00
1.235438190335713227e+00
1.240105769175976480e+00
1.244889999229567668e+00
1.249793482320286309e+00
1.254817058363431714e+00
1.259963676406542943e+00
1.265234387501155577e+00
1.270632542448005831e+00
1.276159445303939322e+00
1.281818914208946891e+00
1.287612556928853014e+00
1.293544738433095809e+00
1.299617432031960451e+00
1.305835646679139428e+00
1.312201797216141053e+00
1.318721656427964017e+00
1.325398174834786724e+00
1.332238038404715885e+00
1.339244851027266092e+00
1.346426400077138652e+00
1.353787091360204586e+00
1.361336053837427729e+00
1.369078684707246696e+00
1.377025765237299249e+00
1.385183928535543618e+00
1.393566016264043972e+00
1.402180217269221263e+00
1.411041978218652737e+00
1.420161469366404416e+00
1.429557480009888026e+00
1.439242744480141223e+00
1.449240395793528480e+00
1.459566571042379746e+00
1.470249907910420983e+00
1.481310525211968487e+00
1.492774905970246424e+00
1.504600895992373344e+00
1.516329000396523297e+00
1.526725985990309953e+00
1.535003299750774985e+00
1.541293015084799878e+00
1.545913269735111006e+00
1.549237287696357379e+00
1.551572955077323845e+00
1.553189508658438633e+00
1.554277986883588314e+00
1.554992003497418507e+00
1.555430975556729489e+00
1.555674953353309853e+00
1.555771380744629839e+00
1.555761163066250008e+00
1.555665549460377939e+00
1.555505859612298813e+00
1.555290714614826042e+00
1.555031735566742679e+00
1.554731544447425229e+00
1.554396878830256679e+00
1.554027522680208939e+00
1.553627666590956302e+00
1.553195757103159380e+00
1.552734585834570025e+00
1.552241975274383012e+00
1.551719893970481490e+00
1.551165878982654345e+00
1.550581372142183056e+00
1.549963783506757675e+00
1.549314184938050509e+00
1.548629930230194907e+00
1.547911806396195189e+00
1.547157138514381858e+00
1.546366475898351078e+00
1.545537120937332531e+00
1.544669411417703975e+00
1.543760622231938440e+00
1.542810893536841865e+00
1.541817462487279355e+00
1.540780277576471180e+00
1.539696525719675080e+00
1.538565964480959058e+00
1.537385735364359185e+00
1.536155601206729449e+00
1.534875019818529918e+00
1.533568937359791384e+00
1.532486558731423587e+00
1.533692415400923936e+00
1.545371821659482725e+00
1.569706373185494108e+00
1.597348282153259413e+00
1.624730957106294449e+00
1.651337556751855340e+00
1.677118631081005118e+00
1.702087165458999740e+00
1.726261724728651359e+00
1.749663938025405319e+00
1.772313347291282426e+00
1.794231264739843068e+00
1.815436815693585615e+00
1.835950705074979705e+00
1.855791499569026559e+00
1.874979212101340664e+00
1.893531770131239078e+00
1.911468438210896181e+00
1.928806450024435293e+00
1.945564284839026659e+00
1.961758447458238575e+00
1.977406610446908797e+00
1.992524529757988105e+00
2.007129062181967516e+00
2.021235206728703382e+00
2.034859005145514654e+00
2.048014700752929240e+00
2.060717528738557291e+00
2.072980985335209692e+00
2.084819513747143027e+00
2.096245877472045382e+00
2.107273747051566559e+00
2.117915172063310258e+00
2.128183073350117471e+00
2.138088808799104346e+00
2.147644575257808164e+00
2.156861063709476944e+00
2.165749774705822972e+00
2.174320758964884970e+00
2.182584849824021234e+00
2.190551485645256591e+00
2.198230862507484673e+00
2.205631835115992700e+00
2.212763992701592297e+00
2.219635635404966667e+00
2.226255776126784713e+00
2.232632189599937256e+00
2.238773342734224681e+00
2.244686513805677297e+00
2.250379653658562074e+00
2.255859572634807186e+00
2.261133734831988207e+00
2.266208510570603796e+00
2.271090905757294554e+00
2.275786877845816125e+00
2.280303002218068809e+00
2.284644849738374450e+00
2.288818591939512093e+00
2.292829438400909581e+00
2.296683182411227708e+00
2.300384696521373673e+00
2.303939420248362957e+00
2.307351912264039573e+00
2.310627281606290939e+00
2.313769795065838242e+00
2.316784253279025485e+00
2.319674651968776313e+00
2.322445504207805822e+00
2.325100554256589014e+00
2.327644047206230304e+00
2.330079494236894533e+00
2.332410890775260537e+00
2.334641532071629388e+00
2.336775180937612273e+00
2.338814932610109310e+00
2.340764333069618175e+00
2.342626292224688100e+00
2.344404153750431874e+00
2.346100655688422520e+00
2.347718952687408489e+00
2.349261623171571500e+00
2.350731644811711707e+00
2.352131447469085312e+00
2.353463842674585749e+00
2.354731121607024136e+00
2.355935939310069838e+00
2.357080457012696861e+00
2.358167181768462850e+00
2.359198152472446353e+00
2.360175735564919108e+00
2.361101854143278000e+00
2.361978740331824866e+00
2.362808206929672306e+00
2.363592357010097622e+00
2.364332897585865290e+00
2.365031806965263161e+00
2.365690689955259884e+00
2.366311403466610397e+00
2.366895452812535439e+00
2.367444576022263991e+00
2.367960180828697414e+00
2.368443888117805596e+00
2.368897009233464246e+00
2.369321048959205811e+00
2.369717222801421386e+00
2.370086919870514119e+00
2.370431259835285687e+00
2.370751516041335272e+00
2.371048711860227698e+00
2.371324004354448345e+00
2.371578319774187538e+00
2.371812698050044688e+00
2.372027967218390376e+00
2.372225048995225460e+00
2.372404671937904830e+00
2.372567638325770556e+00
2.372714575891864186e+00
2.372846166208215202e+00
2.372962934845801009e+00
2.373065441434541789e+00
2.373154108133494589e+00
2.373229371507668883e+00
2.373291549213164764e+00
2.373340953804759845e+00
2.373377797562796321e+00
2.373402268317212460e+00
2.373414472364271610e+00
