1.002714098362239570e+00
1.002704893290106369e+00
1.002686592007759003e+00
1.002659409904270049e+00
1.002623664299689743e+00
1.002579767736802685e+00
1.002528219368131301e+00
1.002469594711878242e+00
1.002404534082622867e+00
1.002333730050162686e+00
1.002257914280144879e+00
1.002177844134604090e+00
1.002094289378440584e+00
1.002008019340300482e+00
1.001919790816787392e+00
1.001830336994986137e+00
1.001740357590108932e+00
1.001650510373245373e+00
1.001561404177987891e+00
1.001473593454100808e+00
1.001387574352282428e+00
1.001303782312350066e+00
1.001222591052963740e+00
1.001144312863032848e+00
1.001069200035155760e+00
1.000997447298727749e+00
1.000929195066109889e+00
1.000864533336359052e+00
1.000803506070645943e+00
1.000746115894925570e+00
1.000692328965567368e+00
1.000642079880941449e+00
1.000595276508677633e+00
1.000551804647076493e+00
1.000511532428828287e+00
1.000474314421832434e+00
1.000439995371815272e+00
1.000408413573532496e+00
1.000379403845819581e+00
1.000352800122046526e+00
1.000328437653938085e+00
1.000306154856988705e+00
1.000285794810125140e+00
1.000267206446961987e+00
1.000250245459047171e+00
1.000234774951406669e+00
1.000220665873163162e+00
1.000207797262113951e+00
1.000196056324766936e+00
1.000185338386562650e+00
1.000175546730437182e+00
1.000166592352921047e+00
1.000158393651732203e+00
1.000150876068210293e+00
1.000143971694311240e+00
1.000137618862016131e+00
1.000131761721122059e+00
1.000126349818478255e+00
1.000121337681627143e+00
1.000116684415952140e+00
1.000112353316090497e+00
1.000108311497596603e+00
1.000104529548130117e+00
1.000100981201800243e+00
1.000097643035081862e+00
1.000094494186191119e+00
1.000091516095962252e+00
1.000088692270868940e+00
1.000086008066208176e+00
1.000083450489199111e+00
1.000081008020244910e+00
1.000078670451476803e+00
1.000076428741217160e+00
1.000074274883000047e+00
1.000072201788289483e+00
1.000070203181162132e+00
1.000068273504622685e+00
1.000066407836523119e+00
1.000064601815304988e+00
1.000062851573254141e+00
1.000061153678041492e+00
1.000059505079985422e+00
1.000057903066315923e+00
1.000056345219642262e+00
1.000054829382395205e+00
1.000053353624198893e+00
1.000051916214393488e+00
1.000050515596438094e+00
1.000049150366828954e+00
1.000047819255017290e+00
1.000046521107367914e+00
1.000045254871390954e+00
1.000044019583653965e+00
1.000042814357378518e+00
1.000041638373450503e+00
1.000040490870620191e+00
1.000039371138943034e+00
1.000038278511993228e+00
1.000037212362197003e+00
1.000036172094600495e+00
1.000035157143685849e+00
1.000034166968325255e+00
1.000033201049749021e+00
1.000032258887411984e+00
1.000031339997866642e+00
1.000030443911307465e+00
1.000029570171150128e+00
1.000028718331099409e+00
1.000027887955271089e+00
1.000027078615641996e+00
1.000026289892605336e+00
1.000025521372699622e+00
1.000024772649496185e+00
1.000024043321533052e+00
1.000023332993460023e+00
1.000022641274116886e+00
1.000021967777873666e+00
1.000021312122812311e+00
1.000020673932215720e+00
1.000020052832814921e+00
1.000019448456395788e+00
1.000018860438077528e+00
1.000018288418013768e+00
1.000017732039686358e+00
1.000017190951671742e+00
1.000016664805938316e+00
1.000016153259664309e+00
1.000015655973522044e+00
1.000015172613536230e+00
1.000014702849350456e+00
1.000014246356114134e+00
1.000013802812723895e+00
1.000013371903732740e+00
1.000012953317565234e+00
1.000012546748439535e+00
1.000012151894558166e+00
1.000011768460034034e+00
1.000011396153059451e+00
1.000011034687833034e+00
1.000010683782703191e+00
1.000010343162098359e+00
1.000010012554644279e+00
1.000009691695095126e+00
1.000009380322424590e+00
1.000009078181754330e+00
1.000008785022430846e+00
1.000008500599942396e+00
1.000008224673980983e+00
1.000007957010353499e+00
1.000007697379028837e+00
1.000007445556041263e+00
1.000007201321523764e+00
1.000006964461608749e+00
1.000006734766448080e+00
1.000006512032103334e+00
1.000006296058565169e+00
1.000006086651628712e+00
1.000005883620911806e+00
1.000005686781719305e+00
1.000005495953061763e+00
1.000005310959506177e+00
1.000005131629199795e+00
1.000004957795705529e+00
1.000004789296032648e+00
1.000004625972459982e+00
1.000004467670569941e+00
1.000004314241063064e+00
1.000004165537799361e+00
1.000004021419596656e+00
1.000003881748286583e+00
1.000003746390495163e+00
1.000003615215717234e+00
1.000003488098075266e+00
1.000003364914413551e+00
1.000003245546036590e+00
1.000003129876828156e+00
1.000003017794963922e+00
1.000002909191053169e+00
1.000002803959834541e+00
1.000002701998338628e+00
1.000002603207560847e+00
1.000002507490650450e+00
1.000002414754562308e+00
1.000002324908269236e+00
1.000002237864392018e+00
1.000002153537441929e+00
1.000002071845421447e+00
1.000001992708098530e+00
1.000001916048584460e+00
1.000001841791633872e+00
1.000001769865197510e+00
1.000001700198760668e+00
1.000001632724855538e+00
1.000001567377444056e+00
1.000001504093397831e+00
1.000001442810914742e+00
1.000001383470969341e+00
1.000001326015763858e+00
1.000001270390150854e+00
1.000001216540117976e+00
1.000001164414179300e+00
1.000001113961901167e+00
1.000001065135253553e+00
1.000001017887179655e+00
1.000000972172912395e+00
1.000000927948585305e+00
1.000000885172508847e+00
1.000000843803826367e+00
1.000000803803750893e+00
1.000000765134268166e+00
1.000000727759330355e+00
1.000000691643602169e+00
1.000000656753619488e+00
1.000000623056579885e+00
1.000000590521453736e+00
1.000000559117827148e+00
1.000000528816970213e+00
1.000000499590725456e+00
1.000000471412531011e+00
1.000000444256362142e+00
1.000000418097704458e+00
1.000000392912545832e+00
1.000000368678309659e+00
1.000000345372888733e+00
1.000000322975533651e+00
1.000000301465942654e+00
1.000000280825096066e+00
1.000000261034401428e+00
1.000000242076478196e+00
1.000000223934356391e+00
1.000000206592210006e+00
1.000000190034608716e+00
1.000000174247204443e+00
1.000000159216033246e+00
1.000000144928150592e+00
1.000000131370992529e+00
1.000000118532955007e+00
1.000000106402808786e+00
1.000000094970230569e+00
1.000000084225271646e+00
1.000000074158837959e+00
1.000000064762209595e+00
1.000000056027472217e+00
1.000000047947093629e+00
1.000000040514297028e+00
1.000000033722697745e+00
1.000000027566622318e+00
1.000000022040799630e+00
1.000000017140629582e+00
1.000000012861927301e+00
1.000000009201140960e+00
1.000000006155151056e+00
1.000000003721434494e+00
1.000000001897919821e+00
1.000000000683099577e+00
1.000000000075940365e+00
