8.594616173729134612e-02
8.594601960883782588e-02
8.594573522879303540e-02
8.594530835268800184e-02
8.594473861042138674e-02
8.594402551168411897e-02
8.594316843735246014e-02
8.594216664855065801e-02
8.594101927372263527e-02
8.593972532136898157e-02
8.593828366277145303e-02
8.593669304844878121e-02
8.593495208650310524e-02
8.593305926284507124e-02
8.593101291511782980e-02
8.592881125675515264e-02
8.592645234641858865e-02
8.592393411596020714e-02
8.592125433529664014e-02
8.591841064435390418e-02
8.591540051328233618e-02
8.591222127846948053e-02
8.590887009798268970e-02
8.590534399174709623e-02
8.590163979208005618e-02
8.589775418814309116e-02
8.589368367141569927e-02
8.588942458454101869e-02
8.588497306156618605e-02
8.588032508132019405e-02
8.587547640222402412e-02
8.587042262035747553e-02
8.586515909862375839e-02
8.585968102968266624e-02
8.585398335922418689e-02
8.584806085397650444e-02
8.584190801881687316e-02
8.583551917008643006e-02
8.582888834623642049e-02
8.582200938671888379e-02
8.581487583582736445e-02
8.580748102746769967e-02
8.579981798181818275e-02
8.579187949632360866e-02
8.578365803474946594e-02
8.577514582479739413e-02
8.576633473907269156e-02
8.575721639977341992e-02
8.574778205102888406e-02
8.573802267118187104e-02
8.572792883588220558e-02
8.571749083855804974e-02
8.570669854355938977e-02
8.569554151551612986e-02
8.568400886171557984e-02
8.567208937115416978e-02
8.565977134521599035e-02
8.564704274735818190e-02
8.563389102100137096e-02
8.562030325096442462e-02
8.560626596728310167e-02
8.559176531971757207e-02
8.557678686598869933e-02
8.556131576093815860e-02
8.554533652737723870e-02
8.552883326181566492e-02
8.551178938573705812e-02
8.549418787023997657e-02
8.547601096507399798e-02
8.545724044508890005e-02
8.543785731372177672e-02
8.541784207490360492e-02
8.539717440681485194e-02
8.537583346391397487e-02
8.535379751559328543e-02
8.533104428440133060e-02
8.530755054254832159e-02
8.528329249442646864e-02
8.525824532145490076e-02
8.523238362001075985e-02
8.520568088140435814e-02
8.517811000097717800e-02
8.514964267431568423e-02
8.512025000120033991e-02
8.508990177210237760e-02
8.505856721333882042e-02
8.502621416558356349e-02
8.499281021585315676e-02
8.495832245436280017e-02
8.492272200099379442e-02
8.488599489901355044e-02
8.484818386727291384e-02
8.480947937002632220e-02
8.477028465347996589e-02
8.473103693701893036e-02
8.469198255816486054e-02
8.465319812979400782e-02
8.461468654899474695e-02
8.457642770270674959e-02
8.453839446880036246e-02
8.450055874919643051e-02
8.446289210780491552e-02
8.442536697778015020e-02
8.438795603258329725e-02
8.435063286150834561e-02
8.431337132060125195e-02
8.427614607949512893e-02
8.423893204461110895e-02
8.420170483317586385e-02
8.416444026258289302e-02
8.412711477020952400e-02
8.408970495725391625e-02
8.405218796572097584e-02
8.401454106729595861e-02
8.397674200568262803e-02
8.393876862329989474e-02
8.390059917512757148e-02
8.386221198766793949e-02
8.382358574903978066e-02
8.378469919585111725e-02
8.374553138326627788e-02
8.370606139633024467e-02
8.366626860297909918e-02
8.362613238703228702e-02
8.358563238656011030e-02
8.354474824626804963e-02
8.350345984321030923e-02
8.346174705669580363e-02
8.341958998300749717e-02
8.337696872127144110e-02
8.333386357858518778e-02
8.329025487054572685e-02
8.324612311798369746e-02
8.320144886104838267e-02
8.315621284857728501e-02
8.311039586480260810e-02
8.306397891225031360e-02
8.301694305026072196e-02
8.296926957219827314e-02
8.292093985509119136e-02
8.287193553183344608e-02
8.282223835133034617e-02
8.277183034629445602e-02
8.272069370335533023e-02
8.266881092696916344e-02
8.261616471900939951e-02
8.256273813924103200e-02
8.250851449394874804e-02
8.245347749336656706e-02
8.239761114892607541e-02
8.234089992796986279e-02
8.228332865923035366e-02
8.222488268509281495e-02
8.216554777492154904e-02
8.210531027508788382e-02
8.204415702976190772e-02
8.198207552885916627e-02
8.191905383591813194e-02
8.185508073405962925e-02
8.179014566055453628e-02
8.172423885083965334e-02
8.165735127936094018e-02
8.158947480162645483e-02
8.152060210089280556e-02
8.145072682817590393e-02
8.137984355431886196e-02
8.130794790782369663e-02
8.123503653180570716e-02
8.116110721944888584e-02
8.108615887531957223e-02
8.101019164818400176e-02
8.093320689611777086e-02
8.085520731636475222e-02
8.077619691363700782e-02
8.069618112663796972e-02
8.061516679890433357e-02
8.053316230155667388e-02
8.045017750599869899e-02
8.036622390239930858e-02
8.028131457352472022e-02
8.019546430840671092e-02
8.010868957654086742e-02
8.002100863614769466e-02
7.993244150794043268e-02
7.984301007733728139e-02
7.975273806697405488e-02
7.966165113219092486e-02
7.956977683143745539e-02
7.947714471432851258e-02
7.938378628907709345e-02
7.928973510238972178e-02
7.919502670305440806e-02
7.909969871293789923e-02
7.900379078585882675e-02
7.890734466894946952e-02
7.881040415595907955e-02
7.871301513825909590e-02
7.861522555174965676e-02
7.851708541681334808e-02
7.841864677804334660e-02
7.831996373249608401e-02
7.822109236151666978e-02
7.812209074670406483e-02
7.802301889318351280e-02
7.792393873277848881e-02
7.782491403817451414e-02
7.772601041288768053e-02
7.762729519587803495e-02
7.752883743802102545e-02
7.743070779685813643e-02
7.733297849941414559e-02
7.723572322692164038e-02
7.713901706397867375e-02
7.704293637325149158e-02
7.694755873113912070e-02
7.685296279263827135e-02
7.675922821386636785e-02
7.666643550747137548e-02
7.657466595256488817e-02
7.648400144126286937e-02
7.639452437678836971e-02
7.630631751195048051e-02
7.621946383638643352e-02
7.613404640800242040e-02
7.605014823054756512e-02
7.596785207925348116e-02
7.588724037014181467e-02
7.580839498131851373e-02
7.573139711561635568e-02
7.565632711919474673e-02
7.558326433930918908e-02
7.551228694205036618e-02
7.544347176719569392e-02
7.537689414707332558e-02
7.531262776059370612e-02
7.525074445534958578e-02
7.519131410302312690e-02
7.513440442692202736e-02
7.508008086102599399e-02
7.502840638520082150e-02
7.497944139016542164e-02
7.493324352262893673e-02
7.488986755842785836e-02
7.484936525978107269e-02
7.481178525877042740e-02
7.477717292880292632e-02
7.474557028047984497e-02
7.471701584920320549e-02
7.469154460529849049e-02
7.466918785950155124e-02
7.464997318896894607e-02
7.463392436213971137e-02
7.462106128199574862e-02
7.461139993150241179e-02
7.460495233517842883e-02
7.460172652599923737e-02
