-3.692356733496131582e-01
-3.691747255833704444e-01
-3.690519448329169228e-01
-3.688655755857968566e-01
-3.686130229403048464e-01
-3.682908959369751711e-01
-3.678950665411144794e-01
-3.674207372198275978e-01
-3.668625226510590642e-01
-3.662145351105811630e-01
-3.654704816189642269e-01
-3.646237591367155750e-01
-3.636675587330397419e-01
-3.625949619128520096e-01
-3.613990432093473482e-01
-3.600729592634938636e-01
-3.586100420226073782e-01
-3.570038734091791621e-01
-3.552483629293317069e-01
-3.533378027162486501e-01
-3.512669255676928448e-01
-3.490309375312475315e-01
-3.466255548633410122e-01
-3.440470137816247220e-01
-3.412920872085754009e-01
-3.383580735040973564e-01
-3.352427958095884897e-01
-3.319445732214902911e-01
-3.284622068750721602e-01
-3.247949379797324121e-01
-3.209424253966509655e-01
-3.169046952164961128e-01
-3.126821145407799318e-01
-3.082753369444517499e-01
-3.036852766128174674e-01
-2.989130532705234766e-01
-2.939599699484967132e-01
-2.888274599767636786e-01
-2.835170706551620179e-01
-2.780304138825376303e-01
-2.723691570438236953e-01
-2.665349779196150015e-01
-2.605295632920275328e-01
-2.543545680285099198e-01
-2.480116213065466646e-01
-2.415022892243830765e-01
-2.348280881611455040e-01
-2.279904499256890371e-01
-2.209907415833650690e-01
-2.138302319778740412e-01
-2.065101173312149374e-01
-1.990314879162648209e-01
-1.913953588302249875e-01
-1.836026356096984447e-01
-1.756541497527578655e-01
-1.675506221098826964e-01
-1.592927029577071441e-01
-1.508809320308148738e-01
-1.423157832157540825e-01
-1.335976200783003665e-01
-1.247267455481320675e-01
-1.157033517122255106e-01
-1.065275752141302823e-01
-9.719943988972296056e-02
-8.771891904697078080e-02
-7.808586916123855248e-02
-6.830010080407127038e-02
-5.836130100792555342e-02
-4.826911556559766725e-02
-3.802305694673117908e-02
-2.762260388198984132e-02
-1.706709902542459176e-02
-6.355921566861330932e-03
4.511384666562684616e-03
1.553360840351290795e-02
2.670142197159309019e-02
3.796530604879984339e-02
4.908954192623576906e-02
5.907242746939069672e-02
6.490494114311240459e-02
6.328464946696374382e-02
5.623867918817634926e-02
4.746372916705739881e-02
3.851345433544975383e-02
2.979890452382637570e-02
2.141920969474170322e-02
1.340052364954945514e-02
5.751832863882708549e-03
-1.522206466232702525e-03
-8.418481199788923480e-03
-1.493461047638539908e-02
-2.106887447920949286e-02
-2.682005223822087059e-02
-3.218748448864752060e-02
-3.717095986005053421e-02
-4.177077497354151486e-02
-4.598763306597471179e-02
-4.982269583625976300e-02
-5.327749078951994621e-02
-5.635395634964526085e-02
-5.905435655713071885e-02
-6.138132093367735381e-02
-6.333776558832657222e-02
-6.492692897811752628e-02
-6.615229868935502966e-02
-6.701764396719255001e-02
-6.752694758240984640e-02
-6.768443580083217948e-02
-6.749451484907682819e-02
-6.696179884337681576e-02
-6.609105044400165330e-02
-6.488720714831820724e-02
-6.335532578148801719e-02
-6.150060747063169214e-02
-5.932834566451217206e-02
-5.684395003747121783e-02
-5.405289776663527168e-02
-5.096075656110232721e-02
-4.757313895424958999e-02
-4.389572461163427503e-02
-3.993421742014305331e-02
-3.569436719472662140e-02
-3.118192936634737664e-02
-2.640268618116497351e-02
-2.136240880648830956e-02
-1.606687809482319762e-02
-1.052184894202658032e-02
-4.733070671628977939e-03
1.293746507435537514e-03
7.552911454437862167e-03
1.403878368044681434e-02
2.074575360888352565e-02
2.766827233071980988e-02
3.480083214967279182e-02
4.213799462959655351e-02
4.967437140872001111e-02
5.740465065090837732e-02
6.532357811854314078e-02
7.342598213110616834e-02
8.170675489015299942e-02
9.016087604085382123e-02
9.878339424542330327e-02
1.075694494358847703e-01
1.165142546341877139e-01
1.256131169775817069e-01
1.348614197847830820e-01
1.442546424285898465e-01
1.537883426480628757e-01
1.634581753366515788e-01
1.732598751002279447e-01
1.831892740228825700e-01
1.932422844701519038e-01
2.034149158886479347e-01
2.137032578529313165e-01
2.241034959494059009e-01
2.346118950639418665e-01
2.452248143948833892e-01
2.559386909769506557e-01
2.667500538626798590e-01
2.776555078762907858e-01
2.886517469974771433e-01
2.997355383367760751e-01
3.109037347503468274e-01
3.221532590259619244e-01
3.334811157521370695e-01
3.448843757013078104e-01
3.563601869714000392e-01
3.679057595498783084e-01
3.795183757406450087e-01
3.911953748896110361e-01
4.029341631044967564e-01
4.147321981193049512e-01
4.265869983093371065e-01
4.384961276684653519e-01
4.504572041163154572e-01
4.624678845585166176e-01
4.745258724777265957e-01
4.866289030432017215e-01
4.987747499718534483e-01
5.109612106495964312e-01
5.231861122432736044e-01
5.354472967922360160e-01
5.477426265467382205e-01
5.600699689842734141e-01
5.724272013450082408e-01
5.848121955236854630e-01
5.972228217681136986e-01
6.096569333941100899e-01
6.221123696091230837e-01
6.345869399952306367e-01
6.470784264169260336e-01
6.595845672158415773e-01
6.721030581602321918e-01
6.846315362953819816e-01
6.971675798929405365e-01
7.097086919035734409e-01
7.222522988676840505e-01
7.347957339229534979e-01
7.473362346451752902e-01
7.598709255734923396e-01
7.723968149625950463e-01
7.849107768045033851e-01
7.974095464921322485e-01
8.098897023400829509e-01
8.223476601867556468e-01
8.347796544493421012e-01
8.471817317294453309e-01
8.595497314816024081e-01
8.718792787376866693e-01
8.841657645264143772e-01
8.964043378970516507e-01
9.085898863015294813e-01
9.207170271805424910e-01
9.327800886122147306e-01
9.447731008251829543e-01
9.566897775295717388e-01
9.685235078429583755e-01
9.802673388507479046e-01
9.919139685710669507e-01
1.003455730440500293e+00
1.014884588099490115e+00
1.026192122660604999e+00
1.037369530259831807e+00
1.048407613128762517e+00
1.059296781017240008e+00
1.070027047243259366e+00
1.080588035231131450e+00
1.090968980832346169e+00
1.101158745316205279e+00
1.111145825314009183e+00
1.120918373615381158e+00
1.130464218053364611e+00
1.139770891364228822e+00
1.148825660166246321e+00
1.157615564897312543e+00
1.166127459710817771e+00
1.174348063082998994e+00
1.182264008930166366e+00
1.189861907859323997e+00
1.197128409095397750e+00
1.204050271540765937e+00
1.210614435211456730e+00
1.216808100314003216e+00
1.222618805885079984e+00
1.228034514066857819e+00
1.233043692625051202e+00
1.237635400625296755e+00
1.241799370604077524e+00
1.245526091064478535e+00
1.248806883445792382e+00
1.251633976419476602e+00
1.254000572589712315e+00
1.255900909606668669e+00
1.257330311834604641e+00
1.258285233878917220e+00
1.258763293310239062e+00
