-3.379578303123566746e-05
1.123275056021642080e-05
-6.782914849220682438e-06
4.802256805777104098e-06
-3.783532865604239386e-06
3.049964627267703629e-06
-2.631500627354504011e-06
2.233225960350361841e-06
-2.022880328114529804e-06
1.761100326264209142e-06
-1.647212182514637120e-06
1.453733585610956305e-06
-1.392734124875912889e-06
1.237848032089658005e-06
-1.209350080542505742e-06
1.077982264257724097e-06
-1.071257426132541339e-06
9.548808193842600346e-07
-9.638163270917114612e-07
8.571823507521959138e-07
-8.781053826962813550e-07
7.777468232234940926e-07
-8.083810441160178034e-07
7.118578834655896786e-07
-7.507816045291126287e-07
6.562711254765044635e-07
-7.026181776169464318e-07
6.086772413743708997e-07
-6.619645506203811390e-07
5.673833943422660746e-07
-6.274085282365998456e-07
5.311155211509825232e-07
-5.978954860208482973e-07
4.988911461423110284e-07
-5.726267057216288971e-07
4.699346679280473229e-07
-5.509915167807233231e-07
4.436191720545813857e-07
-5.325211680360021908e-07
4.194253071658593352e-07
-5.168570208823455658e-07
3.969111581197537204e-07
-5.037284980610499816e-07
3.756894339966026660e-07
-4.929379926333107990e-07
3.554094449627532375e-07
-4.843509526264269534e-07
3.357420412038693487e-07
-4.778899653600560557e-07
3.163661924064251723e-07
-4.735323095559392659e-07
2.969562117689650440e-07
-4.713107204516032070e-07
2.771685399364085093e-07
-4.713174244405340411e-07
2.566271219774585258e-07
-4.737119152459638985e-07
2.349061531626664555e-07
-4.787332837962749184e-07
2.115087274732187595e-07
-4.867185153401009534e-07
1.858392591219045720e-07
-4.981288580955462835e-07
1.571667663655358428e-07
-5.135876215470080882e-07
1.245746324580666603e-07
-5.339344976464128477e-07
8.689022086036254245e-08
-5.603044436164495931e-07
4.258392830272041306e-08
-5.942439955183215815e-07
-1.037896365369262424e-08
-6.378861672825696309e-07
-7.476212891890973370e-08
-6.942256994993963374e-07
-1.544482729352816986e-07
-7.678877461258575604e-07
-2.574941553667988257e-07
-8.833465060388048127e-07
-4.650181920337607451e-07
-1.199712533480443828e-06
-8.998057424288839307e-07
-1.741006152894401797e-06
-1.539702229368974105e-06
-2.537684442531322132e-06
-2.466111741969383165e-06
-3.690567479067183854e-06
-3.800033262149148733e-06
-5.337163535708674225e-06
-5.700896119716266226e-06
-7.659385444261000519e-06
-8.375902481092499101e-06
-1.089333422145920949e-05
-1.209065440674405927e-05
-1.534030631239569433e-05
-1.718080378446538284e-05
-2.137898688554179061e-05
-2.406467009570814814e-05
-2.947885342644536588e-05
-3.325690323520933827e-05
-4.021501519536893675e-05
-4.538348071667329126e-05
-5.428507445722141411e-05
-6.119866856465543895e-05
-7.252917814629506160e-05
-8.160507085656496168e-05
-9.595535289689352293e-05
-1.076785415768493200e-04
-1.257737230080741768e-04
-1.407004307160272479e-04
-1.634458672324551104e-04
-1.821998917987010158e-04
-2.107609659429545508e-04
-2.340067053246437244e-04
-2.699638997704972214e-04
-2.983009762906003244e-04
-3.440042785101499689e-04
-3.775728215623600902e-04
-4.371128993847145697e-04
-4.732406695973818706e-04
-5.376777486523201185e-04
-3.708157732166800073e-04
-9.431003194189670181e-05
-5.360282222913597967e-05
-4.162142692587410866e-05
-5.112462991301856998e-05
-4.344472352398315708e-05
-5.171773200642907703e-05
-4.568098187439659046e-05
-5.288025176914899468e-05
-4.801193422791070776e-05
-5.455798342731776293e-05
-5.054492772083530249e-05
-5.671461072341602526e-05
-5.336744664881993872e-05
-5.934662721865937250e-05
-5.655066421944042790e-05
-6.247328243295629103e-05
-6.015968050094491878e-05
-6.612994170607714827e-05
-6.425985109636862954e-05
-7.036501197803254697e-05
-6.892071960123553030e-05
-7.523888137425450474e-05
-7.421879281840746854e-05
-8.082399042370212630e-05
-8.023981533647264199e-05
-8.720560681698923794e-05
-8.708088847242230154e-05
-9.448310627894153575e-05
-9.485262986612623523e-05
-1.027716779144617311e-04
-1.036815011874664730e-04
-1.122044345419243873e-04
-1.137124006704160736e-04
-1.229349454760746282e-04
-1.251116063566433509e-04
-1.351402347890748301e-04
-1.380701562740473706e-04
-1.490243087045938040e-04
-1.528077589685042576e-04
-1.648222961090223271e-04
-1.695773411190648725e-04
-1.828053071788243646e-04
-1.886703571578010770e-04
-2.032861399175541644e-04
-2.104230093859856150e-04
-2.266259933153018304e-04
-2.352235578196618614e-04
-2.532423809550826232e-04
-2.635209367589783818e-04
-2.836184830270339734e-04
-2.958349422321088240e-04
-3.183142276033646919e-04
-3.327683150767963009e-04
-3.579794599520254913e-04
-3.750211178343077541e-04
-4.033696423694641464e-04
-4.234078989706072040e-04
-4.553646327619869988e-04
-4.788782554584456483e-04
-5.149912245554130177e-04
-5.425415560889063765e-04
-5.834502992564229249e-04
-6.156967789552406914e-04
-6.621496599355824238e-04
-6.998686600268384968e-04
-7.527438902546843696e-04
-7.968516640944502257e-04
-8.571829381344135300e-04
-9.087636911644884213e-04
-9.777715816910639152e-04
-1.038111951610651588e-03
-1.117242526737291649e-03
-1.187874118699625654e-03
-1.278846654793455500e-03
-1.361598743984212233e-03
-1.466464942790867950e-03
-1.563530067687802453e-03
-1.684747887802857599e-03
-1.798763855539228101e-03
-1.939289987708662111e-03
-2.073442864505793768e-03
-2.236849088578431437e-03
-2.395003127683166273e-03
-2.585623378780612346e-03
-2.772485655366728214e-03
-2.995602717605323241e-03
-3.216932625150406740e-03
-3.479016111951249192e-03
-3.741892995969766430e-03
-4.050903851492110991e-03
-4.364070108098061160e-03
-4.729851480123041345e-03
-5.104153635676821239e-03
-5.538933826096123156e-03
-5.987890612130185135e-03
-6.506931021127623609e-03
-7.047465271732185517e-03
-7.669894674467380401e-03
-8.323274600846594998e-03
-9.073159945998526821e-03
-9.866203632097928292e-03
-1.077391466869101130e-02
-1.174051610715399346e-02
-1.284444149335652388e-02
-1.402746970824911808e-02
-1.537612509494730613e-02
-1.682971449375112935e-02
-1.848422680929992512e-02
-2.027638666671082238e-02
-2.231320197153535689e-02
-2.452846932105346572e-02
-2.704183863369730850e-02
-2.978328210551261720e-02
-3.288650264231812032e-02
-3.627559471355391862e-02
-4.009893217071928972e-02
-4.427042854200889666e-02
-4.895190548294885841e-02
-5.403873462605065375e-02
-5.970151362321167443e-02
-6.580204080387055954e-02
-7.250974328564772919e-02
-7.962825349294840038e-02
-8.731016267845469192e-02
-9.526560786819623927e-02
-1.036140155545040437e-01
-1.119303503932189831e-01
-1.203015730906069891e-01
-1.281314745634001551e-01
-1.355304058493775887e-01
-1.417039215717048051e-01
-1.469714120970595783e-01
-1.502003078814563297e-01
-1.528114391420759555e-01
