2.274151767742626784e-01
2.274151568253565403e-01
2.274151169101917280e-01
2.274150569940359412e-01
2.274149770247293201e-01
2.274148769326089226e-01
2.274147566304100254e-01
2.274146160131441385e-01
2.274144549579491525e-01
2.274142733239226388e-01
2.274140709519303916e-01
2.274138476643873530e-01
2.274136032650262707e-01
2.274133375386378497e-01
2.274130502507941964e-01
2.274127411475490856e-01
2.274124099551178002e-01
2.274120563795414551e-01
2.274116801063212623e-01
2.274112808000445241e-01
2.274108581039804566e-01
2.274104116396556408e-01
2.274099410064160665e-01
2.274094457809581193e-01
2.274089255168384727e-01
2.274083797439661325e-01
2.274078079680653119e-01
2.274072096701127144e-01
2.274065843057553604e-01
2.274059313046947195e-01
2.274052500700483870e-01
2.274045399776826737e-01
2.274038003755145532e-01
2.274030305827867970e-01
2.274022298893139948e-01
2.274013975546871347e-01
2.274005328074649168e-01
2.273996348443134696e-01
2.273987028291248880e-01
2.273977358920980518e-01
2.273967331287852223e-01
2.273956935991026662e-01
2.273946163263068920e-01
2.273935002959324714e-01
2.273923444546968320e-01
2.273911477093632783e-01
2.273899089255672634e-01
2.273886269266058580e-01
2.273873004921844188e-01
2.273859283571288137e-01
2.273845092100515441e-01
2.273830416919808695e-01
2.273815243949492415e-01
2.273799558605359150e-01
2.273783345783762788e-01
2.273766589846171193e-01
2.273749274603396042e-01
2.273731383299332220e-01
2.273712898594315024e-01
2.273693802547970266e-01
2.273674076601729377e-01
2.273653701560818807e-01
2.273632657575886118e-01
2.273610924124113142e-01
2.273588479989999411e-01
2.273565303245629055e-01
2.273541371230561881e-01
2.273516660531273437e-01
2.273491146960213150e-01
2.273464805534409217e-01
2.273437610453751812e-01
2.273409535078779464e-01
2.273380551908211755e-01
2.273350632556002948e-01
2.273319747728120288e-01
2.273287867198950374e-01
2.273254959787455176e-01
2.273220993332907003e-01
2.273185934670522712e-01
2.273149749606681591e-01
2.273112402894054696e-01
2.273073858206471343e-01
2.273034078113676248e-01
2.272993024055889044e-01
2.272950656318405149e-01
2.272906934006007629e-01
2.272861815017524212e-01
2.272815256020302710e-01
2.272767212424896544e-01
2.272717638359807169e-01
2.272666486646532369e-01
2.272613708774832153e-01
2.272559254878317170e-01
2.272503073710505639e-01
2.272445112621335195e-01
2.272385317534204585e-01
2.272323632923734515e-01
2.272260001794147444e-01
2.272194365658642412e-01
2.272126664519459605e-01
2.272056836849194184e-01
2.271984819573065195e-01
2.271910548052560042e-01
2.271833956070263560e-01
2.271754975816441535e-01
2.271673537876917615e-01
2.271589571223099902e-01
2.271503003203794724e-01
2.271413759539717414e-01
2.271321764321045378e-01
2.271226940010015183e-01
2.271129207451278165e-01
2.271028485897279847e-01
2.270924693062068289e-01
2.270817745232185658e-01
2.270707557490378725e-01
2.270594044161658165e-01
2.270477119687618339e-01
2.270356700308237552e-01
2.270232707213756529e-01
2.270105072253663925e-01
2.269973747766674543e-01
2.269838722209585602e-01
2.269700041827286130e-01
2.269557833727991747e-01
2.269412317355350150e-01
2.269263787228477103e-01
2.269112563254303550e-01
2.268958931078362273e-01
2.268803103237532759e-01
2.268645211713053167e-01
2.268485321063487825e-01
2.268323447441822349e-01
2.268159575216248391e-01
2.267993668946995944e-01
2.267825681247393477e-01
2.267655557711843739e-01
2.267483239945760898e-01
2.267308667421965018e-01
2.267131778627830552e-01
2.266952511787289903e-01
2.266770805329186567e-01
2.266586598204051173e-01
2.266399830110775726e-01
2.266210441669751496e-01
2.266018374564955640e-01
2.265823571668272585e-01
2.265625977154622772e-01
2.265425536612722668e-01
2.265222197155038197e-01
2.265015907528488137e-01
2.264806618227473423e-01
2.264594281609702553e-01
2.264378852015435095e-01
2.264160285890195190e-01
2.263938541911206526e-01
2.263713581117315354e-01
2.263485367042591956e-01
2.263253865853198654e-01
2.263019046487596830e-01
2.262780880799679928e-01
2.262539343704733363e-01
2.262294413327898823e-01
2.262046071154852345e-01
2.261794302184395311e-01
2.261539095082663597e-01
2.261280442338489127e-01
2.261018340419692629e-01
2.260752789929788842e-01
2.260483795764728632e-01
2.260211367269241989e-01
2.259935518392377218e-01
2.259656267841644861e-01
2.259373639235388864e-01
2.259087661252844048e-01
2.258798367781306715e-01
2.258505798059967928e-01
2.258209996819757204e-01
2.257911014418741980e-01
2.257608906972383145e-01
2.257303736478172562e-01
2.256995570934015038e-01
2.256684484449677508e-01
2.256370557350849404e-01
2.256053876275085912e-01
2.255734534259080659e-01
2.255412630816617803e-01
2.255088272006668948e-01
2.254761570490945999e-01
2.254432645580410899e-01
2.254101623270119981e-01
2.253768636261788694e-01
2.253433823973673145e-01
2.253097332537094544e-01
2.252759314779143596e-01
2.252419930191171538e-01
2.252079344882452483e-01
2.251737731518780039e-01
2.251395269245426989e-01
2.251052143594267640e-01
2.250708546374662333e-01
2.250364675547848192e-01
2.250020735084638790e-01
2.249676934806216222e-01
2.249333490207859609e-01
2.248990622265683859e-01
2.248648557226113620e-01
2.248307526378319210e-01
2.247967765809641971e-01
2.247629516144134809e-01
2.247293022264428286e-01
2.246958533017231474e-01
2.246626300902736795e-01
2.246296581748341015e-01
2.245969634367216694e-01
2.245645720202086304e-01
2.245325102954973395e-01
2.245008048203434581e-01
2.244694823004028394e-01
2.244385695483863685e-01
2.244080934420904228e-01
2.243780808814067884e-01
2.243485587443933837e-01
2.243195538425239444e-01
2.242910928751936372e-01
2.242632023836201027e-01
2.242359087042349874e-01
2.242092379216881759e-01
2.241832158215907311e-01
2.241578678431192240e-01
2.241332190316073503e-01
2.241092939912615600e-01
2.240861168381284019e-01
2.240637111534457271e-01
2.240420999375214439e-01
2.240213055642658324e-01
2.240013497365185291e-01
2.239822534423026035e-01
2.239640369121388142e-01
2.239467195775545760e-01
2.239303200309112618e-01
2.239148559866813992e-01
2.239003442442988046e-01
2.238868006526941734e-01
2.238742400766366991e-01
2.238626763649933793e-01
2.238521223209960498e-01
2.238425896746345511e-01
2.238340890572473596e-01
2.238266299784074098e-01
2.238202208051749409e-01
2.238148687437874207e-01
2.238105798238508859e-01
2.238073588850775508e-01
2.238052095666298869e-01
2.238041342990882698e-01
