2.366521360997289776e+03
2.365432486955070090e+03
2.363256265893016462e+03
2.359995306110591173e+03
2.355654174934016282e+03
2.350238062620092933e+03
2.343754535772091913e+03
2.336211314301498533e+03
2.327618896360214421e+03
2.317987454006789449e+03
2.307330323472752298e+03
2.295660027365681344e+03
2.282992622106330600e+03
2.269342856614347511e+03
2.254729366839809700e+03
2.239168982898508602e+03
2.222682758793407629e+03
2.205289441875710509e+03
2.187012324125393206e+03
2.167871889592762273e+03
2.147893471999276699e+03
2.127099097443604933e+03
2.105515931611150336e+03
2.083167336490837897e+03
2.060082089160714531e+03
2.036284672539590474e+03
2.011805246563552600e+03
1.986669194073193466e+03
1.960907824228777372e+03
1.934547195492572655e+03
1.907619530366019262e+03
1.880151338050953200e+03
1.852175519048404340e+03
1.823718810455472067e+03
1.794814558661047386e+03
1.765489510339128174e+03
1.735777231432167810e+03
1.705704266717719747e+03
1.675304183507400239e+03
1.644603122171037512e+03
1.613634443523342725e+03
1.582423691864138164e+03
1.551003825904520681e+03
1.519399614695088530e+03
1.487643433192275097e+03
1.455759109864885204e+03
1.423778269659789657e+03
1.391723650058940166e+03
1.359625976320637619e+03
1.327506760253236962e+03
1.295395695243748150e+03
1.263312948956734090e+03
1.231287068889688499e+03
1.199336776517177213e+03
1.167489378022211213e+03
1.135762062989791048e+03
1.104180819663150714e+03
1.072761236033096338e+03
1.041527924581200068e+03
1.010494817385018564e+03
9.796851119648804342e+02
9.491110447124557368e+02
9.187943772501914736e+02
8.887456240414441027e+02
8.589851075714421995e+02
8.295216065821477969e+02
8.003740179878108165e+02
7.715493825834373638e+02
7.430652005024601294e+02
7.149267839184184368e+02
6.871502768907039354e+02
6.597392865065828573e+02
6.327086453182772630e+02
6.060603037623504861e+02
5.798078089854665222e+02
5.539515646903479364e+02
5.285037702153708778e+02
5.034635899314180278e+02
4.788414911193925150e+02
4.546367149826387504e+02
4.308579616516041142e+02
4.075269830448560242e+02
3.847885520099601990e+02
3.636591025451837709e+02
3.461853134668597249e+02
3.330478290322477619e+02
3.234806747417154043e+02
3.166656835773642911e+02
3.118544833514382049e+02
3.084915758050108820e+02
3.061381003074201885e+02
3.044967647330171872e+02
3.033422135745693140e+02
3.025310145232586478e+02
3.019525014441459234e+02
3.015407246306707520e+02
3.012410547923364561e+02
3.010241497696090960e+02
3.008620321742222359e+02
3.007423102991556334e+02
3.006497541913475970e+02
3.005797935522850821e+02
3.005234389886403505e+02
3.004797247870666297e+02
3.004428262058263499e+02
3.004134216641854778e+02
3.003873661846639038e+02
3.003660619269886638e+02
3.003463066751894530e+02
3.003297908549553767e+02
3.003138768789374353e+02
3.003003372302086404e+02
3.002868973368397860e+02
3.002753153847002068e+02
3.002635674847399514e+02
3.002533543547476143e+02
3.002428370261993109e+02
3.002336414428799571e+02
3.002240729260201419e+02
3.002156778498373342e+02
3.002068792742549022e+02
3.001991451190297653e+02
3.001909978494680900e+02
3.001838306755780650e+02
3.001762521468688760e+02
3.001695855095071011e+02
3.001625152766640099e+02
3.001562996811950370e+02
3.001496912197086999e+02
3.001438878917620059e+02
3.001377036932985334e+02
3.001322808384770724e+02
3.001264894277636586e+02
3.001214199513219683e+02
3.001159940414373750e+02
3.001112541372199303e+02
3.001061694698581732e+02
3.001017377341103725e+02
3.000969723379423613e+02
3.000928292041560326e+02
3.000883629118520730e+02
3.000844902845269075e+02
3.000803044129999648e+02
3.000766854308008647e+02
3.000727625838902668e+02
3.000693815328856431e+02
3.000657057159174315e+02
3.000625487957358359e+02
3.000591080368315602e+02
3.000561710316246149e+02
3.000529759169103272e+02
3.000502962473749449e+02
3.000474065443218592e+02
3.000450412643948539e+02
3.000424809782812758e+02
3.000404183443225179e+02
3.000381537563362713e+02
3.000363535390994230e+02
3.000343437054099809e+02
3.000327678330808112e+02
3.000309770932513516e+02
3.000295933572972444e+02
3.000279917677630124e+02
3.000267732118840627e+02
3.000253356529307780e+02
3.000242596610895589e+02
3.000229649770852234e+02
3.000220124935640342e+02
3.000208427867446517e+02
3.000199976847530934e+02
3.000189377457580235e+02
3.000181863187092404e+02
3.000172231669647545e+02
3.000165537172892414e+02
3.000156762285157015e+02
3.000150787338284317e+02
3.000142773367535938e+02
3.000137431775668233e+02
3.000130096058489926e+02
3.000125313424826459e+02
3.000118584308784762e+02
3.000114296198753436e+02
3.000108111360329985e+02
3.000104261784392179e+02
3.000098566835056317e+02
3.000095106989745659e+02
3.000089854316072433e+02
3.000086741535139367e+02
3.000081889329916862e+02
3.000079086207185242e+02
3.000074597656935680e+02
3.000072071310013371e+02
3.000067913911190089e+02
3.000065635361220870e+02
3.000061780342635984e+02
3.000059723989973008e+02
3.000056145823255633e+02
3.000054289002723635e+02
3.000050964986034501e+02
3.000049287588512357e+02
3.000046197491381577e+02
3.000044681640770818e+02
3.000041807400172047e+02
3.000040437176839418e+02
3.000037762636311527e+02
3.000036523839626170e+02
3.000034034524703657e+02
3.000032914468559966e+02
3.000030597392927803e+02
3.000029584729217049e+02
3.000027428226935626e+02
3.000026512792717881e+02
3.000024506372625410e+02
3.000023679057547383e+02
3.000021813276653688e+02
3.000021065907616844e+02
3.000019332260715714e+02
3.000018657501368580e+02
3.000017048324622237e+02
3.000016439587587342e+02
3.000014947974144093e+02
3.000014399344215121e+02
3.000013019070214000e+02
3.000012525237060572e+02
3.000011250696700813e+02
3.000010806895810447e+02
3.000009633044231236e+02
3.000009235005039727e+02
3.000008157308104160e+02
3.000007801208400338e+02
3.000006815598491698e+02
3.000006498024347366e+02
3.000005600861476864e+02
3.000005318772025475e+02
3.000004506809647182e+02
3.000004257506186036e+02
3.000003527861187536e+02
3.000003308960114055e+02
3.000002659086540007e+02
3.000002468495704306e+02
3.000001896161859918e+02
3.000001732060048312e+02
3.000001235328639382e+02
3.000001096147854014e+02
3.000000673358937320e+02
3.000000557769257057e+02
3.000000207525723113e+02
3.000000114422542765e+02
2.999999835578013858e+02
2.999999764071518484e+02
2.999999555720456783e+02
2.999999505127133261e+02
2.999999366597070320e+02
2.999999336433269832e+02
2.999999267279053470e+02
2.999999257256395708e+02
