7.888404536657632526e+00
7.884774956516900524e+00
7.877520886310055204e+00
7.866651020368637504e+00
7.852180583113387513e+00
7.834126875400309942e+00
7.812515119240305950e+00
7.787371047671661550e+00
7.758729654534048059e+00
7.726624846689298387e+00
7.691101078242507327e+00
7.652200091218937850e+00
7.609975407021101645e+00
7.564476188714492011e+00
7.515764556132698893e+00
7.463896609661695436e+00
7.408942529311358882e+00
7.350964806252368255e+00
7.290041080417977604e+00
7.226239631975873934e+00
7.159644906664255792e+00
7.090330324812016194e+00
7.018386438703834607e+00
6.943891121636126762e+00
6.866940297202381416e+00
6.787615575131968448e+00
6.706017488545175098e+00
6.622230646910645113e+00
6.536359414095924691e+00
6.448490651641908933e+00
6.358731767886730779e+00
6.267171126836510453e+00
6.173918396828014465e+00
6.079062701518240353e+00
5.982715195536824737e+00
5.884965034463760958e+00
5.785924104773892296e+00
5.685680889059065990e+00
5.584347278358000821e+00
5.482010407236791671e+00
5.378781478411142736e+00
5.274745639547127496e+00
5.170012753015068796e+00
5.064665382316961839e+00
4.958811443974250111e+00
4.852530366216283753e+00
4.745927565532632286e+00
4.639078833529800328e+00
4.532086587735459027e+00
4.425022534177456279e+00
4.317985650812493859e+00
4.211043163189113869e+00
4.104290229632295173e+00
3.997789255057257574e+00
3.891631260074037257e+00
3.785873543299303368e+00
3.680602732210502381e+00
3.575870786776987664e+00
3.471759748604000162e+00
3.368316057950061726e+00
3.265617039882934947e+00
3.163703482374852438e+00
3.062647924167305025e+00
2.962485413471480200e+00
2.863283691904807249e+00
2.765072021940492508e+00
2.667913393292702828e+00
2.571831275278124718e+00
2.476884001674866997e+00
2.383089279728061616e+00
2.290500922969012976e+00
2.199130955021942668e+00
2.109028817727590877e+00
2.020201012541168240e+00
1.932692696618221850e+00
1.846505215634493213e+00
1.761679234051236165e+00
1.678211966438060143e+00
1.596138303731308383e+00
1.515455716608795855e+00
1.436193205505347015e+00
1.358423276816186798e+00
1.282628506699867277e+00
1.212197008483945959e+00
1.153951044889532485e+00
1.110159430107492629e+00
1.078268915805717931e+00
1.055552278591214366e+00
1.039514944504793981e+00
1.028305252683369586e+00
1.020460334358067378e+00
1.014989215776723963e+00
1.011140711915231138e+00
1.008436715077528856e+00
1.006508338147153125e+00
1.005135748768902548e+00
1.004136849307788237e+00
1.003413832565363650e+00
1.002873440580740683e+00
1.002474367663852117e+00
1.002165847304492097e+00
1.001932645174283598e+00
1.001744796628801115e+00
1.001599082623555459e+00
1.001476087352754396e+00
1.001378072213951587e+00
1.001291220615546429e+00
1.001220206423295567e+00
1.001154355583964817e+00
1.001099302849851158e+00
1.001046256263124823e+00
1.001001124100695527e+00
1.000956324456132585e+00
1.000917717949000751e+00
1.000878558282466413e+00
1.000844514515825345e+00
1.000809456753997795e+00
1.000778804809599798e+00
1.000746909753400526e+00
1.000718926166124456e+00
1.000689597580849632e+00
1.000663817063432548e+00
1.000636659498226999e+00
1.000612768918593520e+00
1.000587507156229572e+00
1.000565285031690399e+00
1.000541717588879997e+00
1.000520998937316719e+00
1.000498970732362380e+00
1.000479626305873282e+00
1.000459012310995099e+00
1.000440936128256908e+00
1.000421631425878921e+00
1.000404733171073257e+00
1.000386646804791280e+00
1.000370847124066431e+00
1.000353898232860583e+00
1.000339125780367988e+00
1.000323241126474638e+00
1.000309430680520029e+00
1.000294543039506934e+00
1.000281634281756427e+00
1.000267681376666440e+00
1.000255618102669608e+00
1.000242541946300801e+00
1.000231271776285569e+00
1.000219019053058211e+00
1.000208495985786206e+00
1.000197026789438448e+00
1.000187236772082100e+00
1.000176586389701194e+00
1.000167654157916530e+00
1.000158021814406162e+00
1.000150137547982876e+00
1.000141603260937595e+00
1.000134727814408375e+00
1.000127179187787485e+00
1.000121178463664773e+00
1.000114479018033187e+00
1.000109226110269312e+00
1.000103256977504573e+00
1.000098644524324065e+00
1.000093305892543416e+00
1.000089244039613634e+00
1.000084452176435823e+00
1.000080865536965291e+00
1.000076549923617497e+00
1.000073374978546870e+00
1.000069475955815523e+00
1.000066658949176901e+00
1.000063125819193433e+00
1.000060621062364152e+00
1.000057410556549176e+00
1.000055179057630861e+00
1.000052254095052273e+00
1.000050262446094740e+00
1.000047591122511959e+00
1.000045810591889461e+00
1.000043365352830005e+00
1.000041771141608749e+00
1.000039528102928177e+00
1.000038098732917824e+00
1.000036037120110022e+00
1.000034753928130682e+00
1.000032855611685534e+00
1.000031702329915229e+00
1.000029951438690778e+00
1.000028913845046441e+00
1.000027296443305680e+00
1.000026362069061703e+00
1.000024865885645209e+00
1.000024023770004433e+00
1.000022637970396699e+00
1.000021878453740243e+00
1.000020593447545236e+00
1.000019907996657631e+00
1.000018715274418435e+00
1.000018096334241102e+00
1.000016988328678247e+00
1.000016429196170842e+00
1.000015399163793894e+00
1.000014893880256883e+00
1.000013935800057263e+00
1.000013479058946553e+00
1.000012587545437093e+00
1.000012174613208682e+00
1.000011344841567951e+00
1.000010971489520006e+00
1.000010199130975996e+00
1.000009861576405701e+00
1.000009142742311896e+00
1.000008837597572642e+00
1.000008168790875063e+00
1.000007893019182470e+00
1.000007271092217875e+00
1.000007021969205656e+00
1.000006444086905200e+00
1.000006219167122845e+00
1.000005682774874005e+00
1.000005479862529079e+00
1.000004982658047936e+00
1.000004799781404996e+00
1.000004339690071298e+00
1.000004175079020285e+00
1.000003750232233646e+00
1.000003602298603411e+00
1.000003211014743654e+00
1.000003078335013340e+00
1.000002719102701443e+00
1.000002600402800201e+00
1.000002271866163861e+00
1.000002166008115756e+00
1.000001866953825536e+00
1.000001772924008492e+00
1.000001502269882492e+00
1.000001419168728756e+00
1.000001175953729282e+00
1.000001102986704637e+00
1.000000886362180097e+00
1.000000822831901504e+00
1.000000632053953398e+00
1.000000577353349351e+00
1.000000411776213127e+00
1.000000365382617940e+00
1.000000224452979092e+00
1.000000185923085594e+00
1.000000069175241091e+00
1.000000038140847591e+00
9.999999451926713245e-01
9.999999213571728607e-01
9.999998519068189484e-01
9.999998350423777715e-01
9.999997888656900757e-01
9.999997788110899233e-01
9.999997557596844722e-01
9.999997524187985709e-01
