7.929671770252233465e+00
7.923990214411428923e+00
7.912645617342259463e+00
7.895674892024564073e+00
7.873133117980982476e+00
7.845093196173255734e+00
7.811645392637550422e+00
7.772896775484414711e+00
7.728970548678522512e+00
7.680005289560331683e+00
7.626154094936322458e+00
7.567583644971361601e+00
7.504473191039907398e+00
7.437013478838544245e+00
7.365405614014062685e+00
7.289859883299765642e+00
7.210594539108404533e+00
7.127834561712190542e+00
7.041810407099687197e+00
6.952756755096364927e+00
6.860911265341623100e+00
6.766513355433145804e+00
6.669803007693957397e+00
6.571019617905757393e+00
6.470400890773573721e+00
6.368181793929387879e+00
6.264593573152957617e+00
6.159862838694148301e+00
6.054210723087135371e+00
5.947852118234724372e+00
5.840994989864731757e+00
5.733839775042715026e+00
5.626578858730643340e+00
5.519396133154491402e+00
5.412466634167027557e+00
5.305956256732534904e+00
5.200021542306392242e+00
5.094809538947693284e+00
4.990457725945375955e+00
4.887094002871545939e+00
4.784836734261492808e+00
4.683794849254730330e+00
4.584067987187528281e+00
4.485746688194255150e+00
4.388912619913682533e+00
4.293638839327299728e+00
4.199990081180569490e+00
4.108023072170665202e+00
4.017786862889659361e+00
3.929323176992626898e+00
3.842666770239330898e+00
3.757845799242507390e+00
3.674882193299747524e+00
3.593792029539982558e+00
3.514585905513628372e+00
3.437269309855684352e+00
3.361842985892492752e+00
3.288303289193403867e+00
3.216642534644210016e+00
3.146849334371504270e+00
3.078908922747538135e+00
3.012803470078328605e+00
2.948512381792831594e+00
2.886012584950246040e+00
2.825278799402177743e+00
2.766283795580931404e+00
2.708998636700056473e+00
2.653392907435045966e+00
2.599434927252692873e+00
2.547091950501665814e+00
2.496330351752733989e+00
2.447115798500482331e+00
2.399413409978907286e+00
2.353187904163636990e+00
2.308403731928218239e+00
2.265025200357261514e+00
2.223016584356910741e+00
2.182342228471890522e+00
2.142966638187441930e+00
2.104854562514603344e+00
2.067971067246386241e+00
2.032281600560991386e+00
1.997752050445770644e+00
1.964348795489307076e+00
1.932038748583248422e+00
1.900789394950228139e+00
1.870568824093310933e+00
1.841345756953156387e+00
1.813089567911616573e+00
1.785770302801190423e+00
1.759358692594561235e+00
1.733826163812077548e+00
1.709144845351316278e+00
1.685287572661651412e+00
1.662227888993833336e+00
1.639940044540008302e+00
1.618398993217309290e+00
1.597580387810840108e+00
1.577460573250473397e+00
1.558016578645644357e+00
1.539226107872695870e+00
1.521067529255180517e+00
1.503519864151066532e+00
1.486562774911177609e+00
1.470176552041535967e+00
1.454342100965278162e+00
1.439040928235151950e+00
1.424255127530344112e+00
1.409967365306681986e+00
1.396160866378493015e+00
1.382819399318753861e+00
1.369927261906200622e+00
1.357469266523284146e+00
1.345430725689386708e+00
1.333797437649909323e+00
1.322555672166391583e+00
1.311692156444351776e+00
1.301194061309235650e+00
1.291048987582622987e+00
1.281244952738313181e+00
1.271770377805209407e+00
1.262614074569410549e+00
1.253765233056599149e+00
1.245213409322990072e+00
1.236948513549397388e+00
1.228960798445472236e+00
1.221240847971216237e+00
1.213779566364315832e+00
1.206568167492029220e+00
1.199598164499984909e+00
1.192861359787477316e+00
1.186349835267427544e+00
1.180055942950600567e+00
1.173972295799924348e+00
1.168091758903698096e+00
1.162407440902794686e+00
1.156912685729048373e+00
1.151601064580669354e+00
1.146466368199461350e+00
1.141502599367756776e+00
1.136703965696611141e+00
1.132064872616444173e+00
1.127579916647724279e+00
1.123243878857115741e+00
1.119051718582107613e+00
1.114998567324679168e+00
1.111079722901733069e+00
1.107290643748908732e+00
1.103626943469514288e+00
1.100084385521980845e+00
1.096658878141021143e+00
1.093346469383376762e+00
1.090143342396149073e+00
1.087045810796714251e+00
1.084050314264523474e+00
1.081153414232390864e+00
1.078351789779434133e+00
1.075642233612328136e+00
1.073021648238434933e+00
1.070487042216985429e+00
1.068035526592843176e+00
1.065664311398905717e+00
1.063370702332278039e+00
1.061152097490521751e+00
1.059005984273293066e+00
1.056929936336257425e+00
1.054921610702519441e+00
1.052978744919212728e+00
1.051099154364156352e+00
1.049280729591253403e+00
1.047521433818883851e+00
1.045819300451273692e+00
1.044172430736152624e+00
1.042578991450195947e+00
1.041037212714407634e+00
1.039545385832606472e+00
1.038101861253881042e+00
1.036705046553912490e+00
1.035353404534575139e+00
1.034045451338681421e+00
1.032779754677559447e+00
1.031554932070420927e+00
1.030369649191427595e+00
1.029222618225561048e+00
1.028112596327258155e+00
1.027038384085216416e+00
1.025998824085266437e+00
1.024992799477073113e+00
1.024019232634418186e+00
1.023077083817227839e+00
1.022165349922914634e+00
1.021283063237613753e+00
1.020429290272632850e+00
1.019603130599220142e+00
1.018803715764558859e+00
1.018030208204743658e+00
1.017281800235142253e+00
1.016557713036579713e+00
1.015857195715264893e+00
1.015179524357482377e+00
1.014524001154565536e+00
1.013889953521761367e+00
1.013276733283971609e+00
1.012683715854733268e+00
1.012110299478776287e+00
1.011555904467276834e+00
1.011019972493552466e+00
1.010501965881001496e+00
1.010001366948494406e+00
1.009517677347661291e+00
1.009050417454739668e+00
1.008599125754125136e+00
1.008163358273673316e+00
1.007742688011605603e+00
1.007336704412476580e+00
1.006945012834769893e+00
1.006567234064940530e+00
1.006203003823198161e+00
1.005851972313248410e+00
1.005513803763980585e+00
1.005188176012692836e+00
1.004874780080585728e+00
1.004573319787458896e+00
1.004283511359065573e+00
1.004005083071465521e+00
1.003737774888462164e+00
1.003481338133948242e+00
1.003235535157845693e+00
1.003000139034914584e+00
1.002774933257770229e+00
1.002559711460814906e+00
1.002354277139033467e+00
1.002158443395833709e+00
1.001972032686510250e+00
1.001794876588889105e+00
1.001626815570465290e+00
1.001467698780945215e+00
1.001317383842129649e+00
1.001175736661549687e+00
1.001042631244349890e+00
1.000917949527306616e+00
1.000801581212040769e+00
1.000693423618826960e+00
1.000593381540578752e+00
1.000501367115941509e+00
1.000417299703589835e+00
1.000341105774161132e+00
1.000272718804495309e+00
1.000212079188071979e+00
1.000159134148871365e+00
1.000113837670028705e+00
1.000076150427088306e+00
1.000046039734671988e+00
1.000023479498921564e+00
1.000008450182036768e+00
1.000000938773780934e+00
