2.336434939715647033e+03
2.335346104759328227e+03
2.333169809127698954e+03
2.329908974323579514e+03
2.325567709746931996e+03
2.320151831339578621e+03
2.313668143484013854e+03
2.306125302823383208e+03
2.297532742467514709e+03
2.287901880121798968e+03
2.277244686194486349e+03
2.265575235052684548e+03
2.252907919097167451e+03
2.239259341679950921e+03
2.224646179634180044e+03
2.209087416145547195e+03
2.192601854582234864e+03
2.175210689422405721e+03
2.156934674509157958e+03
2.137797030009818172e+03
2.117820268409374876e+03
2.097029435427061799e+03
2.075448597143921234e+03
2.053104412842424608e+03
2.030022286623636546e+03
2.006230270282758283e+03
1.981754882590857051e+03
1.956625340591969916e+03
1.930869049383279162e+03
1.904516160640303269e+03
1.877594735203711934e+03
1.850135628235226932e+03
1.822167326180643840e+03
1.793721158763296671e+03
1.764825810906022298e+03
1.735512862822577517e+03
1.705810976202104484e+03
1.675751765013765862e+03
1.645363653629179680e+03
1.614678082678755345e+03
1.583723034736902719e+03
1.552529581747511202e+03
1.521125071325692033e+03
1.489540025020598023e+03
1.457800975064266595e+03
1.425937726219279284e+03
1.393975828749514449e+03
1.361944221023396267e+03
1.329867319341712118e+03
1.297773064135895993e+03
1.265684600707743130e+03
1.233628759207140547e+03
1.201627291800716648e+03
1.169705826264276538e+03
1.137884613836312610e+03
1.106188009160701540e+03
1.074634667931420154e+03
1.043247623525763629e+03
1.012043852681847852e+03
9.810450437896752192e+02
9.502664192978638766e+02
9.197283261152489331e+02
8.894441602034806920e+02
8.594329625229162275e+02
8.297062254328068320e+02
8.002817602047526861e+02
7.711690596729124536e+02
7.423848391159967832e+02
7.139364512226653687e+02
6.858397408424420973e+02
6.580996820168022623e+02
6.307316452181792101e+02
6.037377696292146538e+02
5.771337452192404953e+02
5.509180261582597495e+02
5.251094596483932264e+02
4.997072561577041938e+02
4.747863414352847258e+02
4.506396880230616944e+02
4.285512019304176761e+02
4.101534214699992162e+02
3.956985849409234106e+02
3.845504487015302857e+02
3.760034043439556513e+02
3.694346014381755481e+02
3.643392104027466871e+02
3.603254947759696734e+02
3.570974181187450540e+02
3.544383714549985598e+02
3.521894111353761332e+02
3.502378891868322626e+02
3.485014201119508357e+02
3.469229084409659549e+02
3.454598691485618360e+02
3.440836215835845451e+02
3.427719509785375749e+02
3.415105050351351679e+02
3.402873212306001278e+02
3.390952691042323295e+02
3.379276000640830944e+02
3.367808412937371259e+02
3.356509192916564075e+02
3.345362220278154268e+02
3.334340572383450194e+02
3.323437581345581293e+02
3.312633419985970136e+02
3.301926146354366551e+02
3.291299442239503605e+02
3.280753618913490754e+02
3.270273859672159915e+02
3.259861424140237887e+02
3.249501769844589489e+02
3.239196427418900157e+02
3.228930242601876444e+02
3.218704716883063952e+02
3.208503246759728427e+02
3.198327328384875727e+02
3.188157802539369641e+02
3.177996732630906536e+02
3.167820558216677114e+02
3.157637346499934097e+02
3.147470421809758818e+02
3.137659128837075855e+02
3.128577287519352694e+02
3.120255564248001292e+02
3.112634280855370434e+02
3.105645733355465268e+02
3.099233312829080091e+02
3.093341907525680767e+02
3.087924284448663457e+02
3.082936077224860014e+02
3.078338171246987258e+02
3.074094884964723065e+02
3.070173936553313752e+02
3.066546648665548673e+02
3.063186392895415224e+02
3.060070130433609847e+02
3.057175863136895941e+02
3.054485084943249262e+02
3.051979568102923395e+02
3.049644447938898679e+02
3.047464558092059406e+02
3.045427959541847827e+02
3.043521969556323370e+02
3.041737001633496220e+02
3.040062389243810230e+02
3.038490440138063491e+02
3.037012127416300018e+02
3.035621286813427560e+02
3.034310228311364313e+02
3.033074022738064741e+02
3.031906073697395527e+02
3.030802452600927381e+02
3.029757461102602178e+02
3.028767983084748039e+02
3.027829060797523084e+02
3.026938239349440209e+02
3.026091174562615151e+02
3.025285950845872662e+02
3.024518734858958169e+02
3.023788051733027942e+02
3.023090495635956358e+02
3.022424952472088080e+02
3.021788376113138952e+02
3.021179948185546209e+02
3.020596926906507633e+02
3.020038736519068721e+02
3.019502894228586456e+02
3.018989023394665878e+02
3.018494862911275050e+02
3.018020199501369234e+02
3.017562962958687081e+02
3.017123073883528832e+02
3.016698627457112707e+02
3.016289653757252722e+02
3.015894392130009578e+02
3.015512961871694415e+02
3.015143728769046447e+02
3.014786884459817884e+02
3.014440906309694697e+02
3.014106044191605065e+02
3.013780874538098828e+02
3.013465693628186841e+02
3.013159166384151604e+02
3.012861625539202919e+02
3.012571815526880528e+02
3.012290097134835491e+02
3.012015286654540773e+02
3.011747765815485991e+02
3.011486416215804525e+02
3.011231634484819324e+02
3.010982361895701729e+02
3.010739004828798784e+02
3.010500559371026839e+02
3.010267437252628042e+02
3.010038685160877776e+02
3.009814716403122929e+02
3.009594624601314763e+02
3.009378821397706929e+02
3.009166444149299764e+02
3.008957900042179858e+02
3.008752367369006606e+02
3.008550246455976662e+02
3.008350754080291267e+02
3.008154281642177921e+02
3.007960082261334378e+02
3.007768536646951247e+02
3.007578932401457337e+02
3.007391638055463545e+02
3.007205974102796517e+02
3.007022295676114254e+02
3.006839954838458198e+02
3.006659292380220450e+02
3.006479690899029151e+02
3.006301476200827665e+02
3.006124060711642869e+02
3.005947754966227876e+02
3.005772000912278941e+02
3.005597093970679339e+02
3.005422505815730005e+02
3.005248517493229201e+02
3.005074631290149796e+02
3.004901115402739151e+02
3.004727504547492458e+02
3.004554056683556951e+02
3.004380342065936134e+02
3.004206612547749842e+02
3.004032478838839779e+02
3.003858192946784698e+02
3.003683413481480216e+02
3.003508401840884403e+02
3.003332875494273253e+02
3.003157118576428957e+02
3.002980923181090702e+02
3.002804615080785311e+02
3.002628083141156026e+02
3.002451720891245373e+02
3.002275544164373855e+02
3.002100049110046029e+02
3.001925417941445176e+02
3.001752293517731687e+02
3.001581072383506807e+02
3.001412594947379375e+02
3.001247523470324836e+02
3.001086944743159961e+02
3.000931828003444366e+02
3.000783533764542881e+02
3.000643343141434798e+02
3.000512863170445712e+02
3.000393616843049927e+02
3.000287335352368814e+02
3.000195602048777914e+02
3.000120031018574309e+02
3.000061972873447189e+02
3.000022598492547559e+02
3.000002695853273735e+02
