3.241556565626857998e-04
3.234818413452713128e-04
3.221391624037935248e-04
3.201374544955343758e-04
3.174913006045527921e-04
3.142198329705635316e-04
3.103464742843286888e-04
3.058986244717971123e-04
3.009072993764772734e-04
2.954067287069982910e-04
2.894339210606468251e-04
2.830282045380429169e-04
2.762307514155351302e-04
2.690840956595949920e-04
2.616316515375584047e-04
2.539172415331855301e-04
2.459846408307603998e-04
2.378771452935954324e-04
2.296371686123976007e-04
2.213058737736640013e-04
2.129228425754727634e-04
2.045257863235803834e-04
1.961502993818233930e-04
1.878296566999489842e-04
1.795946550678455234e-04
1.714734974287113699e-04
1.634917183860059935e-04
1.556721488162760166e-04
1.480349165340919882e-04
1.405974799505315840e-04
1.333746909515367229e-04
1.263788834278711825e-04
1.196199834117833970e-04
1.131056371586247795e-04
1.068413532387831836e-04
1.008306552186128140e-04
9.507524139261164936e-05
8.957514861935309339e-05
8.432891730313429933e-05
7.933375517966719372e-05
7.458569761272468583e-05
7.007976270832128225e-05
6.581009962240850282e-05
6.177012898922561830e-05
5.795267445988708634e-05
5.435008482333597015e-05
5.095434622002373358e-05
4.775718436324105377e-05
4.475015668896544917e-05
4.192473468096463826e-05
3.927237659055259864e-05
3.678459102305667273e-05
3.445299180627286025e-05
3.226934474488815982e-05
3.022560678514435672e-05
2.831395824980631517e-05
2.652682870837047043e-05
2.485691714152603139e-05
2.329720695564152860e-05
2.184097646575532410e-05
2.048180536051124378e-05
1.921357770271380562e-05
1.803048191730647763e-05
1.692700824354224110e-05
1.589794403295496477e-05
1.493836728995189924e-05
1.404363876562487612e-05
1.320939292484997836e-05
1.243152803056647757e-05
1.170619559561495190e-05
1.102978938662588882e-05
1.039893416972545602e-05
9.810474331855110764e-06
9.261462516596485840e-06
8.749148366576894783e-06
8.270967469959300954e-06
7.824530569876526250e-06
7.407613101605343963e-06
7.018145090733834264e-06
6.654201451993728079e-06
6.313992702921037391e-06
5.995856113278252857e-06
5.698247290694274100e-06
5.419732209930604836e-06
5.158979676833750239e-06
4.914754225005698215e-06
4.685909430237957820e-06
4.471381634699662084e-06
4.270184062900387761e-06
4.081401319384142808e-06
3.904184254167757082e-06
3.737745199947496954e-06
3.581353595231667365e-06
3.434331967343982102e-06
3.296052064385544251e-06
3.165931002808419742e-06
3.043427673859820033e-06
2.928039559389468073e-06
2.819299870818432884e-06
2.716774925690397040e-06
2.620061719806452723e-06
2.528785676593509169e-06
2.442598559177343376e-06
2.361176535143630161e-06
2.284218382646068090e-06
2.211443829147974725e-06
2.142592012774192207e-06
2.077420058429482896e-06
2.015701759825495605e-06
1.957226360420173223e-06
1.901797425508568772e-06
1.849231799285572563e-06
1.799358640134488268e-06
1.752018528724785548e-06
1.707062643093473096e-06
1.664351995990263606e-06
1.623756729483814283e-06
1.585155462734149386e-06
1.548434688655393769e-06
1.513488215927491249e-06
1.480216652717401629e-06
1.448526929053347344e-06
1.418331854765821093e-06
1.389549710360297434e-06
1.362103868213683016e-06
1.335922441823204827e-06
1.310937960911282378e-06
1.287087070427620592e-06
1.264310251604916766e-06
1.242551563376740480e-06
1.221758402615527808e-06
1.201881281727496324e-06
1.182873622319328628e-06
1.164691563667804839e-06
1.147293784925734074e-06
1.130641339960725685e-06
1.114697503945724823e-06
1.099427630738085106e-06
1.084799020323740669e-06
1.070780795482204934e-06
1.057343787082506028e-06
1.044460427266803345e-06
1.032104650044841253e-06
1.020251798641664361e-06
1.008878539217542373e-06
9.979627803753610592e-07
9.874835981550278620e-07
9.774211659926501573e-07
9.677566894118382037e-07
9.584723449780145870e-07
9.495512233406482414e-07
9.409772759394296446e-07
9.327352652477833975e-07
9.248107181686937497e-07
9.171898824966944208e-07
9.098596860946402039e-07
9.028076987331576622e-07
8.960220962702544170e-07
8.894916271475678884e-07
8.832055809057455515e-07
8.771537587194182385e-07
8.713264456758149011e-07
8.657143848175255045e-07
8.603087526923990672e-07
8.551011364476594194e-07
8.500835122278150505e-07
8.452482249270619880e-07
8.405879690705984254e-07
8.360957708866036108e-07
8.317649713564212050e-07
8.275892103136977594e-07
8.235624113918093388e-07
8.196787678975006715e-07
8.159327294206305539e-07
8.123189892636329657e-07
8.088324725101461771e-07
8.054683248208410282e-07
8.022219017845408218e-07
7.990887589159417097e-07
7.960646421360737784e-07
7.931454788290539181e-07
7.903273693186892067e-07
7.876065788599042721e-07
7.849795299955138698e-07
7.824427953739704838e-07
7.799930908851301308e-07
7.776272692097734289e-07
7.753423136460151734e-07
7.731353323079079187e-07
7.710035525652074859e-07
7.689443158187368433e-07
7.669550724857307235e-07
7.650333772885324924e-07
7.631768847261203255e-07
7.613833448203653455e-07
7.596505990215261299e-07
7.579765763630753083e-07
7.563592897551786757e-07
7.547968325048941103e-07
7.532873749570854971e-07
7.518291613419389987e-07
7.504205067274977533e-07
7.490597941608215987e-07
7.477454719004956992e-07
7.464760508216319276e-07
7.452501019003400414e-07
7.440662538561843756e-07
7.429231908637373525e-07
7.418196504090930467e-07
7.407544212064558193e-07
7.397263412478985209e-07
7.387342959053988253e-07
7.377772161553844806e-07
7.368540768487829698e-07
7.359638950939323818e-07
7.351057286791422135e-07
7.342786745993752725e-07
7.334818676175436874e-07
7.327144789219551217e-07
7.319757148141131549e-07
7.312648154853758665e-07
7.305810538203524974e-07
7.299237342825615155e-07
7.292921918237246069e-07
7.286857908693425479e-07
7.281039243253216465e-07
7.275460126554171135e-07
7.270115029776055035e-07
7.264998682262735209e-07
7.260106063316872515e-07
7.255432394606051023e-07
7.250973132729937905e-07
7.246723962355708206e-07
7.242680789505645428e-07
7.238839735374033953e-07
7.235197130290188995e-07
7.231749508174769959e-07
7.228493601139215891e-07
7.225426334545064766e-07
7.222544822205916306e-07
7.219846362018912485e-07
7.217328431740096124e-07
7.214988685161094751e-07
7.212824948433473001e-07
7.210835216768186156e-07
7.209017651288326526e-07
7.207370576232067131e-07
7.205892476316839168e-07
7.204581994430623005e-07
7.203437929493255641e-07
7.202459234623667397e-07
7.201645015487488987e-07
7.200994528930604199e-07
7.200507181804647662e-07
7.200182530059771148e-07
7.200020278042301848e-07
