-4.510409961867632767e+00
-4.511034721301963479e+00
-4.512283313251732153e+00
-4.514153886148920769e+00
-4.516643668257692923e+00
-4.519748974141351461e+00
-4.523465212949597358e+00
-4.527786898093350665e+00
-4.532707658060579625e+00
-4.538220247767466908e+00
-4.544316560153727202e+00
-4.550987637285119902e+00
-4.558223680666564803e+00
-4.566014059938503955e+00
-4.574347319688300217e+00
-4.583211183491728846e+00
-4.592592554967110274e+00
-4.602477514919907087e+00
-4.612851314419962101e+00
-4.623698362860263700e+00
-4.635002210896932873e+00
-4.646745527291758826e+00
-4.658910069609524918e+00
-4.671476647768483481e+00
-4.684425080453144652e+00
-4.697734143387263472e+00
-4.711381509563499215e+00
-4.725343680485745601e+00
-4.739595908684226977e+00
-4.754112110733622387e+00
-4.768864771342726350e+00
-4.783824838117107348e+00
-4.798961608108021082e+00
-4.814242606419826487e+00
-4.829633458880008057e+00
-4.845097760129425168e+00
-4.860596940486019868e+00
-4.876090134541134269e+00
-4.891534056725618029e+00
-4.906882888958100430e+00
-4.922088188000908637e+00
-4.937098820218229989e+00
-4.951860934004399972e+00
-4.966317980176279789e+00
-4.980410792881734494e+00
-4.994077743094199384e+00
-5.007254978083273578e+00
-5.019876758558533325e+00
-5.031875904747913353e+00
-5.043184358967405245e+00
-5.053733869284344316e+00
-5.063456792635271597e+00
-5.072287010076217406e+00
-5.080160938405350102e+00
-5.087018614944317285e+00
-5.092804823367603539e+00
-5.097470221686645431e+00
-5.100972427218593452e+00
-5.103277010632679023e+00
-5.104358350823439139e+00
-5.104200306365602735e+00
-5.102796666508905510e+00
-5.100151355505813555e+00
-5.096278377188892428e+00
-5.091201501092925241e+00
-5.084953705878219488e+00
-5.077576408470855007e+00
-5.069118517909996235e+00
-5.059635359409768718e+00
-5.049187517743586540e+00
-5.037839648059989628e+00
-5.025659299166352234e+00
-5.012715787608589935e+00
-4.999079153932121322e+00
-4.984819223458755388e+00
-4.970004786451005074e+00
-4.954702904164803634e+00
-4.938978341653800896e+00
-4.922893122141960731e+00
-4.906506194832840784e+00
-4.889873204569201270e+00
-4.873046351233642604e+00
-4.856074325360334676e+00
-4.839002307554434168e+00
-4.821872019126200115e+00
-4.804721813317243573e+00
-4.787586796846637682e+00
-4.770498973717322677e+00
-4.753487403660107802e+00
-4.736578369692455048e+00
-4.719795549561921710e+00
-4.703160187671729275e+00
-4.686691264158550752e+00
-4.670405659310833180e+00
-4.654318311379467055e+00
-4.638442367066414107e+00
-4.622789323678984097e+00
-4.607369162935070150e+00
-4.592190476000810762e+00
-4.577260580153160063e+00
-4.562585626999921651e+00
-4.548170702856480396e+00
-4.534019921400775921e+00
-4.520136509283404713e+00
-4.506522884901575488e+00
-4.493180731013065810e+00
-4.480111061426228503e+00
-4.467314282397709668e+00
-4.454790248968715005e+00
-4.442538316805668686e+00
-4.430557389755557907e+00
-4.418845963608303506e+00
-4.407402166250797393e+00
-4.396223794631592519e+00
-4.385308348695970082e+00
-4.374653062641224999e+00
-4.364254933630374644e+00
-4.354110748251441620e+00
-4.344217106843290210e+00
-4.334570445919415427e+00
-4.325167058798089492e+00
-4.316003114621206116e+00
-4.307074675861761293e+00
-4.298377714459681975e+00
-4.289908126680822775e+00
-4.281661746801962209e+00
-4.273634359714331588e+00
-4.265821712516416397e+00
-4.258219525188726706e+00
-4.250823500393257071e+00
-4.243629332492150574e+00
-4.236632715804054428e+00
-4.229829352195561221e+00
-4.223214958005080177e+00
-4.216785270400346342e+00
-4.210536053148367763e+00
-4.204463101903129996e+00
-4.198562248973948918e+00
-4.192829367683875041e+00
-4.187260376267154527e+00
-4.181851241419324516e+00
-4.176597981436742657e+00
-4.171496669063197160e+00
-4.166543433969720489e+00
-4.161734464989017113e+00
-4.157066012021404688e+00
-4.152534387737049748e+00
-4.148135968983395649e+00
-4.143867198025585452e+00
-4.139724583521772416e+00
-4.135704701363837721e+00
-4.131804195279380032e+00
-4.128019777327634365e+00
-4.124348228180225284e+00
-4.120786397321042571e+00
-4.117331203051946886e+00
-4.113979632439903611e+00
-4.110728741088676585e+00
-4.107575652871618743e+00
-4.104517559505887370e+00
-4.101551720104968268e+00
-4.098675460587774211e+00
-4.095886173081215276e+00
-4.093181315192851777e+00
-4.090558409290307118e+00
-4.088015041662933946e+00
-4.085548861701722601e+00
-4.083157580972363476e+00
-4.080838972316610302e+00
-4.078590868856463381e+00
-4.076411163035256635e+00
-4.074297805570355813e+00
-4.072248804449954740e+00
-4.070262223849399952e+00
-4.068336183097692071e+00
-4.066468855570503749e+00
-4.064658467638516903e+00
-4.062903297548438708e+00
-4.061201674363545955e+00
-4.059551976842426413e+00
-4.057952632380569469e+00
-4.056402115895102689e+00
-4.054898948774893874e+00
-4.053441697778215058e+00
-4.052028973997636285e+00
-4.050659431776391095e+00
-4.049331767693185036e+00
-4.048044719501986854e+00
-4.046797065140981253e+00
-4.045587621699577419e+00
-4.044415244454809155e+00
-4.043278825868530824e+00
-4.042177294653871655e+00
-4.041109614804923922e+00
-4.040074784695073085e+00
-4.039071836140887051e+00
-4.038099833533698835e+00
-4.037157872938735181e+00
-4.036245081260863898e+00
-4.035360615379643967e+00
-4.034503661349624792e+00
-4.033673433571627776e+00
-4.032869174027719161e+00
-4.032090151488690211e+00
-4.031335660783485153e+00
-4.030605022042600183e+00
-4.029897580001615687e+00
-4.029212703279994479e+00
-4.028549783718113453e+00
-4.027908235690840222e+00
-4.027287495477381185e+00
-4.026687020608889611e+00
-4.026106289270303229e+00
-4.025544799681172847e+00
-4.025002069528687443e+00
-4.024477635380860896e+00
-4.023971052149843075e+00
-4.023481892536671545e+00
-4.023009746523966257e+00
-4.022554220851414897e+00
-4.022114938537099782e+00
-4.021691538382819786e+00
-4.021283674523341567e+00
-4.020891015960856407e+00
-4.020513246141350194e+00
-4.020150062517588552e+00
-4.019801176152010491e+00
-4.019466311307588136e+00
-4.019145205076720906e+00
-4.018837606999510648e+00
-4.018543278718132328e+00
-4.018261993622114225e+00
-4.017993536527890264e+00
-4.017737703350666933e+00
-4.017494300808887253e+00
-4.017263146122494355e+00
-4.017044066742029074e+00
-4.016836900073148087e+00
-4.016641493230217463e+00
-4.016457702786972561e+00
-4.016285394554560462e+00
-4.016124443358247476e+00
-4.015974732839932670e+00
-4.015836155260891438e+00
-4.015708611328758337e+00
-4.015592010026377778e+00
-4.015486268463285491e+00
-4.015391311730719615e+00
-4.015307072777692277e+00
-4.015233492292211714e+00
-4.015170518602037220e+00
-4.015118107582181572e+00
-4.015076222580412413e+00
-4.015044834351116698e+00
-4.015023921005605345e+00
-4.015013467972408989e+00
