3.008142295086718718e+02
3.008114679870319037e+02
3.008059776023276868e+02
3.007978229712809934e+02
3.007870992899069051e+02
3.007739303210408366e+02
3.007584658104394180e+02
3.007408784135634505e+02
3.007213602247868494e+02
3.007001190150488128e+02
3.006773742840434807e+02
3.006533532403812501e+02
3.006282868135321564e+02
3.006024058020901180e+02
3.005759372450361866e+02
3.005491010984958393e+02
3.005221072770326600e+02
3.004951531119735932e+02
3.004684212533964001e+02
3.004420780362302139e+02
3.004162723056847426e+02
3.003911346937049984e+02
3.003667773158891237e+02
3.003432938589098740e+02
3.003207600105467350e+02
3.002992341896183461e+02
3.002787585198329907e+02
3.002593600009077477e+02
3.002410518211937642e+02
3.002238347684776727e+02
3.002076986896702238e+02
3.001926239642824612e+02
3.001785829526032785e+02
3.001655413941229540e+02
3.001534597286484995e+02
3.001422943265497452e+02
3.001319986115445886e+02
3.001225240720597753e+02
3.001138211537458460e+02
3.001058400366139836e+02
3.000985312961814202e+02
3.000918464570966080e+02
3.000857384430375419e+02
3.000801619340886077e+02
3.000750736377141266e+02
3.000704324854220317e+02
3.000661997619489512e+02
3.000623391786342040e+02
3.000588168974300629e+02
3.000556015159688172e+02
3.000526640191311571e+02
3.000499777058763016e+02
3.000475180955196493e+02
3.000452628204631083e+02
3.000431915082933756e+02
3.000412856586048065e+02
3.000395285163366452e+02
3.000379049455434597e+02
3.000364013044881517e+02
3.000350053247856295e+02
3.000337059948271303e+02
3.000324934492790021e+02
3.000313588644390279e+02
3.000302943605400401e+02
3.000292929105245889e+02
3.000283482558573382e+02
3.000274548287886773e+02
3.000266076812606570e+02
3.000258024198624298e+02
3.000250351467597056e+02
3.000243024060734456e+02
3.000236011354430730e+02
3.000229286223651570e+02
3.000222824649000017e+02
3.000216605364868201e+02
3.000210609543486271e+02
3.000204820513868071e+02
3.000199223509569038e+02
3.000193805445915132e+02
3.000188554719762237e+02
3.000183461034124548e+02
3.000178515239956027e+02
3.000173709198948018e+02
3.000169035658926759e+02
3.000164488147185580e+02
3.000160060872596546e+02
3.000155748643180686e+02
3.000151546789314239e+02
3.000147451100486933e+02
3.000143457765051949e+02
3.000139563322103982e+02
3.000135764614173013e+02
3.000132058750961619e+02
3.000128443072135269e+02
3.000124915120351261e+02
3.000121472611860440e+02
3.000118113416829146e+02
3.000114835535979978e+02
3.000111637086590690e+02
3.000108516283801237e+02
3.000105471431057822e+02
3.000102500904975500e+02
3.000099603149246832e+02
3.000096776662235811e+02
3.000094019993600227e+02
3.000091331733922289e+02
3.000088710513450110e+02
3.000086154993298351e+02
3.000083663865813151e+02
3.000081235846926120e+02
3.000078869677815874e+02
3.000076564118098759e+02
3.000074317948488556e+02
3.000072129964599412e+02
3.000069998980379751e+02
3.000067923822350622e+02
3.000065903333621122e+02
3.000063936368437112e+02
3.000062021796646832e+02
3.000060158498444594e+02
3.000058345369187691e+02
3.000056581314232744e+02
3.000054865254041374e+02
3.000053196119059180e+02
3.000051572855015252e+02
3.000049994417814787e+02
3.000048459778993220e+02
3.000046967920566203e+02
3.000045517840608795e+02
3.000044108548051440e+02
3.000042739068342712e+02
3.000041408438171970e+02
3.000040115711198041e+02
3.000038859952695702e+02
3.000037640245318471e+02
3.000036455683674603e+02
3.000035305380102386e+02
3.000034188459178495e+02
3.000033104063498968e+02
3.000032051348109690e+02
3.000031029486294756e+02
3.000030037663933058e+02
3.000029075085285513e+02
3.000028140967273771e+02
3.000027234545262900e+02
3.000026355067292343e+02
3.000025501799827339e+02
3.000024674021943270e+02
3.000023871031060594e+02
3.000023092137086564e+02
3.000022336668124012e+02
3.000021603964571000e+02
3.000020893384826195e+02
3.000020204299344186e+02
3.000019536096310162e+02
3.000018888175695793e+02
3.000018259954886162e+02
3.000017650862735650e+02
3.000017060345157915e+02
3.000016487859185190e+02
3.000015932878518470e+02
3.000015394887599314e+02
3.000014873387116268e+02
3.000014367888097695e+02
3.000013877917380114e+02
3.000013403011709556e+02
3.000012942723189440e+02
3.000012496613398412e+02
3.000012064258789906e+02
3.000011645244860006e+02
3.000011239171485613e+02
3.000010845647151427e+02
3.000010464294225585e+02
3.000010094743240643e+02
3.000009736638110098e+02
3.000009389630484407e+02
3.000009053384891899e+02
3.000008727573159604e+02
3.000008411879503569e+02
3.000008105995016194e+02
3.000007809622682657e+02
3.000007522471951233e+02
3.000007244263686630e+02
3.000006974724807378e+02
3.000006713593176073e+02
3.000006460612326009e+02
3.000006215536264449e+02
3.000005978124295893e+02
3.000005748145753159e+02
3.000005525374901367e+02
3.000005309595592848e+02
3.000005100596281977e+02
3.000004898174566392e+02
3.000004702132332000e+02
3.000004512280193580e+02
3.000004328432744387e+02
3.000004150412908075e+02
3.000003978047291753e+02
3.000003811170452650e+02
3.000003649620354054e+02
3.000003493242538184e+02
3.000003341885703207e+02
3.000003195405760721e+02
3.000003053661538956e+02
3.000002916518737379e+02
3.000002783845756085e+02
3.000002655517526478e+02
3.000002531411478799e+02
3.000002411411252865e+02
3.000002295402804293e+02
3.000002183277991321e+02
3.000002074930806657e+02
3.000001970260858570e+02
3.000001869169739734e+02
3.000001771564361093e+02
3.000001677353481568e+02
3.000001586450910622e+02
3.000001498772176092e+02
3.000001414237593167e+02
3.000001332769086275e+02
3.000001254293113107e+02
3.000001178737637701e+02
3.000001106034928853e+02
3.000001036118666207e+02
3.000000968926601104e+02
3.000000904397828094e+02
3.000000842475288323e+02
3.000000783103204185e+02
3.000000726229434918e+02
3.000000671803069281e+02
3.000000619776629947e+02
3.000000570103826476e+02
3.000000522741613622e+02
3.000000477648099491e+02
3.000000434784452068e+02
3.000000394112977915e+02
3.000000355598864985e+02
3.000000319208426163e+02
3.000000284910691448e+02
3.000000252675815204e+02
3.000000222476513727e+02
3.000000194286628812e+02
3.000000168082416394e+02
3.000000143841280646e+02
3.000000121542890952e+02
3.000000101168093352e+02
3.000000082699866653e+02
3.000000066122398721e+02
3.000000051421888543e+02
3.000000038585781681e+02
3.000000027603422836e+02
3.000000018465453309e+02
3.000000011164303260e+02
3.000000005693759704e+02
3.000000002049299042e+02
3.000000000227821033e+02
