9.040498332872433374e-02
9.037222773606938542e-02
9.030674962360654701e-02
9.020861269767943558e-02
9.007791591971398004e-02
8.991478618948200996e-02
8.971938758866614128e-02
8.949190919059890614e-02
8.923257892670188873e-02
8.894164652887354139e-02
8.861940202041886094e-02
8.826615379916365189e-02
8.788225175554818802e-02
8.746806050589096826e-02
8.702398714184121642e-02
8.655044962380838147e-02
8.604790916808557899e-02
8.551683381013652774e-02
8.495773543858498034e-02
8.437112853658283729e-02
8.375757187567056672e-02
8.311762244065827587e-02
8.245188180131642064e-02
8.176094522179333524e-02
8.104545273443412856e-02
8.030603342850459181e-02
7.954336125843128324e-02
7.875809449813747642e-02
7.795093632602538569e-02
7.712256942018656802e-02
7.627372137490455450e-02
7.540509439791144575e-02
7.451743562861289083e-02
7.361146188083841913e-02
7.268793495202582888e-02
7.174758133284939166e-02
7.079117262007481037e-02
6.981944008710268268e-02
6.883316034219122415e-02
6.783306462014655758e-02
6.681992986346470265e-02
6.579448255355849207e-02
6.475749543694382659e-02
6.370968566242396491e-02
6.265181743014137938e-02
6.158459413622369150e-02
6.050876729270097260e-02
5.942502229931224261e-02
5.833409407154062365e-02
5.723664595513759668e-02
5.613339261436795652e-02
5.502497147046297998e-02
5.391207355201801943e-02
5.279530666256089522e-02
5.167533509383069601e-02
5.055273349271798694e-02
4.942813660703945094e-02
4.830208250171986323e-02
4.717517387882942670e-02
4.604790884468278750e-02
4.492085587519071416e-02
4.379446968947597885e-02
4.266928270912309640e-02
4.154570262864663160e-02
4.042422440490718583e-02
3.930520460890987028e-02
3.818909988443582731e-02
3.707621068808062553e-02
3.596695539114115603e-02
3.486157165597431051e-02
3.376044128665095512e-02
3.266372911932088202e-02
3.157178569352855207e-02
3.048468521629033381e-02
2.940275903065202659e-02
2.832593635904350968e-02
2.725445444318541632e-02
2.618719178177914345e-02
2.511933959567215838e-02
2.402977258778222006e-02
2.289643380065005743e-02
2.172831122751816418e-02
2.055152603631539912e-02
1.939074707362767325e-02
1.826522859702043797e-02
1.718821294845574235e-02
1.616769189182544822e-02
1.520758053172439547e-02
1.430882321937402245e-02
1.347041436178526147e-02
1.269007951416408451e-02
1.196485542332832545e-02
1.129139625238138357e-02
1.066625771672455661e-02
1.008599992309726009e-02
9.547320094547617764e-03
9.047063979378015472e-03
8.582288517311024295e-03
8.150237248232265752e-03
7.748371853035801275e-03
7.374336056533147520e-03
7.025973591654277248e-03
6.701290646204231122e-03
6.398468004353084770e-03
6.115825773849923458e-03
5.851833127596191286e-03
5.605076389274286051e-03
5.374267907555059162e-03
5.158217496874006013e-03
4.955841164072796907e-03
4.766135480416101335e-03
4.588186552711351687e-03
4.421146739356977481e-03
4.264244168822179694e-03
4.116761115495875915e-03
3.978044438979758818e-03
3.847484775394996882e-03
3.724528547525563903e-03
3.608656701906787483e-03
3.499399641824410285e-03
3.396311959097461988e-03
3.298977336293862361e-03
3.206908200145270650e-03
3.119655993592411296e-03
3.036922742198124199e-03
2.958458104095308509e-03
2.884028418900669213e-03
2.813410146805546581e-03
2.746392419795017602e-03
2.682774746034854736e-03
2.622367953295388823e-03
2.564993073789146021e-03
2.510481254766486290e-03
2.458673318656798626e-03
2.409419087422304956e-03
2.362577351064531431e-03
2.318014860960534822e-03
2.275606559177350153e-03
2.235234391575211064e-03
2.196787710886223977e-03
2.160162001226581096e-03
2.125259400187162490e-03
2.091987391250744489e-03
2.060259408439529642e-03
2.029993531491121415e-03
2.001113147618897685e-03
1.973545670661583287e-03
1.947223241531390037e-03
1.922081483842078779e-03
1.898060229336232104e-03
1.875102316902923410e-03
1.853154332592703464e-03
1.832165455349021475e-03
1.812088203639221264e-03
1.792877328944036302e-03
1.774490562849304585e-03
1.756887557914195907e-03
1.740030630459922815e-03
1.723883747576790675e-03
1.708413261927850492e-03
1.693586943163465260e-03
1.679374701906625675e-03
1.665747663593035314e-03
1.652678879475216701e-03
1.640142440810614171e-03
1.628114175252699022e-03
1.616570799312307865e-03
1.605490598925271139e-03
1.594852618175509598e-03
1.584637323162682663e-03
1.574825825073783133e-03
1.565400526739070108e-03
1.556344378255678385e-03
1.547641505828869666e-03
1.539276498275931378e-03
1.531235017913997040e-03
1.523503116397917617e-03
1.516067827544391585e-03
1.508916511079553147e-03
1.502037427388692699e-03
1.495419107865532263e-03
1.489050911653410757e-03
1.482922421397090415e-03
1.477023982099149452e-03
1.471346121176399973e-03
1.465880069598327669e-03
1.460617205243188756e-03
1.455549556516802902e-03
1.450669268088691788e-03
1.445969087211301839e-03
1.441441850994608235e-03
1.437080955660163719e-03
1.432879864583619291e-03
1.428832560726463630e-03
1.424933074740551177e-03
1.421175920824219391e-03
1.417555644241636848e-03
1.414067240850192409e-03
1.410705723441051801e-03
1.407466525181802139e-03
1.404345084233323427e-03
1.401337231347073121e-03
1.398438792257368328e-03
1.395645959666181853e-03
1.392954912950491965e-03
1.390362174759647530e-03
1.387864247614050296e-03
1.385457955331648519e-03
1.383140096127789473e-03
1.380907769078014609e-03
1.378758043359453508e-03
1.376688269947396511e-03
1.374695766666533857e-03
1.372778115308488731e-03
1.370932862186630304e-03
1.369157800851367613e-03
1.367450687865280883e-03
1.365809511282049414e-03
1.364232221379496493e-03
1.362716985056812739e-03
1.361261931281646962e-03
1.359865391548432815e-03
1.358525659811856811e-03
1.357241219136380399e-03
1.356010515902265293e-03
1.354832172762444583e-03
1.353704776918200842e-03
1.352627079484137931e-03
1.351597797638522894e-03
1.350615800479748781e-03
1.349679924861042031e-03
1.348789147802527356e-03
1.347942415822188291e-03
1.347138803947567701e-03
1.346377358356580468e-03
1.345657242015964664e-03
1.344977590453308230e-03
1.344337644044767740e-03
1.343736616767394424e-03
1.343173815187039639e-03
1.342648520115748969e-03
1.342160092448457537e-03
1.341707867820103248e-03
1.341291249661382377e-03
1.340909617271202406e-03
1.340562406854154754e-03
1.340249033912199392e-03
1.339968963542588791e-03
1.339721648552029236e-03
1.339506590616748507e-03
1.339323295518417365e-03
1.339171326190475133e-03
1.339050275157227347e-03
1.338959808314905920e-03
1.338899651785588124e-03
1.338869622124760472e-03
