1.052527736829518001e-01
1.052151238674863543e-01
1.051398599300292502e-01
1.050270600650660552e-01
1.048768310608688414e-01
1.046893287108055098e-01
1.044647300249158528e-01
1.042032672112303826e-01
1.039051860578514841e-01
1.035707934284963716e-01
1.032004018917683785e-01
1.027943906538383023e-01
1.023531365355353079e-01
1.018770882447961323e-01
1.013666838247770513e-01
1.008224381497016681e-01
1.002448469880715259e-01
9.963448758810979078e-02
9.899190951902543667e-02
9.831774819665126119e-02
9.761260268225759040e-02
9.687716198551270252e-02
9.611207001427669872e-02
9.531806448089494288e-02
9.449582920744638292e-02
9.364614545290857184e-02
9.276973178619300764e-02
9.186740764616072030e-02
9.093992099916309302e-02
8.998812394153052341e-02
8.901278835896599129e-02
8.801479338226170235e-02
8.699492926245845636e-02
8.595409649550346531e-02
8.489309811925725702e-02
8.381285033195302880e-02
8.271416340452304727e-02
8.159796363147858722e-02
8.046506303421227524e-02
7.931639250178074141e-02
7.815276043729370292e-02
7.697509697063746603e-02
7.578420167016548803e-02
7.458099874036568100e-02
7.336627388403500760e-02
7.214094043616621488e-02
7.090576541663966281e-02
6.966164659828456840e-02
6.840932773563518365e-02
6.714968662157480561e-02
6.588343941234296730e-02
6.461143979512520841e-02
6.333437225128171755e-02
6.205306253887779566e-02
6.076815964257152591e-02
5.948045787305156207e-02
5.819056714011621584e-02
5.689924708855991636e-02
5.560706519697918015e-02
5.431474351065489203e-02
5.302280390825209189e-02
5.173192816076226108e-02
5.044258951726900836e-02
4.915542701832267825e-02
4.787086232769618283e-02
4.658948945834071043e-02
4.531167552317818398e-02
4.403796728032492031e-02
4.276867421486510445e-02
4.150429353322189485e-02
4.024507379547791891e-02
3.899146005074879962e-02
3.774363634733623324e-02
3.650199219332637274e-02
3.526664339228234579e-02
3.403791864323789385e-02
3.281586264882174059e-02
3.160073279994955742e-02
3.039250507119915790e-02
2.919133222587174184e-02
2.799711661398471621e-02
2.680943937555077192e-02
2.562532714723905758e-02
2.442419608953444801e-02
2.316960582974393265e-02
2.186512186013071096e-02
2.054853842237614261e-02
1.925443123166659457e-02
1.800943188770122785e-02
1.682988823376916493e-02
1.572483317583202311e-02
1.469714276876722854e-02
1.374624208563917337e-02
1.286899990660864482e-02
1.206125326777751638e-02
1.131808799445525697e-02
1.063459329767627373e-02
1.000582856186537500e-02
9.427202413328138186e-03
8.894333217022435539e-03
8.403257020929253904e-03
7.950270844476223925e-03
7.532060823536106640e-03
7.145558810110914753e-03
6.788030539349234997e-03
6.456952936276235538e-03
6.150080216189076666e-03
5.865341311262838031e-03
5.600892478868600699e-03
5.355032017173654013e-03
5.126243831076189583e-03
4.913126362572553876e-03
4.714429635726640616e-03
4.528995693572623882e-03
4.355790677445826875e-03
4.193854547326718134e-03
4.042329228949777427e-03
3.900415841437342504e-03
3.767399641726840772e-03
3.642613353420269887e-03
3.525459448506003922e-03
3.415378465444363337e-03
3.311869042609484354e-03
3.214460343644366148e-03
3.122730169640101656e-03
3.036280788853934574e-03
2.954755391265389761e-03
2.877816759259573670e-03
2.805162280711021201e-03
2.736505006314742753e-03
2.671587400806773628e-03
2.610164418331957937e-03
2.552016142677179800e-03
2.496932579778189318e-03
2.444725314844663818e-03
2.395213774915506532e-03
2.348236012076843071e-03
2.303636231981197238e-03
2.261274797003319428e-03
2.221016851210006263e-03
2.182741624543378146e-03
2.146332012675921438e-03
2.111683252623044061e-03
2.078693338632488750e-03
2.047271130593941290e-03
2.017327505631865553e-03
1.988782952871248622e-03
1.961559375216350917e-03
1.935587216299968936e-03
1.910797836956108255e-03
1.887130212319876408e-03
1.864523828051636248e-03
1.842925014756683971e-03
1.822280328123703679e-03
1.802542506194292288e-03
1.783664234052818919e-03
1.765603769833551211e-03
1.748319096508105675e-03
1.731773253933803491e-03
1.715928836109860628e-03
1.700753046133437292e-03
1.686212506059679272e-03
1.672278054372836878e-03
1.658919841669931469e-03
1.646111888946812660e-03
1.633827445804469751e-03
1.622043326056424794e-03
1.610735507932969197e-03
1.599883261862273479e-03
1.589464974516596176e-03
1.579462082148892733e-03
1.569855102370902762e-03
1.560627385122935040e-03
1.551761337848510912e-03
1.543242005016974474e-03
1.535053473904448651e-03
1.527182292558268819e-03
1.519614044743354498e-03
1.512336615318464993e-03
1.505336924088934193e-03
1.498604046743748147e-03
1.492126098393819220e-03
1.485893217484034537e-03
1.479894590710815160e-03
1.474121306664259419e-03
1.468563514626747453e-03
1.463213154108150386e-03
1.458061240743070740e-03
1.453100477349077721e-03
1.448322660775825050e-03
1.443721179635837045e-03
1.439288536524640193e-03
1.435018737139613382e-03
1.430904922795645223e-03
1.426941655254795448e-03
1.423122654913989114e-03
1.419442985312400606e-03
1.415896892773320153e-03
1.412479894232952999e-03
1.409186714483220840e-03
1.406013280671854692e-03
1.402954753621504487e-03
1.400007432083204490e-03
1.397166874904272544e-03
1.394429717872661687e-03
1.391791883775011368e-03
1.389250314446145631e-03
1.386801266002605148e-03
1.384441958506754363e-03
1.382168953883488932e-03
1.379979725420325517e-03
1.377871116077586042e-03
1.375840829873321023e-03
1.373885968482259920e-03
1.372004446395241103e-03
1.370193603872257773e-03
1.368451547618942509e-03
1.366775838314987068e-03
1.365164758414359834e-03
1.363616072614196126e-03
1.362128224259205600e-03
1.360699167248904549e-03
1.359327492409570168e-03
1.358011329460621225e-03
1.356749404608233178e-03
1.355540011305943508e-03
1.354382000222005469e-03
1.353273817635774296e-03
1.352214428835202828e-03
1.351202423089982018e-03
1.350236871445930492e-03
1.349316497308943302e-03
1.348440469518425670e-03
1.347607637663784204e-03
1.346817261238961172e-03
1.346068308895973648e-03
1.345360124406810680e-03
1.344691789136590997e-03
1.344062725467013537e-03
1.343472121846038753e-03
1.342919474258162400e-03
1.342404073278471348e-03
1.341925484108743216e-03
1.341483095131680613e-03
1.341076536968452849e-03
1.340705292093859278e-03
1.340369053309540702e-03
1.340067394043945818e-03
1.339800066575740078e-03
1.339566732703439738e-03
1.339367201995540248e-03
1.339201222574132669e-03
1.339068659611525672e-03
1.338969346030198385e-03
1.338903201409876202e-03
1.338870142463477898e-03
