2.013036529319334189e-02
2.008533675960189058e-02
2.010335242501132269e-02
2.009176725335631852e-02
2.010035304302770776e-02
2.009351954553484365e-02
2.009920101078943588e-02
2.009433628420176365e-02
2.009859239049022195e-02
2.009480840983579597e-02
2.009821672234457512e-02
2.009511577657646653e-02
2.009796224428694877e-02
2.009533166213001154e-02
2.009777886024260996e-02
2.009549152789785742e-02
2.009764076758824292e-02
2.009561462934272846e-02
2.009753332648916979e-02
2.009571232781132144e-02
2.009744761554477233e-02
2.009579176333886608e-02
2.009737789120619178e-02
2.009585765227861476e-02
2.009732029176664048e-02
2.009591323903658910e-02
2.009727212833972709e-02
2.009596083292070068e-02
2.009723147471270677e-02
2.009600212676776465e-02
2.009719691869032987e-02
2.009603839464091379e-02
2.009716740564809756e-02
2.009607061901597103e-02
2.009714213686780715e-02
2.009609957549418624e-02
2.009712050167888897e-02
2.009612589099002422e-02
2.009710203133013851e-02
2.009615008485493570e-02
2.009708636718299246e-02
2.009617259900398079e-02
2.009707323866016804e-02
2.009619382072808103e-02
2.009706244815473442e-02
2.009621410071710246e-02
2.009705386111471093e-02
2.009623376812086359e-02
2.009704740012746571e-02
2.009625314396967788e-02
2.009704304247161843e-02
2.009627255395030065e-02
2.009704082088253907e-02
2.009629234162213507e-02
2.009704082758650978e-02
2.009631288304003505e-02
2.009704322207728211e-02
2.009633460400878091e-02
2.009704824344549223e-02
2.009635800143327877e-02
2.009705622867280495e-02
2.009638367088661948e-02
2.009706763896040860e-02
2.009641234316894565e-02
2.009708309689389738e-02
2.009644493191387049e-02
2.009710342942255812e-02
2.009648255325574562e-02
2.009712951108177936e-02
2.009652548696910790e-02
2.009715663290728704e-02
2.009654305377395200e-02
2.009700788971657825e-02
2.009551067872600294e-02
2.009049856719907767e-02
2.005427608619431146e-02
1.981815398783826065e-02
1.821076393830201035e-02
8.550195028758922344e-03
-2.409923428029248083e-02
-7.146356817384660887e-02
-1.152786757448535926e-01
-1.511533435509175571e-01
-1.792975777752453537e-01
-2.007845670706748242e-01
-2.168694496472106104e-01
-2.287362230197357016e-01
-2.374008747792687168e-01
-2.436750044372623103e-01
-2.481884019960704790e-01
-2.514097288308689282e-01
-2.536894575621898018e-01
-2.552788947978252843e-01
-2.563654153249027567e-01
-2.570793235995197934e-01
-2.575202951227167358e-01
-2.577544207253888442e-01
-2.578356903928715749e-01
-2.577964535949475722e-01
-2.576671557187270034e-01
-2.574621681673788798e-01
-2.571998746690164483e-01
-2.568846970839950283e-01
-2.565289471237378605e-01
-2.561311215399719177e-01
-2.557006645712444626e-01
-2.552320708994549880e-01
-2.547337346246409395e-01
-2.541969079874292770e-01
-2.536301051591616229e-01
-2.530213567160254362e-01
-2.523802575327864783e-01
-2.516910125469404291e-01
-2.509654043390995293e-01
-2.501824157426014716e-01
-2.493577776763390430e-01
-2.484623986376816862e-01
-2.475195763687018102e-01
-2.464858485651313658e-01
-2.454040029053555783e-01
-2.442508588700235406e-01
-2.437563303407363213e-01
-2.451324801089097005e-01
-2.470540419557006873e-01
-2.488961913477938659e-01
-2.505901169330995715e-01
-2.521773131913962462e-01
-2.536330747021239840e-01
-2.549954759820309280e-01
-2.562449278706329103e-01
-2.574138828689387370e-01
-2.584858974463628556e-01
-2.594892821605968569e-01
-2.604094116043997875e-01
-2.612714958103098395e-01
-2.620619402397472153e-01
-2.628035760469027982e-01
-2.634833736956044281e-01
-2.641223118848885498e-01
-2.647076444815533725e-01
-2.652588991474041369e-01
-2.657634379904244004e-01
-2.662396536125826718e-01
-2.666749032157134103e-01
-2.670866987254136293e-01
-2.674623155078813541e-01
-2.678185931065585335e-01
-2.681426691399098061e-01
-2.684508837376071710e-01
-2.687301928263836071e-01
-2.689965826163742135e-01
-2.692367899420551880e-01
-2.694665710433643557e-01
-2.696724095376101249e-01
-2.698699386814386036e-01
-2.700453560470287839e-01
-2.702142655294523244e-01
-2.703625459160725608e-01
-2.705058548522207840e-01
-2.706297189372284251e-01
-2.707499244540221839e-01
-2.708516112622347816e-01
-2.709507627881067027e-01
-2.710320961174678689e-01
-2.711118554400719360e-01
-2.711742972978805066e-01
-2.712359866020959687e-01
-2.712806796272456689e-01
-2.713253193100565452e-01
-2.713531197715781662e-01
-2.713814574617700592e-01
-2.713929600819425247e-01
-2.714054919689127265e-01
-2.714010475172248249e-01
-2.713980328048138935e-01
-2.713777591396416278e-01
-2.713592281835495168e-01
-2.713230151718548089e-01
-2.712887716199697818e-01
-2.712362801347384389e-01
-2.711858971617645553e-01
-2.711165521293298908e-01
-2.710493626288728031e-01
-2.709623398669397387e-01
-2.708774202243193763e-01
-2.707716265620294105e-01
-2.706677733694800581e-01
-2.705418192604258643e-01
-2.704175180357388242e-01
-2.702696815503440875e-01
-2.701230661650885212e-01
-2.699512468574236101e-01
-2.697800479508806748e-01
-2.695817086153735609e-01
-2.693831887361985422e-01
-2.691552824714025238e-01
-2.689261550192175165e-01
-2.686650342592559748e-01
-2.684013624465473868e-01
-2.681026656561263932e-01
-2.677997366238085153e-01
-2.674582471160784070e-01
-2.671104149360826741e-01
-2.667198846814925473e-01
-2.663203741801379865e-01
-2.658733034243340176e-01
-2.654139644401211640e-01
-2.649013253104651744e-01
-2.643723240216515058e-01
-2.637832129230460732e-01
-2.631726430786560100e-01
-2.624938423873736104e-01
-2.617872344815138641e-01
-2.610026586787835834e-01
-2.601823591846669226e-01
-2.592723540349998190e-01
-2.583167397433492884e-01
-2.572571955213270867e-01
-2.561396801107805321e-01
-2.549009117848040074e-01
-2.535886939805428453e-01
-2.521340342635970400e-01
-2.505865317597111286e-01
-2.488705806680801824e-01
-2.470374967452257375e-01
-2.450039814275040140e-01
-2.428229728015011690e-01
-2.404022092283755463e-01
-2.377961854867866043e-01
-2.349022284903065638e-01
-2.317764556959412969e-01
-2.283042299687100818e-01
-2.245437060166582954e-01
-2.203668229355680297e-01
-2.158349628497630013e-01
-2.108057006218527485e-01
-2.053464046080035188e-01
-1.993006799748711089e-01
-1.927475904564121267e-01
-1.855198942263975026e-01
-1.777192143278617797e-01
-1.691753510643142222e-01
-1.600315450867195177e-01
-1.501294750656891053e-01
-1.396843145275463716e-01
-1.285716740556262228e-01
-1.171206693081951744e-01
-1.052634924909726932e-01
-9.348985825561328955e-02
-8.179016721946363866e-02
-7.084885632087142837e-02
-6.065105148438820759e-02
-5.208845456323743517e-02
-4.493362660063698888e-02
-4.039783399963997601e-02
-3.711796551640372810e-02
