3.121771201145168675e+02
3.121706499456332722e+02
3.121577387706257696e+02
3.121384444036704053e+02
3.121128522831699001e+02
3.120810739999928956e+02
3.120432453649955278e+02
3.119995241533909507e+02
3.119500874907975572e+02
3.118951290759084145e+02
3.118348561749758119e+02
3.117694866294279450e+02
3.116992457703983632e+02
3.116243635169584536e+02
3.115450714996202919e+02
3.114616005125990910e+02
3.113741780761023961e+02
3.112830264335847232e+02
3.111883607005555064e+02
3.110903875101673179e+02
3.109893038069228055e+02
3.108852961566486783e+02
3.107785401613948011e+02
3.106692003758263354e+02
3.105574302555909298e+02
3.104433725697350042e+02
3.103271597545970621e+02
3.102089146841332763e+02
3.100887512855869090e+02
3.099667755250030723e+02
3.098430861460932988e+02
3.097177757418551778e+02
3.095909314982962428e+02
3.094626362484639230e+02
3.093329691313480225e+02
3.092020065552482038e+02
3.090698227131416616e+02
3.089364904127291993e+02
3.088020814181816718e+02
3.086666671306217609e+02
3.085303187495500765e+02
3.083931078079112353e+02
3.082551061634042071e+02
3.081163864061078357e+02
3.079770217003549533e+02
3.078370860906999269e+02
3.076966542199729133e+02
3.075558015622975745e+02
3.074146040436552880e+02
3.072731382300873406e+02
3.071314808749260123e+02
3.069897090875765002e+02
3.068478998277504957e+02
3.067061300763905933e+02
3.065644762927135503e+02
3.064230146047714811e+02
3.062818202405275088e+02
3.061409677517676187e+02
3.060005304261996457e+02
3.058605805552595598e+02
3.057211888305307070e+02
3.055824246635642680e+02
3.054443555667804162e+02
3.053070475317945807e+02
3.051705643923203866e+02
3.050349682666160334e+02
3.049003188976286651e+02
3.047666741650219251e+02
3.046340893957063258e+02
3.045026179514493947e+02
3.043723105008207312e+02
3.042432156896559263e+02
3.041153793630700761e+02
3.039888453281354828e+02
3.038636545116731327e+02
3.037398458276558131e+02
3.036174552525416175e+02
3.034965168145391772e+02
3.033770615626560812e+02
3.032591187018279015e+02
3.031427144235742617e+02
3.030278732215104469e+02
3.029146165391284740e+02
3.028029643184821680e+02
3.026929334082075229e+02
3.025845394577333423e+02
3.024777951278862247e+02
3.023727130002017134e+02
3.022693055289142876e+02
3.021675967812789168e+02
3.020676503387255138e+02
3.019696682255252540e+02
3.018741884587685149e+02
3.017821705454471726e+02
3.016945090105295435e+02
3.016115497258484197e+02
3.015332233570461540e+02
3.014593034521639083e+02
3.013895302191563701e+02
3.013236458899114041e+02
3.012614072722231526e+02
3.012025854628732873e+02
3.011469677018985749e+02
3.010943546563831887e+02
3.010445612437199543e+02
3.009974140993504079e+02
3.009527522057267674e+02
3.009104246828347868e+02
3.008702913337589848e+02
3.008322207132895301e+02
3.007960906245515389e+02
3.007617864183727647e+02
3.007292014590299232e+02
3.006982356163414920e+02
3.006687957111512901e+02
3.006407941698879540e+02
3.006141494560375236e+02
3.005887848627721155e+02
3.005646289339730401e+02
3.005416143750012452e+02
3.005196784651716371e+02
3.004987620702116828e+02
3.004788100470816516e+02
3.004597703444231911e+02
3.004415944000239165e+02
3.004242363177739890e+02
3.004076532577419698e+02
3.003918046799623767e+02
3.003766527269207813e+02
3.003621615259748978e+02
3.003482975639827259e+02
3.003350290413886796e+02
3.003223262387183468e+02
3.003101609163846888e+02
3.002985066727978847e+02
3.002873383848047411e+02
3.002766325572082451e+02
3.002663667994659704e+02
3.002565201664706365e+02
3.002470726677399284e+02
3.002380055993579049e+02
3.002293010824016051e+02
3.002209423859970343e+02
3.002129134921595437e+02
3.002051994099629155e+02
3.001977857643393577e+02
3.001906591014013088e+02
3.001838064990624844e+02
3.001772158635826599e+02
3.001708755601423491e+02
3.001647747007081080e+02
3.001589027929229587e+02
3.001532500194146564e+02
3.001478069035595695e+02
3.001425645803756197e+02
3.001375144778857020e+02
3.001326485797532087e+02
3.001279591211181241e+02
3.001234388431373077e+02
3.001190807023013463e+02
3.001148781170468851e+02
3.001108246896669129e+02
3.001069144451721513e+02
3.001031415650028862e+02
3.000995006183167106e+02
3.000959863067945435e+02
3.000925936885323608e+02
3.000893179333048693e+02
3.000861545392405105e+02
3.000830990979723651e+02
3.000801475042669040e+02
3.000772957305496789e+02
3.000745400296593175e+02
3.000718767182821693e+02
3.000693023729977540e+02
3.000668136222009252e+02
3.000644073356017998e+02
3.000620804242522013e+02
3.000598300236558202e+02
3.000576533015521363e+02
3.000555476347882404e+02
3.000535104245412299e+02
3.000515392670977235e+02
3.000496317762253398e+02
3.000477857480000239e+02
3.000459989900593314e+02
3.000442694806118880e+02
3.000425952043302118e+02
3.000409743056694651e+02
3.000394049311744311e+02
3.000378853772324419e+02
3.000364139385870317e+02
3.000349890506421389e+02
3.000336091439913275e+02
3.000322727813851316e+02
3.000309785181011080e+02
3.000297250336795969e+02
3.000285109979710114e+02
3.000273351977421044e+02
3.000261964082491204e+02
3.000250935148121130e+02
3.000240253897720208e+02
3.000229910091241550e+02
3.000219893347325524e+02
3.000210194261055676e+02
3.000200803277476211e+02
3.000191711761606825e+02
3.000182910922189308e+02
3.000174392834759374e+02
3.000166149414571350e+02
3.000158173393440393e+02
3.000150457340906200e+02
3.000142994595541381e+02
3.000135778333420262e+02
3.000128802454555625e+02
3.000122060697874531e+02
3.000115547483364935e+02
3.000109257072764990e+02
3.000103184368041980e+02
3.000097324117050448e+02
3.000091671668889148e+02
3.000086222223862364e+02
3.000080971546223623e+02
3.000075915257831412e+02
3.000071049508741226e+02
3.000066370314004303e+02
3.000061874182544557e+02
3.000057557496577374e+02
3.000053417099185822e+02
3.000049449715877472e+02
3.000045652501258928e+02
3.000042022502266263e+02
3.000038557164317581e+02
3.000035253835816889e+02
3.000032110234099036e+02
3.000029123990841526e+02
3.000026293078127537e+02
3.000023615394429157e+02
3.000021089151042588e+02
3.000018712498372793e+02
3.000016483873002358e+02
3.000014401663984245e+02
3.000012464520782487e+02
3.000010671059355900e+02
3.000009020131162174e+02
3.000007510568820521e+02
3.000006141416366177e+02
3.000004911714328273e+02
3.000003820691373448e+02
3.000002867588655135e+02
3.000002051812974742e+02
3.000001372800289232e+02
3.000000830130491636e+02
3.000000423429974035e+02
3.000000152448112090e+02
3.000000016998832280e+02
