6.752355356696106981e+01
6.749908838889437845e+01
6.745018273489661453e+01
6.737688418728623674e+01
6.727926666043053672e+01
6.715742493586952833e+01
6.701148156634171471e+01
6.684157777086875285e+01
6.664788379160975751e+01
6.643058615351722551e+01
6.618990147522708867e+01
6.592606009931942879e+01
6.563932335924087624e+01
6.532996358720815522e+01
6.499828484029612241e+01
6.464459929346524802e+01
6.426925142952973147e+01
6.387259082454765036e+01
6.345499980853706745e+01
6.301686264937114146e+01
6.255859669395547229e+01
6.208061795468536559e+01
6.158337574449826946e+01
6.106731466665747377e+01
6.053291276182788749e+01
5.998063989727978651e+01
5.941099945010751782e+01
5.882448308562514683e+01
5.822161600833756268e+01
5.760290811105140563e+01
5.696890283451263315e+01
5.632012465823189018e+01
5.565713162122228397e+01
5.498045911230016713e+01
5.429067611857448128e+01
5.358832525650456802e+01
5.287398283232511886e+01
5.214819503471757400e+01
5.141154191300434206e+01
5.066456962704058498e+01
4.990785847579123669e+01
4.914195106879824237e+01
4.836742457104565318e+01
4.758481462154193053e+01
4.679469200197806344e+01
4.599758207947821376e+01
4.519404615897215649e+01
4.438459616606719038e+01
4.356978100971903700e+01
4.275009614339424502e+01
4.192607535039756073e+01
4.109819472115088246e+01
4.026697038545874108e+01
3.943285631225690224e+01
3.859634866157080069e+01
3.775787663761760626e+01
3.691791433404374345e+01
3.607686363196717849e+01
3.523517469004094949e+01
3.439321954426550576e+01
3.355142278974831527e+01
3.271012405656190936e+01
3.186972101080895214e+01
3.103051815984490602e+01
3.019288518734049731e+01
2.935708841646152933e+01
2.852346891480938496e+01
2.769225109365298820e+01
2.686374743484495653e+01
2.603813544858765638e+01
2.521570030464367207e+01
2.439656511926367344e+01
2.358099171071073030e+01
2.276903550426408174e+01
2.196094398030674810e+01
2.115666427501561841e+01
2.035637358441951505e+01
1.955923425831129947e+01
1.876165461573775062e+01
1.794785615559607450e+01
1.710136451891083809e+01
1.622889284494520012e+01
1.534995105468949106e+01
1.448296432917407905e+01
1.364231368860650484e+01
1.283788984867414307e+01
1.207566186415005305e+01
1.135855392975333622e+01
1.068727138215834849e+01
1.006106314316604156e+01
9.478230428160458132e+00
8.936559980995628649e+00
8.433552793446615681e+00
7.966636326621899578e+00
7.533241321523873602e+00
7.130900931434379864e+00
6.757259243265163029e+00
6.410118082966777209e+00
6.087418648299177448e+00
5.787265066714093464e+00
5.507897434409213311e+00
5.247705233804126124e+00
5.005199284993126163e+00
4.779020814233676084e+00
4.567915108674614366e+00
4.370738792345003176e+00
4.186435989284878367e+00
4.014044951697846031e+00
3.852676729044230086e+00
3.701521685976534748e+00
3.559830360778536651e+00
3.426920165901733206e+00
3.302157997163347236e+00
3.184967343106403614e+00
3.074812133904196720e+00
2.971204538476536428e+00
2.873689422460259824e+00
2.781853318594786462e+00
2.695308545436732484e+00
2.613704360828724926e+00
2.536708089048037351e+00
2.464008782275303400e+00
2.395242271650684263e+00
2.330073529551755840e+00
2.268279998635678307e+00
2.209674698363869982e+00
2.154083107611201697e+00
2.101338264317743398e+00
2.051282670996334101e+00
2.003766580137380959e+00
1.958648698852891279e+00
1.915795355960820956e+00
1.875080435208885676e+00
1.836385046743671756e+00
1.799597022469957563e+00
1.764610892528173380e+00
1.731327133416430630e+00
1.699652339265665058e+00
1.669498335345493967e+00
1.640782479123994886e+00
1.613426707604870280e+00
1.587357927277329939e+00
1.562507037481470462e+00
1.538809382019993510e+00
1.516203774584108377e+00
1.494632993022878775e+00
1.474042822675026398e+00
1.454382579534199360e+00
1.435604180826587806e+00
1.417662686833127905e+00
1.400515403874849074e+00
1.384122437030652186e+00
1.368445828013195031e+00
1.353450112828174845e+00
1.339101495320755397e+00
1.325368405178960929e+00
1.312220706867316844e+00
1.299630254416325181e+00
1.287570134817230150e+00
1.276015216847445899e+00
1.264941427633331505e+00
1.254326293395395586e+00
1.244148247698722232e+00
1.234387162502501578e+00
1.225023686546422796e+00
1.216039765485741109e+00
1.207418008863980541e+00
1.199142198429435480e+00
1.191196682191807854e+00
1.183566870265480686e+00
1.176238654581075460e+00
1.169198891798592044e+00
1.162434847332092236e+00
1.155934665031728592e+00
1.149686834272941383e+00
1.143680646229054965e+00
1.137905682870042900e+00
1.132352259743340639e+00
1.127010935818397286e+00
1.121872942767699666e+00
1.116929714680145569e+00
1.112173303891477616e+00
1.107595929670827095e+00
1.103190380692981698e+00
1.098949581878064796e+00
1.094866983630248480e+00
1.090936146079980684e+00
1.087151115237262378e+00
1.083506023949544872e+00
1.079995455133942794e+00
1.076614058822229936e+00
1.073356902647060407e+00
1.070219104398536070e+00
1.067196169945833439e+00
1.064283640778099782e+00
1.061477419545733936e+00
1.058773432102228185e+00
1.056167940849507270e+00
1.053657220837347586e+00
1.051237861095007498e+00
1.048906454381239195e+00
1.046659886681007734e+00
1.044495040231972816e+00
1.042409071360225647e+00
1.040399126439409239e+00
1.038462608233570839e+00
1.036596904472431913e+00
1.034799642863105218e+00
1.033068431990101121e+00
1.031401105150646202e+00
1.029795473310820331e+00
1.028249557911971923e+00
1.026761355635240403e+00
1.025329060318876273e+00
1.023950839302393723e+00
1.022625044586847665e+00
1.021350000547054604e+00
1.020124204458715989e+00
1.018946125382716339e+00
1.017814394174611170e+00
1.016727613358857196e+00
1.015684536727327059e+00
1.014683890033426072e+00
1.013724540276800923e+00
1.012805327057639815e+00
1.011925221634328853e+00
1.011083168786388375e+00
1.010278235720328155e+00
1.009509464295580639e+00
1.008776009840841370e+00
1.008077003600864829e+00
1.007411681511172885e+00
1.006779256725213845e+00
1.006179038380328183e+00
1.005610314066045730e+00
1.005072458601560914e+00
1.004564826311745263e+00
1.004086849832949380e+00
1.003637942084010692e+00
1.003217585138415524e+00
1.002825241834111258e+00
1.002460434823019719e+00
1.002122667890350094e+00
1.001811495458017953e+00
1.001526453923885729e+00
1.001267122188717273e+00
1.001033063690463853e+00
1.000823878909839815e+00
1.000639159147741930e+00
1.000478532205749893e+00
1.000341628951803008e+00
1.000228122940540976e+00
1.000137709828045729e+00
1.000070140071948277e+00
1.000025209112611169e+00
1.000002779935182939e+00
