-5.117984418590404807e-05
-4.127198975521811686e-05
-4.543063584805717350e-05
-4.309539340772540944e-05
-4.532955327259798956e-05
-4.420851812621859317e-05
-4.597097063846129793e-05
-4.545415570985206460e-05
-4.708165141169646037e-05
-4.698231888079179943e-05
-4.861493873631163114e-05
-4.885834813410390020e-05
-5.057496901057989346e-05
-5.113095930979543276e-05
-5.298687577732516209e-05
-5.384814966492975849e-05
-5.588923128862240250e-05
-5.706278955081164965e-05
-5.933200823317662600e-05
-6.083541309757221807e-05
-6.337639696113853193e-05
-6.523613415309525911e-05
-6.809542391093980252e-05
-7.034630633029257372e-05
-7.357500809701722391e-05
-7.626015903148355729e-05
-7.991531293188805388e-05
-8.308650670814133081e-05
-8.723232915596585129e-05
-9.095057288599777030e-05
-9.565965450016367436e-05
-9.999594381245018461e-05
-1.053504454475235388e-04
-1.103866507522295652e-04
-1.164795173930782988e-04
-1.223093680910020662e-04
-1.292455662080261572e-04
-1.359757041392593900e-04
-1.438734779947777205e-04
-1.516245520444278814e-04
-1.606166869849737992e-04
-1.695244588418116038e-04
-1.797595338806222583e-04
-1.899759624847837910e-04
-2.016195702214012067e-04
-2.133138395150720385e-04
-2.265497494842030142e-04
-2.399092016025902361e-04
-2.549404432315239611e-04
-2.701713777926004656e-04
-2.872212231314398589e-04
-3.045495227904914943e-04
-3.238623575494328885e-04
-3.435339006505422430e-04
-3.653759872038277764e-04
-3.876568092710167392e-04
-4.123169696629341223e-04
-4.374931344862315117e-04
-4.652834195872450319e-04
-4.936605529031690360e-04
-5.249170244841151094e-04
-5.568194377129377908e-04
-5.919032896213498665e-04
-6.276725544356267670e-04
-6.669719736639194907e-04
-7.069646463521978138e-04
-7.508981471603286880e-04
-7.954819545881461687e-04
-8.445046067950480635e-04
-8.940514256232066914e-04
-9.486667452229898987e-04
-1.003536987173832664e-03
-1.064313619432457041e-03
-1.124779932508754472e-03
-1.192163361893159527e-03
-1.257071680666677115e-03
-1.324954335182195082e-03
-1.359747409511730424e-03
-1.280690532462626634e-03
-8.868772220109834899e-04
-3.717096588521835460e-04
-1.193010944959402086e-04
-4.816330247052842066e-05
-3.352969175056997621e-05
-2.932472836691337890e-05
-3.091189462984748730e-05
-3.055745866679627435e-05
-3.291031984541093434e-05
-3.295398536445412886e-05
-3.526203027000515970e-05
-3.550061371667048292e-05
-3.775709329569413214e-05
-3.816549528345206642e-05
-4.040682205665819746e-05
-4.097668830601383790e-05
-4.323758516916950136e-05
-4.396761946217222583e-05
-4.627948624709094026e-05
-4.717379098750713911e-05
-4.956589489250726914e-05
-5.063301586774950519e-05
-5.313364540776828671e-05
-5.438597002051766754e-05
-5.702336981296691055e-05
-5.847680190023720593e-05
-6.127993994241829907e-05
-6.295378296992581101e-05
-6.595301171166204610e-05
-6.787000896078243246e-05
-7.109766685918850258e-05
-7.328416384853709913e-05
-7.677515139698160365e-05
-7.926135895644655614e-05
-8.305371360305284826e-05
-8.587405904445767570e-05
-9.000954783781033865e-05
-9.320310788451065991e-05
-9.772785295116688498e-05
-1.013388665424353797e-04
-1.063040161641959217e-04
-1.103824784443924769e-04
-1.158449355847780097e-04
-1.204472768302664406e-04
-1.264704962521248969e-04
-1.316603511210050702e-04
-1.383152162623215472e-04
-1.441642909174349553e-04
-1.515300818422103983e-04
-1.581191271747742059e-04
-1.662845914853027624e-04
-1.737044928919418091e-04
-1.827690318551573715e-04
-1.911220262983319516e-04
-2.011970099238132275e-04
-2.105980429536104953e-04
-2.218082677106578561e-04
-2.323865042668153507e-04
-2.448718087472220991e-04
-2.567723124957521489e-04
-2.706893675275065395e-04
-2.840749650102552355e-04
-2.995992551852314010e-04
-3.146526023239392691e-04
-3.319806181149478463e-04
-3.489064877071470843e-04
-3.682581472309671066e-04
-3.872859578508759974e-04
-4.089072798338115795e-04
-4.302938868677414039e-04
-4.544599364088718779e-04
-4.784927080576029047e-04
-5.055108386910089251e-04
-5.325110397314747812e-04
-5.627244553221661619e-04
-5.930509630895859684e-04
-6.268426239992084918e-04
-6.608960005002137037e-04
-6.986928986233497752e-04
-7.369198431119531332e-04
-7.791976697522044618e-04
-8.220958752171291396e-04
-8.693841043547740179e-04
-9.175075389465882272e-04
-9.703949469993328669e-04
-1.024359579718782170e-03
-1.083500217411479272e-03
-1.143990201823950892e-03
-1.210109830509455272e-03
-1.277884153395520426e-03
-1.351787149119598524e-03
-1.427686742864463796e-03
-1.510263459600274041e-03
-1.595218763374241016e-03
-1.687453334594696784e-03
-1.782492272296733659e-03
-1.885470808044956885e-03
-1.991727128986180671e-03
-2.106646240383596054e-03
-2.225368138461390928e-03
-2.353543689540397044e-03
-2.486102577826108159e-03
-2.628978518914842650e-03
-2.776877789962191659e-03
-2.936034872675900853e-03
-3.100918410443411714e-03
-3.278082516580827031e-03
-3.461742648076790441e-03
-3.658792375456162808e-03
-3.863176854619038147e-03
-4.082149896493018904e-03
-4.309367393218659602e-03
-4.552465115540495905e-03
-4.804788533788855939e-03
-5.074377995182968726e-03
-5.354244773974587736e-03
-5.652857241197576516e-03
-5.962865576619071420e-03
-6.293190363742198409e-03
-6.636090053060953939e-03
-7.000962250341967105e-03
-7.379638577828238379e-03
-7.782018945045602459e-03
-8.199467717148391233e-03
-8.642412695263050615e-03
-9.101704207759938117e-03
-9.588323664828072093e-03
-1.009255304487063735e-02
-1.062595305289399522e-02
-1.117817410927050836e-02
-1.176138176553658335e-02
-1.236452123696004692e-02
-1.300038836254418899e-02
-1.365713735144791219e-02
-1.434821989357802814e-02
-1.506089937624831808e-02
-1.580930961978671903e-02
-1.657970737519969331e-02
-1.738693673551167454e-02
-1.821611396222291845e-02
-1.908282537912539198e-02
-1.997089282753549896e-02
-2.089668374492006236e-02
-2.184254956602856707e-02
-2.282568935318196601e-02
-2.382678418553917793e-02
-2.486393374200378953e-02
-2.591592292145713725e-02
-2.700184915287366996e-02
-2.809834725490853793e-02
-2.922565099409846906e-02
-3.035795998431845694e-02
-3.151684234579985727e-02
-3.267374079618431959e-02
-3.385183928228855527e-02
-3.501945551595363193e-02
-3.620178632670052049e-02
-3.736359156302591911e-02
-3.853263725865582745e-02
-3.966959410919395496e-02
-4.080557463054969303e-02
-4.189646952237135319e-02
-4.297782875818361575e-02
-4.399980165669158810e-02
-4.500393197759458563e-02
-4.593318965066952447e-02
-4.683740821494074974e-02
-4.765006038979226893e-02
-4.843286145265299214e-02
-4.910572363975202609e-02
-4.974842785606162915e-02
-5.025935590400686798e-02
-5.074879637644678920e-02
-5.107478108841865400e-02
-5.141136854430553710e-02
-5.150887081434581821e-02
-5.182706439553191186e-02
