9.079204047819898094e+00
9.079386456847270637e+00
9.079751247431886441e+00
9.080298364637627628e+00
9.081027726070653117e+00
9.081939221891815350e+00
9.083032714833194632e+00
9.084308040218777691e+00
9.085765005989252074e+00
9.087403392730932339e+00
9.089222953708800290e+00
9.091223414903668143e+00
9.093404475053434410e+00
9.095765805698466266e+00
9.098307051231053322e+00
9.101027828948966558e+00
9.103927729113086897e+00
9.107006315009117614e+00
9.110263123013348618e+00
9.113697662662472609e+00
9.117309416727449545e+00
9.121097841291405217e+00
9.125062365831533739e+00
9.129202393305023477e+00
9.133517300238963799e+00
9.138006436824241518e+00
9.142669127013400399e+00
9.147504668622449486e+00
9.152512333436606085e+00
9.157691367319971576e+00
9.163040990329090363e+00
9.168560396830418568e+00
9.174248755621634999e+00
9.180105210056833442e+00
9.186128878175512824e+00
9.192318852835414944e+00
9.198674201849122767e+00
9.205193968124453008e+00
9.211877169808584398e+00
9.218722800435926956e+00
9.225729829079689637e+00
9.232897200507130364e+00
9.240223835338477798e+00
9.247708630209475089e+00
9.255350457937543851e+00
9.263148167691539925e+00
9.271100585165056529e+00
9.279206512753271241e+00
9.287464729733306612e+00
9.295873992448061784e+00
9.304433034493504451e+00
9.313140566909382301e+00
9.321995278373345073e+00
9.330995835398415039e+00
9.340140882533811251e+00
9.349429042569072479e+00
9.358858916741464640e+00
9.368429084946619412e+00
9.378138105952409376e+00
9.387984517615983293e+00
9.397966837103963300e+00
9.408083561115750726e+00
9.418333166109922772e+00
9.428714108533666760e+00
9.439224825055239521e+00
9.449863732799393290e+00
9.460629229585755695e+00
9.471519694170108750e+00
9.482533486488545549e+00
9.493668947904451372e+00
9.504924401458300309e+00
9.516298152120187481e+00
9.527788487045096844e+00
9.539393675830854846e+00
9.551111970778718430e+00
9.562941607156568935e+00
9.574880803464683510e+00
9.586927761704012951e+00
9.599080667646958887e+00
9.611337691110588111e+00
9.623696986232252115e+00
9.636156691747565617e+00
9.648714931270708561e+00
9.661369813577003640e+00
9.674119432887721359e+00
9.686961869157091343e+00
9.699895188361448817e+00
9.712917442790496736e+00
9.726026671340614271e+00
9.739220899810202781e+00
9.752498141196987547e+00
9.765856395997252193e+00
9.779293652506959589e+00
9.792807887124705957e+00
9.806397064656467322e+00
9.820059138622092121e+00
9.833792051563492009e+00
9.847593735354495337e+00
9.861462111512288686e+00
9.875395091510432266e+00
9.889390577093390533e+00
9.903446460592512324e+00
9.917560625243444505e+00
9.931730945504908092e+00
9.945955287378792420e+00
9.960231508731535399e+00
9.974557459616709920e+00
9.988930982598809294e+00
1.000334991307814292e+01
1.001781207961681552e+01
1.003231530426574558e+01
1.004685740289264473e+01
1.006143618551095287e+01
1.007604945660962947e+01
1.009069501548380110e+01
1.010537065656617095e+01
1.012007416975917451e+01
1.013480334076780842e+01
1.014955595143309530e+01
1.016432978006613475e+01
1.017912260178267658e+01
1.019393218883818264e+01
1.020875631096331659e+01
1.022359273569981220e+01
1.023843922873667900e+01
1.025329355424667632e+01
1.026815347522301636e+01
1.028301675381626268e+01
1.029788115167133000e+01
1.031274443026457632e+01
1.032760435124091813e+01
1.034245867675091368e+01
1.035730516978778049e+01
1.037214159452427786e+01
1.038696571664941004e+01
1.040177530370491610e+01
1.041656812542145971e+01
1.043134195405449738e+01
1.044609456471978426e+01
1.046082373572841817e+01
1.047552724892142173e+01
1.049020289000379158e+01
1.050484844887796321e+01
1.051946171997664159e+01
1.053404050259494795e+01
1.054858260122184888e+01
1.056308582587077716e+01
1.057754799240945154e+01
1.059196692288878339e+01
1.060634044587088276e+01
1.062066639675605906e+01
1.063494261810880026e+01
1.064916695998268459e+01
1.066333728024414818e+01
1.067745144489508213e+01
1.069150732839420392e+01
1.070550281397716219e+01
1.071943579397530577e+01
1.073330417013309734e+01
1.074710585392410067e+01
1.076083876686550234e+01
1.077450084083112536e+01
1.078809001836288672e+01
1.080160425298063309e+01
1.081504150949034049e+01
1.082839976429060691e+01
1.084167700567738990e+01
1.085487123414698019e+01
1.086798046269709772e+01
1.088100271712614386e+01
1.089393603633050134e+01
1.090677847259987310e+01
1.091952809191059082e+01
1.093218297421688412e+01
1.094474121374002706e+01
1.095720091925534057e+01
1.096956021437700457e+01
1.098181723784063379e+01
1.099397014378357973e+01
1.100601710202290917e+01
1.101795629833102375e+01
1.102978593470887603e+01
1.104150422965673783e+01
1.105310941844249584e+01
1.106459975336740698e+01
1.107597350402929237e+01
1.108722895758314131e+01
1.109836441899904891e+01
1.110937821131748393e+01
1.112026867590183699e+01
1.113103417268819939e+01
1.114167308043235494e+01
1.115218379695392770e+01
1.116256473937767169e+01
1.117281434437184373e+01
1.118293106838363116e+01
1.119291338787160939e+01
1.120275979953518330e+01
1.121246882054097327e+01
1.122203898874612982e+01
1.123146886291852020e+01
1.124075702295378321e+01
1.124990207008917942e+01
1.125890262711424938e+01
1.126775733857821216e+01
1.127646487099409001e+01
1.128502391303953090e+01
1.129343317575428607e+01
1.130169139273432144e+01
1.130979732032253793e+01
1.131774973779605276e+01
1.132554744755004883e+01
1.133318927527811937e+01
1.134067407014911666e+01
1.134800070498046232e+01
1.135516807640790304e+01
1.136217510505166572e+01
1.136902073567900828e+01
1.137570393736313967e+01
1.138222370363846991e+01
1.138857905265217774e+01
1.139476902731207986e+01
1.140079269543076101e+01
1.140664914986595768e+01
1.141233750865717589e+01
1.141785691515850232e+01
1.142320653816762288e+01
1.142838557205098660e+01
1.143339323686514497e+01
1.143822877847419228e+01
1.144289146866335116e+01
1.144738060524862888e+01
1.145169551218257098e+01
1.145583553965605894e+01
1.145980006419618746e+01
1.146358848876014314e+01
1.146720024282512185e+01
1.147063478247424406e+01
1.147389159047847507e+01
1.147697017637450578e+01
1.147987007653862790e+01
1.148259085425653936e+01
1.148513209978912641e+01
1.148749343043415827e+01
1.148967449058392631e+01
1.149167495177879239e+01
1.149349451275666034e+01
1.149513289949834061e+01
1.149658986526881499e+01
1.149786519065439805e+01
1.149895868359577911e+01
1.149987017941693956e+01
1.150059954084996505e+01
1.150114665805570624e+01
1.150151144864032382e+01
1.150169385766769636e+01
