5.644338509235354628e+00
5.644237289803773372e+00
5.644034837189344067e+00
5.643731140241806443e+00
5.643326157481809879e+00
5.642819866227743120e+00
5.642212196592117479e+00
5.641503113593985042e+00
5.640692517792856187e+00
5.639780360741823095e+00
5.638766511820261229e+00
5.637650907532008482e+00
5.636433383941760411e+00
5.635113860479332715e+00
5.633692137219236784e+00
5.632168114018717198e+00
5.630541551702728853e+00
5.628812327542880745e+00
5.626980159217771948e+00
5.625044897835443258e+00
5.623006213328045177e+00
5.620863926435693436e+00
5.618617653960424896e+00
5.616267181368949757e+00
5.613812066068602391e+00
5.611252052555795622e+00
5.608586631579885129e+00
5.605815500069712520e+00
5.602938073712250500e+00
5.599953994239573518e+00
5.596862592558231597e+00
5.593663446383383864e+00
5.590355790600050057e+00
5.586939128702681501e+00
5.583412586535466460e+00
5.579775581550450170e+00
5.576027115441365645e+00
5.572166505892352184e+00
5.568192612862906898e+00
5.564104638289471438e+00
5.559901279864697621e+00
5.555581605111479249e+00
5.551144125383382644e+00
5.546587751903115482e+00
5.541910781332725300e+00
5.537111942821277388e+00
5.532189284771078519e+00
5.527141323762746694e+00
5.521965819962684208e+00
5.516661041114772068e+00
5.511224411231870235e+00
5.505653905844529739e+00
5.499946554959367795e+00
5.494099989704778864e+00
5.488110775670999253e+00
5.481976136395462440e+00
5.475692086588544782e+00
5.469255365185510698e+00
5.462661328767370428e+00
5.455906137182023663e+00
5.448984354321266821e+00
5.441891444267584532e+00
5.434621007159310402e+00
5.427167666401619073e+00
5.419523837491362350e+00
5.411683122490318354e+00
5.403636461531754698e+00
5.395376210244100967e+00
5.386891441224202381e+00
5.378172986451511761e+00
5.369207503623325550e+00
5.359983973678379421e+00
5.350485836154468267e+00
5.340699897348772041e+00
5.330605154553462732e+00
5.320186584149577236e+00
5.309419491044932826e+00
5.298310771525255980e+00
5.286976381928468527e+00
5.276063021884543680e+00
5.266534832522896892e+00
5.258743911738766208e+00
5.252538324362961752e+00
5.247657551674486776e+00
5.243830447774239900e+00
5.240814619539288621e+00
5.238409158970460666e+00
5.236455018232182290e+00
5.234832029359368200e+00
5.233449810348544951e+00
5.232243226558578542e+00
5.231163939219660719e+00
5.230178152474017850e+00
5.229260465238380284e+00
5.228393663470416008e+00
5.227564301343815778e+00
5.226763696815369897e+00
5.225984547152322968e+00
5.225222528520605536e+00
5.224473495147075042e+00
5.223735351891303225e+00
5.223005583636573412e+00
5.222283237164594638e+00
5.221566641628128558e+00
5.220855426419752199e+00
5.220148352639951916e+00
5.219445340766007746e+00
5.218745361235163749e+00
5.218048471425237089e+00
5.217353724607665555e+00
5.216661232502893597e+00
5.215970052066414731e+00
5.215280305529196525e+00
5.214590994483251585e+00
5.213902231371603690e+00
5.213212904695466499e+00
5.212523117621677748e+00
5.211831567794097175e+00
5.211138386327251126e+00
5.210441949606698486e+00
5.209742788131928037e+00
5.209042491914952500e+00
5.208364543461362572e+00
5.207735107214562120e+00
5.207156746307986417e+00
5.206625711257751199e+00
5.206137619874499300e+00
5.205688798902976977e+00
5.205275625789239413e+00
5.204894984616900366e+00
5.204543923141390138e+00
5.204219826942348526e+00
5.203920297294015285e+00
5.203643153415789868e+00
5.203386450951417608e+00
5.203148375218749067e+00
5.202927353005648570e+00
5.202721874198481089e+00
5.202530667551554799e+00
5.202352474069572352e+00
5.202186267523796204e+00
5.202030994890317395e+00
5.201885828445547588e+00
5.201749883665256924e+00
5.201622493566468108e+00
5.201502911368535820e+00
5.201390600287783883e+00
5.201284926219980953e+00
5.201185457938529488e+00
5.201091653670666837e+00
5.201003167884338474e+00
5.200919534661852417e+00
5.200840478155090985e+00
5.200765594967346139e+00
5.200694666017572132e+00
5.200627339634689150e+00
5.200563443068086933e+00
5.200502667621615061e+00
5.200444878425586559e+00
5.200389802652294335e+00
5.200337336455993942e+00
5.200287237092703130e+00
5.200239426161246570e+00
5.200193686279811267e+00
5.200149959938995536e+00
5.200108051253796049e+00
5.200067919880326350e+00
5.200029388255781981e+00
5.199992430142536648e+00
5.199956883683841014e+00
5.199922734228736410e+00
5.199889833462987276e+00
5.199858176240529595e+00
5.199827625993888702e+00
5.199798185356333313e+00
5.199769728011106373e+00
5.199742262935890480e+00
5.199715672813546519e+00
5.199689971769120511e+00
5.199665050434774116e+00
5.199640927081099484e+00
5.199617499404329379e+00
5.199594788979502447e+00
5.199572699817849752e+00
5.199551256090443552e+00
5.199530367487079197e+00
5.199510060176309345e+00
5.199490248983542173e+00
5.199470961567477012e+00
5.199452117424010034e+00
5.199433745270608753e+00
5.199415768873544508e+00
5.199398217641112652e+00
5.199381019264350812e+00
5.199364203527597539e+00
5.199347701746924955e+00
5.199331543812641065e+00
5.199315664404934978e+00
5.199300093287802405e+00
5.199284768277681934e+00
5.199269718812132623e+00
5.199254885644386093e+00
5.199240297713069836e+00
5.199225898533497592e+00
5.199211716396984428e+00
5.199197697428192377e+00
5.199183869144262893e+00
5.199170180146575504e+00
5.199156657071103638e+00
5.199143250882467981e+00
5.199129987247700591e+00
5.199116819400426692e+00
5.199103771970719379e+00
5.199090800387580202e+00
5.199077928197840315e+00
5.199065112975846503e+00
5.199052377164510297e+00
5.199039680462248292e+00
5.199027044219421079e+00
5.199014430274139009e+00
5.199001858937577047e+00
5.198989294252347015e+00
5.198976755600674515e+00
5.198964209361760069e+00
5.198951674177735072e+00
5.198939118989930996e+00
5.198926561999130946e+00
5.198913975065128312e+00
5.198901376400247187e+00
5.198888741322153173e+00
5.198876088723045186e+00
5.198863398172344219e+00
5.198850690208179692e+00
5.198837949793720270e+00
5.198825200481476116e+00
5.198812434232791269e+00
5.198799679506048044e+00
5.198786937448504730e+00
5.198774243949816132e+00
5.198761612199113813e+00
5.198749088711755562e+00
5.198736702194254988e+00
5.198724513472275710e+00
5.198712570495294116e+00
5.198700951939962955e+00
5.198689727992375609e+00
5.198678997165306015e+00
5.198668852242224858e+00
5.198659409606595894e+00
5.198650779573424252e+00
5.198643087535587348e+00
5.198636448192058168e+00
5.198630978466227681e+00
5.198626776205022004e+00
5.198623926232468051e+00
5.198622485637472757e+00
