-2.700251270268405057e-01
-2.700349382376651675e-01
-2.700574177479751481e-01
-2.700897503069616956e-01
-2.701329378108834334e-01
-2.701855047607969462e-01
-2.702476350574537500e-01
-2.703180018784005489e-01
-2.703963920801424337e-01
-2.704814966769200080e-01
-2.705728682752643333e-01
-2.706692082474143612e-01
-2.707699422556725244e-01
-2.708738106498340681e-01
-2.709801960595583648e-01
-2.710879161156299344e-01
-2.711963773499470043e-01
-2.713045105851980554e-01
-2.714117969270733455e-01
-2.715173076225029236e-01
-2.716206327263536169e-01
-2.717209996062631139e-01
-2.718181260558689694e-01
-2.719113992842867034e-01
-2.720006697917031757e-01
-2.720854776384849516e-01
-2.721657998075667773e-01
-2.722413138343227623e-01
-2.723121088767765374e-01
-2.723779789835464871e-01
-2.724391062584800571e-01
-2.724953775078559626e-01
-2.725470464921200264e-01
-2.725940686600963336e-01
-2.726367484026009924e-01
-2.726750872117187363e-01
-2.727094210200724511e-01
-2.727397775279199466e-01
-2.727665080867400227e-01
-2.727896501901000414e-01
-2.728095579135059179e-01
-2.728262657134968294e-01
-2.728401211454425379e-01
-2.728511461854277731e-01
-2.728596757963611119e-01
-2.728657129899603184e-01
-2.728695767840734199e-01
-2.728712471593144340e-01
-2.728710260355489137e-01
-2.728688681436177155e-01
-2.728650588406408839e-01
-2.728595267011495462e-01
-2.728525422888558594e-01
-2.728440079587059475e-01
-2.728341821137358347e-01
-2.728229412805908694e-01
-2.728105349190919626e-01
-2.727968142632888338e-01
-2.727820234430780588e-01
-2.727659888371511965e-01
-2.727489531473630269e-01
-2.727307180433850009e-01
-2.727115289545370969e-01
-2.726911625350117996e-01
-2.726698713806787744e-01
-2.726474062181070690e-01
-2.726240316241696493e-01
-2.725994707125091732e-01
-2.725740053889740833e-01
-2.725473284855630673e-01
-2.725197453587329677e-01
-2.724909146169276486e-01
-2.724611723167427724e-01
-2.724301372049373060e-01
-2.723981849437903113e-01
-2.723648864414131565e-01
-2.723306683374085990e-01
-2.722950423743159543e-01
-2.722585012968932738e-01
-2.722204813565483050e-01
-2.721815624397267430e-01
-2.721410812265933621e-01
-2.720997356500164388e-01
-2.720567270989031061e-01
-2.720129238684177997e-01
-2.719673564224628359e-01
-2.719212365354786720e-01
-2.718737288758957815e-01
-2.718281102736840316e-01
-2.717896429059000196e-01
-2.717850266010251037e-01
-2.718813314257839120e-01
-2.721728889918204053e-01
-2.725900333734236347e-01
-2.729627737193359716e-01
-2.732641513729163751e-01
-2.735243165305000224e-01
-2.737624609346054894e-01
-2.739842010236118175e-01
-2.741934672850115384e-01
-2.743904250897101771e-01
-2.745770626344373189e-01
-2.747530512881172227e-01
-2.749200019950064910e-01
-2.750775622209680749e-01
-2.752271505487898229e-01
-2.753684235867045471e-01
-2.755026549073033570e-01
-2.756295045974700986e-01
-2.757501287864608241e-01
-2.758641845864295838e-01
-2.759727315030690575e-01
-2.760754193537628409e-01
-2.761732276249005968e-01
-2.762657961925697458e-01
-2.763540380390716034e-01
-2.764375815388745439e-01
-2.765172843322786234e-01
-2.765927623977748051e-01
-2.766648273679464531e-01
-2.767330823195029987e-01
-2.767983007703526122e-01
-2.768600725985830291e-01
-2.769191399496679362e-01
-2.769750792998075251e-01
-2.770286072364226970e-01
-2.770792866508129948e-01
-2.771278136323390151e-01
-2.771737372789143117e-01
-2.772177376252454861e-01
-2.772593497136216500e-01
-2.772992414614323109e-01
-2.773369335229271537e-01
-2.773730852193427854e-01
-2.774072024050651675e-01
-2.774399389841338270e-01
-2.774707855150433389e-01
-2.775003933830286207e-01
-2.775282372686304067e-01
-2.775549687073071148e-01
-2.775800458335744292e-01
-2.776041228164802810e-01
-2.776266404906178042e-01
-2.776482579934994033e-01
-2.776683980215222114e-01
-2.776877268988263703e-01
-2.777056482614493893e-01
-2.777228377497424350e-01
-2.777386789342917162e-01
-2.777538588369301564e-01
-2.777677398750005855e-01
-2.777810224745509982e-01
-2.777930467292689665e-01
-2.778045284692892136e-01
-2.778147842108212306e-01
-2.778245471828200142e-01
-2.778331089860093250e-01
-2.778412222543853449e-01
-2.778481522491665912e-01
-2.778546730423503419e-01
-2.778600220439231272e-01
-2.778649968382532753e-01
-2.778688053813261893e-01
-2.778722709006377078e-01
-2.778745702007439644e-01
-2.778765543527162984e-01
-2.778773672142740847e-01
-2.778778899838834082e-01
-2.778772316739062109e-01
-2.778763059913628153e-01
-2.778741850954413173e-01
-2.778718176950667473e-01
-2.778682369723377565e-01
-2.778644292574856678e-01
-2.778593865077045866e-01
-2.778541354355053006e-01
-2.778476243914738131e-01
-2.778409233892409347e-01
-2.778329346466434369e-01
-2.778247745707737582e-01
-2.778152965632953997e-01
-2.778056667098029453e-01
-2.777946867389213259e-01
-2.777835759115056535e-01
-2.777710812355440595e-01
-2.777584788770984803e-01
-2.777444578629223448e-01
-2.777303552505346329e-01
-2.777147985883743342e-01
-2.776991900934195900e-01
-2.776820920712471108e-01
-2.776649764773535534e-01
-2.776463363095607040e-01
-2.776277181838787134e-01
-2.776075413827425731e-01
-2.775874324853788155e-01
-2.775657322623658052e-01
-2.775441529819846487e-01
-2.775209516582633484e-01
-2.774979324498089706e-01
-2.774732628563372216e-01
-2.774488456592731356e-01
-2.774227524938726042e-01
-2.773969921020856266e-01
-2.773695332161104088e-01
-2.773424985659350694e-01
-2.773137461415393634e-01
-2.772855214828163217e-01
-2.772555630645691105e-01
-2.772262489773250072e-01
-2.771951883109018966e-01
-2.771649025274076084e-01
-2.771328601677238157e-01
-2.771017381602602914e-01
-2.770688517999573275e-01
-2.770370470964742537e-01
-2.770034715710487094e-01
-2.769711557646630795e-01
-2.769370626951241365e-01
-2.769044251167602777e-01
-2.768700021462646155e-01
-2.768372491830133897e-01
-2.768026987772722047e-01
-2.767700528222694634e-01
-2.767355905971832786e-01
-2.767032886449120044e-01
-2.766691411989891658e-01
-2.766374331036050016e-01
-2.766038353252836535e-01
-2.765729817786464206e-01
-2.765401736067490401e-01
-2.765104439188179608e-01
-2.764786664993515997e-01
-2.764503363290050642e-01
-2.764198274968595603e-01
-2.763931767405107265e-01
-2.763641656748436204e-01
-2.763394768694132919e-01
-2.763121775987678053e-01
-2.762897354516964943e-01
-2.762643385810220065e-01
-2.762444317151113715e-01
-2.762210930145370114e-01
-2.762040201554776253e-01
-2.761828429410335684e-01
-2.761689284827110735e-01
-2.761499322618634622e-01
-2.761395638000043729e-01
-2.761226180074601855e-01
-2.761163439740202952e-01
-2.761009945847319180e-01
-2.760998307830796472e-01
-2.760846800981395233e-01
-2.760915304307745011e-01
-2.760700358485659311e-01
-2.761140196542180569e-01
