-2.933299351674176325e+00
-2.933765487578018138e+00
-2.934697817685781640e+00
-2.936096373565594053e+00
-2.937961331046886837e+00
-2.940292754912100293e+00
-2.943090941320933851e+00
-2.946355991586539158e+00
-2.950088326911732395e+00
-2.954288090175645642e+00
-2.958955834317193556e+00
-2.964091750610305276e+00
-2.969696532501146624e+00
-2.975770428383475608e+00
-2.982314283190424131e+00
-2.989328413190385003e+00
-2.996813828158178428e+00
-3.004770925189730324e+00
-3.013200894838331312e+00
-3.022104230386197798e+00
-3.031482321937791102e+00
-3.041335776979965821e+00
-3.051666207084857252e+00
-3.062474354929366704e+00
-3.073762078985377233e+00
-3.085530281443379597e+00
-3.097781097070082534e+00
-3.110515615678387302e+00
-3.123736282226109218e+00
-3.137444406581548773e+00
-3.151642782938843368e+00
-3.166332978629170736e+00
-3.181518182058374222e+00
-3.197200261189187653e+00
-3.213382850489540754e+00
-3.230068168438354093e+00
-3.247260355437974866e+00
-3.264962038247507525e+00
-3.283177932496341267e+00
-3.301911140291224456e+00
-3.321167032914734030e+00
-3.340949265944527458e+00
-3.361263959986641403e+00
-3.382115415437191075e+00
-3.403510611755987014e+00
-3.425454601429648083e+00
-3.447955351425430415e+00
-3.471018792902198502e+00
-3.494654032211451877e+00
-3.518868029350878057e+00
-3.543671210346036826e+00
-3.569071743226302829e+00
-3.595081589017957491e+00
-3.621710338986640298e+00
-3.648971748050950481e+00
-3.676877090979453477e+00
-3.705442230123360048e+00
-3.734680440926236855e+00
-3.764610075912498743e+00
-3.795246800945868415e+00
-3.826611929977554283e+00
-3.858724002586008783e+00
-3.891607879846013418e+00
-3.925285580352250392e+00
-3.959786247690757488e+00
-3.995136145966365682e+00
-4.031369634891490250e+00
-4.068518206656177583e+00
-4.106622636657144554e+00
-4.145720922297313926e+00
-4.185861815779534645e+00
-4.227091506533136922e+00
-4.269468782345926527e+00
-4.313050296360068536e+00
-4.357907620905154822e+00
-4.404111012277567738e+00
-4.451748524149667929e+00
-4.500908538795004965e+00
-4.551700506496477061e+00
-4.604238253048079876e+00
-4.658660081307266054e+00
-4.715136802958159734e+00
-4.773991744364614931e+00
-4.836539165893056769e+00
-4.905244063596401638e+00
-4.980744293621696350e+00
-5.061657189636849630e+00
-5.146407917220397366e+00
-5.233499960696531339e+00
-5.321756304410939720e+00
-5.410241859816585119e+00
-5.498301261136719909e+00
-5.585448035944462042e+00
-5.671365606820089056e+00
-5.755822688776388141e+00
-5.838680801667402775e+00
-5.919837342940276415e+00
-5.999240827546025834e+00
-6.076851503987172443e+00
-6.152659812562095709e+00
-6.226657058936802436e+00
-6.298854227518194016e+00
-6.369258544768782393e+00
-6.437891406151105222e+00
-6.504768637377308593e+00
-6.569917137262279994e+00
-6.633357658907369725e+00
-6.695120132085177644e+00
-6.755228293392955941e+00
-6.813713784669891638e+00
-6.870602221002876320e+00
-6.925926197807878992e+00
-6.979712525560485048e+00
-7.031994276806417865e+00
-7.082798996813882475e+00
-7.132159907870109450e+00
-7.180104954332463763e+00
-7.226667265063529300e+00
-7.271874923575968985e+00
-7.315760773993928545e+00
-7.358352829253281158e+00
-7.399683492626500048e+00
-7.439780533049609623e+00
-7.478675783102393559e+00
-7.516396622620771240e+00
-7.552974204840483097e+00
-7.588435398785487784e+00
-7.622810587740239008e+00
-7.656126028272994155e+00
-7.688411258994673148e+00
-7.719691839999433647e+00
-7.749996404737733435e+00
-7.779349748488853855e+00
-7.807779551911433913e+00
-7.835309791153378889e+00
-7.861967158076477169e+00
-7.887774767939895071e+00
-7.912758298293526948e+00
-7.936939972976606583e+00
-7.960344439132035710e+00
-7.982993008643718191e+00
-8.004909290558282819e+00
-8.026113673122644343e+00
-8.046628727046137186e+00
-8.066473913062809586e+00
-8.085670769899362398e+00
-8.104237833905479249e+00
-8.122195624512256629e+00
-8.139561764632453844e+00
-8.156355777043419408e+00
-8.172594397214338002e+00
-8.188296186344523164e+00
-8.203477005205350281e+00
-8.218154439291266655e+00
-8.232343455851172109e+00
-8.246060688145851358e+00
-8.259320257681205035e+00
-8.272137896102821131e+00
-8.284526916075833469e+00
-8.296502182199118280e+00
-8.308076227570934336e+00
-8.319263082028175660e+00
-8.330074528585937443e+00
-8.340523795202637203e+00
-8.350621945219332432e+00
-8.360381438194366410e+00
-8.369812648865476490e+00
-8.378927302160692037e+00
-8.387735115617205750e+00
-8.396247113298143105e+00
-8.404472386980517129e+00
-8.412421293367470909e+00
-8.420102329701997235e+00
-8.427525218355377490e+00
-8.434697892836659605e+00
-8.441629473556227836e+00
-8.448327360486993953e+00
-8.454800103644229736e+00
-8.461054598915847436e+00
-8.467098856563316289e+00
-8.472939296977854085e+00
-8.478583420290071615e+00
-8.484037199028673371e+00
-8.489307651726507586e+00
-8.494400329660502180e+00
-8.499321797157127989e+00
-8.504077209778683866e+00
-8.508672703860247211e+00
-8.513113063679465853e+00
-8.517404022598764612e+00
-8.521550016914828163e+00
-8.525556400832769555e+00
-8.529427284838995149e+00
-8.533167666596966683e+00
-8.536781351824053843e+00
-8.540273003070970148e+00
-8.543646141210418321e+00
-8.546905113942939280e+00
-8.550053176123793008e+00
-8.553094379726340790e+00
-8.556031731344184266e+00
-8.558869005238594951e+00
-8.561608976456376752e+00
-8.564255158489423536e+00
-8.566810110545779011e+00
-8.569277101256890461e+00
-8.571658488730049541e+00
-8.573957311651852820e+00
-8.576175740835660477e+00
-8.578316598987228758e+00
-8.580381882541415095e+00
-8.582374211278073872e+00
-8.584295419317856002e+00
-8.586147935702893363e+00
-8.587933443493220409e+00
-8.589654192356491080e+00
-8.591311724774540082e+00
-8.592908121619876383e+00
-8.594444794546136634e+00
-8.595923665465583952e+00
-8.597346024258515129e+00
-8.598713643005456930e+00
-8.600027698208711158e+00
-8.601289820575154010e+00
-8.602501080998727900e+00
-8.603662976634264936e+00
-8.604776479942941592e+00
-8.605842961744299302e+00
-8.606863302677718153e+00
-8.607838753868726656e+00
-8.608770110208382675e+00
-8.609658509220812661e+00
-8.610504665609544972e+00
-8.611309608865637344e+00
-8.612073978575653044e+00
-8.612798701263676193e+00
-8.613484345999621539e+00
-8.614131740924072744e+00
-8.614741388738250905e+00
-8.615314023317408143e+00
-8.615850084705298784e+00
-8.616350216179737842e+00
-8.616814798415123988e+00
-8.617244387322649857e+00
-8.617639307083839739e+00
-8.618000029048065613e+00
-8.618326823378810175e+00
-8.618620079251700261e+00
-8.618880014893431252e+00
-8.619106939284964852e+00
-8.619301020410555125e+00
-8.619462488632740005e+00
-8.619591463005923160e+00
-8.619688096452373216e+00
-8.619752460031543606e+00
-8.619784630008958004e+00
