6.622429146175102588e+00
6.618414845455046880e+00
6.610397675359707570e+00
6.598400434092804190e+00
6.582457154351049944e+00
6.562612912121521980e+00
6.538923566454593050e+00
6.511455448228488763e+00
6.480284980908619374e+00
6.445498260147292768e+00
6.407190568388431373e+00
6.365465859936437987e+00
6.320436185767894344e+00
6.272221101873096671e+00
6.220947023453430980e+00
6.166746576740263386e+00
6.109757903726730000e+00
6.050123979157155496e+00
5.987991887942157199e+00
5.923512129492610967e+00
5.856837889933966146e+00
5.788124355405142474e+00
5.717528000133967225e+00
5.645205928785014038e+00
5.571315199473816371e+00
5.496012212856975943e+00
5.419452086410423419e+00
5.341788104901459278e+00
5.263171158950330941e+00
5.183749268039092861e+00
5.103667092758127133e+00
5.023065537836780337e+00
4.942081343790638570e+00
4.860846773838036761e+00
4.779489287129848663e+00
4.698131310046822051e+00
4.616889989991740606e+00
4.535877048601347994e+00
4.455198612341346731e+00
4.374955142717769974e+00
4.295241337716379171e+00
4.216146132214936948e+00
4.137752662679146098e+00
4.060138329667440260e+00
3.983374817122329326e+00
3.907528208094360966e+00
3.832659049406482055e+00
3.758822511447941661e+00
3.686068488872833004e+00
3.614441795456411644e+00
3.543982291737553414e+00
3.474725106409246145e+00
3.406700782343466294e+00
3.339935516724479303e+00
3.274451317619388124e+00
3.210266255982720640e+00
3.147394625777268917e+00
3.085847202016454016e+00
3.025631398325862254e+00
2.966751526293793351e+00
2.909208945229178944e+00
2.853002319225121042e+00
2.798127754652929955e+00
2.744579052492388982e+00
2.692347829744194954e+00
2.641423765753554420e+00
2.591794704153944195e+00
2.543446893154890809e+00
2.496365064746428164e+00
2.450532670349630848e+00
2.405931933634165798e+00
2.362544084762656649e+00
2.320349381868649363e+00
2.279327349430774863e+00
2.239456758336618059e+00
2.200715867279808613e+00
2.163082291528753309e+00
2.126533005421536338e+00
2.091042987336220182e+00
2.056581739951739873e+00
2.023109373123380905e+00
1.990586937298924664e+00
1.958988043543484325e+00
1.928294123879958688e+00
1.898488512109452797e+00
1.869554403791604091e+00
1.841474595434067441e+00
1.814231383118385388e+00
1.787806729164939767e+00
1.762182261165665897e+00
1.737339428684335996e+00
1.713259507565358275e+00
1.689923731213218927e+00
1.667313293399155461e+00
1.645409457394529040e+00
1.624193555617638784e+00
1.603647080124467328e+00
1.583751678515721073e+00
1.564489228764134765e+00
1.545841831371179698e+00
1.527791871057837536e+00
1.510322005480408958e+00
1.493415215938966867e+00
1.477054793122884790e+00
1.461224378675488600e+00
1.445907948501003570e+00
1.431089846751291361e+00
1.416754767226161116e+00
1.402887781110503163e+00
1.389474316965267686e+00
1.376500183336217153e+00
1.363951547780142937e+00
1.351814955286609443e+00
1.340077306723815642e+00
1.328725873859485151e+00
1.317748277549862124e+00
1.307132500012806009e+00
1.296866863025625038e+00
1.286940037990033758e+00
1.277341024352092624e+00
1.268059157902658329e+00
1.259084089586448796e+00
1.250405792400858918e+00
1.242014540721325000e+00
1.233900916093843225e+00
1.226055787170127864e+00
1.218470314632944751e+00
1.211135931806588628e+00
1.204044348907624018e+00
1.197187534373288953e+00
1.190557718591902070e+00
1.184147375973354954e+00
1.177949228281973681e+00
1.171956227458639699e+00
1.166161558653218355e+00
1.160558623796428046e+00
1.155141044408075635e+00
1.149902645908064569e+00
1.144837460259809037e+00
1.139939711003266520e+00
1.135203815779294079e+00
1.130624372062909222e+00
1.126196159603454872e+00
1.121914126833063463e+00
1.117773393248834068e+00
1.113769236469401624e+00
1.109897094578426335e+00
1.106152553801052152e+00
1.102531350822597345e+00
1.099029361056259813e+00
1.095642600946638234e+00
1.092367216800157026e+00
1.089199487079786532e+00
1.086135811770159165e+00
1.083172714667349323e+00
1.080306833251468257e+00
1.077534920973412413e+00
1.074853837608767293e+00
1.072260551542012497e+00
1.069752130576700822e+00
1.067325744216526262e+00
1.064978654908005140e+00
1.062708220317052588e+00
1.060511884981638620e+00
1.058387182581979280e+00
1.056331727981943303e+00
1.054343219490591954e+00
1.052419431272351380e+00
1.050558215597398926e+00
1.048757495601871259e+00
1.047015267524449511e+00
1.045329593799028789e+00
1.043698605274806512e+00
1.042120494624971361e+00
1.040593518547584528e+00
1.039115991474875100e+00
1.037686287752278114e+00
1.036302835633925223e+00
1.034964119437207897e+00
1.033668673811015015e+00
1.032415085863278126e+00
1.031201989689371823e+00
1.030028068470170366e+00
1.028892049248837592e+00
1.027792704997039008e+00
1.026728849629081175e+00
1.025699340034023077e+00
1.024703071316837910e+00
1.023738978794248577e+00
1.022806033453236285e+00
1.021903243908528269e+00
1.021029652069397775e+00
1.020184335056781189e+00
1.019366401069911721e+00
1.018574991261152363e+00
1.017809275794482549e+00
1.017068455676229055e+00
1.016351758997974475e+00
1.015658442721427024e+00
1.014987789098708015e+00
1.014339107409782947e+00
1.013711730553526369e+00
1.013105016736133512e+00
1.012518346226833676e+00
1.011951122995791152e+00
1.011402771628707731e+00
1.010872738912822699e+00
1.010360490905002351e+00
1.009865514464548308e+00
1.009387314469746721e+00
1.008925415296262784e+00
1.008479358177459373e+00
1.008048702627284410e+00
1.007633023939988659e+00
1.007231914556499408e+00
1.006844981699507313e+00
1.006471848682423564e+00
1.006112152676117422e+00
1.005765545959660390e+00
1.005431693815310279e+00
1.005110275720370483e+00
1.004800983367280631e+00
1.004503521796064502e+00
1.004217607536690204e+00
1.003942969681630437e+00
1.003679348147996420e+00
1.003426494689833470e+00
1.003184171277744730e+00
1.002952151050686691e+00
1.002730216811041242e+00
1.002518161915741279e+00
1.002315788884935888e+00
1.002122910232352337e+00
1.001939347185904383e+00
1.001764930457171188e+00
1.001599499072435062e+00
1.001442901081155190e+00
1.001294992496011060e+00
1.001155637940177368e+00
1.001024709694970261e+00
1.000902088285629654e+00
1.000787661635167858e+00
1.000681325588234971e+00
1.000582983169701956e+00
1.000492545046006931e+00
1.000409928886988542e+00
1.000335059763946211e+00
1.000267869613183258e+00
1.000208297569856963e+00
1.000156289531738629e+00
1.000111798427878007e+00
1.000074783881096829e+00
1.000045212410527462e+00
1.000023057191559595e+00
1.000008298191414458e+00
1.000000922025535699e+00
