7.638201125667249514e+00
7.638500596744343341e+00
7.639099493760404869e+00
7.639997726445910686e+00
7.641195159413471494e+00
7.642691612177972438e+00
7.644486859183704297e+00
7.646580629837831822e+00
7.648972608551149577e+00
7.651662434784868516e+00
7.654649703104936087e+00
7.657933963242154363e+00
7.661514720160019110e+00
7.665391434128153492e+00
7.669563520803595047e+00
7.674030351317508547e+00
7.678791252369922660e+00
7.683845506329620711e+00
7.689192351342275522e+00
7.694830981443473661e+00
7.700760546680171181e+00
7.706980153236793640e+00
7.713488863569925691e+00
7.720285696547377619e+00
7.727369627596087476e+00
7.734739588854057324e+00
7.742394469331271623e+00
7.750333115074528934e+00
7.758554329341252220e+00
7.767056872777010845e+00
7.775839463602242319e+00
7.784900777802284288e+00
7.794239449326869185e+00
7.803854070292596923e+00
7.813743191195047011e+00
7.823905321123569401e+00
7.834338927985857737e+00
7.845042438734954438e+00
7.856014239606155414e+00
7.867252676356023322e+00
7.878756054511519835e+00
7.890522639620903611e+00
7.902550657514868071e+00
7.914838294569194410e+00
7.927383697977774979e+00
7.940184976026794850e+00
7.953240198379491588e+00
7.966547396361696620e+00
7.980104563258176853e+00
7.993909654609335114e+00
8.007960588518917788e+00
8.022255245961762427e+00
8.036791471102642248e+00
8.051567071614838866e+00
8.066579819009980667e+00
8.081827448967221272e+00
8.097307661673882606e+00
8.113018122165005508e+00
8.128956460674585216e+00
8.145120272985337806e+00
8.161507120790304270e+00
8.178114532052536134e+00
8.194940001376931349e+00
8.211980990379622369e+00
8.229234928069766752e+00
8.246699211228449400e+00
8.264371204800182724e+00
8.282248242281099238e+00
8.300327626119928581e+00
8.318606628115261969e+00
8.337082489825750287e+00
8.355752422976163274e+00
8.374613609876677245e+00
8.393663203837393283e+00
8.412898329596472990e+00
8.432316083742946944e+00
8.451913535153376955e+00
8.471687725422743398e+00
8.491635669309385293e+00
8.511754355173680509e+00
8.532040745431082485e+00
8.552491776998303763e+00
8.573104361754189995e+00
8.593875386993143906e+00
8.614801715893657175e+00
8.635880187978655087e+00
8.657107619591432268e+00
8.678480804362717294e+00
8.699996513693751155e+00
8.721651497229764516e+00
8.743442483350001737e+00
8.765366179647374523e+00
8.787419273425152610e+00
8.809598432182530914e+00
8.831900304117787925e+00
8.854321518619492792e+00
8.876858686775898732e+00
8.899508401871530694e+00
8.922267239902630820e+00
8.945131760078787408e+00
8.968098505344292093e+00
8.991164002884552531e+00
9.014324764653116162e+00
9.037577287882603727e+00
9.060918055617253941e+00
9.084343537228122045e+00
9.107850188950930459e+00
9.131434454405354728e+00
9.155092765138151734e+00
9.178821541146387375e+00
9.202617191426408993e+00
9.226476114501876324e+00
9.250394698981201813e+00
9.274369324095767197e+00
9.298396360277681794e+00
9.322472169731900848e+00
9.346593107081943685e+00
9.370755520067275413e+00
9.394955750429469177e+00
9.419190135045466761e+00
9.443455007588928751e+00
9.467746700940750770e+00
9.492061550754790744e+00
9.516395900133186814e+00
9.540746104625011270e+00
9.565108534947716734e+00
9.589479574272488094e+00
9.613855609236475530e+00
9.638233019115384437e+00
9.662608168907992123e+00
9.686977408493616437e+00
9.711337075666921947e+00
9.735683500354621600e+00
9.760013008323749517e+00
9.784321924046977870e+00
9.808606572739334339e+00
9.832863281870645622e+00
9.857088382280437600e+00
9.881278209098766752e+00
9.905429102502138150e+00
9.929537408413587229e+00
9.953599479129044525e+00
9.977611673936319647e+00
1.000157035969478159e+01
1.002547191142336658e+01
1.004931271286297267e+01
1.007308915705152152e+01
1.009679764687965253e+01
1.012043459565938441e+01
1.014399642767678422e+01
1.016747957875668540e+01
1.019088049681342767e+01
1.021419564241242028e+01
1.023742148931916240e+01
1.026055452505773147e+01
1.028359125145787800e+01
1.030652818521029879e+01
1.032936185841137799e+01
1.035208881911495737e+01
1.037470563187427075e+01
1.039720887828980977e+01
1.041959515754792243e+01
1.044186108696435156e+01
1.046400330251895205e+01
1.048601845939439414e+01
1.050790323250645741e+01
1.052965431703737487e+01
1.055126842896104478e+01
1.057274230557051631e+01
1.059407270599752771e+01
1.061525641173345846e+01
1.063629022714256678e+01
1.065717097997584162e+01
1.067789552187723245e+01
1.069846072888973509e+01
1.071886350195394044e+01
1.073910076740571995e+01
1.075916947746630115e+01
1.077906661073089367e+01
1.079878917264961480e+01
1.081833419600627266e+01
1.083769874138942058e+01
1.085687989766058692e+01
1.087587478241470684e+01
1.089468054243705986e+01
1.091329435415232751e+01
1.093171342406950863e+01
1.094993498921884623e+01
1.096795631758402756e+01
1.098577470852619165e+01
1.100338749320273202e+01
1.102079203497767246e+01
1.103798572982635484e+01
1.105496600673151342e+01
1.107173032807316915e+01
1.108827619000977371e+01
1.110460112285265133e+01
1.112070269143160672e+01
1.113657849545337974e+01
1.115222616985109561e+01
1.116764338512627575e+01
1.118282784768159921e+01
1.119777730014600792e+01
1.121248952169040791e+01
1.122696232833543384e+01
1.124119357324977919e+01
1.125518114704032335e+01
1.126892297803283682e+01
1.128241703254426653e+01
1.129566131514565619e+01
1.130865386891649038e+01
1.132139277568974833e+01
1.133387615628836720e+01
1.134610217075242389e+01
1.135806901855780460e+01
1.136977493882574208e+01
1.138121821052386906e+01
1.139239715265836672e+01
1.140331012445774128e+01
1.141395552554796389e+01
1.142433179611941263e+01
1.143443741708545502e+01
1.144427091023311505e+01
1.145383083836570570e+01
1.146311580543783393e+01
1.147212445668275294e+01
1.148085547873246526e+01
1.148930759973054982e+01
1.149747958943817139e+01
1.150537025933323143e+01
1.151297846270315794e+01
1.152030309473129499e+01
1.152734309257740541e+01
1.153409743545226540e+01
1.154056514468681272e+01
1.154674528379599430e+01
1.155263695853754591e+01
1.155823931696602713e+01
1.156355154948232489e+01
1.156857288887884749e+01
1.157330261038071306e+01
1.157774003168310450e+01
1.158188451298510557e+01
1.158573545702014762e+01
1.158929230908338859e+01
1.159255455705614679e+01
1.159552173142765596e+01
1.159819340531428900e+01
1.160056919447644752e+01
1.160264875733327017e+01
1.160443179497530508e+01
1.160591805117533859e+01
1.160710731239738536e+01
1.160799940780406025e+01
1.160859420926236751e+01
1.160889163134795687e+01
