7.487425425605077622e-01
7.488309216114257261e-01
7.490076917491865771e-01
7.492728450132697393e-01
7.496264177423431763e-01
7.500683943855722680e-01
7.505988362807405334e-01
7.512177210334667343e-01
7.519251361537943046e-01
7.527210535399384561e-01
7.536055885432847434e-01
7.545787088998425762e-01
7.556405599948525786e-01
7.567911073835154045e-01
7.580305292376157134e-01
7.593587913844019877e-01
7.607761081420187921e-01
7.622824485786221516e-01
7.638780671842395620e-01
7.655629398077817838e-01
7.673373658744271353e-01
7.692013321919122237e-01
7.711551887092443769e-01
7.731989380909164433e-01
7.753329873300409680e-01
7.775573606641814628e-01
7.798725297108607402e-01
7.822785469343317422e-01
7.847759573718051662e-01
7.873648494485482319e-01
7.900458518192510216e-01
7.928190978584161996e-01
7.956853116656080749e-01
7.986446820163234372e-01
8.016980421881800822e-01
8.048456485273887129e-01
8.080884594656506659e-01
8.114268131175790266e-01
8.148618117012886852e-01
8.183938917047630657e-01
8.220243209310158505e-01
8.257536537198524318e-01
8.295833490565889257e-01
8.335141020608314300e-01
8.375475930870546204e-01
8.416846851277283159e-01
8.459273156782125547e-01
8.502765477561684548e-01
8.547346186181945527e-01
8.593028296427451806e-01
8.639837689363369932e-01
8.687790221788139755e-01
8.736915899810564490e-01
8.787233976792429013e-01
8.838779333569003471e-01
8.891575290919497832e-01
8.945662523713062697e-01
9.001069238098671210e-01
9.057843041103498249e-01
9.116018027740054874e-01
9.175650161666875082e-01
9.236780665365355025e-01
9.299475664716395640e-01
9.363785046757058250e-01
9.429787423011433134e-01
9.497543259549742212e-01
9.567146699309314606e-01
9.638671170637742591e-01
9.712230437771133262e-01
9.787913826324585731e-01
9.865860400426834653e-01
9.946178857859523381e-01
1.002904184640811769e+00
1.011458092088055372e+00
1.020301486261738777e+00
1.029449493843074492e+00
1.038927890222753891e+00
1.048730026592279430e+00
1.058741034537476589e+00
1.068313307529367817e+00
1.076480000011616145e+00
1.082882884991872574e+00
1.087668300177293101e+00
1.091090398761273228e+00
1.093415559699740136e+00
1.094880741820465131e+00
1.095683022614929669e+00
1.095976711538907633e+00
1.095878729911133664e+00
1.095475031408511990e+00
1.094827737010940272e+00
1.093980753036106535e+00
1.092964841294556066e+00
1.091800744973826953e+00
1.090502451354339986e+00
1.089078362454959814e+00
1.087533615591477432e+00
1.085869952338205602e+00
1.084087729590809568e+00
1.082184889739705724e+00
1.080159038527394255e+00
1.078005711549107293e+00
1.075720742607803038e+00
1.073297891478496524e+00
1.070731655974907603e+00
1.068014243152131115e+00
1.065138959700399290e+00
1.062096444754880187e+00
1.058878790691950567e+00
1.055474888542033085e+00
1.051875483571261372e+00
1.048067391693642048e+00
1.044039796499933281e+00
1.039776941755045092e+00
1.035266173234642206e+00
1.030488421228606288e+00
1.025428904138054653e+00
1.020064127560670331e+00
1.014378234652694166e+00
1.008364799397620581e+00
1.002438869569514335e+00
1.002272577666716957e+00
1.023651570275150968e+00
1.055283426509612710e+00
1.087202991736665902e+00
1.118354355391622423e+00
1.148666283982779479e+00
1.178140364710811516e+00
1.206780346569115814e+00
1.234595427679550772e+00
1.261593109575038341e+00
1.287784805350012496e+00
1.313180537095571809e+00
1.337793363837920246e+00
1.361635125442618666e+00
1.384720048729711994e+00
1.407061233606349049e+00
1.428673669693052872e+00
1.449571272804269118e+00
1.469769461072997885e+00
1.489282613523643217e+00
1.508126305874657014e+00
1.526315101600622448e+00
1.543864517595716856e+00
1.560789082843638154e+00
1.577104084833720554e+00
1.592823847472917276e+00
1.607963296245217277e+00
1.622536418439291861e+00
1.636557676118096660e+00
1.650040619901376626e+00
1.662999172456646191e+00
1.675446373052622340e+00
1.687395549640289705e+00
1.698859175862375004e+00
1.709849946325352033e+00
1.720379731153779623e+00
1.730460566412999501e+00
1.740103693930800555e+00
1.749320476783977174e+00
1.758121514176500755e+00
1.766517490293157078e+00
1.774518355665577030e+00
1.782134116412082303e+00
1.789374074842635221e+00
1.796247565067638163e+00
1.802763246664077501e+00
1.808929791790490516e+00
1.814755226613991912e+00
1.820247574372187982e+00
1.825414239985824638e+00
1.830262612929337784e+00
1.834799491057589771e+00
1.839031646661877906e+00
1.842965286045357809e+00
1.846606581732145980e+00
1.849961164753476606e+00
1.853034625629942589e+00
1.855832036693629616e+00
1.858358424166678180e+00
1.860618318155072837e+00
1.862616197891722392e+00
1.864356067304617559e+00
1.865841875272895356e+00
1.867077114903027857e+00
1.868065220456203157e+00
1.868809188667651000e+00
1.869311953838743046e+00
1.869576029711385257e+00
1.869603864075629396e+00
1.869397499867681667e+00
1.868958910520779337e+00
1.868289679096021283e+00
1.867391315499130178e+00
1.866264952581697223e+00
1.864911646258342826e+00
1.863332087635849010e+00
1.861526886994238295e+00
1.859496301116435157e+00
1.857240502044136266e+00
1.854759318895894848e+00
1.852052492276096141e+00
1.849119429990624397e+00
1.845959447979460766e+00
1.842571539472923847e+00
1.838954603341695693e+00
1.835107226393649205e+00
1.831027900099002848e+00
1.826714815920958968e+00
1.822166071493259709e+00
1.817379479126556285e+00
1.812352762711836096e+00
1.807083379875533247e+00
1.801568711186716687e+00
1.795805896886009112e+00
1.789792020431805408e+00
1.783523961356195731e+00
1.776998575861094221e+00
1.770212568236636308e+00
1.763162672203758774e+00
1.755845544576979833e+00
1.748257952474638444e+00
1.740396694669594124e+00
1.732258801826322747e+00
1.723841493459679963e+00
1.715142401233535896e+00
1.706159572885576514e+00
1.696891732594162816e+00
1.687338347884188572e+00
1.677499946367791317e+00
1.667378267682076309e+00
1.656976662554691782e+00
1.646300359013751935e+00
1.635356977094496456e+00
1.624156945647497574e+00
1.612714171872298818e+00
1.601046648406571515e+00
1.589177315604837881e+00
1.577134889778351479e+00
1.564954935547814507e+00
1.552680908156585327e+00
1.540365390629282905e+00
1.528071247134136890e+00
1.515872840766058882e+00
1.503857004296182076e+00
1.492123807110828260e+00
1.480786749901765953e+00
1.469972317507350468e+00
1.459818486170127327e+00
1.450472074214389284e+00
1.442084633775064129e+00
1.434806942075506075e+00
1.428782159066879887e+00
1.424138155241679859e+00
1.420979639087766033e+00
1.419381036385812145e+00
