9.079199965899565683e+00
9.079349720486362685e+00
9.079649207107468811e+00
9.080098380661297597e+00
9.080697173503967434e+00
9.081445495459476547e+00
9.082343233833290341e+00
9.083390253429312722e+00
9.084586396570244915e+00
9.085931483121328256e+00
9.087425310517476262e+00
9.089067653793778234e+00
9.090858265619377931e+00
9.092796876334718448e+00
9.094883193992158610e+00
9.097116904399934256e+00
9.099497671169473278e+00
9.102025135766055541e+00
9.104698917562812355e+00
9.107518613898038851e+00
9.110483800135838806e+00
9.113594029730071711e+00
9.116848834291600312e+00
9.120247723658829742e+00
9.123790185971524025e+00
9.127475687747889310e+00
9.131303673964914935e+00
9.135273568141954570e+00
9.139384772427549208e+00
9.143636667689456488e+00
9.148028613607888104e+00
9.152559948771944676e+00
9.157229990779217843e+00
9.162038036338557845e+00
9.166983361375990569e+00
9.172065221143755664e+00
9.177282850332462161e+00
9.182635463186349156e+00
9.188122253621608948e+00
9.193742395347781482e+00
9.199495041992198807e+00
9.205379327227433350e+00
9.211394364901773102e+00
9.217539249172670424e+00
9.223813054643157372e+00
9.230214836501204445e+00
9.236743630662013871e+00
9.243398453913199475e+00
9.250178304062856682e+00
9.257082160090492451e+00
9.264108982300783168e+00
9.271257712480149848e+00
9.278527274056122209e+00
9.285916572259468538e+00
9.293424494289057591e+00
9.301049909479448985e+00
9.308791669471164099e+00
9.316648608383623298e+00
9.324619542990726373e+00
9.332703272899040670e+00
9.340898580728579148e+00
9.349204232296123962e+00
9.357618976801100885e+00
9.366141547013938862e+00
9.374770659466912903e+00
9.383505014647429476e+00
9.392343297193722407e+00
9.401284176092952194e+00
9.410326304881644788e+00
9.419468321848460945e+00
9.428708850239274852e+00
9.438046498464501610e+00
9.447479860308661159e+00
9.457007515142160869e+00
9.466628028135227524e+00
9.476339950473990470e+00
9.486141819578671530e+00
9.496032159323835486e+00
9.506009480260695810e+00
9.516072279841422343e+00
9.526219042645408308e+00
9.536448240607498406e+00
9.546758333248106965e+00
9.557147767905206592e+00
9.567614979968151800e+00
9.578158393113307412e+00
9.588776419541433782e+00
9.599467460216811077e+00
9.610229905108036874e+00
9.621062133430495322e+00
9.631962513890448108e+00
9.642929404930690396e+00
9.653961154977773518e+00
9.665056102690716244e+00
9.676212577211204646e+00
9.687428898415211265e+00
9.698703377166021156e+00
9.710034315568606189e+00
9.721420007225317406e+00
9.732858737492875889e+00
9.744348783740575115e+00
9.755888415609714315e+00
9.767475895274181141e+00
9.779109477702158770e+00
9.790787410918927236e+00
9.802507936270698607e+00
9.814269288689462911e+00
9.826069696958812827e+00
9.837907383980663667e+00
9.849780567042897061e+00
9.861687458087812885e+00
9.873626263981417850e+00
9.885595186783458388e+00
9.897592424018187174e+00
9.909616168945804660e+00
9.921664610834552533e+00
9.933735935233398706e+00
9.945828324245290730e+00
9.957939956800924364e+00
9.970069008932984644e+00
9.982213654050836382e+00
9.994372063215596569e+00
1.000654240541556561e+01
1.001872284784197475e+01
1.003091155616499641e+01
1.004310669480999429e+01
1.005530642723394230e+01
1.006750891620201394e+01
1.007971232406425344e+01
1.009191481303232329e+01
1.010411454545627130e+01
1.011630968410126918e+01
1.012849839242429262e+01
1.014067883485070176e+01
1.015284917705066903e+01
1.016500758621542921e+01
1.017715223133328095e+01
1.018928128346534123e+01
1.020139291602097487e+01
1.021348530503286867e+01
1.022555662943171484e+01
1.023760507132046271e+01
1.024962881624808020e+01
1.026162605348280721e+01
1.027359497628484952e+01
1.028553378217845449e+01
1.029744067322337031e+01
1.030931385628560193e+01
1.032115154330745455e+01
1.033295195157680268e+01
1.034471330399556877e+01
1.035643382934733836e+01
1.036811176256410683e+01
1.037974534499208623e+01
1.039133282465655306e+01
1.040287245652569226e+01
1.041436250277339148e+01
1.042580123304094819e+01
1.043718692469766118e+01
1.044851786310024444e+01
1.045979234185105433e+01
1.047100866305506273e+01
1.048216513757554935e+01
1.049326008528849385e+01
1.050429183533557520e+01
1.051525872637581926e+01
1.052615910683577205e+01
1.053699133515823050e+01
1.054775378004945452e+01
1.055844482072483181e+01
1.056906284715295996e+01
1.057960626029811557e+01
1.059007347236105900e+01
1.060046290701815863e+01
1.061077299965876719e+01
1.062100219762085906e+01
1.063114896042484503e+01
1.064121176000556979e+01
1.065118908094243011e+01
1.066107942068759407e+01
1.067088128979227513e+01
1.068059321213103985e+01
1.069021372512410650e+01
1.069974137995760621e+01
1.070917474180176576e+01
1.071851239002699074e+01
1.072775291841780465e+01
1.073689493538462258e+01
1.074593706417331340e+01
1.075487794307254319e+01
1.076371622561883790e+01
1.077245058079935269e+01
1.078107969325232851e+01
1.078960226346516649e+01
1.079801700797014341e+01
1.080632265953768822e+01
1.081451796736722493e+01
1.082260169727554100e+01
1.083057263188264407e+01
1.083842957079510150e+01
1.084617133078681661e+01
1.085379674597720800e+01
1.086130466800679706e+01
1.086869396621014339e+01
1.087596352778611752e+01
1.088311225796548420e+01
1.089013908017577492e+01
1.089704293620340891e+01
1.090382278635306790e+01
1.091047760960425173e+01
1.091700640376506115e+01
1.092340818562311000e+01
1.092968199109359517e+01
1.093582687536449427e+01
1.094184191303883402e+01
1.094772619827406857e+01
1.095347884491848411e+01
1.095909898664465842e+01
1.096458577707991644e+01
1.096993838993380344e+01
1.097515601912251171e+01
1.098023787889027503e+01
1.098518320392770775e+01
1.098999124948704775e+01
1.099466129149432092e+01
1.099919262665837749e+01
1.100358457257680911e+01
1.100783646783871639e+01
1.101194767212431280e+01
1.101591756630135244e+01
1.101974555251837629e+01
1.102343105429474157e+01
1.102697351660743763e+01
1.103037240597466706e+01
1.103362721053619566e+01
1.103673744013042679e+01
1.103970262636822852e+01
1.104252232270345324e+01
1.104519610450021005e+01
1.104772356909679409e+01
1.105010433586633312e+01
1.105233804627410699e+01
1.105442436393154715e+01
1.105636297464688944e+01
1.105815358647248736e+01
1.105979592974878933e+01
1.106128975714493734e+01
1.106263484369602068e+01
1.106383098683695287e+01
1.106487800643297525e+01
1.106577574480679083e+01
1.106652406676229994e+01
1.106712285960496800e+01
1.106757203315879856e+01
1.106787151977990291e+01
1.106802127436670169e+01
