3.176077817643779326e+02
3.170393095892973179e+02
3.159053971546625803e+02
3.142119702020261798e+02
3.119680444890815352e+02
3.091852500185058830e+02
3.058782710779967147e+02
3.020640413172476997e+02
2.977624093093687065e+02
2.929950305206420467e+02
2.877862475732950998e+02
2.821617057838831215e+02
2.761494365911629529e+02
2.697782278056190535e+02
2.630788966200917685e+02
2.560824495900161537e+02
2.488215293902105145e+02
2.413284022891438099e+02
2.336365606143024820e+02
2.257785769448355779e+02
2.177878422286229636e+02
2.096963260868209034e+02
2.015364287854343956e+02
1.933386859991335314e+02
1.851337114627550022e+02
1.769498824184225612e+02
1.688153488305468670e+02
1.607557327211692666e+02
1.527961793835282265e+02
1.449591001051809940e+02
1.372662408976507606e+02
1.297364939359727032e+02
1.223879599509453584e+02
1.152358492949379212e+02
1.082945153083716860e+02
1.015754614577990935e+02
9.508932465416980051e+01
8.884400057739728140e+01
8.284655803172846333e+01
7.710149051719108115e+01
7.161254517785347673e+01
6.638110501437522259e+01
6.140791872025620535e+01
5.669161472524699263e+01
5.223032111924334231e+01
4.802031001303697622e+01
4.405749971332050308e+01
4.033622569386859169e+01
3.685062010515266451e+01
3.359350394894413228e+01
3.055764178809728904e+01
2.773474847453146097e+01
2.511661948781550180e+01
2.269424473061850378e+01
2.045881720445254714e+01
1.840094590015885245e+01
1.651154746945623586e+01
1.478115004019834444e+01
1.320067413609128337e+01
1.176081927770825253e+01
1.045274163098967790e+01
9.267515460017085260e+00
8.196715855143956730e+00
7.231947433309959372e+00
6.365341030217599005e+00
5.589142457129038455e+00
4.896132270236155826e+00
4.279267856577352092e+00
3.732035356041214058e+00
3.248138840074481948e+00
2.821793197000361353e+00
2.447454675743585994e+00
2.120063083451919628e+00
1.834808508826914819e+00
1.587330515451371271e+00
1.373516524995558319e+00
1.189664668001211956e+00
1.032310421562317115e+00
8.983573301394838229e-01
7.849297583055557803e-01
6.894526076644760249e-01
6.094391535165881724e-01
5.420169496143867338e-01
4.843182687012186904e-01
4.357902925780073877e-01
3.967694084389387088e-01
3.666189566325718796e-01
3.440407406059062256e-01
3.274934788851263656e-01
3.155427482352188284e-01
3.069833633676177786e-01
3.008807264944142190e-01
2.965341669147220083e-01
2.934366884810081788e-01
2.912239963532443632e-01
2.896393227889653699e-01
2.885003177521824336e-01
2.876795455435122717e-01
2.870861482187809788e-01
2.866568138760363649e-01
2.863457362230961145e-01
2.861211688313572421e-01
2.859595240900720814e-01
2.858447290013555464e-01
2.857642814772400897e-01
2.857100223544781770e-01
2.856750659636095868e-01
2.856553379839625317e-01
2.856468410002961922e-01
2.856476681508103299e-01
2.856553216874141432e-01
2.856690875910543048e-01
2.856872432694374520e-01
2.857097665904756445e-01
2.857353198024544239e-01
2.857643151138122839e-01
2.857955796910381929e-01
2.858298310485220539e-01
2.858659291943009828e-01
2.859048373831429846e-01
2.859453634999163385e-01
2.859886921109435209e-01
2.860335278357822864e-01
2.860812523525687601e-01
2.861304778247556468e-01
2.861826562246798100e-01
2.862365070694851132e-01
2.862920376864694361e-01
2.863418060180718538e-01
2.863153663924525305e-01
2.860478452894283374e-01
2.856562601224456599e-01
2.853149075609303087e-01
2.849992805346032165e-01
2.847171945154269301e-01
2.844548150525316732e-01
2.842179713568893651e-01
2.839976930994361770e-01
2.837978839875063830e-01
2.836117685096026242e-01
2.834423743019806596e-01
2.832842220653665199e-01
2.831399066503278439e-01
2.830047989571812250e-01
2.828812640359920638e-01
2.827652647423890553e-01
2.826590390777413142e-01
2.825589771919573834e-01
2.824672464970291452e-01
2.823805522459446604e-01
2.823010246698645087e-01
2.822256039181250675e-01
2.821564043337160821e-01
2.820905414693671842e-01
2.820301284484764692e-01
2.819724107582735617e-01
2.819195112460530228e-01
2.818687696778791052e-01
2.818223274355238228e-01
2.817775899464074474e-01
2.817367247087916859e-01
2.816971793352812115e-01
2.816611543239301296e-01
2.816261198019798795e-01
2.815943157723553858e-01
2.815632180479405444e-01
2.815351124643112879e-01
2.815074658217043280e-01
2.814826160708289171e-01
2.814580078967130472e-01
2.814360376945907460e-01
2.814141161177379225e-01
2.813947044506426298e-01
2.813751682650291741e-01
2.813580403499897908e-01
2.813406307583851684e-01
2.813255506186820853e-01
2.813100444336817940e-01
2.812968087706637088e-01
2.812830127862751550e-01
2.812714458958812114e-01
2.812591922028762625e-01
2.812491417366329016e-01
2.812382838012625341e-01
2.812296172124760796e-01
2.812200265745091743e-01
2.812126281227333435e-01
2.812041915977530615e-01
2.811979598092625432e-01
2.811905771027900514e-01
2.811854226058636552e-01
2.811790042646300503e-01
2.811748479342819351e-01
2.811693135752464934e-01
2.811660849347239477e-01
2.811613617034149359e-01
2.811589975414187648e-01
2.811550187609575535e-01
2.811534619311213401e-01
2.811501659110535734e-01
2.811493642888562294e-01
2.811466932685025011e-01
2.811465988458597964e-01
2.811444980531241367e-01
2.811450661560663811e-01
2.811434829656630496e-01
2.811446715862798706e-01
2.811435547645164679e-01
2.811453240008047749e-01
2.811446230277697689e-01
2.811469346288871241e-01
2.811465990879347676e-01
2.811494161068396891e-01
2.811493951347421860e-01
2.811526816914873828e-01
2.811529234792946585e-01
2.811566446431723043e-01
2.811570959791859226e-01
2.811612177805262180e-01
2.811618236201895438e-01
2.811663132092338535e-01
2.811670162547920127e-01
2.811718422276227591e-01
2.811725824899414805e-01
2.811777154154469494e-01
2.811784297178969161e-01
2.811838429097421876e-01
2.811844642743639433e-01
2.811901348774326070e-01
2.811905917019798529e-01
2.811965021971256085e-01
2.811967170804307581e-01
2.812028573747582527e-01
2.812027453646042119e-01
2.812091157419279730e-01
2.812085816258144688e-01
2.812151970331678852e-01
2.812141310225714785e-01
2.812210275363603018e-01
2.812192981619090482e-01
2.812265432422261791e-01
2.812239851747257435e-01
2.812316949347385409e-01
2.812280869861433219e-01
2.812364575285107304e-01
2.812314799909264584e-01
2.812408498769517484e-01
2.812339932748561533e-01
2.812449846365709383e-01
2.812353248575319986e-01
2.812492248134651485e-01
2.812347321214188067e-01
2.812548740815323800e-01
2.812292324674195987e-01
2.812703837585964206e-01
2.811686034730432882e-01
