6.186250576034829987e-05
6.198974614584288462e-05
6.224487606509478555e-05
6.262919777758789918e-05
6.314467461160476870e-05
6.379394291956263781e-05
6.458032812580823047e-05
6.550786487113225256e-05
6.658132141095934886e-05
6.780622826833604443e-05
6.918891135949800230e-05
7.073652958332112006e-05
7.245711715096244808e-05
7.435963062763061157e-05
7.645400101793460763e-05
7.875119083450964487e-05
8.126325653172908445e-05
8.400341619510106272e-05
8.698612291216144341e-05
9.022714364483693970e-05
9.374364406489916481e-05
9.755427907505159616e-05
1.016792895029362316e-04
1.061406045604479105e-04
1.109619505694587011e-04
1.161689653769391308e-04
1.217893189613335507e-04
1.278528394378205732e-04
1.343916449517471273e-04
1.414402803998077846e-04
1.490358594437924994e-04
1.572182104294333571e-04
1.660300266425908649e-04
1.755170191239468450e-04
1.857280724408731458e-04
1.967154011780491984e-04
2.085347075223724963e-04
2.212453371739703169e-04
2.349104339628929768e-04
2.495970898036921543e-04
2.653764904217075860e-04
2.823240528164304582e-04
3.005195550302115293e-04
3.200472534583791834e-04
3.409959885210916671e-04
3.634592731468338773e-04
3.875353653027339669e-04
4.133273181836462687e-04
4.409430099248207407e-04
4.704951455624891733e-04
5.021012340100022625e-04
5.358835318319230294e-04
5.719689578234036630e-04
6.104889691653875511e-04
6.515794048070629825e-04
6.953802857329826302e-04
7.420355798847251376e-04
7.916929201271453564e-04
8.445032856946526429e-04
9.006206340049806563e-04
9.602014965647895492e-04
1.023404524001629307e-03
1.090389997942136247e-03
1.161319292411116004e-03
1.236354307271038963e-03
1.315656853303748958e-03
1.399388017180148687e-03
1.487707481869556415e-03
1.580772837551334097e-03
1.678738853218334458e-03
1.781756752172369970e-03
1.889973454500720783e-03
2.003530839528084532e-03
2.122564981944039929e-03
2.247205426542852203e-03
2.377574442875966289e-03
2.513786339573024706e-03
2.655946763227409833e-03
2.804152080371884355e-03
2.958488745486646809e-03
3.119032777331075257e-03
3.285849213884135204e-03
3.458991685671762659e-03
3.638501868664676796e-03
3.824408700469321930e-03
4.016725778643548579e-03
4.215441557759803080e-03
4.420479182488903924e-03
4.631536846301106784e-03
4.847475064482960165e-03
5.064149722384594411e-03
5.268321023191053533e-03
5.430686739260968086e-03
5.525596680549213144e-03
5.566673026852371302e-03
5.583162650842835376e-03
5.591281023254664716e-03
5.596823917368178719e-03
5.601592835121775409e-03
5.606132856712852351e-03
5.610610892505325104e-03
5.615079847795845062e-03
5.619557643150894372e-03
5.624051333000238198e-03
5.628564482410743260e-03
5.633099592353456135e-03
5.637658797229851831e-03
5.642244174485552127e-03
5.646857771848453125e-03
5.651501687579487017e-03
5.656178029291915668e-03
5.660888963498120902e-03
5.665636670714105719e-03
5.670423387704078000e-03
5.675251365753001750e-03
5.680122909061593485e-03
5.685040336459183143e-03
5.690006016825743980e-03
5.695022333804817226e-03
5.700091718692025175e-03
5.705216617703978178e-03
5.710399522640907666e-03
5.715642940336551625e-03
5.720949421332687836e-03
5.726321531197738936e-03
5.731761877402290727e-03
5.737273082244991398e-03
5.742857808081091274e-03
5.748518731634111138e-03
5.754258567700853283e-03
5.760080044659257083e-03
5.765985926750549079e-03
5.771978990618605032e-03
5.778062046252199595e-03
5.784237914411703707e-03
5.790509446298934548e-03
5.796879501744209989e-03
5.803350967659080990e-03
5.809926736870129997e-03
5.816609725399900233e-03
5.823402851845272364e-03
5.830309053523630505e-03
5.837331266302574033e-03
5.844472439641640663e-03
5.851735516789188102e-03
5.859123448742604642e-03
5.866639174735930468e-03
5.874285635137263019e-03
5.882065752156072358e-03
5.889982441693187437e-03
5.898038594202461085e-03
5.906237085505409989e-03
5.914580757747501909e-03
5.923072429187422293e-03
5.931714875193418862e-03
5.940510837015697612e-03
5.949463002773737290e-03
5.958574015219630579e-03
5.967846452672406245e-03
5.977282835781227641e-03
5.986885608367986146e-03
5.996657143200249257e-03
6.006599722710064156e-03
6.016715543788648396e-03
6.027006698356046285e-03
6.037475177192924876e-03
6.048122850342830398e-03
6.058951470001651234e-03
6.069962650742170146e-03
6.081157871487270598e-03
6.092538455556077009e-03
6.104105571754028098e-03
6.115860214250732479e-03
6.127803202828242292e-03
6.139935162611874497e-03
6.152256523529363134e-03
6.164767499928521140e-03
6.177468089311123796e-03
6.190358051886674616e-03
6.203436908658098957e-03
6.216703920976477012e-03
6.230158088071362232e-03
6.243798126688916358e-03
6.257622468176289414e-03
6.271629238304952079e-03
6.285816254036993324e-03
6.300181003655865725e-03
6.314720643362614280e-03
6.329431977858352397e-03
6.344311456939062156e-03
6.359355156697130661e-03
6.374558776305763383e-03
6.389917620029924271e-03
6.405426594413966487e-03
6.421080191316362942e-03
6.436872485736025787e-03
6.452797120107750702e-03
6.468847303024893164e-03
6.485015795054286519e-03
6.501294908631867139e-03
6.517676495675178011e-03
6.534151948945855250e-03
6.550712191753516045e-03
6.567347681091803904e-03
6.584048399738659171e-03
6.600803861480476938e-03
6.617603105918720523e-03
6.634434706097511875e-03
6.651286766324890874e-03
6.668146932511421175e-03
6.685002393303325456e-03
6.701839893423575806e-03
6.718645738392161303e-03
6.735405811133789340e-03
6.752105580527997634e-03
6.768730121507376789e-03
6.785264127635960013e-03
6.801691934869242250e-03
6.817997538299698339e-03
6.834164619686076102e-03
6.850176568433142058e-03
6.866016512917570355e-03
6.881667345685332088e-03
6.897111758511444667e-03
6.912332271700910233e-03
6.927311272717714963e-03
6.942031049369957324e-03
6.956473831731965762e-03
6.970621828881013934e-03
6.984457273720615957e-03
6.997962462818307916e-03
7.011119803620514436e-03
7.023911856823808822e-03
7.036321385356234664e-03
7.048331398602573385e-03
7.059925202419098725e-03
7.071086444432060462e-03
7.081799164258206596e-03
7.092047839008804033e-03
7.101817432812666635e-03
7.111093441592699661e-03
7.119861940933899271e-03
7.128109629161002471e-03
7.135823872568498698e-03
7.142992745816536052e-03
7.149605073546443958e-03
7.155650467133441682e-03
7.161119361750376694e-03
7.166003048571819092e-03
7.170293706419686962e-03
7.173984428602914014e-03
7.177069248383946554e-03
7.179543159757871898e-03
7.181402136113082535e-03
7.182643144401452441e-03
7.183264156526873029e-03
