1.804610723778076256e-02
1.712402677788546837e-02
1.527975905396199152e-02
1.251316557243405993e-02
8.823923945182473097e-03
4.211753557217446167e-03
-1.323889520561596618e-03
-7.783435335253895831e-03
-1.516765938541762490e-02
-2.347715225528078722e-02
-3.271293526587495948e-02
-4.287577460886760755e-02
-5.396695612558977118e-02
-6.598744088610300484e-02
-7.893880268830853753e-02
-9.282222125862449325e-02
-1.076395869018796358e-01
-1.233923266720558104e-01
-1.400826815138200843e-01
-1.577123598506608160e-01
-1.762839935583948303e-01
-1.957996124261544846e-01
-2.162622864116842125e-01
-2.376744133278740900e-01
-2.600395560740109691e-01
-2.833605346618837673e-01
-3.076414685266609661e-01
-3.328856626026227561e-01
-3.590978664286119115e-01
-3.862819423771970406e-01
-4.144433551290070961e-01
-4.435866083046536845e-01
-4.737179800469682456e-01
-5.048427121448012533e-01
-5.369680100054066152e-01
-5.700999658194708664e-01
-6.042468442210209290e-01
-6.394157180291920595e-01
-6.756160645010766963e-01
-7.128560885733036256e-01
-7.511466589732520571e-01
-7.904972895081356921e-01
-8.309204496218804969e-01
-8.724271689198423996e-01
-9.150317633253561844e-01
-9.587470213812409048e-01
-1.003589395355638292e+00
-1.049573719504658609e+00
-1.096718925832780522e+00
-1.145042233831792711e+00
-1.194565463860996823e+00
-1.245308624017604560e+00
-1.297296911327248115e+00
-1.350553603032737193e+00
-1.405107858515723729e+00
-1.460986797377090696e+00
-1.518224245523950300e+00
-1.576851847693349296e+00
-1.636908942876958983e+00
-1.698432508972976596e+00
-1.761468411007632406e+00
-1.826059900908082678e+00
-1.892260565277082751e+00
-1.960120986474588101e+00
-2.029703838916373293e+00
-2.101068124978280327e+00
-2.174287053841212902e+00
-2.249428927357310926e+00
-2.326578727432619953e+00
-2.405814087693034065e+00
-2.487232005115652900e+00
-2.570917017468310029e+00
-2.656975362112661720e+00
-2.745489452153876631e+00
-2.836563626614853728e+00
-2.930249757385257503e+00
-3.026604020715248033e+00
-3.125467900893132978e+00
-3.226059307993470515e+00
-3.324914736274515281e+00
-3.416743884838301604e+00
-3.498743241510233748e+00
-3.570209937180834903e+00
-3.630788438119522343e+00
-3.680080876959011871e+00
-3.717566028465120187e+00
-3.742693970108442958e+00
-3.755072513305003135e+00
-3.754662009263071365e+00
-3.741920540007019458e+00
-3.717815946130976101e+00
-3.683731393226042705e+00
-3.641281747694092186e+00
-3.592131865505399535e+00
-3.537842418220478624e+00
-3.479784272938485579e+00
-3.419098847684609588e+00
-3.356703813423860261e+00
-3.293314401666936675e+00
-3.229477752617939235e+00
-3.165604334243107942e+00
-3.101998310738849796e+00
-3.038881654644065566e+00
-2.976413635160958471e+00
-2.914706607297178564e+00
-2.853836430416203385e+00
-2.793852854669682362e+00
-2.734783712467631744e+00
-2.676642643866331106e+00
-2.619429022448744870e+00
-2.563134942334367672e+00
-2.507741865424764072e+00
-2.453228232717807877e+00
-2.399563043070591206e+00
-2.346715287946286033e+00
-2.294643945021185516e+00
-2.243310752155139642e+00
-2.192665100998177685e+00
-2.142663955347609228e+00
-2.093269011516805556e+00
-2.044866105765205777e+00
-2.003101301992704641e+00
-1.983811728226335447e+00
-1.975798691268450202e+00
-1.969112906710661859e+00
-1.962688503318687161e+00
-1.956436681086102469e+00
-1.950343741125363906e+00
-1.944393756822649255e+00
-1.938578397411671705e+00
-1.932884132528920551e+00
-1.927303313867144041e+00
-1.921824051523580712e+00
-1.916439373349193342e+00
-1.911138729454519014e+00
-1.905915787530321426e+00
-1.900761108943972433e+00
-1.895668939780300155e+00
-1.890630769771987074e+00
-1.885641353348201266e+00
-1.880692958374498236e+00
-1.875780777243938990e+00
-1.870897730466048570e+00
-1.866039381652679685e+00
-1.861199198007238653e+00
-1.856373052983547156e+00
-1.851554870359415350e+00
-1.846740777977609937e+00
-1.841925079094810958e+00
-1.837104106349745081e+00
-1.832272476192258859e+00
-1.827426681946164866e+00
-1.822561595984355076e+00
-1.817673833164922481e+00
-1.812758472050316261e+00
-1.807812214270853479e+00
-1.802830301149142667e+00
-1.797809490145660050e+00
-1.792745147182885024e+00
-1.787634057890046479e+00
-1.782471679023920341e+00
-1.777254799504210725e+00
-1.771978936808346727e+00
-1.766640860599276053e+00
-1.761236121978970282e+00
-1.755761450730060291e+00
-1.750212406955011124e+00
-1.744585661490143158e+00
-1.738876760814309863e+00
-1.733082298979886415e+00
-1.727197787805894613e+00
-1.721219727654341280e+00
-1.715143575873481874e+00
-1.708965722890246397e+00
-1.702681552674528476e+00
-1.696287329889357265e+00
-1.689778346833881173e+00
-1.683150726768982253e+00
-1.676399652386381778e+00
-1.669521089890212195e+00
-1.662510094549412454e+00
-1.655362459650931539e+00
-1.648073095136004085e+00
-1.640637605136612498e+00
-1.633050736084709298e+00
-1.625307886191211582e+00
-1.617403619759895328e+00
-1.609333111660711024e+00
-1.601090724884878469e+00
-1.592671392795839580e+00
-1.584069257236290884e+00
-1.575278991106902726e+00
-1.566294494585666497e+00
-1.557110160383899267e+00
-1.547719625869962146e+00
-1.538116983182872266e+00
-1.528295585272271495e+00
-1.518249202912846485e+00
-1.507970882887626152e+00
-1.497454053843680022e+00
-1.486691435064960265e+00
-1.475676093046444315e+00
-1.464400399536319952e+00
-1.452857040690409329e+00
-1.441038023325808437e+00
-1.428935638562920385e+00
-1.416541515542802276e+00
-1.403847541590586223e+00
-1.390844963033363246e+00
-1.377525264155288864e+00
-1.363879315249740154e+00
-1.349898213025819027e+00
-1.335572476691389676e+00
-1.320892853075566586e+00
-1.305849562444790557e+00
-1.290433072516409707e+00
-1.274633396968092303e+00
-1.258440843863277703e+00
-1.241845371580989399e+00
-1.224837319139177483e+00
-1.207406826766582730e+00
-1.189544558451828937e+00
-1.171241197903316822e+00
-1.152488177718736573e+00
-1.133277266432210606e+00
-1.113601324438453943e+00
-1.093454004699816684e+00
-1.072830563489400646e+00
-1.051727706639967508e+00
-1.030144493751021573e+00
-1.008082373925153208e+00
-9.855462353545484389e-01
-9.625446888592167349e-01
-9.390913294768101771e-01
-9.152053402790707448e-01
-8.909130443105930386e-01
-8.662489078733712766e-01
-8.412574586244209174e-01
-8.159947499230117973e-01
-7.905306797668882890e-01
-7.649509020038913754e-01
-7.393594557414338020e-01
-7.138809175706913868e-01
-6.886629735876326208e-01
-6.638782259639604000e-01
-6.397258457232647411e-01
-6.164318481304900121e-01
-5.942483015568018612e-01
-5.734502510292542876e-01
-5.543305093718217114e-01
-5.371913748005322509e-01
-5.223336913497322875e-01
-5.100431235370235239e-01
-5.005748762506352367e-01
-4.941379302326086020e-01
-4.908808450080399677e-01
