6.312701194446460384e+00
6.311491983942342010e+00
6.309073453930107434e+00
6.305445284043229570e+00
6.300607144796447123e+00
6.294558390114371349e+00
6.287298462573950530e+00
6.278826379629962595e+00
6.269141343371115838e+00
6.258242018448143540e+00
6.246127348629354259e+00
6.232795623616850911e+00
6.218245505474731871e+00
6.202474880675598712e+00
6.185482100284569462e+00
6.167264612703816873e+00
6.147820422335035673e+00
6.127146497575315820e+00
6.105240453557717828e+00
6.082098728987454628e+00
6.057718499482521501e+00
6.032095615813931389e+00
6.005226755346680712e+00
5.977107113147055450e+00
5.947732800070221870e+00
5.917098277006118678e+00
5.885199009286825600e+00
5.852028633041170380e+00
5.817581876818677777e+00
5.781851447589120951e+00
5.744831231819125250e+00
5.706512887058800665e+00
5.666889336184185666e+00
5.625951048725717385e+00
5.583689843631260530e+00
5.540094842469490466e+00
5.495156597906006191e+00
5.448862698608614608e+00
5.401202242701343081e+00
5.352161071545819659e+00
5.301726609791119316e+00
5.249882702127734113e+00
5.196614844241847386e+00
5.141904593037490478e+00
5.085735215900491824e+00
5.028085640635756803e+00
4.968936554033248854e+00
4.908263852710457620e+00
4.846045226154497065e+00
4.782253063587249997e+00
4.716861561563105099e+00
4.649839034614934974e+00
4.581155593274797155e+00
4.510774797256329016e+00
4.438661956632876660e+00
4.364775055190277087e+00
4.289073735685603239e+00
4.211509407126325932e+00
4.132034984835082803e+00
4.050594077917512692e+00
3.967131566612903004e+00
3.881581743942015272e+00
3.793879826891898066e+00
3.703948897626246684e+00
3.611712461727527579e+00
3.517079997367161148e+00
3.419960693074350910e+00
3.320247365427542174e+00
3.217831529552997782e+00
3.112585384870408589e+00
3.004378389562762486e+00
2.893056939938162042e+00
2.778462622003337046e+00
2.660409135251600610e+00
2.538702337161223177e+00
2.413113946921985775e+00
2.283403233549079037e+00
2.149287347305576912e+00
2.010463460112470013e+00
1.866577762853727229e+00
1.717244244137391851e+00
1.562047790602564934e+00
1.400726870082183328e+00
1.234587944850800589e+00
1.067739785595525293e+00
9.034609226088700096e-01
7.427589531038573112e-01
5.860928646687428856e-01
4.335647027701218237e-01
2.852245404784635174e-01
1.410425088723779308e-01
1.048409326352151829e-03
-1.347187840607745601e-01
-2.661355155324636179e-01
-3.930406971577014019e-01
-5.151829466229245202e-01
-6.322596358975949293e-01
-7.438791883585640363e-01
-8.496011744389958542e-01
-9.489198608121036660e-01
-1.041318021088609935e+00
-1.126278713725022085e+00
-1.203356416196366352e+00
-1.272207799543661366e+00
-1.332659498622324579e+00
-1.384724432155247431e+00
-1.428630057216265348e+00
-1.464790475540698633e+00
-1.493784461647615691e+00
-1.516293997997803622e+00
-1.533061873298279254e+00
-1.544833078660867276e+00
-1.552325681540673852e+00
-1.556196577407676251e+00
-1.557034922456837611e+00
-1.555350039366625081e+00
-1.551579660490075785e+00
-1.546089343238439051e+00
-1.539185999583704501e+00
-1.531120716788437086e+00
-1.522102141153472976e+00
-1.512298937704826596e+00
-1.501851116847487289e+00
-1.490871060619589850e+00
-1.479452619562992455e+00
-1.467670760452008061e+00
-1.455588839991936112e+00
-1.443257237657918468e+00
-1.430719284602594898e+00
-1.418009240226828949e+00
-1.405157266447809139e+00
-1.392187019155028738e+00
-1.379119948359614822e+00
-1.365972688472964824e+00
-1.352760875439989574e+00
-1.339496453688613808e+00
-1.326191137706818735e+00
-1.312853708519034379e+00
-1.299493204687110159e+00
-1.286116253116889263e+00
-1.272730051325983824e+00
-1.259339779040294927e+00
-1.245951494372183888e+00
-1.232569957452481324e+00
-1.219202606305254122e+00
-1.205861690417275200e+00
-1.192581929496991489e+00
-1.179464935935739200e+00
-1.166811045972202754e+00
-1.155389912140684761e+00
-1.146628298489529962e+00
-1.141731022527504802e+00
-1.140153651859698414e+00
-1.140260744909074919e+00
-1.140849728335920910e+00
-1.141371615728860478e+00
-1.141622115709316709e+00
-1.141536492782723622e+00
-1.141100066766410626e+00
-1.140317643344221032e+00
-1.139199660754542931e+00
-1.137759809153979340e+00
-1.136011473217057643e+00
-1.133969008894386121e+00
-1.131645641027826166e+00
-1.129055199539909182e+00
-1.126210290376121081e+00
-1.123124048581629619e+00
-1.119808407665321415e+00
-1.116275803742194928e+00
-1.112537512976039755e+00
-1.108605297560444125e+00
-1.104489803937460213e+00
-1.100202150644083998e+00
-1.095752384159231152e+00
-1.091151010202545901e+00
-1.086407504981176553e+00
-1.081531791727754488e+00
-1.076532805422312888e+00
-1.071419916302120079e+00
-1.066201546302879999e+00
-1.060886541174020703e+00
-1.055482837013545172e+00
-1.049998782520472629e+00
-1.044441854111231693e+00
-1.038819929744373427e+00
-1.033140051209311183e+00
-1.027409650868399638e+00
-1.021635359803176435e+00
-1.015824188735536371e+00
-1.009982380803309487e+00
-1.004116547844856600e+00
-9.982325666560827315e-01
-9.923366717505189838e-01
-9.864343940241889763e-01
-9.805316110360022819e-01
-9.746335270758824665e-01
-9.687456819473421188e-01
-9.628729714982818821e-01
-9.570206158289129572e-01
-9.511932194041859967e-01
-9.453956995551312525e-01
-9.396323853475613275e-01
-9.339079071927270936e-01
-9.282263336993893388e-01
-9.225920231606765665e-01
-9.170087976652788742e-01
-9.114807571813545728e-01
-9.060114902484956989e-01
-9.006048513358363428e-01
-8.952642074794865401e-01
-8.899931795508266852e-01
-8.847949242445155571e-01
-8.796728398539639393e-01
-8.746298830533529856e-01
-8.696692397398604335e-01
-8.647936760894650021e-01
-8.600061749902532249e-01
-8.553093208858777441e-01
-8.507059022905633094e-01
-8.461983299667580338e-01
-8.417892059800994309e-01
-8.374807747888832754e-01
-8.332754592663320636e-01
-8.291753443090039699e-01
-8.251826802242618886e-01
-8.212993984928256275e-01
-8.175275828909466247e-01
-8.138690170692777226e-01
-8.103256237520968241e-01
-8.068990438203438309e-01
-8.035910439039291031e-01
-8.004031266817490664e-01
-7.973369071575808764e-01
-7.943937539139726001e-01
-7.915751343374934912e-01
-7.888822865864734135e-01
-7.863165340076745391e-01
-7.838789876001637236e-01
-7.815708298423078570e-01
-7.793930474557259069e-01
-7.773466848388815853e-01
-7.754326069564438928e-01
-7.736517225535284314e-01
-7.720047770163126488e-01
-7.704925455196395268e-01
-7.691156557248678416e-01
-7.678747509922349002e-01
-7.667703428018821654e-01
-7.658029441415816763e-01
-7.649729515562884163e-01
-7.642807488012978157e-01
-7.637266184450024475e-01
-7.633108158572287083e-01
-7.630335103089620485e-01
-7.628948293454442808e-01
