4.562337291888344057e-08
4.566370622416912574e-08
4.574448240878192257e-08
4.586592815306960570e-08
4.602837436130830311e-08
4.623227887442479760e-08
4.647820054076247499e-08
4.676683746040773184e-08
4.709898767646101541e-08
4.747560354752596526e-08
4.789773855123959801e-08
4.836661864442907485e-08
4.888357448352451554e-08
4.945013092052111333e-08
5.006792374183753730e-08
5.073880877195440214e-08
5.146476200830797857e-08
5.224801017444340034e-08
5.309091287795631407e-08
5.399611688472421255e-08
5.496641864309075814e-08
5.600494505692237088e-08
5.711499439433362464e-08
5.830024694093846575e-08
5.956458193607613418e-08
6.091232221532341156e-08
6.234802438014101941e-08
6.387676242477981706e-08
6.550388783279028925e-08
6.723535827244941258e-08
6.907746370894484758e-08
7.103720760282797444e-08
7.312199440931189255e-08
7.534007240363112592e-08
7.770017708326114945e-08
8.021204687634718125e-08
8.288601593709455256e-08
8.573361670935093323e-08
8.876711437019526651e-08
9.200021371305043537e-08
9.544752599957740655e-08
9.912540216221556922e-08
1.030513210063558049e-07
1.072448766853837555e-07
1.117270749721000839e-07
1.165215108623902621e-07
1.216535569009584688e-07
1.271517773903712383e-07
1.330469893706582825e-07
1.393739743735925894e-07
1.461703884276087769e-07
1.534788522794417411e-07
1.613456814559344910e-07
1.698234639238482047e-07
1.789695743906232035e-07
1.888493884396711162e-07
1.995345362671726715e-07
2.111069606901358693e-07
2.236568533347561277e-07
2.372878508045334518e-07
2.521145790036861148e-07
2.682694143925046895e-07
2.858995357336060703e-07
3.051758857870094784e-07
3.262895858079566925e-07
3.494640719784066502e-07
3.749506465041309483e-07
4.030453378673002472e-07
4.340831926880620336e-07
4.684624369903241838e-07
5.066367150272214527e-07
5.491511045067328534e-07
5.966304576182258229e-07
6.498360590968751039e-07
7.096452545646464507e-07
7.771497723480091650e-07
8.536241115839436405e-07
9.408279919360394401e-07
1.041696864109001888e-06
1.163977950234122288e-06
1.320454707126169604e-06
1.522461216946364666e-06
1.779534927076561435e-06
2.102001490203031740e-06
2.501590089509006928e-06
2.991810792533978955e-06
3.588227315888407004e-06
4.308736709101150135e-06
5.173882468504054971e-06
6.207105773253367796e-06
7.435090794038453214e-06
8.887997514596864679e-06
1.059983869879715215e-05
1.260869326474390944e-05
1.495711078499872433e-05
1.769229736767124765e-05
2.086654003692820750e-05
2.453735574749393159e-05
2.876792652554370014e-05
3.362720635085623093e-05
3.919035791757760422e-05
4.553882202372570994e-05
5.276074720524065686e-05
6.095104330076705151e-05
7.021179446873714470e-05
8.065234522677739478e-05
9.238968284849187495e-05
1.055486448204869768e-04
1.202622436383139320e-04
1.366721475099069944e-04
1.549288902221461939e-04
1.751928784373514092e-04
1.976343630209288543e-04
2.224354016925232051e-04
2.497893223533045209e-04
2.799044033818245611e-04
3.130022138966708791e-04
3.493244574895226426e-04
3.891276600404980769e-04
4.326748126982325206e-04
4.797836577878097464e-04
5.237167554918024980e-04
5.427450730137907279e-04
5.481551459618842206e-04
5.520810252493165825e-04
5.558484727225547397e-04
5.595541915327295395e-04
5.632063328362818793e-04
5.668118511542392848e-04
5.703730360595289477e-04
5.738958012671436116e-04
5.773825405530711450e-04
5.808387175308845057e-04
5.842667798012167154e-04
5.876718373278002000e-04
5.910563468860101106e-04
5.944251311397764350e-04
5.977806355128052621e-04
6.011274471132443432e-04
6.044679943324039826e-04
6.078066722643772103e-04
6.111458959601162155e-04
6.144899070809680276e-04
6.178411171010335639e-04
6.212036495790402646e-04
6.245799261792685849e-04
6.279739854005029348e-04
6.313882755528990543e-04
6.348267814354507542e-04
6.382919963228358973e-04
6.417878814292551047e-04
6.453169946820904368e-04
6.488833029455403452e-04
6.524894495969841201e-04
6.561394358446639898e-04
6.598360123299218220e-04
6.635832430954971073e-04
6.673840089093461669e-04
6.712424652826158838e-04
6.751616471488545469e-04
6.791458306290178550e-04
6.831982302421217958e-04
6.873232727546142425e-04
6.915243793423766312e-04
6.958061587619740387e-04
7.001722679003993376e-04
7.046275306071492434e-04
7.091758709085146158e-04
7.138223630988875697e-04
7.185712325995441060e-04
7.234278422929261727e-04
7.283967566005094272e-04
7.334836685305733996e-04
7.386935230586727736e-04
7.440323889290712889e-04
7.495056378618126592e-04
7.551197647862475200e-04
7.608806197847647630e-04
7.667951801327405580e-04
7.728698322316503774e-04
7.791120985747488313e-04
7.855289672308512572e-04
7.921285766424025722e-04
7.989185905033608596e-04
8.059078431208374898e-04
8.131047577927018929e-04
8.205189553218974422e-04
8.281597142467086222e-04
8.360375449850133674e-04
8.441626905079913611e-04
8.525466685068426890e-04
8.612008113324426438e-04
8.701377785176525733e-04
8.793701350342873323e-04
8.889118364666354728e-04
8.987768448646695461e-04
9.089805888456115816e-04
9.195386165481733189e-04
9.304680329330335207e-04
9.417861895637913254e-04
9.535121013745601146e-04
9.656651732110286277e-04
9.782665983188605901e-04
9.913381217558415483e-04
1.004903422802258398e-03
1.018986915473721073e-03
1.033615116921715897e-03
1.048815485284577747e-03
1.064617775863383646e-03
1.081052916361014945e-03
1.098154352071201243e-03
1.115956958032195004e-03
1.134498373471066633e-03
1.153817949309752676e-03
1.173958070365429965e-03
1.194963134621902442e-03
1.216880858722521304e-03
1.239761281863149605e-03
1.263658045164686630e-03
1.288627407002553927e-03
1.314729478703285936e-03
1.342027228094472106e-03
1.370587640736699092e-03
1.400480672107500034e-03
1.431780282327655947e-03
1.464563271093371165e-03
1.498910100181270830e-03
1.534903503720236751e-03
1.572628960340045510e-03
1.612172907287429038e-03
1.653622644584032408e-03
1.697063885848967271e-03
1.742579761164636922e-03
1.790247302348376823e-03
1.840135054621482372e-03
1.892297921348854448e-03
1.946772710837913530e-03
2.003570589091830962e-03
2.062669742702036204e-03
2.124004621606779587e-03
2.187454975019972880e-03
2.252831387373825135e-03
2.319860640621657262e-03
2.388168295116914822e-03
2.457262324894148031e-03
2.526516430759629707e-03
2.595157885398142669e-03
2.662260249717285105e-03
2.726746921534906488e-03
2.787407117997243913e-03
2.842929833977467496e-03
2.891955964566556708e-03
2.933149741806775641e-03
2.965283801318125117e-03
2.987330811979750644e-03
2.998548952087367898e-03
