4.333320212985486641e+00
4.334566155344756311e+00
4.337058065008196905e+00
4.340796301719587191e+00
4.345780942471042074e+00
4.352012711948995083e+00
4.359491745697066101e+00
4.368219143816761907e+00
4.378195111350664526e+00
4.389421139713006959e+00
4.401897518999798642e+00
4.415626153493286132e+00
4.430607438739651016e+00
4.446843719421551988e+00
4.464335522088004993e+00
4.483085665746647130e+00
4.503094839058494614e+00
4.524366376195861683e+00
4.546901165097095188e+00
4.570703103498823694e+00
4.595773322450967591e+00
4.622116340000662404e+00
4.649733581558026962e+00
4.678630251525637718e+00
4.708808129238585494e+00
4.740273181946546011e+00
4.773027611877582288e+00
4.807078237449057490e+00
4.842427763463967416e+00
4.879083961320237250e+00
4.917050130372611072e+00
4.956335112310986446e+00
4.996942907223667518e+00
5.038883562326386567e+00
5.082161901143080307e+00
5.126789332511114239e+00
5.172771645427364895e+00
5.220121790887347402e+00
5.268846688171945125e+00
5.318961039789150469e+00
5.370473087106407917e+00
5.423399527698451017e+00
5.477750149015465198e+00
5.533543928107254040e+00
5.590792461148327064e+00
5.649517338205233941e+00
5.709732273512462264e+00
5.771461863195966657e+00
5.834722305684951316e+00
5.899541668782704029e+00
5.965939070817189993e+00
6.033946606069845231e+00
6.103586834287765939e+00
6.174896541471166067e+00
6.247902356933403567e+00
6.322646561491438888e+00
6.399160615630483662e+00
6.477493271574108924e+00
6.557681750842516699e+00
6.639782473795004414e+00
6.723839566447825433e+00
6.809918595593456025e+00
6.898072007992331223e+00
6.988376357918820503e+00
7.080894178942089390e+00
7.175715323755587072e+00
7.272914627570682633e+00
7.372598162097029117e+00
7.474855850665765189e+00
7.579813690537932303e+00
7.687580191456021339e+00
7.798305971510742118e+00
7.912122460786837230e+00
8.029210752663752615e+00
8.149730364779562919e+00
8.273899797013310575e+00
8.401912229382240582e+00
8.534030519973336837e+00
8.670486541926337054e+00
8.811593741151645176e+00
8.957665011879079486e+00
9.109381507153797131e+00
9.269432006735899066e+00
9.443648971595997921e+00
9.634083144095852091e+00
9.837306275729890359e+00
1.004894753485010028e+01
1.026453745599928702e+01
1.048017263377915675e+01
1.069232995478056658e+01
1.089806377806619331e+01
1.109480206349260278e+01
1.128052939239386987e+01
1.145371766993144824e+01
1.161353767797176673e+01
1.175978292139655856e+01
1.189293596627937966e+01
1.201393571226299173e+01
1.212408771867333712e+01
1.222478321361642450e+01
1.231743059795053341e+01
1.240327293089880101e+01
1.248341638171887169e+01
1.255874487720995525e+01
1.263000308833928287e+01
1.269775194891074221e+01
1.276245981620623660e+01
1.282446539196003599e+01
1.288405897350386553e+01
1.294144307102554947e+01
1.299680156658063623e+01
1.305025776256062109e+01
1.310193382646177618e+01
1.315190795080131458e+01
1.320026670169994532e+01
1.324706268633087447e+01
1.329236171682265599e+01
1.333620179646809056e+01
1.337863635427894060e+01
1.341969493015375647e+01
1.345942329191670339e+01
1.349784594421665851e+01
1.353500366949498712e+01
1.357091784550577174e+01
1.360562581397761228e+01
1.363914707345431943e+01
1.367151878713632485e+01
1.370278431271044894e+01
1.373322886733734194e+01
1.376493643257454735e+01
1.380614394703607672e+01
1.385909574632260188e+01
1.391450810438647601e+01
1.396883001661962709e+01
1.402156976152177315e+01
1.407268637121141097e+01
1.412221731639739986e+01
1.417019083590053974e+01
1.421665327243655241e+01
1.426163464426100447e+01
1.430518091185400742e+01
1.434732210656462392e+01
1.438810327068563666e+01
1.442755403290036931e+01
1.446571824793751659e+01
1.450262485900478282e+01
1.453831634203948830e+01
1.457282075100313889e+01
1.460617905045679699e+01
1.463841826091724307e+01
1.466957774895122313e+01
1.469968340333055501e+01
1.472877294197343545e+01
1.475687105925870135e+01
1.478401380188760506e+01
1.481022463501815167e+01
1.483553793345380711e+01
1.485997592005504586e+01
1.488357131404311140e+01
1.490634509990046830e+01
1.492832837070014662e+01
1.494954088970142969e+01
1.497001216329008777e+01
1.498976076089308584e+01
1.500881464921946673e+01
1.502719123908191357e+01
1.504491701007792237e+01
1.506200825550521749e+01
1.507849002435655450e+01
1.509437753781543279e+01
1.510969447341029337e+01
1.512445502862557056e+01
1.513868157023625294e+01
1.515238732240610631e+01
1.516559340257348687e+01
1.517831211306335248e+01
1.519056338339709633e+01
1.520235864594290831e+01
1.521371670315716251e+01
1.522464816915879204e+01
1.523517077916142526e+01
1.524529438009888693e+01
1.525503569836268980e+01
1.526440386374122049e+01
1.527341465052474945e+01
1.528207652006286388e+01
1.529040434932919368e+01
1.529840597836005855e+01
1.530609543947442575e+01
1.531347999674149207e+01
1.532057288822108809e+01
1.532738084542511103e+01
1.533391636017339010e+01
1.534018567277176004e+01
1.534620057436164586e+01
1.535196685324146415e+01
1.535749564292046188e+01
1.536279231666544298e+01
1.536786739084587694e+01
1.537272585839941641e+01
1.537737765647219312e+01
1.538182743006771247e+01
1.538608457244041006e+01
1.539015341072792431e+01
1.539404282704278870e+01
1.539775685839072672e+01
1.540130390592372756e+01
1.540468774191962353e+01
1.540791631420537300e+01
1.541099315341923948e+01
1.541392577918507634e+01
1.541671750129908602e+01
1.541937543383121678e+01
1.542190268427716759e+01
1.542430598138016684e+01
1.542658824666678719e+01
1.542875584141905598e+01
1.543081151537226958e+01
1.543276127792264596e+01
1.543460771910728369e+01
1.543635650980446528e+01
1.543801009044271666e+01
1.543957380463806039e+01
1.544104995139134395e+01
1.544244355630778287e+01
1.544375678334123947e+01
1.544499434745517874e+01
1.544615828225954957e+01
1.544725299769796401e+01
1.544828040019885051e+01
1.544924459870921218e+01
1.545014737424810392e+01
1.545099253735202183e+01
1.545178174417505979e+01
1.545251850816499406e+01
1.545320436010186071e+01
1.545384251658414065e+01
1.545443438163761485e+01
1.545498287435804308e+01
1.545548926995417283e+01
1.545595618866585852e+01
1.545638477433053737e+01
1.545677734647292567e+01
1.545713491470321621e+01
1.545745949565556820e+01
1.545775196173959465e+01
1.545801402438934424e+01
1.545824641589758919e+01
1.545845054022391984e+01
1.545862698684502412e+01
1.545877685015961411e+01
1.545890057448726829e+01
1.545899894289865273e+01
1.545907225269185403e+01
1.545912097426827536e+01
1.545914525660886341e+01
