3.000965695101621145e-01
3.000965695101621145e-01
3.000965695101621145e-01
3.000965695101621145e-01
3.000965695101621145e-01
3.000965695101621145e-01
3.000965695101621145e-01
3.000965695101621145e-01
3.000965695101621145e-01
3.000965695101621145e-01
3.000965695101621145e-01
3.000965695101621145e-01
3.000965695101621145e-01
3.000965695101621145e-01
3.000965695101621145e-01
3.000965695101621145e-01
3.000965695101621145e-01
3.000965695101621145e-01
3.000965695101621145e-01
3.000965695101621145e-01
3.000965695101621145e-01
3.000965695101621145e-01
3.000965695101621145e-01
3.000965695101621145e-01
3.000965695101621145e-01
3.000965695101621145e-01
3.000965695101621145e-01
3.000965695101621145e-01
3.000965695101621145e-01
3.000965695101621145e-01
3.000965695101621145e-01
3.000965695101621145e-01
3.000965695101621145e-01
3.000965695101621145e-01
3.000965695101621145e-01
3.000965695101621145e-01
3.000965695101621145e-01
3.000965695101621145e-01
3.000965695101621145e-01
3.000965695101621145e-01
3.000965695101621145e-01
3.000965695101621145e-01
3.000965695101621145e-01
3.000965695101621145e-01
3.000965695101621145e-01
3.000965695101621145e-01
3.000965695101621145e-01
3.000965695101621145e-01
3.000965695101621145e-01
3.000965695101621145e-01
3.000965695101621145e-01
3.000965695101621145e-01
3.000965695101621145e-01
3.000965695101621145e-01
3.000965695101621145e-01
3.000965695101621145e-01
3.000965695101621145e-01
3.000965695101621145e-01
3.000965695101621145e-01
3.000965695101621145e-01
3.000965695101621145e-01
3.000965695101621145e-01
3.000965695101620589e-01
3.000965695101620589e-01
3.000965695101618924e-01
3.000965695101613373e-01
3.000965695101591169e-01
3.000965695101497355e-01
3.000965695101087127e-01
3.000965695099227504e-01
3.000965695090451191e-01
3.000965695047271287e-01
3.000965694825265540e-01
3.000965693629977782e-01
3.000965686871759353e-01
3.000965646639222606e-01
3.000965393591378261e-01
3.000963706496133643e-01
3.000951733007393152e-01
3.000860901812020809e-01
3.000121344887189401e-01
2.993683071440845778e-01
2.938270497031771900e-01
2.641105308119818251e-01
2.091246975622629567e-01
1.569915311469552155e-01
1.151730490881098801e-01
8.326954915055374828e-02
5.968730308197562479e-02
4.261540787131515989e-02
3.042181088936066896e-02
2.177426117327731572e-02
1.566035614676900695e-02
1.133650157076622825e-02
8.271880626184982890e-03
6.091295880490717705e-03
4.532451788163830916e-03
3.411880202000603258e-03
2.601681634053584161e-03
2.012219131528062300e-03
1.580673133601136334e-03
1.262679475086071236e-03
1.026868399447908135e-03
8.508568680836007571e-04
7.186523289106166957e-04
6.187110429315650743e-04
5.426953278207488933e-04
4.845128212494807861e-04
4.397162732758814053e-04
4.050144806061268718e-04
3.779809920362263691e-04
3.567960919180543215e-04
3.401063529567005549e-04
3.268823086358919818e-04
3.163528479828698454e-04
3.079222423877030863e-04
3.011422057853152859e-04
2.956601993867687041e-04
2.912106487758364106e-04
2.875802295441376661e-04
2.846088664097957922e-04
2.821645551654846057e-04
2.801493185537489621e-04
2.784795971288072172e-04
2.770946433823439021e-04
2.759403151283367460e-04
2.749785790407910054e-04
2.741734925307341393e-04
2.735011112725871689e-04
2.729369598334746268e-04
2.724659692037813600e-04
2.720710201902752645e-04
2.717427153741549346e-04
2.714687393453168182e-04
2.712433664697993358e-04
2.710574744570630511e-04
2.709077423036217549e-04
2.707872083426949650e-04
2.706941415405372461e-04
2.706230677241148368e-04
2.705733100995023096e-04
2.705404156711952129e-04
2.705243199829117633e-04
2.705209346583239949e-04
2.705292382556667534e-04
2.705405680644223194e-04
2.705368096333747607e-04
2.704537249661185302e-04
2.701079419286953141e-04
2.690224000441696658e-04
2.663328667342346060e-04
2.613606001683578604e-04
2.545564245271688102e-04
2.469965069192536214e-04
2.394241865725075418e-04
2.321472898688676904e-04
2.252614494576805025e-04
2.187769505508883341e-04
2.126802784341491940e-04
2.069465336171171887e-04
2.015527176796931238e-04
1.964736135386400192e-04
1.916885159350374213e-04
1.871755668197227324e-04
1.829172546635795551e-04
1.788949795402575800e-04
1.750940348036460637e-04
1.714985809674690284e-04
1.680962449977270055e-04
1.648734841733109056e-04
1.618198546905141400e-04
1.589237253782214336e-04
1.561762506838702044e-04
1.535673963798528927e-04
1.510896458601018667e-04
1.487343049015567775e-04
1.464949662529624590e-04
1.443640651159503266e-04
1.423361238509997554e-04
1.404045337687789656e-04
1.385645991059940459e-04
1.368105240225335765e-04
1.351382727034730093e-04
1.335427432419233592e-04
1.320204587391516726e-04
1.305669121081839946e-04
1.291791013238193344e-04
1.278530311831788525e-04
1.265861043622745568e-04
1.253747678775878863e-04
1.242167703031326861e-04
1.231089421411654314e-04
1.220493284156342294e-04
1.210350934204265823e-04
1.200645369084835551e-04
1.191351147751142889e-04
1.182453461871984049e-04
1.173929427039624353e-04
1.165766129208138782e-04
1.157942933526312588e-04
1.150448564876476013e-04
1.143264374771108417e-04
1.136380508940661274e-04
1.129780079035415922e-04
1.123454464886347430e-04
1.117388343297620639e-04
1.111574167874963408e-04
1.105998012085450009e-04
1.100653265335022610e-04
1.095527251802098380e-04
1.090614177685050298e-04
1.085902491159839741e-04
1.081387112353295428e-04
1.077057503197066614e-04
1.072909208664000720e-04
1.068932608347589376e-04
1.065123794784204880e-04
1.061473981324332022e-04
1.057979740917470865e-04
1.054633047300090925e-04
1.051430895409324412e-04
1.048365955127597207e-04
1.045435592488718537e-04
1.042633117220259734e-04
1.039956222086936354e-04
1.037398807285020276e-04
1.034958853611751047e-04
1.032630808414224951e-04
1.030412906760904752e-04
1.028300105150160122e-04
1.026290863474480815e-04
1.024380614069126332e-04
1.022568015985626653e-04
1.020848948224232784e-04
1.019222246658294152e-04
1.017684211458554994e-04
1.016233835922825845e-04
1.014867819176898948e-04
1.013585295153948977e-04
1.012383342657822988e-04
1.011261221793817179e-04
1.010216374414992370e-04
1.009248174421443540e-04
1.008354412487625235e-04
1.007534565814794276e-04
1.006786761863948955e-04
1.006110572357434235e-04
1.005504451527073571e-04
1.004968058409293669e-04
1.004500165866948019e-04
1.004100514502097839e-04
1.003768189429524898e-04
1.003503008436544720e-04
1.003304364181824726e-04
1.003172148556835463e-04
1.003106058661308586e-04
