-1.320697647775892269e+00
-1.321979218287228086e+00
-1.324539350828579209e+00
-1.328372020487413652e+00
-1.333468169946542492e+00
-1.339815685383145549e+00
-1.347399364045132053e+00
-1.356200873348685665e+00
-1.366198701261960968e+00
-1.377368097879277054e+00
-1.389681008060356993e+00
-1.403105995289131158e+00
-1.417608156974118350e+00
-1.433149031884197067e+00
-1.449686500638547537e+00
-1.467174680895110939e+00
-1.485563819332378799e+00
-1.504800183561533222e+00
-1.524825957842417923e+00
-1.545579147875949966e+00
-1.566993500986244570e+00
-1.588998449731788609e+00
-1.611519088244592446e+00
-1.634476192473289347e+00
-1.657786296707288054e+00
-1.681361840370093397e+00
-1.705111399651913162e+00
-1.728940019167354736e+00
-1.752749657915582793e+00
-1.776439762447153958e+00
-1.799907976718138736e+00
-1.823050993791723418e+00
-1.845765547897202152e+00
-1.867949537798946791e+00
-1.889503262915211534e+00
-1.910330744019866245e+00
-1.930341090136405091e+00
-1.949449864668430621e+00
-1.967580396751333005e+00
-1.984664980554277758e+00
-2.000645905492798970e+00
-2.015476265667571099e+00
-2.029120506195964069e+00
-2.041554677894907854e+00
-2.052766387850788909e+00
-2.062754451166291414e+00
-2.071528265972480298e+00
-2.079106948813965516e+00
-2.085518278637699563e+00
-2.090797504727359701e+00
-2.094986076101008177e+00
-2.098130348036348902e+00
-2.100280315686729793e+00
-2.101488416719793584e+00
-2.101808435206137027e+00
-2.101294529063367555e+00
-2.100000393736611848e+00
-2.097978566423593261e+00
-2.095279868140565327e+00
-2.091952975669426174e+00
-2.088044111696837568e+00
-2.083596839267509715e+00
-2.078651945655530575e+00
-2.073247400758222003e+00
-2.067418375792465124e+00
-2.061197309249657827e+00
-2.054614008505589506e+00
-2.047695777048763155e+00
-2.040467558866132070e+00
-2.032952093014506634e+00
-2.025170072785986264e+00
-2.017140305077369078e+00
-2.008879866640254086e+00
-2.000404254756140698e+00
-1.991727530636880017e+00
-1.982862454420728726e+00
-1.973820611133799918e+00
-1.964612527325093616e+00
-1.955247778393080171e+00
-1.945735086795043811e+00
-1.936082411511124590e+00
-1.926297029197954425e+00
-1.916385607565978866e+00
-1.906354271508369447e+00
-1.896208662561080560e+00
-1.885953992226367504e+00
-1.875595089719480635e+00
-1.865136444628372470e+00
-1.854582244993662643e+00
-1.843936411235230777e+00
-1.833202626367871124e+00
-1.822384362863242568e+00
-1.811484906534706507e+00
-1.800507377735827141e+00
-1.789454750188486098e+00
-1.778329867671357478e+00
-1.767135458831916361e+00
-1.755874150300817949e+00
-1.744548478327511809e+00
-1.733160899072242911e+00
-1.721713797737972174e+00
-1.710209496642550064e+00
-1.698650262390386523e+00
-1.687038312225824344e+00
-1.675375819732902727e+00
-1.663664920005776260e+00
-1.651907714590039822e+00
-1.640106276641112082e+00
-1.628262657331680074e+00
-1.616378895519434256e+00
-1.604457034971578766e+00
-1.592499157749523997e+00
-1.580507451044122380e+00
-1.568484340989329873e+00
-1.556432757338574335e+00
-1.544356647168255048e+00
-1.532261950275520812e+00
-1.520158404737346425e+00
-1.508062788337154903e+00
-1.496004503701313215e+00
-1.484034622180481211e+00
-1.472239034165306659e+00
-1.460753758679368630e+00
-1.449773532689622613e+00
-1.439534314234379275e+00
-1.430250040289768432e+00
-1.422018503468505557e+00
-1.414764075091690998e+00
-1.408272172242888143e+00
-1.402282293634404597e+00
-1.396565124477685993e+00
-1.390952462181136218e+00
-1.385333960752411109e+00
-1.379642309565897174e+00
-1.373838717245832397e+00
-1.367902209093608601e+00
-1.361822617044081252e+00
-1.355596238975479428e+00
-1.349223220628621434e+00
-1.342705992704045892e+00
-1.336048339228335768e+00
-1.329254840105981605e+00
-1.322330535353309244e+00
-1.315280721090434479e+00
-1.308110824432185737e+00
-1.300826325946669915e+00
-1.293432711128410739e+00
-1.285935439683292048e+00
-1.278339925930332299e+00
-1.270651526158982580e+00
-1.262875530452857387e+00
-1.255017157359567204e+00
-1.247081550459339994e+00
-1.239073776162183060e+00
-1.230998822371205614e+00
-1.222861597710685810e+00
-1.214666931185966137e+00
-1.206419572122698680e+00
-1.198124190345273954e+00
-1.189785376504833847e+00
-1.181407642555120541e+00
-1.172995422314548453e+00
-1.164553072128930111e+00
-1.156084871586480212e+00
-1.147595024306440337e+00
-1.139087658759828425e+00
-1.130566829146296692e+00
-1.122036516289814045e+00
-1.113500628577949403e+00
-1.104963002910249736e+00
-1.096427405680561629e+00
-1.087897533760792568e+00
-1.079377015510711857e+00
-1.070869411782984670e+00
-1.062378216947519993e+00
-1.053906859905850979e+00
-1.045458705119059140e+00
-1.037037053621249649e+00
-1.028645144041640203e+00
-1.020286153608410018e+00
-1.011963199156739712e+00
-1.003679338115515129e+00
-9.954375694943361497e-01
-9.872408348465653294e-01
-9.790920192293580682e-01
-9.709939521375284821e-01
-9.629494084315378677e-01
-9.549611092375027699e-01
-9.470317228389301123e-01
-9.391638655389750179e-01
-9.313601025124407240e-01
-9.236229486271185785e-01
-9.159548692532187841e-01
-9.083582810413318720e-01
-9.008355526870370777e-01
-8.933890056635730437e-01
-8.860209149400213313e-01
-8.787335096672803658e-01
-8.715289738487026483e-01
-8.644094469784917578e-01
-8.573770246641503334e-01
-8.504337592168477178e-01
-8.435816602254991858e-01
-8.368226950990963475e-01
-8.301587895925410798e-01
-8.235918283013702323e-01
-8.171236551399070347e-01
-8.107560737890577851e-01
-8.044908481277122103e-01
-7.983297026346871661e-01
-7.922743227745314698e-01
-7.863263553549915130e-01
-7.804874088687975275e-01
-7.747590538081587930e-01
-7.691428229643541004e-01
-7.636402117011931168e-01
-7.582526782143147459e-01
-7.529816437657973482e-01
-7.478284929053750085e-01
-7.427945736684753442e-01
-7.378811977617854012e-01
-7.330896407272284865e-01
-7.284211420944151083e-01
-7.238769055132010521e-01
-7.194580988757728335e-01
-7.151658544204975154e-01
-7.110012688264879532e-01
-7.069654032915726471e-01
-7.030592836022554470e-01
-6.992839001887302119e-01
-6.956402081731257736e-01
-6.921291274045469066e-01
-6.887515424885406468e-01
-6.855083028051133232e-01
-6.824002225223313456e-01
-6.794280806002324091e-01
-6.765926207914263468e-01
-6.738945516337224717e-01
-6.713345464405418017e-01
-6.689132432849612675e-01
-6.666312449826207187e-01
-6.644891190697524985e-01
-6.624873977810898928e-01
-6.606265780243154584e-01
-6.589071213552797346e-01
-6.573294539510861068e-01
-6.558939665847105527e-01
-6.546010145987195550e-01
-6.534509178811361840e-01
-6.524439608415272263e-01
-6.515803923896982264e-01
-6.508604259155789107e-01
-6.502842392720910025e-01
-6.498519747599237339e-01
-6.495637391155814067e-01
-6.494196035018950930e-01
