9.916988980776222817e+00
9.916971939564080074e+00
9.916938043159149174e+00
9.916887659665828636e+00
9.916821331530151440e+00
9.916739764230857901e+00
9.916643811759506377e+00
9.916534459335828444e+00
9.916412803883488891e+00
9.916280032841690684e+00
9.916137401924158823e+00
9.915986212439623415e+00
9.915827788778875274e+00
9.915663456631117256e+00
9.915494522444731729e+00
9.915322254570673621e+00
9.915147866453519754e+00
9.914972502139221433e+00
9.914797224285955224e+00
9.914623004765973135e+00
9.914450717869769392e+00
9.914281136037319087e+00
9.914114927982522474e+00
9.913952659012021940e+00
9.913794793305523712e+00
9.913641697885440252e+00
9.913493647995176516e+00
9.913350833590630629e+00
9.913213366662985138e+00
9.913081289115718064e+00
9.912954580947960892e+00
9.912833168514064042e+00
9.912716932666821634e+00
9.912605716615471962e+00
9.912499333369133581e+00
9.912397572660001543e+00
9.912300207277176867e+00
9.912206998761819321e+00
9.912117702444708911e+00
9.912032071821167634e+00
9.911949862281463908e+00
9.911870834222217042e+00
9.911794755580359606e+00
9.911721403832894239e+00
9.911650567515644994e+00
9.911582047311359389e+00
9.911515656762908577e+00
9.911451222661453286e+00
9.911388585161638787e+00
9.911327597668408984e+00
9.911268126540299761e+00
9.911210050646063863e+00
9.911153260810849019e+00
9.911097659180329700e+00
9.911043158530389974e+00
9.910989681542814012e+00
9.910937160066790597e+00
9.910885534379838546e+00
9.910834752461500585e+00
9.910784769287969809e+00
9.910735546155835962e+00
9.910687050039106438e+00
9.910639252983862946e+00
9.910592131541866578e+00
9.910545666244782836e+00
9.910499841118479480e+00
9.910454643237342154e+00
9.910410062316907798e+00
9.910366090343698531e+00
9.910322721240008903e+00
9.910279950561937667e+00
9.910237775228264212e+00
9.910196193278144605e+00
9.910155203655364176e+00
9.910114806017043421e+00
9.910075000564745551e+00
9.910035787895978387e+00
9.909997168874294715e+00
9.909959144516157892e+00
9.909921715893073468e+00
9.909884884047299280e+00
9.909848649919993591e+00
9.909813014290202560e+00
9.909777977723916109e+00
9.909743540531684047e+00
9.909709702734305736e+00
9.909676464035193533e+00
9.909643823799200391e+00
9.909611781036563372e+00
9.909580334391977274e+00
9.909549482137526510e+00
9.909519222169686614e+00
9.909489552009141278e+00
9.909460468803828803e+00
9.909431969333951429e+00
9.909404050019539056e+00
9.909376706929295509e+00
9.909349935791468056e+00
9.909323732005432817e+00
9.909298090654887758e+00
9.909273006521317484e+00
9.909248474098721005e+00
9.909224487608264909e+00
9.909201041013929512e+00
9.909178128037796185e+00
9.909155742176137593e+00
9.909133876714918188e+00
9.909112524745987471e+00
9.909091679182571610e+00
9.909071332775475582e+00
9.909051478128795054e+00
9.909032107716910787e+00
9.909013213902245099e+00
9.908994788956944078e+00
9.908976825090356044e+00
9.908959314490084935e+00
9.908942249386392120e+00
9.908925622161433466e+00
9.908909425535473048e+00
9.908893652885568670e+00
9.908878298773771576e+00
9.908863359780220037e+00
9.908848835694813673e+00
9.908834730936547430e+00
9.908821055622107465e+00
9.908807825147547987e+00
9.908795057232268277e+00
9.908782766947622278e+00
9.908770962218431677e+00
9.908759642092496378e+00
9.908748797812533482e+00
9.908738415173745651e+00
9.908728476820360953e+00
9.908718963939316282e+00
9.908709857337532512e+00
9.908701138068627401e+00
9.908692787770716492e+00
9.908684788834277057e+00
9.908677124471568121e+00
9.908669778732926758e+00
9.908662736492862777e+00
9.908655983421940761e+00
9.908649505950370084e+00
9.908643291229651595e+00
9.908637327092719715e+00
9.908631602015889328e+00
9.908626105081280500e+00
9.908620825942064059e+00
9.908615754788648644e+00
9.908610882317818280e+00
9.908606199702791884e+00
9.908601698566112503e+00
9.908597370953264871e+00
9.908593209308946825e+00
9.908589206453864762e+00
9.908585355563959141e+00
9.908581650149992370e+00
9.908578084039367795e+00
9.908574651358131646e+00
9.908571346515049783e+00
9.908568164185718175e+00
9.908565099298598966e+00
9.908562147020960609e+00
9.908559302746626329e+00
9.908556562083498775e+00
9.908553920842802398e+00
9.908551375027995434e+00
9.908548920825305473e+00
9.908546554593858247e+00
9.908544272857337631e+00
9.908542072295182024e+00
9.908539949735224894e+00
9.908537902145834408e+00
9.908535926629404855e+00
9.908534020415311616e+00
9.908532180854169980e+00
9.908530405411507758e+00
9.908528691662677801e+00
9.908527037287170103e+00
9.908525440064114065e+00
9.908523897867139496e+00
9.908522408660392244e+00
9.908520970493897906e+00
9.908519581500030426e+00
9.908518239889302137e+00
9.908516943947240918e+00
9.908515692030571032e+00
9.908514482564434900e+00
9.908513314038929209e+00
9.908512185006635775e+00
9.908511094079463177e+00
9.908510039926451185e+00
9.908509021270907269e+00
9.908508036888438397e+00
9.908507085604332687e+00
9.908506166291822126e+00
9.908505277869680938e+00
9.908504419300681931e+00
9.908503589589386706e+00
9.908502787780784971e+00
9.908502012958265937e+00
9.908501264242399742e+00
9.908500540789077604e+00
9.908499841788430018e+00
9.908499166463114349e+00
9.908498514067360929e+00
9.908497883885379665e+00
9.908497275230518042e+00
9.908496687443806294e+00
9.908496119893193566e+00
9.908495571972213867e+00
9.908495043099298627e+00
9.908494532716556336e+00
9.908494040289159699e+00
9.908493565304206996e+00
9.908493107270190947e+00
9.908492665715943559e+00
9.908492240190163614e+00
9.908491830260437894e+00
9.908491435512832624e+00
9.908491055550976867e+00
9.908490689995710810e+00
9.908490338484240212e+00
9.908490000669814890e+00
9.908489676220959552e+00
9.908489364821186030e+00
9.908489066168289838e+00
9.908488779974083727e+00
9.908488505963761739e+00
9.908488243875666512e+00
9.908487993460697751e+00
9.908487754482106169e+00
9.908487526714962357e+00
9.908487309945973820e+00
9.908487103972991150e+00
9.908486908604857035e+00
9.908486723660960394e+00
9.908486548971103147e+00
9.908486384375089884e+00
9.908486229722623051e+00
9.908486084872940580e+00
9.908485949694718187e+00
9.908485824065747849e+00
9.908485707872857873e+00
9.908485601011635779e+00
9.908485503386364357e+00
9.908485414909776523e+00
9.908485335503003810e+00
9.908485265095382744e+00
9.908485203624405102e+00
9.908485151035563376e+00
9.908485107282313464e+00
9.908485072325971643e+00
9.908485046135666607e+00
9.908485028688284402e+00
9.908485019968436447e+00
