3.154298664101345632e-06
-1.061530610038331622e-06
6.252356446617140830e-07
-4.594245863856116234e-07
3.443163781478352996e-07
-2.953977747234013252e-07
2.363264422723366932e-07
-2.190049181600499343e-07
1.791798543905204046e-07
-1.749151814373066958e-07
1.438070300073270350e-07
-1.462897510916782058e-07
1.197418071771633226e-07
-1.262694942902638404e-07
1.022913472549593265e-07
-1.115365107803041656e-07
8.903680247446828628e-08
-1.002909079140324871e-07
7.860396623620897049e-08
-9.147246509169931648e-08
7.015340970512976338e-08
-8.441698038464009760e-08
6.314250060648209960e-08
-7.868788741792284999e-08
5.720396235808519846e-08
-7.398737888341771810e-08
5.207937614346872678e-08
-7.010622268199146652e-08
4.758058374044555424e-08
-6.689412601017569510e-08
4.356627123088063244e-08
-6.424143795708766975e-08
3.992702928451522710e-08
-6.206746402513715675e-08
3.657558714418182929e-08
-6.031289653658473000e-08
3.344008937677949739e-08
-5.893472151779338973e-08
3.045936620065427595e-08
-5.790286370573383433e-08
2.757941981727262619e-08
-5.719794946011715176e-08
2.475067976742983113e-08
-5.680990858317945212e-08
2.192579191369386463e-08
-5.673723921006462803e-08
1.905763856629840688e-08
-5.698675937894786174e-08
1.609745243260525987e-08
-5.757384520709882451e-08
1.299291613174597000e-08
-5.852318047685199937e-08
9.686039940232512534e-09
-5.986998734691404178e-08
6.110727964276658661e-09
-6.166193865162918283e-08
2.189776386224236598e-09
-6.396182188718946882e-08
-2.168896656542459317e-09
-6.685128522797588272e-08
-7.077145248422120974e-09
-7.043598732159031442e-08
-1.267312840641880736e-08
-7.485273625654757605e-08
-1.913013420668193157e-08
-8.027946332664705849e-08
-2.666878199127190991e-08
-8.694929708079002761e-08
-3.557422199869712708e-08
-9.517071718418598242e-08
-4.622078789745872015e-08
-1.053569627378658350e-07
-5.910813826759237885e-08
-1.180697252983291791e-07
-7.491543223617574646e-08
-1.340856917085426281e-07
-9.458468006864251788e-08
-1.545009374350954385e-07
-1.194565153089470584e-07
-1.809323121759897977e-07
-1.517909232516705064e-07
-2.185613812060951332e-07
-2.125668679087548029e-07
-3.223996276034541694e-07
-3.668340975088995079e-07
-5.180207653492010832e-07
-6.061387739366429410e-07
-8.117657650966562124e-07
-9.614873174209621108e-07
-1.245786286135657211e-06
-1.482741047696312051e-06
-1.877269033315648112e-06
-2.235628716323779419e-06
-2.780939179821224970e-06
-3.304840790807255485e-06
-4.052131685228979455e-06
-4.797074710418919778e-06
-5.809659404679368869e-06
-6.843720847956909355e-06
-8.198195755185102616e-06
-9.602902365109924546e-06
-1.138988268849309757e-05
-1.326059443959566277e-05
-1.558490261502116939e-05
-1.803059142512440153e-05
-2.101081565664654079e-05
-2.415316842205168622e-05
-2.792055919197810267e-05
-3.189239246706852718e-05
-3.658912824501233866e-05
-4.153216895044514083e-05
-4.730909034549362279e-05
-5.337124737561924407e-05
-6.038522145243832204e-05
-6.771754504630308298e-05
-7.612866049651554061e-05
-8.488227055922375227e-05
-9.485104123995748409e-05
-1.051744606868616576e-04
-1.168590037260430612e-04
-1.288967979924838668e-04
-1.424490535263826579e-04
-1.563445229407112614e-04
-1.719005764480665578e-04
-1.878139317465078826e-04
-2.054485242077176276e-04
-2.236137667401588876e-04
-2.425647044670914496e-04
-2.584397423748135427e-04
-2.297716008917209630e-04
-1.050823833413950392e-04
-2.009058097185705767e-05
-1.091791865669982965e-05
-5.650472606294966826e-06
-8.057198894204180815e-06
-6.056041133409176356e-06
-7.841051463930613915e-06
-6.496297651390527941e-06
-7.886492465532988588e-06
-6.874352622727843625e-06
-8.053132237363158570e-06
-7.246631962937774637e-06
-8.304936481694759695e-06
-7.639922138402701436e-06
-8.628418742235255629e-06
-8.068709728311927571e-06
-9.018830760222483088e-06
-8.542547283388401502e-06
-9.475596694652416578e-06
-9.068922138036196418e-06
-1.000047395899142071e-05
-9.654504693287083644e-06
-1.059672486291571662e-05
-1.030574980854945303e-05
-1.126871160620740211e-05
-1.102921170967059791e-05
-1.202168497115646418e-05
-1.183172021707735498e-05
-1.286166742851142583e-05
-1.272048380924148109e-05
-1.379538381948835594e-05
-1.370315041625712962e-05
-1.483021567737605798e-05
-1.478784104865388904e-05
-1.597416591499244151e-05
-1.598316365836860482e-05
-1.723582582527653697e-05
-1.729821052408323908e-05
-1.862433921393100904e-05
-1.874254048640490740e-05
-2.014935939429143315e-05
-2.032614612852145182e-05
-2.182099616526506151e-05
-2.205940496486576241e-05
-2.364975018111514454e-05
-2.395301357376252197e-05
-2.564643203520882841e-05
-2.601790355043785412e-05
-2.782206416036233824e-05
-2.826513739518084919e-05
-3.018776367211050771e-05
-3.070578343344652564e-05
-3.275460443140012508e-05
-3.335076830501167020e-05
-3.553345701932638170e-05
-3.621070596559096552e-05
-3.853480591268804590e-05
-3.929570306684451855e-05
-4.176854316215796874e-05
-4.261514023608573530e-05
-4.524373921619003706e-05
-4.617742988661045539e-05
-4.896839151671834704e-05
-4.998975232201836112e-05
-5.294915267862387788e-05
-5.405777163473582473e-05
-5.719104128110049479e-05
-5.838533515239435344e-05
-6.169713848377485134e-05
-6.297416012020837629e-05
-6.646827624395658450e-05
-6.782351309703488922e-05
-7.150272238612184858e-05
-7.292988877178607234e-05
-7.679587009550948933e-05
-7.828669492010422381e-05
-8.233994083067944843e-05
-8.388395252002402006e-05
-8.812370928587841311e-05
-8.970802079702033111e-05
-9.413226171741299962e-05
-9.574135546698102209e-05
-1.003467984965805470e-04
-1.019623128139584900e-04
-1.067444932781574902e-04
-1.083450072885555084e-04
-1.132984201713531667e-04
-1.148592342744756252e-04
-1.199775621755687583e-04
-1.214704638073206349e-04
-1.267469125125682294e-04
-1.281399142447300660e-04
-1.335676798171125869e-04
-1.348247058703956852e-04
-1.403976107197410321e-04
-1.414780951025308340e-04
-1.471914401685343193e-04
-1.480497797018248110e-04
-1.539014851677362702e-04
-1.544862588761114226e-04
-1.604784000807465581e-04
-1.607312151859226863e-04
-1.668721237280079662e-04
-1.667258651945533170e-04
-1.730330726436959444e-04
-1.724091794412080630e-04
-1.789136823196380455e-04
-1.777178038084344786e-04
-1.844704962625636499e-04
-1.825853489674085191e-04
-1.896672345044800420e-04
-1.869403770765118021e-04
-1.944797891405934806e-04
-1.907015724573169987e-04
-1.989054586371820322e-04
-1.937663119277995092e-04
-2.029826502577689246e-04
-1.959817811348283354e-04
-2.068406413001454660e-04
-1.970611174985403868e-04
-2.108560301107718828e-04
-1.962737492806539163e-04
-2.163429708448617070e-04
-1.906459751778611256e-04
-2.317600819399032847e-04
-1.299610639249898926e-04
