0.000000000000000000e+00
0.000000000000000000e+00
2.486711235495608605e+02
7.467424993022071931e+02
1.495675806716879379e+03
2.497672141274788828e+03
3.755682365291218048e+03
5.273421007718548935e+03
7.055383799351363450e+03
9.106868951328437106e+03
1.143400230995723541e+04
1.404376654366044568e+04
1.694403454591072295e+04
2.014360726276073547e+04
2.365225618548981947e+04
2.748077077636235117e+04
3.164101113227062888e+04
3.614596622208892222e+04
4.100981807640835905e+04
4.624801234390726313e+04
5.187733567894329462e+04
5.791600046617654152e+04
6.438373744753685605e+04
7.130189686502375116e+04
7.869355880354277906e+04
8.658365347463871876e+04
9.499909226639443659e+04
1.039689104517383967e+05
1.135244225485175557e+05
1.236993914041795506e+05
1.345302121993697074e+05
1.460561126594438683e+05
1.583193709091407072e+05
1.713655525187372405e+05
1.852437684665470151e+05
2.000069558778729988e+05
2.157121836140955274e+05
2.324209849475903611e+05
2.501997198170252086e+05
2.691199693519043503e+05
2.892589656695313752e+05
3.107000601808337960e+05
3.335332340238153702e+05
3.578556545235597878e+05
3.837722820437260089e+05
4.113965319309059996e+05
4.408509968224187032e+05
4.722682349921194254e+05
5.057916311054172693e+05
5.415763362396399025e+05
5.797902948804328917e+05
6.206153671863686759e+05
6.642485558649521554e+05
7.109033476993516088e+05
7.608111810615891591e+05
8.142230515793353552e+05
8.714112697279625572e+05
9.326713851088334341e+05
9.983242941686292179e+05
1.068718549285495188e+06
1.144232889637189684e+06
1.225279015641458565e+06
1.312304631885196315e+06
1.405796785054205451e+06
1.506285527330423705e+06
1.614347937538436614e+06
1.730612537374480162e+06
1.855764142047782894e+06
1.990549191196419531e+06
2.135781607991788071e+06
2.292349242887744214e+06
2.461220959972054232e+06
2.643454433569980785e+06
2.840204713012341876e+06
3.052733571037552319e+06
3.282419332831391133e+06
3.530765225761066657e+06
3.799395578319558874e+06
4.089986360005842987e+06
4.403898792959464714e+06
4.740963568402754143e+06
5.098125879310958087e+06
5.471099765813966282e+06
5.857469065476072021e+06
6.256910415504698642e+06
6.669967199438989162e+06
7.097457054064335302e+06
7.540311953412563540e+06
7.999543556474819779e+06
8.476239015305627137e+06
8.971564250601341948e+06
9.486769344077365473e+06
1.002319482605899312e+07
1.058227859044717625e+07
1.116556341055671126e+07
1.177470507898525521e+07
1.241148121987061948e+07
1.307780082198356837e+07
1.377571455253179371e+07
1.450742591036742181e+07
1.527530328726262413e+07
1.608189300621609762e+07
1.692993341533176973e+07
1.782237011764033511e+07
1.876237242669646814e+07
1.975335114107153565e+07
2.079897774037925899e+07
2.190320511016762629e+07
2.307028991270787641e+07
2.430481672678983212e+07
2.561172408959193528e+07
2.699633258114192262e+07
2.846437510214498267e+07
3.002202950475882739e+07
3.167595374645539746e+07
3.343332374723795429e+07
3.530187414129507542e+07
3.728994212557237595e+07
3.940651461870194227e+07
4.166127895631252974e+07
4.406467735966984928e+07
4.662796542822472751e+07
4.936327491728581488e+07
5.228368107649691403e+07
5.540327483480016887e+07
5.873724013257697970e+07
6.230193671055030823e+07
6.611498868020292372e+07
7.019537920765073597e+07
7.456355165772768855e+07
7.924151754976224899e+07
8.425297169035094976e+07
8.962341484975396097e+07
9.538028436058120430e+07
1.015530930142250210e+08
1.081735766397762448e+08
1.152758507410834581e+08
1.228965765729761869e+08
1.310751370211525559e+08
1.398538226503278911e+08
1.492780282594676316e+08
1.593964602761969566e+08
1.702613552854312658e+08
1.819287099719456434e+08
1.944585227060170174e+08
2.079150469754380882e+08
2.223670568005856574e+08
2.378881242308554053e+08
2.545569089354688823e+08
2.724574598485896587e+08
2.916795287220043540e+08
3.123188953686454296e+08
3.344777042494347692e+08
3.582648119669888020e+08
3.837961450721321702e+08
4.111950674794076085e+08
4.405927566009640098e+08
4.721285871761257648e+08
5.059505215559306145e+08
5.422155050465503931e+08
5.810898646649198532e+08
6.227497094809988737e+08
6.673813304374212027e+08
7.151815973356587887e+08
7.663583503615835905e+08
8.211307833010843992e+08
8.797298152494628429e+08
9.423984473790801764e+08
1.009392100955780029e+09
1.080978932543634653e+09
1.157440121942146540e+09
1.239070128144845247e+09
1.326176908199085236e+09
1.419082093597040415e+09
1.518121118415514708e+09
1.623643293189729929e+09
1.736011818103536844e+09
1.855603728878402233e+09
1.982809768365795612e+09
2.118034176697440624e+09
2.261694392513542175e+09
2.414220657708870888e+09
2.576055517866502762e+09
2.747653210561226368e+09
2.929478933532298088e+09
3.122007984853820801e+09
3.325724767162557125e+09
3.541121648273456097e+09
3.768697670585317135e+09
4.008957102118619442e+09
4.262407822267601967e+09
4.529559535984150887e+09
4.810921810546906471e+09
5.107001929925731659e+09
5.418302562409698486e+09
5.745319238269158363e+09
6.088537635125438690e+09
6.448430670070151329e+09
6.825455398746100426e+09
7.220049723248826981e+09
7.632628912161041260e+09
8.063581937967571259e+09
8.513267638841055870e+09
8.982010714013578415e+09
9.470097563980295181e+09
9.977771989285270691e+09
1.050523076394726944e+10
1.105261910234190750e+10
1.162002604091559219e+10
1.220747975908066559e+10
1.281494286640734482e+10
1.344230768635864830e+10
1.408939156972194862e+10
1.475593227409582138e+10
1.544158344874690056e+10
1.614591026731737709e+10
1.686838525374471474e+10
1.760838434973131943e+10
1.836518327474455643e+10
1.913795423212145996e+10
1.992576301704372406e+10
2.072756658412110901e+10
2.154221113379510498e+10
2.236843077783237076e+10
2.320484684461106110e+10
2.404996788469759750e+10
2.490219043623776627e+10
2.575980060781631470e+10
2.662097653365425110e+10
2.748379175206342697e+10
2.834621955306377792e+10
2.920613833464352798e+10
3.006133799952853775e+10
3.090952741511027527e+10
3.174834294871788406e+10
3.257535807826493835e+10
3.338809406495640945e+10
3.418403165977149582e+10
3.496062379951312256e+10
3.571530923094092560e+10
3.644552698372567749e+10
3.714873159436989594e+10
3.782240896484336090e+10
3.846409272125386810e+10
3.907138092058649445e+10
3.964195293722696686e+10
4.017358634690487671e+10
4.066417361370212555e+10
4.111173837712751770e+10
4.151445113078513336e+10
4.187064408295163727e+10
4.217882499217221069e+10
4.243768977856066895e+10
4.264613372344367218e+10
4.280326108668043518e+10
4.290839299180400848e+10
