4.739775962806058729e+00
4.741035020918868526e+00
4.743553234354804360e+00
4.747330889530632092e+00
4.752368280568499692e+00
4.758665985670179843e+00
4.766224503380936284e+00
4.775044714505120247e+00
4.785127334656623432e+00
4.796473563673700369e+00
4.809084352212321889e+00
4.822961241442070168e+00
4.838105440641291999e+00
4.854518860821816162e+00
4.872202999442802884e+00
4.891160172534929629e+00
4.911392201749957387e+00
4.932901850550292622e+00
4.955691307837615689e+00
4.979763834860999161e+00
5.005122038602980439e+00
5.031769737259387476e+00
5.059710015383495296e+00
5.088947317130966930e+00
5.119485273847217854e+00
5.151329035781071930e+00
5.184482861317235347e+00
5.218952699582372290e+00
5.254743528835117417e+00
5.291862204365175515e+00
5.330314531612587281e+00
5.370108396053153932e+00
5.411250554368387533e+00
5.453750065694305427e+00
5.497614781530896444e+00
5.542855100900529131e+00
5.589480136576834290e+00
5.637501820477730519e+00
5.686930720086298408e+00
5.737780524950411021e+00
5.790063482704089104e+00
5.843795303072295333e+00
5.898990177465323725e+00
5.955666143675172108e+00
6.013839646320443322e+00
6.073531413849743821e+00
6.134760508759820041e+00
6.197550779115134745e+00
6.261924336887371823e+00
6.327908659684250203e+00
6.395529421956144489e+00
6.464818340031820654e+00
6.535805263114903063e+00
6.608526877532556298e+00
6.683017940590073813e+00
6.759320990329753975e+00
6.837476572584045620e+00
6.917534143784994427e+00
6.999541095327077578e+00
7.083555094086226411e+00
7.169631640610691470e+00
7.257838172931347920e+00
7.348239792138735460e+00
7.440915572721033655e+00
7.535941924437014272e+00
7.633411728771909210e+00
7.733414527142642214e+00
7.836059377665547387e+00
7.941450554392189609e+00
8.049715469191507822e+00
8.160973575882170650e+00
8.275371504866662065e+00
8.393040739145920526e+00
8.514143784263282555e+00
8.638811283089401272e+00
8.767208849114840774e+00
8.899441245589754246e+00
9.035744194630817461e+00
9.176813532889143588e+00
9.325740140270411871e+00
9.486291048858952024e+00
9.657996109377579685e+00
9.837320667121428386e+00
1.002011173578324588e+01
1.020225812909651175e+01
1.038001462927762120e+01
1.055020601584268114e+01
1.071038711026905688e+01
1.085897591375997884e+01
1.099527890810036368e+01
1.111943448276525714e+01
1.123221553455048216e+01
1.133481000880190948e+01
1.142856745714762212e+01
1.151483587322517721e+01
1.159482641743135645e+01
1.166958029630079352e+01
1.173993767089350726e+01
1.180657330427939833e+01
1.187000123180079569e+01
1.193062413287933587e+01
1.198873797128534413e+01
1.204457558834152309e+01
1.209830270662359730e+01
1.215005377401976894e+01
1.219992018445963922e+01
1.224798092176826891e+01
1.229428524368567288e+01
1.233888080806160659e+01
1.238179233525419853e+01
1.242304927491672473e+01
1.246266100874239946e+01
1.250064572598989798e+01
1.253700186172690323e+01
1.257173991265614887e+01
1.260484882837094389e+01
1.263633323518896923e+01
1.266617190076387445e+01
1.269436609777289426e+01
1.272090468820609743e+01
1.274622262567790543e+01
1.277602549880829130e+01
1.282642505739868000e+01
1.288651433139300195e+01
1.294639615887030715e+01
1.300499546748224411e+01
1.306221042423292822e+01
1.311802347512172418e+01
1.317241719836492919e+01
1.322538828529995669e+01
1.327693113490781585e+01
1.332705033238918091e+01
1.337574917491678406e+01
1.342303856117687744e+01
1.346892859340920623e+01
1.351343505849198223e+01
1.355657316865198325e+01
1.359836236081166128e+01
1.363882158677377099e+01
1.367797289261753768e+01
1.371583786719628328e+01
1.375244030920682370e+01
1.378780356255538919e+01
1.382195248442657665e+01
1.385491147235835108e+01
1.388670588630852976e+01
1.391736062308953592e+01
1.394690110531787219e+01
1.397535229395379375e+01
1.400273932944963917e+01
1.402908689811581056e+01
1.405441959128145157e+01
1.407876155942838636e+01
1.410213664103289588e+01
1.412456825197925703e+01
1.414607932526338629e+01
1.416669239348470732e+01
1.418642937266474213e+01
1.420531180353335898e+01
1.422336050661958851e+01
1.424059595422379232e+01
1.425703781918001489e+01
1.427270545427938231e+01
1.428761735333952920e+01
1.430179171873159305e+01
1.431524585037985098e+01
1.432799678517445585e+01
1.434006062708787610e+01
1.435145324479687190e+01
1.436218955411327514e+01
1.437228426221915356e+01
1.438175111197137568e+01
1.439060366286888737e+01
1.439885450543240353e+01
1.440651607044560123e+01
1.441359982047682742e+01
1.442011708012449134e+01
1.442607821079443831e+01
1.443149345567794661e+01
1.443637210309339203e+01
1.444072334076788344e+01
1.444455541236867369e+01
1.444787647637499362e+01
1.445069375984271254e+01
1.445301441776352647e+01
1.445484468760910524e+01
1.445619074559935058e+01
1.445705786514648494e+01
1.445745126690719218e+01
1.445737528388326076e+01
1.445683420252708196e+01
1.445583143694512707e+01
1.445437035867380793e+01
1.445245348216959869e+01
1.445008328118287011e+01
1.444726138750012367e+01
1.444398939212635113e+01
1.444026805906941391e+01
1.443609810980631813e+01
1.443147945376799157e+01
1.442641195482280203e+01
1.442089468003434582e+01
1.441492664715937444e+01
1.440850609322041720e+01
1.440163120229905758e+01
1.439429939550095838e+01
1.438650803865156469e+01
1.437825375535183348e+01
1.436953311457836158e+01
1.436034196876366487e+01
1.435067612180604968e+01
1.434053069449987738e+01
1.432990077412631891e+01
1.431878081017019788e+01
1.430716524756898700e+01
1.429504795657243577e+01
1.428242285298479786e+01
1.426928336738225767e+01
1.425562305744920089e+01
1.424143512375061249e+01
1.422671302175785257e+01
1.421145003423701603e+01
1.419563989408664639e+01
1.417927642749782180e+01
1.416235420368621689e+01
1.414486826875489456e+01
1.412681484529023734e+01
1.410819118483345314e+01
1.408899634964125802e+01
1.406923122230900880e+01
1.404889941409277654e+01
1.402800748356424698e+01
1.400656603029950631e+01
1.398459018922612884e+01
1.396210098268299760e+01
1.393912616889943124e+01
1.391570193214762519e+01
1.389187416125563956e+01
1.386770053988068163e+01
1.384325228966521415e+01
1.381861664653063215e+01
1.379389897753947025e+01
1.376922543665622811e+01
1.374474508577674747e+01
1.372063214104993989e+01
1.369708723260269068e+01
1.367433805129762447e+01
1.365263821633500996e+01
1.363226449478579205e+01
1.361351129551976769e+01
1.359668260045712884e+01
1.358208076691777677e+01
1.356999293315893951e+01
1.356067552504241469e+01
1.355433855321386183e+01
1.355113126880936925e+01
