3.781629320371332597e+02
3.774870552063228502e+02
3.761388391405178595e+02
3.741254510425778790e+02
3.714573798142313876e+02
3.681487112925848919e+02
3.642165200868681154e+02
3.596813256263382641e+02
3.545661987103497950e+02
3.488973942736940899e+02
3.427031942796891144e+02
3.360147113367097518e+02
3.288644952962196726e+02
3.212874999793692155e+02
3.133194854275566286e+02
3.049981380323239364e+02
2.963613036769751830e+02
2.874482495426873925e+02
2.782977653034724881e+02
2.689495528650301139e+02
2.594422333349229461e+02
2.498148490158353354e+02
2.401048131432984292e+02
2.303495066904643522e+02
2.205842059833687756e+02
2.108437553742637931e+02
2.011605049935217835e+02
1.915660392025964143e+02
1.820891531393430967e+02
1.727576161471504008e+02
1.635962116500280388e+02
1.546285145289363925e+02
1.458750144579585424e+02
1.373548864952843473e+02
1.290842135416290546e+02
1.210777302363991623e+02
1.133471558581728686e+02
1.059028929423658667e+02
9.875247789124199471e+01
9.190221750697426728e+01
8.535576093671177489e+01
7.911565947027105494e+01
7.318206029565621407e+01
6.755417735211317165e+01
6.222910475587316625e+01
5.720318912442301240e+01
5.247095845922944335e+01
4.802638905909114442e+01
4.386194409546632755e+01
3.996973090760896241e+01
3.634064243387321369e+01
3.296540323363050362e+01
2.983380628618003172e+01
2.693564843234746675e+01
2.426005475454786975e+01
2.179630620937888352e+01
1.953324378850145848e+01
1.745999287615810758e+01
1.556543959364657681e+01
1.383885783530845082e+01
1.226945055830601738e+01
1.084688651805631032e+01
9.560899727373298518e+00
8.401743634113223891e+00
7.359842497446212661e+00
6.426171145714625332e+00
5.591952572114635700e+00
4.848971506529974995e+00
4.189313100659804334e+00
3.605618372811447259e+00
3.090859432186580324e+00
2.638544431172289872e+00
2.242525394422821616e+00
1.897159631273148905e+00
1.597146965809136399e+00
1.337653531295178055e+00
1.114176267253655483e+00
9.226332735473731228e-01
7.592555350418003224e-01
6.206438348277304451e-01
5.036915242208933607e-01
4.055775663331617209e-01
3.236218150854834885e-01
2.546099505300689070e-01
1.956551401983077920e-01
1.465007836298193589e-01
1.074609995462243311e-01
7.769325756800622707e-02
5.569022349083583429e-02
3.976158150499367605e-02
2.838455322239254175e-02
2.031610404101490824e-02
1.461162894415194043e-02
1.057732997413373885e-02
7.717937526284736512e-03
5.683380017710086898e-03
4.228927050906852898e-03
3.183396791637830604e-03
2.427454798047385884e-03
1.877466835917225357e-03
1.474820182485728519e-03
1.178121607991683114e-03
9.581020946514954726e-04
7.938775289976810704e-04
6.705263323183666829e-04
5.772778152832964494e-04
5.063526452096419597e-04
4.520664470483416958e-04
4.102697898820121180e-04
3.778918724556609840e-04
3.526687357436106133e-04
3.329025250109441075e-04
3.173304479398637488e-04
3.049919783070044249e-04
2.951676441346460546e-04
2.873016109757206516e-04
2.809756131418657157e-04
2.758607203122058829e-04
2.717091427946933028e-04
2.683218418784086420e-04
2.655494620442314492e-04
2.632688390117047714e-04
2.613885567672025309e-04
2.598306515910560246e-04
2.585384440538532553e-04
2.574614177098014881e-04
2.565640862109698191e-04
2.558129139360455057e-04
2.551855600393033476e-04
2.546591881343884009e-04
2.542197383381799018e-04
2.538512378786037839e-04
2.535449186538830772e-04
2.532892899800868926e-04
2.530790096518315468e-04
2.529055662710854072e-04
2.527658612320308508e-04
2.526533990698855169e-04
2.525665646730555682e-04
2.525002504574989904e-04
2.524538249521550122e-04
2.524231333653067458e-04
2.524081155571167995e-04
2.524049569375893544e-04
2.524127044678585951e-04
2.524232755532153285e-04
2.524197688130515619e-04
2.523422480774106282e-04
2.520196210955809725e-04
2.510067747036234787e-04
2.484973513936168709e-04
2.438580626449384533e-04
2.375095422914979540e-04
2.304558897500130754e-04
2.233906650440135259e-04
2.166010803435121119e-04
2.101763640654170701e-04
2.041261126517956374e-04
1.984377164282954704e-04
1.930879433489514341e-04
1.880553351290577388e-04
1.833163633980039811e-04
1.788517094661190175e-04
1.746409790524035700e-04
1.706678333224597539e-04
1.669149179313625614e-04
1.633685110930958493e-04
1.600138340443950998e-04
1.568393423363334148e-04
1.538324001633208148e-04
1.509832631119419706e-04
1.482810789158160465e-04
1.457175943825738545e-04
1.432834472468128982e-04
1.409716242670877194e-04
1.387740134464472263e-04
1.366846366080852655e-04
1.346964355455496716e-04
1.328042994404518833e-04
1.310020621676146065e-04
1.292853424249641226e-04
1.276487325024628283e-04
1.260884668516383783e-04
1.245997852250435741e-04
1.231794435614523868e-04
1.218232366000223863e-04
1.205283633521995741e-04
1.192910961618901439e-04
1.181090116401235882e-04
1.169787947360587181e-04
1.158983447949724202e-04
1.148647045709033735e-04
1.138760500066975323e-04
1.129297352949976211e-04
1.120241740492038926e-04
1.111569925357058498e-04
1.103268090883472103e-04
1.095314885163871518e-04
1.087698258967354702e-04
1.080398959296962496e-04
1.073406466095925827e-04
1.066703379710145578e-04
1.060280505781025466e-04
1.054122086921105352e-04
1.048220080228292478e-04
1.042560188655336598e-04
1.037135371167415064e-04
1.031932633849850047e-04
1.026945808800292068e-04
1.022163069059009601e-04
1.017579008817938278e-04
1.013182849844137341e-04
1.008969852448345469e-04
1.004930184265124063e-04
1.001059688607161877e-04
9.973493893177943061e-05
9.937956406045437576e-05
9.903902442335272920e-05
9.871300026535647764e-05
9.840074270959836469e-05
9.810197137379865939e-05
9.781600233380449564e-05
9.754258983188042237e-05
9.728110964353661966e-05
9.703134649610912132e-05
9.679273125778589594e-05
9.656507553028773430e-05
9.634786123277966287e-05
9.614092369132648140e-05
9.594379233058680095e-05
9.575632345344884896e-05
9.557809088172292231e-05
9.540896950049276382e-05
9.524857480688598806e-05
9.509679818404545516e-05
9.495329442569530121e-05
9.481796960319997260e-05
9.469051573410582881e-05
9.457085201152074059e-05
9.445870587820618335e-05
9.435400829954526691e-05
9.425652059198882905e-05
9.416618433835015952e-05
9.408279340126693814e-05
9.400629900189164014e-05
9.393652642615760574e-05
9.387343571434668334e-05
9.381688264118827130e-05
9.376683539365607593e-05
9.372317947580582323e-05
9.368589068495403605e-05
9.365488365929148628e-05
9.363014139777358594e-05
9.361160723345028558e-05
9.359927107943912471e-05
9.359310467414574464e-05
