5.356902600923449498e+00
5.355994788189920364e+00
5.354160844657926077e+00
5.351418883035079510e+00
5.347762675706779767e+00
5.343201874599475154e+00
5.337735921781304960e+00
5.331373965019873040e+00
5.324118751511080383e+00
5.315980170640759894e+00
5.306963631027728390e+00
5.297080249463504309e+00
5.286337852510845536e+00
5.274749034169163409e+00
5.262323901581494212e+00
5.249076650732212634e+00
5.235019573835936413e+00
5.220168513387928755e+00
5.204537836890816394e+00
5.188145014718276826e+00
5.171006367242902080e+00
5.153140912604967205e+00
5.134566767202334070e+00
5.115304385712605928e+00
5.095373482918468255e+00
5.074795806208278748e+00
5.053592462192872503e+00
5.031786303271865712e+00
5.009399611702261446e+00
4.986456144776963306e+00
4.962979129949999013e+00
4.938993026406640396e+00
4.914521778007163277e+00
4.889590332395484573e+00
4.864223127615036724e+00
4.838445400949740183e+00
4.812281864843966694e+00
4.785757851201397628e+00
4.758898149083354845e+00
4.731727998727362383e+00
4.704272077472339220e+00
4.676555365099775763e+00
4.648602254702109526e+00
4.620437309222077182e+00
4.592084480351394937e+00
4.563567773038892383e+00
4.534910555510848873e+00
4.506136146589150293e+00
4.477267206027882196e+00
4.448326251905926121e+00
4.419335123010453614e+00
4.390315437499077156e+00
4.361288115689474054e+00
4.332273788291708172e+00
4.303292373238503998e+00
4.274363440246281343e+00
4.245505833558167907e+00
4.216738000751471205e+00
4.188077654436224151e+00
4.159542071183773615e+00
4.131147786315964687e+00
4.102910867337270950e+00
4.074846639633076251e+00
4.046969935590507994e+00
4.019294847990556363e+00
3.991834959282249073e+00
3.964603118529432368e+00
3.937611653607805628e+00
3.910872168448001673e+00
3.884395741557651771e+00
3.858192740399441600e+00
3.832273008066792830e+00
3.806645692816367443e+00
3.781319424760682502e+00
3.756302158332826657e+00
3.731601340447273873e+00
3.707223764324163007e+00
3.683175730345316534e+00
3.659462909285022381e+00
3.636090497440666258e+00
3.613063087664898809e+00
3.590384819585149767e+00
3.568059257126619421e+00
3.546089534883075434e+00
3.524478240767687787e+00
3.503227559322716456e+00
3.482339158246390731e+00
3.461814329597059814e+00
3.441653878932934063e+00
3.421858265109149588e+00
3.402427491010846516e+00
3.383361242789807211e+00
3.364658780937997751e+00
3.346319079617563474e+00
3.328340717247120217e+00
3.310722016825746739e+00
3.293460934388452443e+00
3.276555201684733021e+00
3.260002211231686875e+00
3.243799162198145236e+00
3.227942940981484377e+00
3.212430271472858312e+00
3.197257590053701470e+00
3.182421202658850756e+00
3.167917154167133820e+00
3.153741399352360197e+00
3.139889676436524280e+00
3.126357721082783758e+00
3.113141202377180505e+00
3.100236116078042059e+00
3.087639062814603985e+00
3.075348413486405974e+00
3.063366122759296317e+00
3.051702041994050152e+00
3.040381848132163611e+00
3.029463156973168925e+00
3.019065427835248450e+00
3.009426092908952910e+00
3.001000517379595500e+00
2.994635025010618179e+00
2.991846044920615011e+00
2.995226451547886359e+00
3.008916437370174446e+00
3.038863891446630827e+00
3.092269900947648864e+00
3.175608852561543127e+00
3.291678827007881836e+00
3.437780335327557335e+00
3.606716489097347100e+00
3.789577595862477999e+00
3.977991681243912225e+00
4.164881859721567992e+00
4.344212232367989479e+00
4.510498209057134389e+00
4.658631854669017969e+00
4.784260539494738396e+00
4.884638497768722054e+00
4.959392374007332904e+00
5.010623888732750331e+00
5.042135772347956291e+00
5.058332477690794526e+00
5.063286992961942623e+00
5.060320152005900241e+00
5.051898580924039095e+00
5.039781474265804917e+00
5.025164494315250252e+00
5.008865674609166874e+00
4.991421811100296146e+00
4.973202472124359730e+00
4.954445678683902621e+00
4.935322099125393436e+00
4.915939013541001934e+00
4.896379711279347013e+00
4.876694126802035179e+00
4.856926509870013398e+00
4.837101225968897467e+00
4.817244553236524673e+00
4.797369218283117576e+00
4.777492892560195159e+00
4.757622907372655696e+00
4.737772621358963043e+00
4.717946805456008974e+00
4.698156525946723505e+00
4.678405349927540868e+00
4.658703009130903183e+00
4.639052497709289291e+00
4.619462728238258542e+00
4.599936416331527944e+00
4.580481904457636588e+00
4.561101784290169547e+00
4.541803970289203463e+00
4.522591001627267460e+00
4.503470426808969584e+00
4.484444778495921824e+00
4.465521295700359161e+00
4.446702492802772078e+00
4.427995339420748522e+00
4.409402344149638608e+00
4.390930223132309962e+00
4.372581464665218576e+00
4.354362557865857575e+00
4.336275961167607385e+00
4.318327953260176599e+00
4.300520961192805025e+00
4.282861047804524368e+00
4.265350612165806687e+00
4.247995510048200529e+00
4.230798098063341506e+00
4.213764048006773955e+00
4.196895656670291075e+00
4.180198412658662654e+00
4.163674556805361249e+00
4.147329396573254279e+00
4.131165110405667029e+00
4.115186837008269372e+00
4.099396674177032018e+00
4.083799595803740523e+00
4.068397625801696726e+00
4.053195572979587880e+00
4.038195376326793706e+00
4.023401688520669595e+00
4.008816349146809621e+00
3.994443865089356116e+00
3.980285980324418826e+00
3.966347039247175132e+00
3.952628691079968615e+00
3.939135136320713659e+00
3.925867904084799687e+00
3.912831057267012191e+00
3.900026009362278501e+00
3.887456682378084949e+00
3.875124364055006154e+00
3.863032849223448473e+00
3.851183293131620111e+00
3.839579351243102234e+00
3.828222052676845344e+00
3.817114933559722978e+00
3.806258869534581812e+00
3.795657274683442939e+00
3.785310892536194238e+00
3.775223013100216019e+00
3.765394225569010711e+00
3.755827719489411631e+00
3.746523920249452466e+00
3.737485919751608154e+00
3.728713984332278741e+00
3.720211111069273269e+00
3.711977387575180476e+00
3.704015746271954068e+00
3.696326094314503319e+00
3.688911295669921486e+00
3.681771060949470709e+00
3.674908219490756967e+00
3.668322274711202535e+00
3.662016037606945051e+00
3.655988779357164375e+00
3.650243322673553781e+00
3.644778690483700068e+00
3.639597746079010321e+00
3.634699239962070560e+00
3.630086115727305884e+00
3.625756799658588214e+00
3.621714383811404758e+00
3.617956911430599387e+00
3.614487715366964782e+00
3.611304331997340356e+00
3.608410471977096190e+00
3.605803038389696624e+00
3.603486302282917553e+00
3.601456241530978541e+00
3.599718157619251180e+00
3.598266423830640992e+00
3.597108359284789891e+00
3.596235080761098324e+00
3.595659382645870483e+00
3.595357815639719234e+00
