-2.979001889326863051e+00
-2.979469117757518770e+00
-2.980403583973578296e+00
-2.981805422879789447e+00
-2.983674663349457745e+00
-2.986011577141711726e+00
-2.988816215087597428e+00
-2.992088989727877735e+00
-2.995829977956782297e+00
-3.000039739058503407e+00
-3.004718381823574536e+00
-3.009866620363105483e+00
-3.015484603013025566e+00
-3.021573209036350516e+00
-3.028132635897070823e+00
-3.035163940732326537e+00
-3.042667381800679305e+00
-3.050644209428958753e+00
-3.059094756608093935e+00
-3.068020485005404030e+00
-3.077421818783134366e+00
-3.087300452230211434e+00
-3.097656919899969274e+00
-3.108493173471591042e+00
-3.119809880228423093e+00
-3.131609277926819868e+00
-3.143892192446152478e+00
-3.156661180743740136e+00
-3.169917257179988734e+00
-3.183663336098112584e+00
-3.197900654836975942e+00
-3.212632529124798797e+00
-3.227860459105936997e+00
-3.243588212616974165e+00
-3.259817598633934832e+00
-3.276552895653330300e+00
-3.293796274765908194e+00
-3.311552592852496701e+00
-3.329824444951123841e+00
-3.348617344869612822e+00
-3.367934383562108724e+00
-3.387781823149106586e+00
-3.408163334564910052e+00
-3.429086034977002040e+00
-3.450554273891728307e+00
-3.472576148728113488e+00
-3.495156803724185135e+00
-3.518305464141095129e+00
-3.542028206501544485e+00
-3.566335558835254105e+00
-3.591234693746085505e+00
-3.616737650602756649e+00
-3.642852894328684421e+00
-3.669594225956983813e+00
-3.696971639400483234e+00
-3.725000999966103343e+00
-3.753694118051564832e+00
-3.783069291941499657e+00
-3.813140500496473795e+00
-3.843928928096775444e+00
-3.875451156663700658e+00
-3.907731818804768054e+00
-3.940790641088554924e+00
-3.974656408971573018e+00
-4.009352675402454658e+00
-4.044913272021957162e+00
-4.081366445787169006e+00
-4.118752221409780923e+00
-4.157104657502199707e+00
-4.196471464771230231e+00
-4.236893972717568069e+00
-4.278429551153818622e+00
-4.321128735317687486e+00
-4.365061204529561145e+00
-4.410289314571766539e+00
-4.456898670317072764e+00
-4.504967087133377568e+00
-4.554601084978032510e+00
-4.605899547566708385e+00
-4.658998128522453541e+00
-4.714042068375948524e+00
-4.771330008562006952e+00
-4.831934616873953203e+00
-4.898129062398382416e+00
-4.970796090572243031e+00
-5.048807005293285854e+00
-5.130731020052429869e+00
-5.215161872832477563e+00
-5.300971400435666503e+00
-5.387239313769996762e+00
-5.473309570778069677e+00
-5.558682197740518305e+00
-5.643026560052774698e+00
-5.726093601059971228e+00
-5.807730876724131797e+00
-5.887820416170092663e+00
-5.966299543709670417e+00
-6.043116135929055055e+00
-6.118251887620162144e+00
-6.191688019294942613e+00
-6.263428480930458342e+00
-6.333472004849527437e+00
-6.401834107986984712e+00
-6.468523244757736101e+00
-6.533561248211248618e+00
-6.596962339708395184e+00
-6.658751997693877378e+00
-6.718948099122210138e+00
-6.777578335299381251e+00
-6.834663032240698044e+00
-6.890231268057859459e+00
-6.944305069037230105e+00
-6.996914380039623182e+00
-7.048082420320215924e+00
-7.097839642468759536e+00
-7.146210086208770740e+00
-7.193224442804201146e+00
-7.238907280878512651e+00
-7.283289315806447561e+00
-7.326395406492330231e+00
-7.368256114271283685e+00
-7.408896387561060060e+00
-7.448346482488527265e+00
-7.486631265412427183e+00
-7.523780558135894303e+00
-7.559818996903641342e+00
-7.594775860770401898e+00
-7.628675430308251570e+00
-7.661546409352735232e+00
-7.693413040289625471e+00
-7.724305927086524193e+00
-7.754253371122569405e+00
-7.783284347850744744e+00
-7.811419958596252933e+00
-7.838684692164748391e+00
-7.865098828095127281e+00
-7.890686430215321678e+00
-7.915467554988905974e+00
-7.939465771527130400e+00
-7.962700738381559340e+00
-7.985195394954668124e+00
-8.006968868336015177e+00
-8.028043368921530032e+00
-8.048437397125610460e+00
-8.068172365007617586e+00
-8.087266080084292597e+00
-8.105739110299046146e+00
-8.123608526307004141e+00
-8.140894024554595987e+00
-8.157611912136038868e+00
-8.173781000989295720e+00
-8.189416821418983972e+00
-8.204537299067782286e+00
-8.219157184762853063e+00
-8.233293524822046905e+00
-8.246960296155741332e+00
-8.260173679534144497e+00
-8.272946889946078741e+00
-8.285295261643323528e+00
-8.297231264673062157e+00
-8.308769409801005423e+00
-8.319921442928379207e+00
-8.330701077359925932e+00
-8.341119358513129356e+00
-8.351189230427543464e+00
-8.360921063790490493e+00
-8.370327063071055562e+00
-8.379416951435814553e+00
-8.388202224426690279e+00
-8.396691985832550387e+00
-8.404897053408884489e+00
-8.412825940214332832e+00
-8.420488817486527111e+00
-8.427893636353601892e+00
-8.435049952630263803e+00
-8.441965184178149784e+00
-8.448648302065606686e+00
-8.455106219182145111e+00
-8.461347351911166825e+00
-8.467378135906484360e+00
-8.473206462156525731e+00
-8.478838316108157969e+00
-8.484281091751427084e+00
-8.489540350530431212e+00
-8.494623016847191010e+00
-8.499534253433619568e+00
-8.504280541459829479e+00
-8.508866669257237447e+00
-8.513298700018633980e+00
-8.517581070962485512e+00
-8.521719451428102943e+00
-8.525717949756014491e+00
-8.529581864410536340e+00
-8.533314996022811627e+00
-8.536922294013253421e+00
-8.540407271403584133e+00
-8.543774549262323603e+00
-8.547027372040922444e+00
-8.550170052025704237e+00
-8.553205583092070796e+00
-8.556137987215254981e+00
-8.558970024666223253e+00
-8.561705444510685936e+00
-8.564346789391905190e+00
-8.566897551831432978e+00
-8.569360071858103112e+00
-8.571737600814955726e+00
-8.574032290200875650e+00
-8.576247164584883009e+00
-8.578384200128004622e+00
-8.580446208108719830e+00
-8.582435001687766629e+00
-8.584353191456145282e+00
-8.586202439095632855e+00
-8.587985166273153226e+00
-8.589702893934990868e+00
-8.591357865787896841e+00
-8.592951472045948336e+00
-8.594485788659502745e+00
-8.595962084410379234e+00
-8.597382276974030901e+00
-8.598747522332057969e+00
-8.600059588680611711e+00
-8.601319527199011716e+00
-8.602528964748167084e+00
-8.603688855100934063e+00
-8.604800691307840310e+00
-8.605865336558810696e+00
-8.606884157029757176e+00
-8.607857931606702095e+00
-8.608787905965249010e+00
-8.609674780447544862e+00
-8.610519686067183542e+00
-8.611323249886451592e+00
-8.612086493582234326e+00
-8.612809975725998157e+00
-8.613494613490660257e+00
-8.614140901289511376e+00
-8.614749656150101131e+00
-8.615321312220228123e+00
-8.615856590282520600e+00
-8.616355867686340986e+00
-8.616819772425735380e+00
-8.617248628105475206e+00
-8.617642972955160019e+00
-8.618003079486124207e+00
-8.618329398765654403e+00
-8.618622154468951635e+00
-8.618881712689475449e+00
-8.619108250137013982e+00
-8.619302049712979752e+00
-8.619463242651688617e+00
-8.619592030042928954e+00
-8.619688498759208173e+00
-8.619752769061907571e+00
-8.619784884202374542e+00
