8.019008467141478524e-01
8.019910371477867450e-01
8.021714175463628971e-01
8.024420076253465650e-01
8.028028061589550513e-01
8.032538530333099835e-01
8.037951468094157725e-01
8.044267484616618447e-01
8.051486572541781683e-01
8.059609566442113016e-01
8.068636479029499542e-01
8.078568388645120946e-01
8.089405345203842801e-01
8.101148695057844851e-01
8.113798546840200743e-01
8.127356544859792864e-01
8.141822882735594291e-01
8.157199538888131318e-01
8.173486823402914547e-01
8.190687091801484021e-01
8.208800807895044738e-01
8.227830754893611376e-01
8.247777594058376405e-01
8.268644595400579389e-01
8.290432668650220549e-01
8.313145639377841345e-01
8.336784725096040294e-01
8.361354386689545670e-01
8.386856218265849039e-01
8.413295408407850395e-01
8.440674007578286009e-01
8.468998039044042248e-01
8.498270102081235677e-01
8.528497178620830788e-01
8.559682524023541905e-01
8.591834222769700879e-01
8.624956310956829464e-01
8.659058142962564597e-01
8.694144680782118773e-01
8.730226743871827289e-01
8.767310389620954769e-01
8.805408130979471837e-01
8.844527319268060683e-01
8.884682429294664674e-01
8.925882339704439561e-01
8.968143803889760957e-01
9.011477503295854952e-01
9.055902845609046237e-01
9.101432641665669898e-01
9.148089401666931186e-01
9.195888454905228881e-01
9.244855952227704066e-01
9.295010207290396176e-01
9.346381662246764366e-01
9.398992176150217093e-01
9.452877275416344816e-01
9.508063044043231216e-01
9.564591067674955704e-01
9.622492483354797566e-01
9.681816146772387333e-01
9.742599263317410774e-01
9.804899479768861559e-01
9.868761321929505614e-01
9.934253164047428530e-01
1.000142840390759513e+00
1.007036864779018215e+00
1.014113809313423209e+00
1.021383488173034815e+00
1.028853639918538843e+00
1.036536179185061357e+00
1.044440454786643935e+00
1.052581107999281507e+00
1.060969435852260334e+00
1.069623730377412985e+00
1.078557555233299103e+00
1.087794285852859089e+00
1.097349363355841101e+00
1.107250923419167865e+00
1.117491542428880713e+00
1.127948956500895994e+00
1.137917823048798072e+00
1.146382453461323170e+00
1.153008413268053589e+00
1.157969352609959035e+00
1.161543410959099853e+00
1.164012161336305695e+00
1.165625885786679694e+00
1.166587290133929589e+00
1.167056112209096996e+00
1.167149709324523110e+00
1.166956187272288226e+00
1.166536473595437773e+00
1.165935872171856458e+00
1.165183811133657432e+00
1.164302569396593601e+00
1.163305074137333639e+00
1.162201624038652570e+00
1.160996614145729744e+00
1.159694069944134043e+00
1.158293882394042518e+00
1.156796662442223012e+00
1.155199786478156909e+00
1.153501859672013907e+00
1.151698704502045700e+00
1.149787597615516077e+00
1.147763246636777978e+00
1.145621902176634288e+00
1.143357323676313042e+00
1.140964837985067426e+00
1.138437271121449879e+00
1.135769012103026165e+00
1.132951872484837086e+00
1.129979210948708124e+00
1.126841670834931808e+00
1.123531422421267356e+00
1.120037720148168825e+00
1.116351317444588487e+00
1.112459793218401494e+00
1.108352171610584413e+00
1.104014390293133863e+00
1.099439817014801646e+00
1.094726816005979098e+00
1.091566061303878898e+00
1.101768613682984954e+00
1.130281095632270194e+00
1.162174891351601902e+00
1.193543723207595608e+00
1.224066287491931915e+00
1.253723696646686481e+00
1.282525805590915224e+00
1.310482084770906441e+00
1.337606201910658044e+00
1.363910202110338421e+00
1.389409199682035023e+00
1.414116876969258252e+00
1.438049341437633188e+00
1.461221345969903052e+00
1.483649607823572580e+00
1.505349519721797424e+00
1.526338092850049843e+00
1.546631027720304585e+00
1.566245376330875017e+00
1.585196890688388649e+00
1.603502464519628079e+00
1.621177704373387263e+00
1.638239191645751713e+00
1.654702237385547337e+00
1.670582993523986870e+00
1.685896362833937623e+00
1.700657980673657033e+00
1.714882258459528686e+00
1.728584252169081292e+00
1.741777822493807415e+00
1.754477402832635979e+00
1.766696262744608781e+00
1.778448185644760038e+00
1.789745824724778167e+00
1.800602298705779925e+00
1.811029631318863631e+00
1.821040272065537202e+00
1.830645611831622999e+00
1.839857434522325308e+00
1.848686502543685384e+00
1.857143944326584029e+00
1.865239904333589660e+00
1.872984870803952484e+00
1.880388385688921193e+00
1.887460316396003090e+00
1.894209621664401766e+00
1.900645570631418257e+00
1.906776561162573769e+00
1.912611289183963725e+00
1.918157616401394261e+00
1.923423692524009576e+00
1.928416869660433131e+00
1.933144779788477763e+00
1.937614293417124989e+00
1.941832554425746649e+00
1.945805980838240634e+00
1.949541258955796996e+00
1.953044384311804160e+00
1.956321616848887057e+00
1.959378560316406004e+00
1.962221080090936765e+00
1.964854419447085387e+00
1.967284081487339353e+00
1.969514980865180620e+00
1.971552291172186999e+00
1.973400630823272106e+00
1.975064877143920317e+00
1.976549385243057788e+00
1.977858769948716677e+00
1.978997156596974394e+00
1.979968931878645755e+00
1.980778025563679989e+00
1.981428631243278726e+00
1.981924518089373199e+00
1.982269722403929402e+00
1.982467888583683502e+00
1.982522932319886966e+00
1.982438409999216056e+00
1.982218154331561344e+00
1.981865671469424495e+00
1.981384749776474941e+00
1.980778883989416927e+00
1.980051857774866697e+00
1.979207194288787663e+00
1.978248713101678380e+00
1.977180006530837586e+00
1.976004971442085312e+00
1.974727310738149555e+00
1.973351040467351769e+00
1.971880015846235068e+00
1.970318414020130415e+00
1.968670283978855906e+00
1.966940005219266041e+00
1.965131860878872150e+00
1.963250472445814188e+00
1.961300395386633033e+00
1.959286529934614496e+00
1.957213738426457628e+00
1.955087232077847847e+00
1.952912209172579239e+00
1.950694217608686554e+00
1.948438813009319981e+00
1.946151896701376671e+00
1.943839392749476591e+00
1.941507560923390940e+00
1.939162691608825373e+00
1.936811393245512214e+00
1.934460304059245406e+00
1.932116353429183864e+00
1.929786489436363217e+00
1.927477913668850018e+00
1.925197823716231937e+00
1.922953621067612362e+00
1.920752667920409440e+00
1.918602468087238444e+00
1.916510437845484915e+00
1.914484060152929157e+00
1.912530669742577905e+00
1.910657581444964892e+00
1.908871890311483854e+00
1.907180575421649316e+00
1.905590316453301014e+00
1.904107574958066262e+00
1.902738429417647925e+00
1.901488636518659181e+00
1.900363487250658512e+00
1.899367851106070759e+00
1.898506056090494942e+00
1.897781918921165323e+00
1.897198651848823747e+00
1.896758881760000293e+00
1.896464586403506569e+00
1.896317104792727415e+00
