-1.609519298205018483e-05
5.337502825695954153e-06
-3.236806820436183259e-06
2.276959562053694717e-06
-1.809192236034450498e-06
1.442843640192317656e-06
-1.260887365229227742e-06
1.053958994414687319e-06
-9.712560999024079515e-07
8.290567876065920359e-07
-7.925318517767617783e-07
6.825361531900160563e-07
-6.715217139216852835e-07
5.795192764362995356e-07
-5.843838329303974796e-07
5.031261841004505974e-07
-5.188395440922481276e-07
4.441894659385909890e-07
-4.679236643022380585e-07
3.972983038406865818e-07
-4.273933124710993579e-07
3.590503726707120297e-07
-3.945187254717788713e-07
3.271962134174534040e-07
-3.674665624382882156e-07
3.001861118360122722e-07
-3.449625098499333823e-07
2.769144945790617453e-07
-3.260962114137077345e-07
2.565681397194127691e-07
-3.102031158249222461e-07
2.385318669367391346e-07
-2.967901930881009669e-07
2.223278147539602434e-07
-2.854877905012649142e-07
2.075748133685182943e-07
-2.760176464720267818e-07
1.939603808623570701e-07
-2.681713122858626015e-07
1.812207142414043371e-07
-2.617954712625076970e-07
1.691258631311553040e-07
-2.567820194182554648e-07
1.574682080235200182e-07
-2.530616084606026207e-07
1.460530935041280806e-07
-2.505998207356017557e-07
1.346906496064799003e-07
-2.493955277389231908e-07
1.231881083014317082e-07
-2.494811726806526983e-07
1.113420827735941965e-07
-2.509250396395171687e-07
9.893014045138343879e-08
-2.538356094800829833e-07
8.570106394333425168e-08
-2.583685192175052804e-07
7.136300552023148313e-08
-2.647366564597479569e-07
5.556842577139709209e-08
-2.732245898768713019e-07
3.789443217605908078e-08
-2.842088527968710141e-07
1.781637692262571071e-08
-2.981865288618368633e-07
-5.328422948047945364e-09
-3.158158905517069148e-07
-3.239150376923052280e-08
-3.379748367652847598e-07
-6.448605384162354956e-08
-3.658463379412514501e-07
-1.030933806203201030e-07
-4.010457941733705950e-07
-1.502224644603206598e-07
-4.458159216230140983e-07
-2.086599353871978378e-07
-5.033680433189457384e-07
-2.826357943846311872e-07
-5.806028068353127761e-07
-3.938765608561748605e-07
-7.527900964133852024e-07
-6.790639285474611127e-07
-1.135026314326836864e-06
-1.149034253321195511e-06
-1.711310122613858232e-06
-1.835726898029064888e-06
-2.553726531322111384e-06
-2.832341664008286011e-06
-3.769418806566999299e-06
-4.263671517787571505e-06
-5.500844656508634938e-06
-6.292919219551794396e-06
-7.933558917958204003e-06
-9.130085745363535009e-06
-1.130479730658884452e-05
-1.304097382467388848e-05
-1.591262721526789540e-05
-1.835656839701623356e-05
-2.212544964686381590e-05
-2.548260998561642472e-05
-3.039170031117039664e-05
-3.490927763332944683e-05
-4.124974911410693202e-05
-4.722108450541363339e-05
-5.533825143906436411e-05
-6.310738774567986066e-05
-7.340758306018049675e-05
-8.337435061758725549e-05
-9.633351672063618257e-05
-1.089598082902494140e-04
-1.251349905244095628e-04
-1.409533717189951068e-04
-1.609986413853589464e-04
-1.806255637563741973e-04
-2.053133320021939838e-04
-2.294731923511094632e-04
-2.597153302061949503e-04
-2.893018839728046777e-04
-3.261158881389714147e-04
-3.624530609946306726e-04
-4.061643653054790456e-04
-4.493209055011365433e-04
-4.312544156238429065e-04
-1.942345939847502177e-04
-3.643192681072387410e-05
-4.088266625508213002e-05
-2.786360561209499554e-05
-3.727742405593505620e-05
-3.047333336828300559e-05
-3.692549334432095130e-05
-3.231979353577254664e-05
-3.741480458084910706e-05
-3.399452547463933309e-05
-3.838983604681997123e-05
-3.572471236099972278e-05
-3.973940394011983113e-05
-3.761397689589930497e-05
-4.142897425366659606e-05
-3.972456555198159686e-05
-4.345568861767196839e-05
-4.210372745345193456e-05
-4.583305812951694001e-05
-4.479392183527395032e-05
-4.858505490570596159e-05
-4.783749155251145932e-05
-5.174372009718483206e-05
-5.127918337658615450e-05
-5.534827750530664964e-05
-5.516775559197634535e-05
-5.944497514314299376e-05
-5.955718409817745693e-05
-6.408732507775059134e-05
-6.450769949003328960e-05
-6.933659161774985446e-05
-7.008677054629765930e-05
-7.526245707280083063e-05
-7.637009682767020597e-05
-8.194383127115256434e-05
-8.344264709375587622e-05
-8.946978919926272381e-05
-9.139976775197604527e-05
-9.794063077034646445e-05
-1.003483775082257518e-04
-1.074690615662282140e-04
-1.104082609375250500e-04
-1.181814958268945421e-04
-1.217134699541156127e-04
-1.302194840388836762e-04
-1.344138402279843319e-04
-1.437412666808850757e-04
-1.486766271428987402e-04
-1.589234550513034380e-04
-1.646882628148227401e-04
-1.759628376548518609e-04
-1.826562325581911365e-04
-1.950783068274395185e-04
-2.028110648157900305e-04
-2.165128966058142278e-04
-2.254084221168535637e-04
-2.405359154242520808e-04
-2.507312744115286246e-04
-2.674451495789679167e-04
-2.790921249502900138e-04
-2.975691023824654849e-04
-3.108352476605230315e-04
-3.312692197867646098e-04
-3.463388783993962602e-04
-3.689420356011272224e-04
-3.860172826077172309e-04
-4.110211475730326451e-04
-4.303225965962645416e-04
-4.579789064810527079e-04
-4.797463095252630836e-04
-5.103276671600701173e-04
-5.348202132504158938e-04
-5.686204083733959044e-04
-5.961166029459238165e-04
-6.334504771584397419e-04
-6.642474547028771013e-04
-7.054501544038203941e-04
-7.398622432734068294e-04
-7.852876696291631728e-04
-8.236439873753181049e-04
-8.736622133849509695e-04
-9.163030289793687487e-04
-9.712964124897740734e-04
-1.018567964651892607e-03
-1.078925642425888421e-03
-1.131173057315727109e-03
-1.197283467220022594e-03
-1.254841376069017102e-03
-1.327082424920237713e-03
-1.390262852089019100e-03
-1.468989333549309021e-03
-1.538066413433144099e-03
-1.623594302832937234e-03
-1.698785408873618738e-03
-1.791372725515413648e-03
-1.872815666599079217e-03
-1.972639732825860314e-03
-2.060365815221633454e-03
-2.167496969126076790e-03
-2.261399954082871609e-03
-2.375772124125353178e-03
-2.475573453641320698e-03
-2.596952501419216939e-03
-2.702163617757220426e-03
-2.830115025449608367e-03
-2.939998178544453184e-03
-3.073856504430643767e-03
-3.187386057470680076e-03
-3.326229611560592957e-03
-3.442056440530890174e-03
-3.584691811455896927e-03
-3.701113731670617989e-03
-3.846076130550099732e-03
-3.961017056407698661e-03
-4.106593983729193119e-03
-4.217593150930920923e-03
-4.361880972732367148e-03
-4.466089966058827895e-03
-4.607096669692860823e-03
-4.701273955717639313e-03
-4.837089761283636970e-03
-4.917564367022366628e-03
-5.046644309296115932e-03
-5.109175726838701727e-03
-5.230845481733409699e-03
-5.270177284378205033e-03
-5.385705762644132921e-03
-5.394134722889722122e-03
-5.509736525990880512e-03
-5.471544110181307714e-03
-5.611663683370659780e-03
-5.464429157976691438e-03
-5.896693205102520631e-03
