3.065780885577580328e-01
3.053959348505824178e-01
3.030315221183348395e-01
2.994844309918515135e-01
2.947543422993750828e-01
2.888404086194693576e-01
2.817420872052425196e-01
2.734580850512061123e-01
2.639876194077378502e-01
2.533289249678467026e-01
2.414809554986254714e-01
2.284414369683719359e-01
2.142090286250205033e-01
1.987809008611576556e-01
1.821553791382027054e-01
1.643290200440580551e-01
1.452997668792173624e-01
1.250634916059675250e-01
1.036176967742110794e-01
8.095748478266752424e-02
5.707984724055194942e-02
3.197901603061741732e-02
5.651388311281434033e-03
-2.190979386703982221e-02
-5.070882675548627622e-02
-8.075359872125116578e-02
-1.120492164668072249e-01
-1.446048642256165806e-01
-1.784265975427808681e-01
-2.135250912890616359e-01
-2.499075136565276634e-01
-2.875862597993701919e-01
-3.265698048517665097e-01
-3.668725357215791849e-01
-4.085044656503177274e-01
-4.514822953406845141e-01
-4.958178522404266264e-01
-5.415305345413181648e-01
-5.886343151913109306e-01
-6.371517493598580772e-01
-6.870993551362076790e-01
-7.385033981345474619e-01
-7.913834265566571657e-01
-8.457700874763565135e-01
-9.016865516048868656e-01
-9.591686668374885816e-01
-1.018243955171317161e+00
-1.078954473595090224e+00
-1.141332998725967718e+00
-1.205429047624622330e+00
-1.271281779968114423e+00
-1.338949738266800971e+00
-1.408479885717052404e+00
-1.479941765642364793e+00
-1.553391945028412380e+00
-1.628913479698745004e+00
-1.706574832538177544e+00
-1.786475782109236299e+00
-1.868699603893646755e+00
-1.953366900291513719e+00
-2.040579425837975691e+00
-2.130483774529258856e+00
-2.223204605892344699e+00
-2.318920717381537600e+00
-2.417784395603250314e+00
-2.520013054837474176e+00
-2.625789537067666490e+00
-2.735372743668160300e+00
-2.848969711035975738e+00
-2.966866363097034665e+00
-3.089252605719292166e+00
-3.216359933533665671e+00
-3.348196148745509415e+00
-3.484586016287290811e+00
-3.624498382625590764e+00
-3.762716344530065982e+00
-3.885308023820034151e+00
-3.981067466583183556e+00
-4.046074498027079080e+00
-4.077519561945935678e+00
-4.075142622378413293e+00
-4.041428102513169307e+00
-3.981886734584218157e+00
-3.903048922343344884e+00
-3.811220407787305753e+00
-3.711278152111002981e+00
-3.606816236210872884e+00
-3.500130033357429227e+00
-3.392782228555635271e+00
-3.285658703627408972e+00
-3.179389286734960685e+00
-3.074271397905905978e+00
-2.970567829301426155e+00
-2.868349304897001240e+00
-2.767745578246490368e+00
-2.668742634960602267e+00
-2.571434828693564434e+00
-2.475780831045711672e+00
-2.381893377872803974e+00
-2.289853837801441916e+00
-2.224559929785385748e+00
-2.224428474171348036e+00
-2.226820713606332713e+00
-2.228939888535793834e+00
-2.230733820139229273e+00
-2.232214317025039474e+00
-2.233397460555783809e+00
-2.234323432712823632e+00
-2.235027925865031850e+00
-2.235552610797471029e+00
-2.235930628407472032e+00
-2.236194099553139747e+00
-2.236367186496982296e+00
-2.236471427855581062e+00
-2.236522610171797432e+00
-2.236534101759340309e+00
-2.236515689753574510e+00
-2.236475258073631345e+00
-2.236418754746699822e+00
-2.236350615529310915e+00
-2.236274468801842552e+00
-2.236192649050898318e+00
-2.236107427918233803e+00
-2.236019876994033595e+00
-2.235931491171900376e+00
-2.235842586868906690e+00
-2.235754222238242495e+00
-2.235666262820386496e+00
-2.235579526116560523e+00
-2.235493608963763812e+00
-2.235409199862676388e+00
-2.235325736456371448e+00
-2.235243840914502123e+00
-2.235162857978508111e+00
-2.235083377931486481e+00
-2.235004693088740613e+00
-2.234927380122063489e+00
-2.234850703864302623e+00
-2.234775236462917203e+00
-2.234700230787891151e+00
-2.234626258398900500e+00
-2.234552569951834489e+00
-2.234479737537264477e+00
-2.234407015779322325e+00
-2.234334976943308515e+00
-2.234262883580358849e+00
-2.234191307067525667e+00
-2.234119520444341145e+00
-2.234048092863092361e+00
-2.233976309529456916e+00
-2.233904735999457269e+00
-2.233832670761780825e+00
-2.233760674495526732e+00
-2.233688059733245801e+00
-2.233615381148130741e+00
-2.233541965853059530e+00
-2.233468361562167104e+00
-2.233393910366024304e+00
-2.233319152246180828e+00
-2.233243444585128135e+00
-2.233167319030994413e+00
-2.233090148526221341e+00
-2.233012455945240227e+00
-2.232933630036843642e+00
-2.232854184607679038e+00
-2.232773524453908198e+00
-2.232692154151734165e+00
-2.232609494790984694e+00
-2.232526041671672790e+00
-2.232441232435470102e+00
-2.232355553163589690e+00
-2.232268458323412919e+00
-2.232180424924836259e+00
-2.232090924551962896e+00
-2.232000425368647623e+00
-2.231908416383654448e+00
-2.231815357206054173e+00
-2.231720754592428246e+00
-2.231625059942912603e+00
-2.231527798097246329e+00
-2.231429412636012799e+00
-2.231329446825365714e+00
-2.231228336848237515e+00
-2.231125644743246816e+00
-2.231021799739052458e+00
-2.230916382989314606e+00
-2.230809817222243474e+00
-2.230701703038609818e+00
-2.230592457119249694e+00
-2.230481699825798803e+00
-2.230369842232721833e+00
-2.230256524749475222e+00
-2.230142153261693849e+00
-2.230026388477844179e+00
-2.229909631477381193e+00
-2.229791563473877858e+00
-2.229672581076963755e+00
-2.229552386156768318e+00
-2.229431371132051698e+00
-2.229309258616783307e+00
-2.229186437049555547e+00
-2.229062649801968998e+00
-2.228938281464629689e+00
-2.228813096098233526e+00
-2.228687474489514209e+00
-2.228561201229173783e+00
-2.228434653247554742e+00
-2.228307635408457887e+00
-2.228180520629273520e+00
-2.228053133686134668e+00
-2.227925843216846058e+00
-2.227798493440546590e+00
-2.227671448334450410e+00
-2.227544570979788308e+00
-2.227418220195204857e+00
-2.227292277230427331e+00
-2.227167095130136332e+00
-2.227042572507093698e+00
-2.226919055900829836e+00
-2.226796460372961750e+00
-2.226675125114896847e+00
-2.226554980619549262e+00
-2.226436357781763853e+00
-2.226319201412539250e+00
-2.226203833065015125e+00
-2.226090210669462444e+00
-2.225978645306518011e+00
-2.225869106753718629e+00
-2.225761894416054432e+00
-2.225656988587598306e+00
-2.225554675737657195e+00
-2.225454945303841914e+00
-2.225358069520126492e+00
-2.225264045570593652e+00
-2.225173130133443422e+00
-2.225085326737666236e+00
-2.225000875184572902e+00
-2.224919783962588493e+00
-2.224842274695255195e+00
-2.224768359482253821e+00
-2.224698240510065261e+00
-2.224631932200184181e+00
-2.224569616105489978e+00
-2.224511307759646783e+00
-2.224457166969000532e+00
-2.224407209269771535e+00
-2.224361571712060837e+00
-2.224320268844169668e+00
-2.224283414071730025e+00
-2.224251020101021936e+00
-2.224223175942681152e+00
-2.224199891758417369e+00
-2.224181231564984262e+00
-2.224167202441150959e+00
-2.224157842973730315e+00
-2.224153156794073993e+00
