-1.298186808347530974e+00
-1.297329970971860647e+00
-1.295617059638894952e+00
-1.293049601357193712e+00
-1.289629889642851523e+00
-1.285360985441188264e+00
-1.280246723790739116e+00
-1.274291716783373607e+00
-1.267501365776794842e+00
-1.259881868791111081e+00
-1.251440241372824502e+00
-1.242184332411452763e+00
-1.232122858778665897e+00
-1.221265436374045388e+00
-1.209622638163923902e+00
-1.197206055973991434e+00
-1.184028411656740332e+00
-1.170103718832562700e+00
-1.155447633063350299e+00
-1.140078264684386111e+00
-1.124018500426563039e+00
-1.107303142126261353e+00
-1.090002257840122724e+00
-1.072298631968229943e+00
-1.054730390265537610e+00
-1.038757030447067242e+00
-1.026944763734926713e+00
-1.020484236760450303e+00
-1.017475399957031623e+00
-1.015832874327558644e+00
-1.014650299301019798e+00
-1.013656964251719694e+00
-1.012787781134433240e+00
-1.012033252494481061e+00
-1.011397609066359893e+00
-1.010888021046050689e+00
-1.010512017745030633e+00
-1.010276799050115804e+00
-1.010189088393105727e+00
-1.010255014022078290e+00
-1.010480077976402713e+00
-1.010869066876600497e+00
-1.011426019290234013e+00
-1.012154138855100749e+00
-1.013055755390178447e+00
-1.014132237671277359e+00
-1.015383948227939204e+00
-1.016810154720263482e+00
-1.018408979175545515e+00
-1.020177308667810756e+00
-1.022110742033869535e+00
-1.024203504235618123e+00
-1.026448398400805706e+00
-1.028836734732558211e+00
-1.031358303543514099e+00
-1.034001338749855448e+00
-1.036752537198856849e+00
-1.039597085938375187e+00
-1.042518759991171162e+00
-1.045500045252747867e+00
-1.048522343070505514e+00
-1.051566208760816856e+00
-1.054611670568712078e+00
-1.057638574897443506e+00
-1.060626992426425774e+00
-1.063557624108162125e+00
-1.066412232025841567e+00
-1.069174030865744474e+00
-1.071828060725755982e+00
-1.074361479736715363e+00
-1.076763799848938108e+00
-1.079027013853425254e+00
-1.081145646359959800e+00
-1.083116691613001947e+00
-1.084939483247997938e+00
-1.086615473302225743e+00
-1.088147974300459175e+00
-1.089541849498347759e+00
-1.090803205632806971e+00
-1.091939072548544276e+00
-1.092957117397973521e+00
-1.093865371853437463e+00
-1.094672010712379961e+00
-1.095385153889952612e+00
-1.096012722247456939e+00
-1.096562315201298210e+00
-1.097041135658200828e+00
-1.097455929084601767e+00
-1.097812960060615461e+00
-1.098117994062421943e+00
-1.098376307261607732e+00
-1.098592694005930293e+00
-1.098771494867849530e+00
-1.098916617046389987e+00
-1.099031570177408046e+00
-1.099119491262237958e+00
-1.099183181760015948e+00
-1.099225132157276130e+00
-1.099247556824550331e+00
-1.099252415771321711e+00
-1.099241445688495800e+00
-1.099216177945816053e+00
-1.099177965390050415e+00
-1.099127996493648451e+00
-1.099067318089043122e+00
-1.098996846001052852e+00
-1.098917384174856515e+00
-1.098829632293764069e+00
-1.098734201845190883e+00
-1.098631621255163004e+00
-1.098522349424238209e+00
-1.098406778871416689e+00
-1.098285247214582983e+00
-1.098158038750072008e+00
-1.098025394279998679e+00
-1.097887511481417944e+00
-1.097744553411118762e+00
-1.097596647950718873e+00
-1.097443895255263646e+00
-1.097286366501880828e+00
-1.097124110494103633e+00
-1.096957151893005245e+00
-1.096785497144601385e+00
-1.096609132333073999e+00
-1.096428028562896895e+00
-1.096242139542581873e+00
-1.096051406525010874e+00
-1.095855755705740675e+00
-1.095655102802958858e+00
-1.095449350335477412e+00
-1.095238391906629527e+00
-1.095022109412423061e+00
-1.094800377080465292e+00
-1.094573058647531072e+00
-1.094340011194373519e+00
-1.094101082323331697e+00
-1.093856113821992881e+00
-1.093604938864879195e+00
-1.093347385532810856e+00
-1.093083274057677912e+00
-1.092812420219614555e+00
-1.092534632649987625e+00
-1.092249716124822578e+00
-1.091957468938153930e+00
-1.091657686107249559e+00
-1.091350156826185636e+00
-1.091034667596129104e+00
-1.090710999767161793e+00
-1.090378932605092999e+00
-1.090038240928122182e+00
-1.089688698120119925e+00
-1.089330073867578630e+00
-1.088962137128049790e+00
-1.088584653971840455e+00
-1.088197390513213847e+00
-1.087800110860451586e+00
-1.087392580016427246e+00
-1.086974561939888506e+00
-1.086545822421112195e+00
-1.086106127256527554e+00
-1.085655245104281130e+00
-1.085192945773576723e+00
-1.084719003064119613e+00
-1.084233193170812681e+00
-1.083735297510109774e+00
-1.083225101239955412e+00
-1.082702396075153617e+00
-1.082166978921537348e+00
-1.081618654681504532e+00
-1.081057235000532302e+00
-1.080482541062890434e+00
-1.079894402447648005e+00
-1.079292659913500207e+00
-1.078677164360290819e+00
-1.078047779600666223e+00
-1.077404381422016888e+00
-1.076746860341343925e+00
-1.076075120761269766e+00
-1.075389083703154336e+00
-1.074688686049474207e+00
-1.073973883248743988e+00
-1.073244648635197196e+00
-1.072500976097498393e+00
-1.071742879465159781e+00
-1.070970395131500386e+00
-1.070183581494644098e+00
-1.069382521523535079e+00
-1.068567322239814432e+00
-1.067738117214028115e+00
-1.066895066073091147e+00
-1.066038356912151652e+00
-1.065168205810759661e+00
-1.064284859144255968e+00
-1.063388593090270673e+00
-1.062479715821883053e+00
-1.061558566984653451e+00
-1.060625519752438128e+00
-1.059680980253826732e+00
-1.058725389470269507e+00
-1.057759222589709669e+00
-1.056782990725664062e+00
-1.055797240175080365e+00
-1.054802553936267318e+00
-1.053799550847574151e+00
-1.052788886881799613e+00
-1.051771254142201739e+00
-1.050747381911202760e+00
-1.049718035480730949e+00
-1.048684016933745022e+00
-1.047646163786986051e+00
-1.046605349485173697e+00
-1.045562481836018964e+00
-1.044518503199009629e+00
-1.043474388694981991e+00
-1.042431146074286774e+00
-1.041389813686525168e+00
-1.040351460016505580e+00
-1.039317181403909718e+00
-1.038288101239997818e+00
-1.037265367431928764e+00
-1.036250151258546692e+00
-1.035243644579917799e+00
-1.034247058356730031e+00
-1.033261619612211302e+00
-1.032288569626562236e+00
-1.031329160665719558e+00
-1.030384653869776290e+00
-1.029456315770807873e+00
-1.028545415902167637e+00
-1.027653223135720051e+00
-1.026781003047017027e+00
-1.025930014110398636e+00
-1.025101504863103585e+00
-1.024296710004597433e+00
-1.023516847410245179e+00
-1.022763114188599776e+00
-1.022036683602096652e+00
-1.021338701142360028e+00
-1.020670281421175885e+00
-1.020032504328938883e+00
-1.019426411963384904e+00
-1.018853004939803686e+00
-1.018313239427480754e+00
-1.017808023681773033e+00
-1.017338215258690948e+00
-1.016904617838316760e+00
-1.016507978686091107e+00
-1.016148985834152807e+00
-1.015828265853774948e+00
-1.015546381455930014e+00
-1.015303829632893118e+00
-1.015101039731787891e+00
-1.014938372014805301e+00
-1.014816116249936062e+00
-1.014734490728678162e+00
-1.014693641406914537e+00
