0.000000000000000000e+00
0.000000000000000000e+00
8.125694527372814946e+02
2.440733386961041106e+03
4.890559764120012915e+03
8.171194367953656183e+03
1.229491504889693715e+04
1.727720252703093865e+04
2.313683259082874065e+04
2.989598489125994820e+04
3.758037583883487241e+04
4.621940858137495525e+04
5.584635055511162500e+04
6.649852904464109452e+04
7.821755867065433995e+04
9.104958825832520961e+04
1.050455850194105151e+05
1.202616399339686905e+05
1.367593170400244708e+05
1.546060261891575938e+05
1.738754477207565797e+05
1.946479833037134376e+05
2.170112683641841577e+05
2.410607137790542911e+05
2.669001207493855036e+05
2.946423283480081009e+05
3.244099480593199260e+05
3.563361345431759255e+05
3.905654597184032318e+05
4.272548264579793322e+05
4.665745047160791000e+05
5.087092099699503160e+05
5.538593261752771214e+05
6.022421721848465968e+05
6.540934377322531072e+05
7.096686610485656420e+05
7.692449037179065635e+05
8.331224600510813762e+05
9.016267930326699279e+05
9.751104886673359433e+05
1.053955465902765049e+06
1.138575173807813320e+06
1.229417069361682748e+06
1.326965026446550153e+06
1.431742040460968623e+06
1.544312766442438588e+06
1.665286348975223955e+06
1.795318916121850023e+06
1.935116335477269487e+06
2.085436337810714031e+06
2.247090925884437282e+06
2.420947967619950417e+06
2.607936506828224752e+06
2.809072412033456843e+06
3.025597971408784389e+06
3.259276083690838423e+06
3.512543019739123527e+06
3.788370525057948194e+06
4.090136559777499177e+06
4.421612222644809633e+06
4.786995862071305513e+06
5.190972136724940501e+06
5.638794227179602720e+06
6.136383421780196950e+06
6.690452478097042069e+06
7.308646516355464235e+06
7.999715495965609327e+06
8.773710734860358760e+06
9.642228943990014493e+06
1.061869323971070535e+07
1.171870859903301485e+07
1.296047644048361294e+07
1.436532927078631893e+07
1.595836307502306253e+07
1.776927071672116220e+07
1.983334392032654583e+07
2.219282891644853354e+07
2.489858879401811212e+07
2.801243007528730482e+07
3.161002449557296559e+07
3.578519221003459394e+07
4.065542616482907534e+07
4.637057859415049851e+07
5.312407623674204946e+07
6.113179269414116442e+07
7.005383032679960132e+07
7.922837919002556801e+07
8.845166934146718681e+07
9.772032122690537572e+07
1.070321579340633154e+08
1.163845024602736533e+08
1.257738851441096365e+08
1.351962614596573710e+08
1.446468465028553605e+08
1.541202869889688492e+08
1.636105845349786282e+08
1.731112611458184421e+08
1.826153519838426709e+08
1.921155845355090499e+08
2.016044295988255441e+08
2.110743017016996145e+08
2.205176578240267336e+08
2.299272177661923170e+08
2.392960981046714783e+08
2.486180447731676102e+08
2.578875873357641697e+08
2.671002715081682801e+08
2.762528166103227139e+08
2.853433321664764285e+08
2.943714590713683367e+08
3.033385515296431184e+08
3.122477814174844623e+08
3.211042674557691216e+08
3.299151268166083097e+08
3.386895420014638901e+08
3.474387569721522331e+08
3.561760886061627269e+08
3.649168826543005705e+08
3.736784936433491707e+08
3.824802298925879598e+08
3.913433347912234068e+08
4.002909536944067478e+08
4.093481477409595251e+08
4.185419094465817809e+08
4.279012313719063401e+08
4.374571872189090848e+08
4.472430678237866759e+08
4.572945360728765130e+08
4.676498360814196467e+08
4.783500258657646179e+08
4.894392632406734824e+08
5.009651197764167786e+08
5.129789479816406965e+08
5.255362823190624714e+08
5.386972952327145338e+08
5.525272945986949205e+08
5.670972800259363651e+08
5.824845502486270666e+08
5.987733752850654125e+08
6.160557315429680347e+08
6.344321096227618456e+08
6.540123991788407564e+08
6.749168563453816175e+08
6.972771646612699032e+08
7.212375902789976597e+08
7.469562495198397636e+08
7.746064841858175993e+08
8.043783705300174952e+08
8.364803510626282692e+08
8.711410238017239571e+08
9.086110708108233213e+08
9.491653703633114100e+08
9.931052658518067598e+08
1.040761046691836119e+09
1.092494603890885353e+09
1.148702327773683310e+09
1.209818197977688789e+09
1.276317146936817408e+09
1.348718631857217789e+09
1.427590511768764734e+09
1.513553146492274761e+09
1.607283831262233257e+09
1.709521462070429087e+09
1.821071564568704844e+09
1.942811555601789474e+09
2.075696391401742935e+09
2.220764440649219990e+09
2.379143759877399921e+09
2.552058573007960796e+09
2.740836158353260517e+09
2.946913902224973679e+09
3.171846750931140423e+09
3.417314770761812687e+09
3.685131078978084564e+09
3.977249798380952835e+09
4.295774332717279434e+09
4.642965550512365341e+09
5.021250212102522850e+09
5.433229154199661255e+09
5.881685607863615990e+09
6.369593082616893768e+09
6.900123237639523506e+09
7.476653083081859589e+09
8.102771981895353317e+09
8.782287698051633835e+09
9.519232015923984528e+09
1.031786507315590286e+10
1.118267899165558052e+10
1.211839984074723816e+10
1.312998858310620499e+10
1.422263992669506645e+10
1.540177980609873390e+10
1.667306030601421547e+10
1.804235283049601746e+10
1.951573822413224411e+10
2.109949473696685791e+10
2.280008244082452011e+10
2.462412508550837708e+10
2.657838791683931351e+10
2.866975255030339432e+10
3.090518735467269516e+10
3.329171455314723206e+10
3.583637245246498108e+10
3.854617412916385651e+10
4.142806096892145538e+10
4.448885251642261505e+10
4.773519105212232971e+10
5.117348248627655029e+10
5.480983204709873199e+10
5.864997648814422607e+10
6.269921139654282379e+10
6.696231545985092926e+10
7.144347042508081055e+10
7.614617873328956604e+10
8.107317776349542236e+10
8.622635278159019470e+10
9.160664777522238159e+10
9.721397636166195679e+10
1.030471322395908356e+11
1.091037014330970459e+11
1.153799761237717743e+11
1.218708723396313934e+11
1.285698516447773285e+11
1.354688490656673584e+11
1.425582077524031372e+11
1.498266225105733948e+11
1.572610930414333801e+11
1.648468888424137268e+11
1.725675269034970703e+11
1.804047638678644104e+11
1.883386040177507935e+11
1.963473243536337280e+11
2.044075182473478088e+11
2.124941584057372742e+11
2.205806806064886780e+11
2.286390882708824463e+11
2.366400791496275024e+11
2.445531933753536987e+11
2.523469837893375549e+11
2.599892068625151062e+11
2.674470345687636719e+11
2.746872845138103333e+11
2.816766679753076782e+11
2.883820521237512817e+11
2.947707352837642822e+11
3.008107305494579468e+11
3.064710558144723511e+11
3.117220247699713745e+11
3.165355362441134033e+11
3.208853559993004761e+11
3.247473879077022705e+11
3.280999286239342651e+11
3.309239025625953979e+11
3.332030718189276733e+11
3.349242181307227783e+11
3.360772925690579224e+11
