2.194031784966484793e+03
2.192600628711080844e+03
2.189740220302805938e+03
2.185456286556543546e+03
2.179754512964629612e+03
2.172646292679486578e+03
2.164141012621436857e+03
2.154255612398233552e+03
2.143003048687168302e+03
2.130405630382199888e+03
2.116479702891764191e+03
2.101252713057036999e+03
2.084744167850515169e+03
2.066986370596013785e+03
2.048001720510627820e+03
2.027827050689351154e+03
2.006487345786341166e+03
1.984023602317023233e+03
1.960463051300792813e+03
1.935850452897814421e+03
1.910214918806356536e+03
1.883604546320700365e+03
1.856049941452234862e+03
1.827602092417871063e+03
1.798292698568987362e+03
1.768175180376616709e+03
1.737281921003382649e+03
1.705668309376128946e+03
1.673367000259139104e+03
1.640434889407021274e+03
1.606904493831855461e+03
1.572833763837749984e+03
1.538254677216492382e+03
1.503225802890811110e+03
1.467778190198618631e+03
1.431970613896289933e+03
1.395832821339175098e+03
1.359423410118591619e+03
1.322770470137648772e+03
1.285932075225292238e+03
1.248934321350221126e+03
1.211834455244142646e+03
1.174656260502744544e+03
1.137455904283187238e+03
1.100254553906156161e+03
1.063107104515642504e+03
1.026031810601855568e+03
9.890821751187868358e+02
9.522732377860331781e+02
9.156570791257048541e+02
8.792451955755562949e+02
8.430883315229067421e+02
8.071940524568219644e+02
7.716120073298815214e+02
7.363453558690092677e+02
7.014431146186030901e+02
6.669039395711682801e+02
6.327792938403229073e+02
5.990862838045995886e+02
5.660400696003111989e+02
5.346702357750432384e+02
5.075140571687001056e+02
4.859388634022179758e+02
4.692317934232554535e+02
4.563329771928648029e+02
4.462367452517000856e+02
4.381635859583905130e+02
4.314956413361870773e+02
4.257958179107998262e+02
4.207386926718747304e+02
4.161029074805861683e+02
4.117271261459458174e+02
4.075010248924325538e+02
4.033446255858617064e+02
3.991989313254697436e+02
3.950217345193511278e+02
3.907750666632446723e+02
3.864327795694529186e+02
3.819625020110644300e+02
3.773427750286612650e+02
3.725376949406115727e+02
3.675230717528523883e+02
3.622516985705194088e+02
3.566891762230782206e+02
3.507665976262975391e+02
3.444275900802097681e+02
3.375625352326978259e+02
3.300683288833563438e+02
3.217536694744426313e+02
3.124007880925698828e+02
3.018682284511189664e+02
2.909497712934473270e+02
2.802911543643571122e+02
2.698439576263824051e+02
2.596870848723772269e+02
2.498125754588910183e+02
2.402755358939553219e+02
2.310843261217540316e+02
2.222851731285993822e+02
2.138929236228344735e+02
2.059473779350140603e+02
1.984639382637775213e+02
1.914740439484934029e+02
1.849874788772503393e+02
1.790229771514327979e+02
1.735785636626520443e+02
1.686562757519285753e+02
1.642388566763225697e+02
1.603111355053395073e+02
1.568417633201940475e+02
1.538024052934734414e+02
1.511529955935108092e+02
1.488588969315345025e+02
1.468781499664987678e+02
1.451764616902200089e+02
1.437154006450791144e+02
1.424653257509876312e+02
1.413941128752344696e+02
1.404784286440925030e+02
1.396929660138609961e+02
1.390205291840356665e+02
1.384418553157400709e+02
1.379448711469307796e+02
1.375151386769200030e+02
1.371445089240449988e+02
1.368221731845312945e+02
1.365428406470304310e+02
1.362983446315405160e+02
1.360854143570975907e+02
1.358977762163559646e+02
1.357335619546358316e+02
1.355878481262264472e+02
1.354597300154702850e+02
1.353452500842557811e+02
1.352441610245563766e+02
1.351532022176983787e+02
1.350725722715267239e+02
1.349995197193445620e+02
1.349345434614526482e+02
1.348752697811141275e+02
1.348223975693469470e+02
1.347738383387250281e+02
1.347304217190618090e+02
1.346902787465623703e+02
1.346543218125222552e+02
1.346208543304105660e+02
1.345908380944731562e+02
1.345627146726907313e+02
1.345374719946736377e+02
1.345136646295326841e+02
1.344922903783891286e+02
1.344719980796628818e+02
1.344537840318372730e+02
1.344363772019087833e+02
1.344207644456179480e+02
1.344057440340221206e+02
1.343922878654292106e+02
1.343792551114059393e+02
1.343675989200117442e+02
1.343562327465403996e+02
1.343460884237964308e+02
1.343361284074513833e+02
1.343272615285880249e+02
1.343184949662646090e+02
1.343107134933954399e+02
1.343029655035824419e+02
1.342961111072370670e+02
1.342892369966966157e+02
1.342831783395678542e+02
1.342770576741814921e+02
1.342716851763821069e+02
1.342662171434493814e+02
1.342614388744780740e+02
1.342565386307200015e+02
1.342522770643458045e+02
1.342478728414616569e+02
1.342440622759745281e+02
1.342400930722761245e+02
1.342366775671291634e+02
1.342330912955230815e+02
1.342300230112969359e+02
1.342267750048055461e+02
1.342240128600849118e+02
1.342210646591577756e+02
1.342185732378909790e+02
1.342158916011047438e+02
1.342136402590735429e+02
1.342111963519036806e+02
1.342091584823192818e+02
1.342069272086194474e+02
1.342050796355729290e+02
1.342030390840320138e+02
1.342013615592002225e+02
1.341994925428900274e+02
1.341979673260348704e+02
1.341962529976954102e+02
1.341948645054954170e+02
1.341932900347428017e+02
1.341920245456082341e+02
1.341905768469876534e+02
1.341894222519399591e+02
1.341880897549152678e+02
1.341870353465397443e+02
1.341858078002294690e+02
1.341848440932285484e+02
1.341837124000341817e+02
1.341828309781060966e+02
1.341817870514696267e+02
1.341809804362149521e+02
1.341800170786056299e+02
1.341792786169254157e+02
1.341783894148396712e+02
1.341777131819134468e+02
1.341768924152418947e+02
1.341762731306819205e+02
1.341755156942465987e+02
1.341749486494279608e+02
1.341742499848620582e+02
1.341737309797616717e+02
1.341730870162062104e+02
1.341726123043655434e+02
1.341720194067116552e+02
1.341715856471505788e+02
1.341710405707519840e+02
1.341706447858593947e+02
1.341701446368174970e+02
1.341697841753959608e+02
1.341693263756619672e+02
1.341689988804309337e+02
1.341685811370862780e+02
1.341682845160627267e+02
1.341679047942422471e+02
1.341676371955118441e+02
1.341672936945211063e+02
1.341670534839835796e+02
1.341667446162319663e+02
1.341665303579852662e+02
1.341662547304244129e+02
1.341660651694980118e+02
1.341658215673041070e+02
1.341656556145095180e+02
1.341654429867964495e+02
1.341652997055031733e+02
1.341651171528944531e+02
1.341649957475762847e+02
1.341648425114953511e+02
1.341647423179221903e+02
1.341646177714902990e+02
1.341645382484694551e+02
1.341644418889265751e+02
1.341643826115175955e+02
1.341643140540974173e+02
1.341642747082435676e+02
1.341642336814550163e+02
1.341642140599898880e+02
1.341642004022710921e+02
