8.784327240756074389e+03
8.764828484291218047e+03
8.725975915556840846e+03
8.667990341760732917e+03
8.591300633730510526e+03
8.496338203072424221e+03
8.383798315553796783e+03
8.254303215712081510e+03
8.108786496010192423e+03
7.948033111826209279e+03
7.773178011252353826e+03
7.585134094059119889e+03
7.385193900062391549e+03
7.174358925221263235e+03
6.954031173666009636e+03
6.725259070970179891e+03
6.489504167937711827e+03
6.247820134005347427e+03
6.001678897703779512e+03
5.752099842648163758e+03
5.500519193412397726e+03
5.247886584361044697e+03
4.995561539378099042e+03
4.744394079926361883e+03
4.495632669084829104e+03
4.250004533601400908e+03
4.008620394120682704e+03
3.772068778708478021e+03
3.541304173831814296e+03
3.316767897713090406e+03
3.099247901788226955e+03
2.889036850347036307e+03
2.686753595407710236e+03
2.492547072598893919e+03
2.306871378384697437e+03
2.129742032952621685e+03
1.961458525876285648e+03
1.801917496282960201e+03
1.651278507123467989e+03
1.509336818954832779e+03
1.376129940163660194e+03
1.251370975880829519e+03
1.134995130345148482e+03
1.026653133532334778e+03
9.261983043517954002e+02
8.332383160192983951e+02
7.475646405672061974e+02
6.687599174003161124e+02
5.965725792183649219e+02
5.305763322284067272e+02
4.704935112043525010e+02
4.159026505230187354e+02
3.665146417498476126e+02
3.219240508971106465e+02
2.818424734545960746e+02
2.458891091422817397e+02
2.137858501545471199e+02
1.851826317197276239e+02
1.598187764648578479e+02
1.373787681289888667e+02
1.176242369308685767e+02
1.002760264703479010e+02
8.512097025537661921e+01
7.191641180542124800e+01
6.047561809724452075e+01
5.059124656179245250e+01
4.210289175027930497e+01
3.483634991029533268e+01
2.865642220594921596e+01
2.341919085502532027e+01
1.901282394761824790e+01
1.532043296263747756e+01
1.225125547165255924e+01
9.712001347325481149e+00
7.630442324249688824e+00
5.933464627049644058e+00
4.564778420470081421e+00
3.468169832942836095e+00
2.600769049039102665e+00
1.920223515518361346e+00
1.394748438513464084e+00
9.930976543884355578e-01
6.925175545062071114e-01
4.703577820534401432e-01
3.109040213854387114e-01
1.938593486699757840e-01
1.116631349672865120e-01
6.186923110067781006e-02
3.467379392929432341e-02
2.060854836445308660e-02
1.345977538812372955e-02
9.844479597391753850e-03
8.002362976859833318e-03
7.063404026597372432e-03
6.581731604290820895e-03
6.340971034738254741e-03
6.223418474723757358e-03
6.174742501550264419e-03
6.160352870692176359e-03
6.167439213555433140e-03
6.183743570420949416e-03
6.207563579261914620e-03
6.233145353370726609e-03
6.261823089892499389e-03
6.289962717060558137e-03
6.319667487267488677e-03
6.345923725712828214e-03
5.844586217256641202e-03
4.682454542850741745e-03
3.769042628449343138e-03
3.054760051306465267e-03
2.494035852023880617e-03
2.050208396919796488e-03
1.697471410261914811e-03
1.414762980294462539e-03
1.187268879079822611e-03
1.002675826495986414e-03
8.523252174381007506e-04
7.288661097434483756e-04
6.271363661950676849e-04
5.426486682929632446e-04
4.722624423891306849e-04
4.131759778209522470e-04
3.634402183214481357e-04
3.212665032325753042e-04
2.854219632070288974e-04
2.547396486385044277e-04
2.284255705982296178e-04
2.057022531050375967e-04
1.860497299260633383e-04
1.689394339464070772e-04
1.540255754490366645e-04
1.409417542407698069e-04
1.294547844098724082e-04
1.193058891571006057e-04
1.103358521350930989e-04
1.023585958868331746e-04
9.526422794744096698e-05
8.891661619605994364e-05
8.323922094386676572e-05
7.813078166107863623e-05
7.353760652226686977e-05
6.938316057646928608e-05
6.562959250887604682e-05
6.221815917903181909e-05
5.912211317114185151e-05
5.629569539590320977e-05
5.372002049684607627e-05
5.135893334957899217e-05
4.919916577461965921e-05
4.721175864920177452e-05
4.538748933067458341e-05
4.370285750686103297e-05
4.215157444273748787e-05
4.071433018899952493e-05
3.938697611313903967e-05
3.815345573782176058e-05
3.701118862804156015e-05
3.594667214083877292e-05
3.495847859999122838e-05
3.403513122298389018e-05
3.317605101314151459e-05
3.237138460453207924e-05
3.162117755408403271e-05
3.091689019907111445e-05
3.025902640245323140e-05
2.964011966088961661e-05
2.906100811820780185e-05
2.851510996379851129e-05
2.800350462132875486e-05
2.752034606573557473e-05
2.706688494909824516e-05
2.663789243320995186e-05
2.623473743012380083e-05
2.585271310172189719e-05
2.549326644143065364e-05
2.515213565185332552e-05
2.483081525594776665e-05
2.452542583617907968e-05
2.423748617456875516e-05
2.396344787067076050e-05
2.370483622693964111e-05
2.345839148696375194e-05
2.322563195439824408e-05
2.300355134487921932e-05
2.279365067370037860e-05
2.259314776215218639e-05
2.240351852720813195e-05
2.222218023911552473e-05
2.205057781514817311e-05
2.188630716137662222e-05
2.173077776599114468e-05
2.158174651261060374e-05
2.144058416784372785e-05
2.130519353855766428e-05
2.117690425603198972e-05
2.105375215693430403e-05
2.093702400270804761e-05
2.082487756881477224e-05
2.071855553692832249e-05
2.061632804132614903e-05
2.051939287833688639e-05
2.042612423394129088e-05
2.033767452423231533e-05
2.025251475706926074e-05
2.017175171095727184e-05
2.009394690171902742e-05
2.002016139323832056e-05
1.994904167752433819e-05
1.988160316229592174e-05
1.981657245476263073e-05
1.975491946525784206e-05
1.969544663290708430e-05
1.963907860215292653e-05
1.958468986033171921e-05
1.953316006851689679e-05
1.948343241233321761e-05
1.943634188600563558e-05
1.939089740167798499e-05
1.934788962388071947e-05
1.930639055050675795e-05
1.926714686369811015e-05
1.922929129721356235e-05
1.919352690007912037e-05
1.915904504874785450e-05
1.912650550398208718e-05
1.909515641925959371e-05
1.906561460257132147e-05
1.903718332126965758e-05
1.901043675290246579e-05
1.898473179666494568e-05
1.896060030592781865e-05
1.893745149248340950e-05
1.891577517356176819e-05
1.889503170136691185e-05
1.887566912519280258e-05
1.885719789909192908e-05
1.884002455164759973e-05
1.882370872231933223e-05
1.880861564444125271e-05
1.879435333876940315e-05
1.878124594657091151e-05
1.876894916981380209e-05
1.875774623830191241e-05
1.874733993215004391e-05
1.873797272757899684e-05
1.872939397095679627e-05
1.872180552004169664e-05
1.871500286189621217e-05
1.870914734821949881e-05
1.870408026362769998e-05
1.869992254352085287e-05
1.869656100626252438e-05
1.869407623816462326e-05
1.869240040452113717e-05
1.869157378730978430e-05
