1.528056534926670551e+01
1.526989671328217568e+01
1.524857935891272653e+01
1.521664456654243835e+01
1.517415186617541600e+01
1.512116341277508980e+01
1.505777768424756680e+01
1.498408690597198678e+01
1.490022740909676102e+01
1.480632030160509061e+01
1.470253826201028247e+01
1.458902973106135370e+01
1.446600184341137663e+01
1.433362848872351769e+01
1.419214901339722346e+01
1.404176057188605675e+01
1.388273216249250197e+01
1.371528175874815147e+01
1.353970517792675743e+01
1.335623854807946032e+01
1.316520144543577153e+01
1.296684531501740167e+01
1.276151025347529533e+01
1.254946006025862459e+01
1.233105198536471470e+01
1.210655914431755775e+01
1.187635249503303392e+01
1.164071140444435493e+01
1.140001706373547563e+01
1.115455204936203337e+01
1.090470432859205197e+01
1.065075671655711886e+01
1.039310055951761491e+01
1.013201605901309676e+01
9.867894639697549763e+00
9.601011203774513447e+00
9.331754076971430223e+00
9.060390394539297176e+00
8.787302340121446065e+00
8.512747095830425437e+00
8.237097775748802420e+00
7.960599799066256921e+00
7.683614318035304258e+00
7.406373735556958771e+00
7.129224154395700452e+00
6.852384695895327837e+00
6.576182509963378386e+00
6.300825640218921997e+00
6.026616869312767300e+00
5.753771119841490922e+00
5.482606550856448102e+00
5.213760219245921590e+00
4.949857941193932298e+00
4.702258979240859560e+00
4.489803929876395650e+00
4.319296005160833118e+00
4.185337329615753887e+00
4.080606593084961098e+00
3.998184737990379656e+00
3.932344491809307119e+00
3.878522309160458370e+00
3.833229904868225013e+00
3.793898913717161925e+00
3.758611397142072708e+00
3.726032222515490488e+00
3.695131560762745071e+00
3.665238408290202088e+00
3.635771560472497388e+00
3.606392798588171633e+00
3.576725363476297215e+00
3.546587042831299108e+00
3.515672985418363261e+00
3.483862042790693447e+00
3.450841341188245259e+00
3.416492312281510735e+00
3.380428912607728265e+00
3.342484149456903086e+00
3.302116364103327761e+00
3.259039787443247960e+00
3.212407287947897760e+00
3.161680566014472671e+00
3.105355194033644128e+00
3.042351645795153381e+00
2.969570217159549053e+00
2.889922879389540178e+00
2.810156602225521549e+00
2.731159686384565966e+00
2.653227309534712308e+00
2.576203238480851976e+00
2.500328871238966411e+00
2.425524392134466911e+00
2.351991646779972633e+00
2.279703100296225138e+00
2.208840655647978046e+00
2.139413731327023172e+00
2.071593737155009496e+00
2.005416905335859479e+00
1.941047674636325215e+00
1.878540752240448475e+00
1.818053314921029617e+00
1.759650393087516251e+00
1.703478674857023867e+00
1.649604548133716042e+00
1.598158179840325044e+00
1.549196682455634688e+00
1.502824753036853256e+00
1.459077651837045853e+00
1.418023508248459130e+00
1.379662663281310930e+00
1.344016253375664105e+00
1.311039828334547463e+00
1.280702208300960931e+00
1.252911713728858567e+00
1.227588076292179364e+00
1.204599226380576926e+00
1.183827570314843314e+00
1.165114785316644364e+00
1.148322720710799549e+00
1.133283643309905608e+00
1.119855697535082850e+00
1.107876614462200093e+00
1.097213912476467490e+00
1.087720914904417580e+00
1.079282274469681946e+00
1.071771843230685750e+00
1.065094336375434825e+00
1.059144979603131587e+00
1.053848120530961552e+00
1.049118690207894833e+00
1.044898418009936547e+00
1.041119118053556836e+00
1.037736978050011860e+00
1.034697621177014693e+00
1.031968783966117353e+00
1.029507057438584949e+00
1.027289160535351575e+00
1.025280241450576835e+00
1.023463884990429840e+00
1.021811851024857498e+00
1.020312914025383932e+00
1.018943922498957155e+00
1.017697545933999415e+00
1.016554550824018133e+00
1.015510516894956083e+00
1.014549238162751443e+00
1.013668462129587278e+00
1.012854336399067190e+00
1.012106219017775866e+00
1.011412101770532423e+00
1.010772535702095798e+00
1.010176971197236151e+00
1.009626839297363743e+00
1.009112756163353941e+00
1.008636797796348850e+00
1.008190522703309000e+00
1.007776474901141750e+00
1.007386983782474266e+00
1.007024927766754230e+00
1.006683274698486619e+00
1.006365136181126552e+00
1.006064015499548825e+00
1.005783180518580844e+00
1.005516589239825676e+00
1.005267607156941745e+00
1.005030583239529207e+00
1.004808935802592229e+00
1.004597354039264978e+00
1.004399274772767470e+00
1.004209686699347293e+00
1.004032018837401230e+00
1.003861526442247243e+00
1.003701610538624278e+00
1.003547766069310843e+00
1.003403350583639053e+00
1.003264076613822553e+00
1.003133246383667743e+00
1.003006771694836097e+00
1.002887890407190952e+00
1.002772698282429875e+00
1.002664361961806527e+00
1.002559148273218570e+00
1.002460147485326747e+00
1.002363786549999025e+00
1.002273075536810998e+00
1.002184592167122412e+00
1.002101263522922503e+00
1.002019810041353542e+00
1.001943073840837251e+00
1.001867911093761165e+00
1.001797077615298459e+00
1.001727559224174779e+00
1.001662024590717515e+00
1.001597583837134486e+00
1.001536818036648624e+00
1.001476956900771986e+00
1.001420493756898900e+00
1.001364773725184065e+00
1.001312202474119228e+00
1.001260236807816950e+00
1.001211195004616972e+00
1.001162642220327248e+00
1.001116809750927095e+00
1.001071368111719817e+00
1.001028462129049723e+00
1.000985864982199214e+00
1.000945635618286644e+00
1.000905647445536450e+00
1.000867874178056782e+00
1.000830287248036132e+00
1.000794775820931237e+00
1.000759407352187269e+00
1.000725987166681152e+00
1.000692676924547220e+00
1.000661198829915666e+00
1.000629807091942158e+00
1.000600141515439079e+00
1.000570547348765382e+00
1.000542582711513528e+00
1.000514682511850495e+00
1.000488323882718023e+00
1.000462030128778990e+00
1.000437198071512546e+00
1.000412438251200076e+00
1.000389067821733979e+00
1.000365783487224602e+00
1.000343823338360583e+00
1.000321969247113474e+00
1.000301380797181006e+00
1.000280924094914203e+00
1.000261680715959889e+00
1.000242600116763469e+00
1.000224686297219723e+00
1.000206971215778617e+00
1.000190381653090155e+00
1.000174031245602668e+00
1.000158769827202976e+00
1.000143791902067703e+00
1.000129870539504306e+00
1.000116280307355998e+00
1.000103717599136521e+00
1.000091536245125479e+00
1.000080355959814593e+00
1.000069609039482277e+00
1.000059838431338166e+00
1.000050554114269685e+00
1.000042222108201262e+00
1.000034429319202056e+00
1.000027564627673282e+00
1.000021291160378967e+00
1.000015920418503512e+00
1.000011191117515796e+00
1.000007337140171426e+00
1.000004172260781088e+00
1.000001852533222380e+00
1.000000266389436288e+00
9.999994918980184000e-01
