1.785689787772455972e+01
1.784622947780365720e+01
1.782491148306619522e+01
1.779297702818606908e+01
1.775048231860027315e+01
1.769749319940998689e+01
1.763410265053368420e+01
1.756040838651556157e+01
1.747653913117004620e+01
1.738262322559534567e+01
1.727882372061798222e+01
1.716529796088972759e+01
1.704224154626062671e+01
1.690983885004495590e+01
1.676831591338173411e+01
1.661788184543071978e+01
1.645879072793126952e+01
1.629127383403887919e+01
1.611561063383186365e+01
1.593205175647763738e+01
1.574089920159566880e+01
1.554241995614778382e+01
1.533693553165849011e+01
1.512472613227955343e+01
1.490612965430063674e+01
1.468143628478504148e+01
1.445099711809102416e+01
1.421510904474661352e+01
1.397413316048802479e+01
1.372836978194642121e+01
1.347818684779381115e+01
1.322388487050108274e+01
1.296583555754996908e+01
1.270433647594475168e+01
1.243976015531708335e+01
1.217239820273472262e+01
1.190262119040470168e+01
1.163071191099969148e+01
1.135703640243929868e+01
1.108186597639974735e+01
1.080555979370270236e+01
1.052837522827131878e+01
1.025066248202253938e+01
9.972662759893333728e+00
9.694715506758894819e+00
9.417043761830701243e+00
9.139974717199166321e+00
8.863711485969673731e+00
8.588567829501158712e+00
8.314725405068365660e+00
8.042483696192743281e+00
7.772001591344317006e+00
7.503563792034652735e+00
7.237305298632048967e+00
6.973495882554948899e+00
6.712245696677726414e+00
6.453809807419404798e+00
6.198272673768836505e+00
5.945875280516072614e+00
5.696675595583319485e+00
5.450901582536627821e+00
5.208583884283169319e+00
4.969938999948674940e+00
4.734969263118952831e+00
4.503881845645053339e+00
4.276649500493899581e+00
4.053472876011822379e+00
3.834293495753795966e+00
3.619308866849865858e+00
3.408427657316567050e+00
3.201846839101567532e+00
2.999444724314623834e+00
2.801411979728478219e+00
2.607685155965675516e+00
2.419010083080254336e+00
2.243000739121751685e+00
2.099750916060825645e+00
1.995353492627794489e+00
1.919455043600674538e+00
1.863230620812716731e+00
1.819289911962045592e+00
1.783200752047094273e+00
1.751623049051911574e+00
1.722849256954858133e+00
1.695473371025700837e+00
1.668931860181982252e+00
1.642582492275370232e+00
1.616282576009240746e+00
1.589671606886383204e+00
1.562750512484125220e+00
1.535254168579833989e+00
1.507225271597248728e+00
1.478417304515393882e+00
1.448875892383588493e+00
1.418332244995194058e+00
1.386816803148607447e+00
1.354002315753860985e+00
1.319889255218831714e+00
1.284043092895727600e+00
1.246386618365613375e+00
1.207097247235433324e+00
1.170714072374978931e+00
1.140154759874340895e+00
1.114471390172861343e+00
1.093348455899044724e+00
1.075994489871331616e+00
1.061940785044851676e+00
1.050535969864651697e+00
1.041371410042778445e+00
1.033962996320681338e+00
1.028017093869582954e+00
1.023199448951053858e+00
1.019320182054476387e+00
1.016156863690483636e+00
1.013594513485650994e+00
1.011486426130635996e+00
1.009766375321035969e+00
1.008336608279778668e+00
1.007160997073853315e+00
1.006172921981445700e+00
1.005354313215932827e+00
1.004658388362031918e+00
1.004077722653879068e+00
1.003578340549434511e+00
1.003158996546340331e+00
1.002794151634634590e+00
1.002486073959317547e+00
1.002214920214470562e+00
1.001984886464127422e+00
1.001780080320712640e+00
1.001605684183797473e+00
1.001448624823830125e+00
1.001314513848482246e+00
1.001192347369408209e+00
1.001087839326542328e+00
1.000991547053490249e+00
1.000909098408882425e+00
1.000832259492938414e+00
1.000766467192511611e+00
1.000704446082646637e+00
1.000651387603160858e+00
1.000600792890839807e+00
1.000557583788178606e+00
1.000515902770613197e+00
1.000480395991862670e+00
1.000445744569667728e+00
1.000416323412757436e+00
1.000387272699973185e+00
1.000362706449020811e+00
1.000338161068974330e+00
1.000317503110670359e+00
1.000296614752411939e+00
1.000279129838894665e+00
1.000261235158968809e+00
1.000246346904067440e+00
1.000230922432099545e+00
1.000218175012287158e+00
1.000204804064623643e+00
1.000193834000310478e+00
1.000182182163912303e+00
1.000172697328280291e+00
1.000162494123490786e+00
1.000154257984827710e+00
1.000145283026257159e+00
1.000138102715703914e+00
1.000130175178111314e+00
1.000123892378938173e+00
1.000116862913074334e+00
1.000111346849005045e+00
1.000105091329006823e+00
1.000100233327044563e+00
1.000094647978225115e+00
1.000090357221811832e+00
1.000085354796894643e+00
1.000081554985835286e+00
1.000077061743449347e+00
1.000073688449515830e+00
1.000069641750952032e+00
1.000066640310974808e+00
1.000062986696666378e+00
1.000060310523611884e+00
1.000057004164275121e+00
1.000054613385492175e+00
1.000051614827729418e+00
1.000049475180794678e+00
1.000046750325524370e+00
1.000044832258157879e+00
1.000042351524217388e+00
1.000040629456729224e+00
1.000038367092558333e+00
1.000036818810497552e+00
1.000034752324906240e+00
1.000033358476517975e+00
1.000031468165695880e+00
1.000030211844206818e+00
1.000028480396934816e+00
1.000027346791807048e+00
1.000025758958482003e+00
1.000024735063038683e+00
1.000023277377065423e+00
1.000022351742351656e+00
1.000021012284649791e+00
1.000020174811458995e+00
1.000018943010681172e+00
1.000018184773127983e+00
1.000017051235525756e+00
1.000016364330894580e+00
1.000015320694949139e+00
1.000014698115434975e+00
1.000013736927221508e+00
1.000013172450045396e+00
1.000012287056044391e+00
1.000011775148998749e+00
1.000010959603629956e+00
1.000010495343667039e+00
1.000009744329295902e+00
1.000009323332155642e+00
1.000008632089706140e+00
1.000008250448922054e+00
1.000007614717551174e+00
1.000007268951466743e+00
1.000006684915965671e+00
1.000006371921599024e+00
1.000005836166473205e+00
1.000005553179257101e+00
1.000005062648525733e+00
1.000004807207126811e+00
1.000004359169113455e+00
1.000004129084630655e+00
1.000003721101041965e+00
1.000003514430019669e+00
1.000003144328830640e+00
1.000002959349590048e+00
1.000002625201199757e+00
1.000002460393101034e+00
1.000002160489432246e+00
1.000002014514698390e+00
1.000001747350866887e+00
1.000001619038707545e+00
1.000001383297020263e+00
1.000001271629791910e+00
1.000001066165811858e+00
1.000000970267034273e+00
1.000000794097551049e+00
1.000000713221593784e+00
1.000000565514317152e+00
1.000000499037638324e+00
1.000000379102500503e+00
1.000000326516317317e+00
1.000000233798266747e+00
1.000000194702564515e+00
1.000000128775787589e+00
1.000000102874614605e+00
1.000000063438085229e+00
1.000000050536057561e+00
1.000000037410410103e+00
