2.568160388573768493e+00
2.568455998068066126e+00
2.569045070661089003e+00
2.569922940779130194e+00
2.571081697737688465e+00
2.572509225794452181e+00
2.574188190376378582e+00
2.576095347348676068e+00
2.578201464737245541e+00
2.580472076688750338e+00
2.582868830822836692e+00
2.585351150474875404e+00
2.587877795068492581e+00
2.590408312242334699e+00
2.592904293135186666e+00
2.595330618117017263e+00
2.597656536932911653e+00
2.599856662940714269e+00
2.601911607704259222e+00
2.603808352616616695e+00
2.605540126098621734e+00
2.607106012710888265e+00
2.608510142084560890e+00
2.609760790953642662e+00
2.610869261779419581e+00
2.611848902900339997e+00
2.612714076569272237e+00
2.613479421344831799e+00
2.614159129330179798e+00
2.614766565121799502e+00
2.615313873123436661e+00
2.615811906539730725e+00
2.616270074169710469e+00
2.616696470592459356e+00
2.617097849947570776e+00
2.617479856065682675e+00
2.617847035981484716e+00
2.618203102827548090e+00
2.618550937250175181e+00
2.618892849127012923e+00
2.619230543022026403e+00
2.619565367628220898e+00
2.619898238175446981e+00
2.620229875060772873e+00
2.620560683945539537e+00
2.620890990566259848e+00
2.621220881508123046e+00
2.621550443898332805e+00
2.621879569183565017e+00
2.622208206538546804e+00
2.622536130011647870e+00
2.622863214352745498e+00
2.623189163390994949e+00
2.623513817294044870e+00
2.623836837240345776e+00
2.624158054200030232e+00
2.624477101871370177e+00
2.624793818908748744e+00
2.625107819071036630e+00
2.625418960124516587e+00
2.625726840605069334e+00
2.626031340864445784e+00
2.626332152109282170e+00
2.626637234681877153e+00
2.627638355249475310e+00
2.651049931512400981e+00
2.711305514932759841e+00
2.773672017903316966e+00
2.835142329123740090e+00
2.895640171059393975e+00
2.955134030269515044e+00
3.013598456347619248e+00
3.071010920986699588e+00
3.127353192771413326e+00
3.182609625396172426e+00
3.236768086955120971e+00
3.289818683229641660e+00
3.341754462101559575e+00
3.392570398948810073e+00
3.442263968697050647e+00
3.490834305566848705e+00
3.538282687490632128e+00
3.584611819290744794e+00
3.629826254078882819e+00
3.673931767864018205e+00
3.716935732994057329e+00
3.758846563011192465e+00
3.799674048189661590e+00
3.839428856085271402e+00
3.878122836361074910e+00
3.915768566731332445e+00
3.952379632490742534e+00
3.987970210371702073e+00
4.022555327003851211e+00
4.056150475116949039e+00
4.088771854308898668e+00
4.120436015350027681e+00
4.151160086000038163e+00
4.180961440100122495e+00
4.209857910680974591e+00
4.237867481193297259e+00
4.265008487749213373e+00
4.291299330322348560e+00
4.316758665638172232e+00
4.341405136528123876e+00
4.365257556714193576e+00
4.388334656765253250e+00
4.410655261796412319e+00
4.432238052676206408e+00
4.453101737473560640e+00
4.473264826719945297e+00
4.492745799280191576e+00
4.511562890597034858e+00
4.529734253531429999e+00
4.547277758617207510e+00
4.564211150308075560e+00
4.580551858353736350e+00
4.596317149801229185e+00
4.611523950675263883e+00
4.626188994008129107e+00
4.640328651069708599e+00
4.653959075640304199e+00
4.667096044091804785e+00
4.679755096069795783e+00
4.691951382778313473e+00
4.703699804199289680e+00
4.715014864980556553e+00
4.725910808290794130e+00
4.736401478754296512e+00
4.746500453016794907e+00
4.756220909211743120e+00
4.765575754295231725e+00
4.774577499567617345e+00
4.783238384823363276e+00
4.791570259488664441e+00
4.799584703623656523e+00
4.807292914271513951e+00
4.814705823345062363e+00
4.821833988815860117e+00
4.828687709514419168e+00
4.835276920818672330e+00
4.841611306396102599e+00
4.847700198080286071e+00
4.853552684583549492e+00
4.859177515277708359e+00
4.864583205907358376e+00
4.869777946016485615e+00
4.874769701694646074e+00
4.879566126414975002e+00
4.884174660848027649e+00
4.888602446898842047e+00
4.892856424625984246e+00
4.896943249285718558e+00
4.900869385396611655e+00
4.904641026617664323e+00
4.908264187001506684e+00
4.911744623550593047e+00
4.915087924704455880e+00
4.918299435433892697e+00
4.921384343010004159e+00
4.924347604510487919e+00
4.927194029920128671e+00
4.929928211936464244e+00
4.932554606452828949e+00
4.935077464562356298e+00
4.937500910475991489e+00
4.939828875634364458e+00
4.942065174113993820e+00
4.944213438766102087e+00
4.946277194164698798e+00
4.948259794699977121e+00
4.950164495122163721e+00
4.951994390524607326e+00
4.953752484537243816e+00
4.955441631141341396e+00
4.957064600565874279e+00
4.958624022881936710e+00
4.960122451654722653e+00
4.961562309270918902e+00
4.962945948398123974e+00
4.964275599003234341e+00
4.965553427670058362e+00
4.966781486270895662e+00
4.967961769191881594e+00
4.969096163623611950e+00
4.970186504742403422e+00
4.971234527589093233e+00
4.972241920252896463e+00
4.973210277310307958e+00
4.974141151056755028e+00
4.975036006480081596e+00
4.975896270583525016e+00
4.976723288870465112e+00
4.977518372800558311e+00
4.978282757764500133e+00
4.979017648713431221e+00
4.979724179604137824e+00
4.980403457240173637e+00
4.981056522169438061e+00
4.981684390773821747e+00
4.982288017602418684e+00
4.982868335744742971e+00
4.983426220584196820e+00
4.983962528488179444e+00
4.984478061967403839e+00
4.984973606714677707e+00
4.985449898156670834e+00
4.985907656871458649e+00
4.986347556520262181e+00
4.986770257672201723e+00
4.987176377104372449e+00
4.987566520060727093e+00
4.987941250909532442e+00
4.988301123861803354e+00
4.988646654975858574e+00
4.988978351359210528e+00
4.989296684510561519e+00
4.989602118027663735e+00
4.989895082277636007e+00
4.990176000631833197e+00
4.990445265455940138e+00
4.990703262891559966e+00
4.990950350157975279e+00
4.991186878898834500e+00
4.991413173787956126e+00
4.991629554458141271e+00
4.991836315403880953e+00
4.992033746508084846e+00
4.992222114234898811e+00
4.992401680768908001e+00
4.992572686491731915e+00
4.992735367747092923e+00
4.992889940595132359e+00
4.993036617215603989e+00
4.993175590934376018e+00
4.993307051275809982e+00
4.993431170256172003e+00
4.993548116095294809e+00
4.993658040772081641e+00
4.993761092404412238e+00
4.993857404062263861e+00
4.993947104823886818e+00
4.994030309842494297e+00
4.994107130085709834e+00
4.994177663652177301e+00
4.994242004200413199e+00
4.994300233512063869e+00
4.994352428615399297e+00
4.994398655592361180e+00
4.994438975401126690e+00
4.994473438924579511e+00
4.994502091495336416e+00
4.994524969183850693e+00
4.994542102028630026e+00
4.994553511562425996e+00
4.994559212749646981e+00
