7.425901055187109634e-01
7.425365088340242226e-01
7.424292677359205506e-01
7.422682890210307027e-01
7.420534348628566867e-01
7.417845297955550921e-01
7.414613627635969761e-01
7.410836995370567726e-01
7.406512867214568585e-01
7.401638709146057815e-01
7.396212060304805380e-01
7.390230814261358194e-01
7.383693349833395647e-01
7.376598943911708561e-01
7.368948017890022406e-01
7.360742801737332197e-01
7.351987945763120980e-01
7.342692092507657753e-01
7.332870681061365303e-01
7.322553964863258713e-01
7.311809476009452080e-01
7.300813733307487396e-01
7.290086443560452878e-01
7.281270243780666451e-01
7.279572826552561660e-01
7.299473821812541008e-01
7.366664051238116517e-01
7.493243443618362587e-01
7.660407351293090361e-01
7.847375446411831712e-01
8.045072058607912746e-01
8.250745531328228521e-01
8.463693350542544902e-01
8.683768633245541047e-01
8.910964824348510671e-01
9.145307900760598629e-01
9.386831696619024612e-01
9.635570746986186208e-01
9.891559643053224882e-01
1.015483162087844615e+00
1.042541892589890828e+00
1.070335172455198380e+00
1.098865832075725857e+00
1.128136408026262583e+00
1.158149144768743088e+00
1.188905881302087186e+00
1.220408030144478628e+00
1.252656450942605693e+00
1.285651401349553691e+00
1.319392388298766816e+00
1.353878082205322686e+00
1.389106133897525686e+00
1.425073040314337014e+00
1.461773912656645802e+00
1.499202279878012689e+00
1.537349793832792022e+00
1.576205959699146231e+00
1.615757771247602781e+00
1.655989370234031144e+00
1.696881624995109972e+00
1.738411748395752410e+00
1.780552867621816748e+00
1.823273669515706574e+00
1.866538049357463924e+00
1.910304887256002671e+00
1.954527887488432647e+00
1.999155596766827525e+00
2.044131532776745530e+00
2.089394520960212276e+00
2.134879157066583932e+00
2.180516469170085792e+00
2.226234678429797942e+00
2.271960108323499483e+00
2.317618126780669918e+00
2.363134155548611393e+00
2.408434627750576151e+00
2.453447927139696283e+00
2.498105200796171932e+00
2.542341091189721958e+00
2.586094299297897692e+00
2.629308042353953212e+00
2.671930337975120473e+00
2.713914192563559702e+00
2.755217639311778655e+00
2.795803710540287756e+00
2.835640295306777414e+00
2.874699966935802209e+00
2.912959731156286480e+00
2.950400775324118818e+00
2.987008166364775175e+00
3.022770572413109313e+00
3.057679952263715695e+00
3.091731282496840372e+00
3.124922263602371242e+00
3.157253070930084782e+00
3.188726090072335762e+00
3.219345699593413990e+00
3.249118039966381932e+00
3.278050829612700223e+00
3.306153166876317329e+00
3.333435377422746537e+00
3.359908846330669441e+00
3.385585893337692998e+00
3.410479631216208674e+00
3.434603864918376104e+00
3.457972972318395843e+00
3.480601823465772071e+00
3.502505680096114293e+00
3.523700131621135601e+00
3.544201010286155640e+00
3.564024341022995479e+00
3.583186269631007281e+00
3.601703024101554185e+00
3.619590853657190355e+00
3.636865999582945985e+00
3.653544643351342991e+00
3.669642885354052808e+00
3.685176700665151461e+00
3.700161924359259835e+00
3.714614213727750691e+00
3.728549039104166685e+00
3.741981651557482635e+00
3.754927078332473300e+00
3.767400095210418076e+00
3.779415225820612179e+00
3.790986717990980637e+00
3.802128546305452605e+00
3.812854391872473769e+00
3.823177647598021256e+00
3.833111400885146125e+00
3.842668441169531324e+00
3.851861245132467637e+00
3.860701986109323691e+00
3.869202521455529453e+00
3.877374403491099741e+00
3.885228868707081951e+00
3.892776849953814011e+00
3.900028967215906750e+00
3.906995540790037413e+00
3.913686583391389640e+00
3.920111814099742631e+00
3.926280651590591475e+00
3.932202228657120990e+00
3.937885386385751918e+00
3.943338689086966831e+00
3.948570419258436104e+00
3.953588592780191480e+00
3.958400954529285087e+00
3.963014993714750744e+00
3.967437940026213639e+00
3.971676779001970914e+00
3.975738248610448444e+00
3.979628854560546714e+00
3.983354867229556895e+00
3.986922336839074710e+00
3.990337090655999397e+00
3.993604747969913049e+00
3.996730717505295516e+00
3.999720212147447107e+00
4.002578246514276294e+00
4.005309651387547021e+00
4.007919071401632394e+00
4.010410979145417443e+00
4.012789672933259055e+00
4.015059290550351712e+00
4.017223807077827225e+00
4.019287048260862250e+00
4.021252688365743566e+00
4.023124263155386515e+00
4.024905167761136937e+00
4.026598669255061935e+00
4.028207904523362082e+00
4.029735892428595534e+00
4.031185531675077982e+00
4.032559612557296447e+00
4.033860814810408257e+00
4.035091718943617067e+00
4.036254804071066182e+00
4.037352458830841151e+00
4.038386979193244741e+00
4.039360578967509774e+00
4.040275387585551492e+00
4.041133460199442418e+00
4.041936775439630480e+00
4.042687245106711735e+00
4.043386711903523612e+00
4.044036958724993802e+00
4.044639706363659215e+00
4.045196622401343589e+00
4.045709318887498185e+00
4.046179360836154260e+00
4.046608263876230183e+00
4.046997502356759036e+00
4.047348506967783699e+00
4.047662672456219468e+00
4.047941355215550097e+00
4.048185880614000531e+00
4.048397540550503493e+00
4.048577600396230380e+00
4.048727296513797924e+00
4.048847842812428155e+00
4.048940428226839749e+00
4.049006222885732420e+00
4.049046375546375032e+00
4.049062019375657684e+00
4.049054269336074263e+00
4.049024227578329693e+00
4.048972980774409258e+00
4.048901605120618363e+00
4.048811163613616593e+00
4.048702710663049764e+00
4.048577289306989790e+00
4.048435935433851718e+00
4.048279674934482486e+00
4.048109527534069940e+00
4.047926503879423876e+00
4.047731608982847895e+00
4.047525839244864976e+00
4.047310185513782521e+00
4.047085630046198368e+00
4.046853149188230248e+00
4.046613710278606391e+00
4.046368273960064599e+00
4.046117791032830979e+00
4.045863204407709190e+00
4.045605445920842591e+00
4.045345437943238309e+00
4.045084090171425117e+00
4.044822300911623536e+00
4.044560953864382746e+00
4.044300919105272563e+00
4.044043049885427621e+00
4.043788183334119601e+00
4.043537137300666551e+00
4.043290710807663224e+00
4.043049680963092918e+00
4.042814803195985185e+00
4.042586808270415055e+00
4.042366402337828291e+00
4.042154264086938120e+00
4.041951044648697255e+00
4.041757364917557993e+00
4.041573815345989473e+00
4.041400953473101687e+00
4.041239303645546954e+00
4.041089354788963028e+00
4.040951560090882744e+00
4.040826335048860685e+00
4.040714057148742988e+00
4.040615064220533625e+00
4.040529654141855609e+00
4.040458083528810640e+00
4.040400567490013195e+00
4.040357278674744812e+00
4.040328347097480233e+00
4.040313859559959475e+00
