0.000000000000000000e+00
0.000000000000000000e+00
2.731915739335725846e+01
8.201231031336268984e+01
1.641900016337552302e+02
2.740203852879427586e+02
4.117324989949105429e+02
5.776213260436672954e+02
7.720550413462943879e+02
9.954846475197340396e+02
1.248455892605664758e+03
1.531623076670301316e+03
1.845764236909833016e+03
2.191797273185231461e+03
2.570796704875059731e+03
2.984010830935931153e+03
3.432879061319109951e+03
3.919049175754583302e+03
4.444394287745856673e+03
5.011029397558462733e+03
5.621327569206820044e+03
6.277935960680993958e+03
6.983792104496907996e+03
7.742140987732875146e+03
8.556553557904640911e+03
9.430947329329408603e+03
1.036960973624383587e+04
1.137722485164580576e+04
1.245890401091868989e+04
1.362022084394080775e+04
1.486725114931054668e+04
1.620661805125468709e+04
1.764554284864060173e+04
1.919190203040622873e+04
2.085429093776498121e+04
2.264209467148261683e+04
2.456556687171625526e+04
2.663591716141388315e+04
2.886540808364362238e+04
3.126746257138280635e+04
3.385678302993536636e+04
3.664948337245204311e+04
3.966323538890798227e+04
4.291743115657503222e+04
4.643336323544754123e+04
5.023442480983190035e+04
5.434633196440299798e+04
5.879737082212862151e+04
6.361867228276890819e+04
6.884451780381076969e+04
7.451267964717201539e+04
8.066479994136237656e+04
8.734681283521930163e+04
9.460941525254241424e+04
1.025085915843936382e+05
1.111061993166824977e+05
1.204706222442139988e+05
1.306775001874511363e+05
1.418105434851920290e+05
1.539624436580842594e+05
1.672358905249236559e+05
1.817447103228968044e+05
1.976151377490173327e+05
2.149872381790289655e+05
2.340163188888613076e+05
2.548576068052160554e+05
2.770926742733240244e+05
2.992922860834830208e+05
3.204821220925977686e+05
3.406903939852217445e+05
3.600168835071856156e+05
3.785543752915032092e+05
3.963883720733487280e+05
4.135978182409056462e+05
4.302558093498070375e+05
4.464302497105437214e+05
4.621844729194667307e+05
4.775778162968586548e+05
4.926661597533547902e+05
5.075024261596873985e+05
5.221370517490727361e+05
5.366184264171821997e+05
5.509933111874697497e+05
5.653072340436025988e+05
5.796048704684006516e+05
5.939304105658256449e+05
6.083279184196380666e+05
6.228416859604466008e+05
6.375165865304787876e+05
6.523984307316823397e+05
6.675343294975749450e+05
6.829730673160112929e+05
6.987654905079269083e+05
7.149649139235987095e+05
7.316275511419342365e+05
7.488129721063015750e+05
7.665845936866691336e+05
7.850102078483304940e+05
8.041625535603578901e+05
8.241199380823868560e+05
8.449669146692046197e+05
8.667950235422977712e+05
8.897036043703706237e+05
9.138006886181039736e+05
9.392039815473556519e+05
9.660419440956730396e+05
9.944549863525079563e+05
1.024596785145013127e+06
1.056635739849901758e+06
1.090756581728628371e+06
1.127162153836315498e+06
1.166075380174262449e+06
1.207741444698320469e+06
1.252430202913777437e+06
1.300438850960796233e+06
1.352094879782939563e+06
1.407759344417507527e+06
1.467830481786582619e+06
1.532747713127217488e+06
1.602996071282119723e+06
1.679111096181661356e+06
1.761684246772954706e+06
1.851368881139993202e+06
1.948886862430647016e+06
2.055035852089170134e+06
2.170697358818553388e+06
2.296845615970051382e+06
2.434557368140881415e+06
2.585022652389794122e+06
2.749556668816110585e+06
2.929612840155993588e+06
3.126797170712828171e+06
3.342884019992966205e+06
3.579833418452551588e+06
3.839810057753031608e+06
4.125204101327740587e+06
4.438653965684609488e+06
4.783071237582415342e+06
5.161667896041255444e+06
5.577986024022499099e+06
6.035930197055641562e+06
6.539802752876468003e+06
7.094342146436333656e+06
7.704764611965531483e+06
8.376809350938506424e+06
9.116787482122236863e+06
9.931634982689796016e+06
1.082896986602821760e+07
1.181715382879262790e+07
1.290535861483693682e+07
1.410363732287956588e+07
1.542300089719551615e+07
1.687550001002787426e+07
1.847431255293787643e+07
2.023383691144230589e+07
2.216979120048572868e+07
2.429931858042039350e+07
2.664109876950999722e+07
2.921546579313255474e+07
3.204453199778843299e+07
3.515231826111525297e+07
3.856489030716703087e+07
4.231050091514468938e+07
4.641973777674264461e+07
5.092567660912185162e+07
5.586403908567715436e+07
6.127335496903453022e+07
6.719512777402986586e+07
7.367400307932315767e+07
8.075793853878395259e+07
8.849837440256738663e+07
9.695040328180527687e+07
1.061729376181857884e+08
1.162288732392572463e+08
1.271852470787017792e+08
1.391133870620250106e+08
1.520890518322430849e+08
1.661925579214287102e+08
1.815088916309975982e+08
1.981278028359715939e+08
2.161438775782986581e+08
2.356565863013423979e+08
2.567703042331527174e+08
2.795943004639570713e+08
3.042426919400618672e+08
3.308343587033435106e+08
3.594928164214479327e+08
3.903460424500003457e+08
4.235262514429555535e+08
4.591696168332269192e+08
4.974159343600474000e+08
5.384082242552757263e+08
5.822922686548004150e+08
6.292160813844196796e+08
6.793293073411179781e+08
7.327825494349650145e+08
7.897266212599734068e+08
8.503117245750064850e+08
9.146865510184671879e+08
9.829973085606703758e+08
1.055386673679821372e+09
1.131992671483517408e+09
1.212947486609067917e+09
1.298376209103952646e+09
1.388395520206744194e+09
1.483112324411684275e+09
1.582622334992784977e+09
1.687008621669760227e+09
1.796340129917819023e+09
1.910670182909137249e+09
2.030034977862424135e+09
2.154452089966029167e+09
2.283918997729935646e+09
2.418411644830196381e+09
2.557883054026747704e+09
2.702262009674221516e+09
2.851451825615442276e+09
3.005329215829534531e+09
3.163743285157961845e+09
3.326514657578377247e+09
3.493434759068744183e+09
3.664265271750465870e+09
3.838737775148611069e+09
4.016553589511658192e+09
4.197383834837882519e+09
4.380869717803153038e+09
4.566623057052842140e+09
4.754227055329732895e+09
4.943237324779660225e+09
5.133183169302762032e+09
5.323569125362335205e+09
5.513876759797111511e+09
5.703566720506405830e+09
5.892081032745840073e+09
6.078845631005940437e+09
6.263273113204836845e+09
6.444765701227216721e+09
6.622718388665904045e+09
6.796522254158378601e+09
6.965567915786508560e+09
7.129249099945491791e+09
7.286966295602653503e+09
7.438130463361891747e+09
7.582166766871124268e+09
7.718518293297147751e+09
7.846649728460397720e+09
7.966050952198747635e+09
8.076240519242173195e+09
8.176768991700624466e+09
8.267222089874103546e+09
8.347223629755279541e+09
8.416438217095044136e+09
8.474573670344464302e+09
8.521383147117713928e+09
8.556666951939033508e+09
8.580274006079870224e+09
