6.071089732907878483e-02
6.067794433190012299e-02
6.061207515997096840e-02
6.051337446747006438e-02
6.038195232150938424e-02
6.021797719758564815e-02
6.002163121233716758e-02
5.979316500784511573e-02
5.953283077611223190e-02
5.924095887089742690e-02
5.891786883258696983e-02
5.856396750343422636e-02
5.817963832817043407e-02
5.776536068735678431e-02
5.732157781342641506e-02
5.684883699768220056e-02
5.634763652303271392e-02
5.581858634325108370e-02
5.526223449216441375e-02
5.467924777923687668e-02
5.407021819026904680e-02
5.343586309107355853e-02
5.277681218698056231e-02
5.209382667590272548e-02
5.138756738365297255e-02
5.065883225812783247e-02
4.990830634577591435e-02
4.913681696816733085e-02
4.834506625413249881e-02
4.753390328545788190e-02
4.670403995323076096e-02
4.585633929511471335e-02
4.499151551057323228e-02
4.411043762786130695e-02
4.321381460446047790e-02
4.230251333848385892e-02
4.137722992347236950e-02
4.043882081929367489e-02
3.948796157572562193e-02
3.852548962646531322e-02
3.755205225238117395e-02
3.656845879378089331e-02
3.557532053980968362e-02
3.457340877671627455e-02
3.356329128376217552e-02
3.254568950662652810e-02
3.152112112124214743e-02
3.049024134339414424e-02
2.945351294304782500e-02
2.841148256740301178e-02
2.736448402849390310e-02
2.631229484757008699e-02
2.525155907755471940e-02
2.416561360823414606e-02
2.302997730764283491e-02
2.184693602520519987e-02
2.064170550676578189e-02
1.944088409605222376e-02
1.826672932217887277e-02
1.713543139607312527e-02
1.605761688635076387e-02
1.503928534384933215e-02
1.408293402680952343e-02
1.318868483190898527e-02
1.235499054408901488e-02
1.157940163090495113e-02
1.085881987240948712e-02
1.018998267848798649e-02
9.569443409357423352e-03
8.993914277797951731e-03
8.460104350228484643e-03
7.965009448583250731e-03
7.505673804465293891e-03
7.079473935415761532e-03
6.683829762225495900e-03
6.316510757395221200e-03
5.975299129493410674e-03
5.658344650197928531e-03
5.363764037698202231e-03
5.090086696776639601e-03
4.835745530266929125e-03
4.599715785306107349e-03
4.380761853635933151e-03
4.178576453409679411e-03
3.990093294780321792e-03
3.811255075002013219e-03
3.641164419651243562e-03
3.479254702374914941e-03
3.325185697553897056e-03
3.178463996151625458e-03
3.038759063168018377e-03
2.905641453091772474e-03
2.778800493042540929e-03
2.657859089538589480e-03
2.542531697847021706e-03
2.432486682190441920e-03
2.327465935997143857e-03
2.227178881815390470e-03
2.131395824123887093e-03
2.039864203681556604e-03
1.952383056499016646e-03
1.868735579024328975e-03
1.788749486525682874e-03
1.712241893240719218e-03
1.639068811795676940e-03
1.569079475325993542e-03
1.502157170839500157e-03
1.438180763509083054e-03
1.377058325012565920e-03
1.318694072379261902e-03
1.263015897866273879e-03
1.209946496038388037e-03
1.159425955584077747e-03
1.111386524911443536e-03
1.065771614819349591e-03
1.022514130248532637e-03
9.815531701769975199e-04
9.428158941950929217e-04
9.062327936126409692e-04
8.717227759635166537e-04
8.392073461634167418e-04
8.085982889758178832e-04
7.798107249927432785e-04
7.527526728180040884e-04
7.273368375531929012e-04
7.034714479067379587e-04
6.810707108199675393e-04
6.600465216965689360e-04
6.403176415993840293e-04
6.218020600213955895e-04
6.044250377655540447e-04
5.881120175797025689e-04
5.727957086016852162e-04
5.584094968708034528e-04
5.448937412142104133e-04
5.321896555243387731e-04
5.202449614743237701e-04
5.090082170492011247e-04
4.984339426548639465e-04
4.884773674473110415e-04
4.790991192889964070e-04
4.702603573528537024e-04
4.619270953249987599e-04
4.540656873372858528e-04
4.466468378146397464e-04
4.396414081163474126e-04
4.330241546092187719e-04
4.267698250147899572e-04
4.208566576430734047e-04
4.152627388231101770e-04
4.099692898815741394e-04
4.049572597558403239e-04
4.002104215781393331e-04
3.957121773467956643e-04
3.914484823985472386e-04
3.874048416721639779e-04
3.835690775835332391e-04
3.799284998652872089e-04
3.764725301712114943e-04
3.731900296778428890e-04
3.700717919793114247e-04
3.671080145860962699e-04
3.642906702205740504e-04
3.616111100562017459e-04
3.590623223125889978e-04
3.566366565658271159e-04
3.543279775171688647e-04
3.521295009958689388e-04
3.500358498991366419e-04
3.480409936270826123e-04
3.461402124355036393e-04
3.443281330108276944e-04
3.426006068204809959e-04
3.409528353747523347e-04
3.393811675855070310e-04
3.378813089898609324e-04
3.364500426241197480e-04
3.350835171168487078e-04
3.337788951406909154e-04
3.325327158335248008e-04
3.313424744979461835e-04
3.302050552902721170e-04
3.291182454890022703e-04
3.280792348123853569e-04
3.270860672672834101e-04
3.261362038253884073e-04
3.252279145875627288e-04
3.243589018737811280e-04
3.235276351911189896e-04
3.227320320790945342e-04
3.219707381484069090e-04
3.212418632768945185e-04
3.205442087876803135e-04
3.198760568158356987e-04
3.192363465162495906e-04
3.186235146209805700e-04
3.180366224064585688e-04
3.174742456398268282e-04
3.169355538900406181e-04
3.164192482208776839e-04
3.159245942992470546e-04
3.154504063355651811e-04
3.149960353235778344e-04
3.145603978572950933e-04
3.141429207286533694e-04
3.137426133660232205e-04
3.133589699176842175e-04
3.129910841616494774e-04
3.126385101132861497e-04
3.123004183510995325e-04
3.119764161048167771e-04
3.116657440281337321e-04
3.113680566484362854e-04
3.110826586961832783e-04
3.108092467284677331e-04
3.105471841966537454e-04
3.102962049924895072e-04
3.100557265015556362e-04
3.098255157620440851e-04
3.096050398122972996e-04
3.093940950981245784e-04
3.091921944786661528e-04
3.089991604678426411e-04
3.088145483146190521e-04
3.086382036173420306e-04
3.084697209425858126e-04
3.083089663075077279e-04
3.081555708462373655e-04
3.080094186144795992e-04
3.078701748543086767e-04
3.077377395368735102e-04
3.076118098156761663e-04
3.074922996870626851e-04
3.073789362590087135e-04
3.072716458748197925e-04
3.071701838592958453e-04
3.070744874186028288e-04
3.069843385586396738e-04
3.068996840430447182e-04
3.068203312099668624e-04
3.067462352405345106e-04
3.066772276300778642e-04
3.066132709909229659e-04
3.065542199627554272e-04
3.065000437461051774e-04
3.064506192641094418e-04
3.064059215964516506e-04
3.063658492314159411e-04
3.063303825442720871e-04
3.062994410043416629e-04
3.062730098167386491e-04
3.062510289744901850e-04
3.062334881579562712e-04
3.062203475468986010e-04
3.062116010479117717e-04
3.062072288058353530e-04
