5.425088640629703585e-02
5.425822883674738528e-02
5.427329081499855656e-02
5.429686552320257126e-02
5.433004478350227096e-02
5.437433824669694188e-02
5.443144098062432934e-02
5.450343956422639552e-02
5.459246871582403016e-02
5.470101426075685974e-02
5.483146293082694772e-02
5.498651412329990523e-02
5.516862535195263956e-02
5.538054536773318048e-02
5.562465446577277012e-02
5.590363132926046141e-02
5.621968294163119662e-02
5.657535713339487821e-02
5.697265179892917891e-02
5.741398532654221065e-02
5.790116968935735131e-02
5.843655237230598737e-02
5.902183297154090652e-02
5.965939334611761180e-02
6.035093257038240400e-02
6.109900708503742534e-02
6.190545383068398605e-02
6.277316931204350581e-02
6.370428486296159099e-02
6.470222300069312926e-02
6.576958119112756573e-02
6.691051615747431458e-02
6.812828218347899423e-02
6.942801014185015496e-02
7.081383194500022460e-02
7.229214273628056797e-02
7.386822267511948537e-02
7.555010097786563072e-02
7.734455687932365042e-02
7.926174806674253503e-02
8.131042952724609751e-02
8.350357514265832615e-02
8.585258761365976987e-02
8.837424649175984470e-02
9.108357828759061636e-02
9.400263778757329824e-02
9.715153201283027729e-02
1.005598485015665178e-01
1.042550070466831819e-01
1.082777356465493557e-01
1.126662781975199257e-01
1.174785557957342547e-01
1.227691460368943721e-01
1.286190026113311069e-01
1.349479732856338210e-01
1.384889826340160168e-01
1.321754909639096254e-01
1.232927705578402144e-01
1.143202224748746249e-01
1.054346738962700231e-01
9.675376785405040425e-02
8.835895611474607614e-02
8.033764875372545466e-02
7.274727863148797158e-02
6.563961171931644023e-02
5.904032077896290837e-02
5.296635279069800833e-02
4.741463049762677934e-02
4.237524370471652813e-02
3.782518617037874953e-02
3.373822051175779518e-02
3.008109056271019571e-02
2.682055951465033006e-02
2.392073423499519250e-02
2.134785038185414707e-02
1.906811985099114010e-02
1.705087057491965624e-02
1.526671882956423705e-02
1.368959305582307349e-02
1.229518022253743049e-02
1.106223156225182545e-02
9.971266009026634805e-03
9.005428385872137412e-03
8.149429245794556284e-03
7.390127687870702046e-03
6.715678336352988095e-03
6.115943948970081756e-03
5.581816179631970617e-03
5.105520830046729810e-03
4.680079786967055074e-03
4.299546272991072900e-03
3.958578982384731645e-03
3.652629734450559950e-03
3.377605563135457206e-03
3.130022512286168880e-03
2.906736154693717079e-03
2.705070245410731624e-03
2.522600322808670262e-03
2.357262987832507792e-03
2.207180699440736225e-03
2.070755675889342836e-03
1.946526752204022232e-03
1.833250798084535118e-03
1.729784647236792426e-03
1.635156212344328341e-03
1.548466137742381381e-03
1.468950307044264913e-03
1.395897118595341990e-03
1.328702736814197293e-03
1.266800835011943922e-03
1.209711686489683274e-03
1.156981934656661597e-03
1.108228424681797272e-03
1.063086103103445248e-03
1.021247337394157401e-03
9.824164595974651821e-04
9.463451982221492186e-04
9.127926953402705490e-04
8.815575753326400799e-04
8.524425065964993638e-04
8.252833496789268794e-04
7.999175213404044731e-04
7.762105968348731325e-04
7.540278790035207911e-04
7.332587731217498662e-04
7.137910769778794441e-04
6.955333996761989528e-04
6.783917777746879471e-04
6.622903700340013276e-04
6.471500752590567812e-04
6.329077018751301086e-04
6.194963193671696247e-04
6.068630736629080421e-04
5.949510491872088067e-04
5.837158774558754868e-04
5.731089231910183306e-04
5.630928135555062289e-04
5.536257913672299651e-04
5.446762754382108822e-04
5.362082481093205641e-04
5.281949427099065075e-04
5.206051525137259800e-04
5.134161289993394682e-04
5.066007157612589188e-04
5.001395306920766856e-04
4.940088420412316536e-04
4.881920985781154285e-04
4.826684764021537365e-04
4.774238133493998067e-04
4.724397647392582548e-04
4.677041915620115805e-04
4.632008714310923629e-04
4.589193842735333649e-04
4.548453316077671242e-04
4.509697584176039584e-04
4.472798397072585042e-04
4.437678728586265452e-04
4.404223953996365274e-04
4.372367783284540686e-04
4.342007433087492242e-04
4.313085841122735620e-04
4.285510551390125478e-04
4.259232452133930829e-04
4.234168125123579859e-04
4.210275323923731131e-04
4.187478565713811203e-04
4.165741544148599267e-04
4.144995766220985157e-04
4.125210074181675374e-04
4.106322150942677226e-04
4.088305308026695057e-04
4.071102701393942221e-04
4.054691526909900501e-04
4.039019804622270534e-04
4.024068109507415725e-04
4.009788796444728443e-04
3.996165381802520896e-04
3.983154093914936843e-04
3.970741010206182216e-04
3.958885829093964802e-04
3.947576857660069433e-04
3.936776910775916286e-04
3.926476235662046226e-04
3.916640452817123628e-04
3.907261496046905464e-04
3.898307517615609064e-04
3.889771915357021067e-04
3.881625131477636488e-04
3.873861832095123201e-04
3.866454535405743683e-04
3.859399003347342488e-04
3.852669640490368830e-04
3.846263152420883471e-04
3.840155661799883927e-04
3.834344683445745907e-04
3.828807908596720149e-04
3.823543542486826396e-04
3.818530711998912295e-04
3.813768207725403759e-04
3.809236473964536913e-04
3.804934793795288882e-04
3.800844823790862619e-04
3.796966257478657462e-04
3.793281870260653815e-04
3.789791693743701519e-04
3.786479539198574066e-04
3.783345712602325587e-04
3.780374987567696756e-04
3.777567888514589607e-04
3.774910086381809177e-04
3.772402275116699716e-04
3.770030965666526187e-04
3.767796978923483955e-04
3.765687615502252015e-04
3.763703786385207140e-04
3.761833537844728949e-04
3.760077839284232948e-04
3.758425444371957767e-04
3.756877353956259422e-04
3.755422996056835007e-04
3.754063380233538857e-04
3.752788580542711842e-04
3.751599596347209345e-04
3.750487123702425521e-04
3.749452136301792567e-04
3.748485932016012837e-04
3.747589446465917360e-04
3.746754562609993459e-04
3.745982168314079385e-04
3.745264717975460979e-04
3.744603044412764584e-04
3.743990162533276001e-04
3.743426844888274904e-04
3.742906658345410901e-04
3.742430311737441565e-04
3.741991917396066407e-04
3.741592118463752878e-04
3.741225567984606979e-04
3.740892842641723977e-04
3.740589132892549614e-04
3.740314949133961104e-04
3.740066017116464069e-04
3.739842781820678784e-04
3.739641503094086501e-04
3.739462561841960363e-04
3.739302751503839964e-04
3.739162390514193007e-04
3.739038805881238236e-04
3.738932255253601933e-04
3.738840599481224212e-04
3.738764037031363325e-04
3.738700963008407250e-04
3.738651518088963719e-04
3.738614632055743377e-04
3.738590388864883080e-04
3.738578253315028022e-04
