0.000000000000000000e+00
0.000000000000000000e+00
4.334319975091004244e+21
1.300227004356868492e+22
2.600245513491542809e+22
4.333274787348925435e+22
6.499024245652699952e+22
9.097120002741958083e+22
1.212709711399501840e+23
1.558839128388211394e+23
1.948032787224236749e+23
2.380211065727456641e+23
2.855280746575393645e+23
3.373133583975435238e+23
3.933644512047723048e+23
4.536669883537969685e+23
5.182045303499513450e+23
5.869583518987799788e+23
6.599071855546203908e+23
7.370269734799397576e+23
8.182905689658041460e+23
9.036674485696954127e+23
9.931233690583011982e+23
1.086620037547503479e+24
1.184114721538841470e+24
1.285559874910252113e+24
1.390902699058601656e+24
1.500084723072446251e+24
1.613041314629924053e+24
1.729701213513679219e+24
1.849985991943619116e+24
1.973809541883864916e+24
2.101077486038031381e+24
2.231686621295995861e+24
2.365524283843498488e+24
2.502467753790203266e+24
2.642383580943625528e+24
2.785126959387651644e+24
2.930541024688534995e+24
3.078456212254614415e+24
3.228689542379276048e+24
3.381043982983448083e+24
3.535307746316387512e+24
3.691253685629597077e+24
3.848638636970501055e+24
4.007202891038014518e+24
4.166669625786187444e+24
4.326744509880037775e+24
4.487115287267606748e+24
4.647451588163651013e+24
4.807404745804598271e+24
4.966607915786864125e+24
5.124676228241306306e+24
5.281207347721700710e+24
5.435782091390638736e+24
5.587965598620254455e+24
5.737308576142886271e+24
5.883349240570971001e+24
6.025615153977386926e+24
6.163623813155119511e+24
6.296868908078075289e+24
6.424719405821081533e+24
6.546207441432919633e+24
6.660108122021898440e+24
6.765437207824939665e+24
6.861754062363389889e+24
6.949118014198644518e+24
7.027945911536863792e+24
7.098866239289966297e+24
7.162606115163921518e+24
7.219912660894724401e+24
7.271506022793660177e+24
7.318053707069257796e+24
7.360159909595144962e+24
7.398363113018927482e+24
7.433138807831414983e+24
7.464904375192628731e+24
7.494025092633650218e+24
7.520820145357204432e+24
7.545568453032598487e+24
7.568513927706408502e+24
7.589870246033600306e+24
7.609825010313463312e+24
7.628543457305855443e+24
7.646171661577267444e+24
7.662839427935899000e+24
7.678662817212891918e+24
7.693746570058599569e+24
7.708186354399313534e+24
7.722071260244491876e+24
7.735486698802152227e+24
7.748513650924617575e+24
7.761209574785172394e+24
7.773596095101076777e+24
7.785680484854122018e+24
7.797468793219311016e+24
7.808965018289315944e+24
7.820171864539031595e+24
7.831090520433974825e+24
7.841721102517346622e+24
7.852062710330091385e+24
7.862113851843936768e+24
7.871872678260710224e+24
7.881337474906795408e+24
7.890507041355564134e+24
7.899381242403181090e+24
7.907961446154657073e+24
7.916251024359239434e+24
7.924255681319705535e+24
7.931983734793638133e+24
7.939446178040827185e+24
7.946656644562884357e+24
7.953631177472371553e+24
7.960387937408976891e+24
7.966946802020477395e+24
7.973328982649081921e+24
7.979556625315851447e+24
7.985652490302329404e+24
7.991639669802518368e+24
7.997541403548525055e+24
8.003380944288613342e+24
8.009181509872194779e+24
8.014966274564052878e+24
8.020758425065889695e+24
8.026581240575840152e+24
8.032458217860788736e+24
8.038413209033325085e+24
8.044470591022332700e+24
8.050655441981611990e+24
8.056993742119648709e+24
8.063512580254375157e+24
8.070240381933813653e+24
8.077207145152240813e+24
8.084444697678941881e+24
8.091986965803674242e+24
8.099870266598442691e+24
8.108133616675981009e+24
8.116819067601426194e+24
8.125972063780441315e+24
8.135641831029844921e+24
8.145881794349010126e+24
8.156750031116971077e+24
8.168309760910147157e+24
8.180629876101568721e+24
8.193785517187925537e+24
8.207858694786175465e+24
8.222938965142519708e+24
8.239124158633562868e+24
8.256521171199613385e+24
8.275246815383741975e+24
8.295428744259792666e+24
8.317206441656723039e+24
8.340732295589788278e+24
8.366172744448807291e+24
8.393709516797157680e+24
8.423540949736937784e+24
8.455883410979287000e+24
8.490972804079826441e+24
8.529066186627604501e+24
8.570443474273082714e+24
8.615409265415184378e+24
8.664294751588337133e+24
8.717459753799855613e+24
8.775294840543904348e+24
8.838223573588546211e+24
8.906704826275628893e+24
8.981235226713325295e+24
9.062351657749156259e+24
9.150633872853926385e+24
9.246707144913925830e+24
9.351245014325188685e+24
9.464972036321498056e+24
9.588666601773643589e+24
9.723163712069931670e+24
9.869357790837102931e+24
1.002820539153107979e+25
1.020072789299174352e+25
1.038801401825029590e+25
1.059122227901332523e+25
1.081158315543500060e+25
1.105040112515869020e+25
1.130905632400004598e+25
1.158900596532192487e+25
1.189178527221454599e+25
1.221900806444688525e+25
1.257236672575061881e+25
1.295363171053768314e+25
1.336465028768051410e+25
1.380734470020321013e+25
1.428370941229236191e+25
1.479580764521636761e+25
1.534576685030114410e+25
1.593577334661406787e+25
1.656806575256524973e+25
1.724492746868442345e+25
1.796867782758226672e+25
1.874166220155774896e+25
1.956624067778779217e+25
2.044477562817085957e+25
2.137961778608835115e+25
2.237309119666519652e+25
2.342747666455942626e+25
2.454499410738369954e+25
2.572778346068634005e+25
2.697788458479294591e+25
2.829721585170513819e+25
2.968755190341935986e+25
3.115050030218421863e+25
3.268747760168904035e+25
3.429968461113176994e+25
3.598808141261872288e+25
3.775336196277059297e+25
3.959592886118016128e+25
4.151586818075858975e+25
4.351292495223637685e+25
4.558647926440690077e+25
4.773552356609824301e+25
4.995864119711121452e+25
5.225398670882427234e+25
5.461926806288869571e+25
5.705173122184118040e+25
5.954814727318216031e+25
6.210480253051598460e+25
6.471749179500903434e+25
6.738151512651566963e+25
7.009167833509170998e+25
7.284229742469032315e+25
7.562720721096499349e+25
7.843977420639032444e+25
8.127291398857459621e+25
8.411911298930860577e+25
8.697045489716485871e+25
8.981865144400713488e+25
9.265507772966809488e+25
9.547081168354112132e+25
9.825667776605122622e+25
1.010032943409394502e+26
1.037011247611933968e+26
1.063405314445343355e+26
1.089118329170283665e+26
1.114053629676580529e+26
1.138115318292474755e+26
1.161208884261681388e+26
1.183241835473874202e+26
1.204124329211283034e+26
1.223769800041154441e+26
1.242095574416127982e+26
1.259023469808711180e+26
1.274480368218006745e+26
1.288398761751752323e+26
1.300717260882752479e+26
1.311381063152878682e+26
1.320342374149100734e+26
1.327560778783706603e+26
1.333003556343336385e+26
1.336645937766172714e+26
