2.281121137189981809e-04
2.288604982364253709e-04
2.303639517797643804e-04
2.326358167139163291e-04
2.356964863715615977e-04
2.395733248416790327e-04
2.443014739058276571e-04
2.499237183764867545e-04
2.564917496500057213e-04
2.640659746623066602e-04
2.727173037593046134e-04
2.825268995079453544e-04
2.935885860040451023e-04
3.060085305888109804e-04
3.199084076672471691e-04
3.354250009521407452e-04
3.527142998881812480e-04
3.719510010004095841e-04
3.933337723768565337e-04
4.170846178917795915e-04
4.434556191973370014e-04
4.727281026919894651e-04
5.052212648894170753e-04
5.412910438489795199e-04
5.813411605285644839e-04
6.258215360026065949e-04
6.752424494642413760e-04
7.301722475548834542e-04
7.912555446765896783e-04
8.592098218906670621e-04
9.348488997848519375e-04
1.019077791464096045e-03
1.112923096029693783e-03
1.217525105237347600e-03
1.334177347980538674e-03
1.464314375840106630e-03
1.609563516382215035e-03
1.771725851361865590e-03
1.952844440061031256e-03
2.155174538481119655e-03
2.381274354832133358e-03
2.633958156841899323e-03
2.916418413234482705e-03
3.232151395680698657e-03
3.585124084828722468e-03
3.979654820108168012e-03
4.420646117260326746e-03
4.913389969850433248e-03
5.463902122117729639e-03
6.078596134802622536e-03
6.764784213264882565e-03
7.530108674097789508e-03
8.383333892041034546e-03
9.332959764734572589e-03
1.037711607732089668e-02
1.125573184080814332e-02
1.137078942482546741e-02
1.128846766817055355e-02
1.120372944072557317e-02
1.112509433759322104e-02
1.105271103789067823e-02
1.098669477247713779e-02
1.092680011656786861e-02
1.087289674136394588e-02
1.082460183904108975e-02
1.078163370522204970e-02
1.074353516016440281e-02
1.070995523204983611e-02
1.068042440204458252e-02
1.065458574559770798e-02
1.063200214079632576e-02
1.061235011568866481e-02
1.059524902548446106e-02
1.058042717717014823e-02
1.056756787986886867e-02
1.055645493777980851e-02
1.054683268525416842e-02
1.053853595222395759e-02
1.053136210649029299e-02
1.052518905198330385e-02
1.051985769000412380e-02
1.051528039899079885e-02
1.051133254776646930e-02
1.050795315361963828e-02
1.050504426047772603e-02
1.050256498207845918e-02
1.050043772631956834e-02
1.049863651445439965e-02
1.049709918907463894e-02
1.049581069422057637e-02
1.049472054331064032e-02
1.049382160647759944e-02
1.049307223355174304e-02
1.049247099771524229e-02
1.049198296761136469e-02
1.049161078500672646e-02
1.049132466124829029e-02
1.049113011189875717e-02
1.049100131879249567e-02
1.049094580116239142e-02
1.049094083817501098e-02
1.049099532062870363e-02
1.049108897250514323e-02
1.049123159783572554e-02
1.049140487552128499e-02
1.049161919108833330e-02
1.049185780843616030e-02
1.049213145500154341e-02
1.049242469848980265e-02
1.049274843575232451e-02
1.049308832295746223e-02
1.049345530274863568e-02
1.049383595349832367e-02
1.049424117565016419e-02
1.049465834029294879e-02
1.049509824367311946e-02
1.049554894780619502e-02
1.049602110171359362e-02
1.049650337753439515e-02
1.049700624787311236e-02
1.049751893018554053e-02
1.049805170154340453e-02
1.049859427218002850e-02
1.049915671182855004e-02
1.049972918042511687e-02
1.050032153383211389e-02
1.050092434595559579e-02
1.050154725601897161e-02
1.050218122189126510e-02
1.050283566603215160e-02
1.050350190474937627e-02
1.050418914542100048e-02
1.050488904079013852e-02
1.050561058601466591e-02
1.050634575103810871e-02
1.050710332236482782e-02
1.050787557007892316e-02
1.050867107594373115e-02
1.050948239482417737e-02
1.051031790772655877e-02
1.051117044025604193e-02
1.051204817650314323e-02
1.051294419978061022e-02
1.051386650079790853e-02
1.051480840829400673e-02
1.051577772269478295e-02
1.051676800642283027e-02
1.051778687217854065e-02
1.051882810468584423e-02
1.051989913085642041e-02
1.052099394654359282e-02
1.052211979412211521e-02
1.052327086948601394e-02
1.052445423098978192e-02
1.052566426345683676e-02
1.052690784096418398e-02
1.052817952604291792e-02
1.052948600743557755e-02
1.053082201397627198e-02
1.053219404720026446e-02
1.053359699060098936e-02
1.053503715581277297e-02
1.053650956906520587e-02
1.053802034858253300e-02
1.053956465110142231e-02
1.054114839712930532e-02
1.054276686136471942e-02
1.054442576152266574e-02
1.054612047740735234e-02
1.054785651813988125e-02
1.054962935548331600e-02
1.055144428349359675e-02
1.055329685249319256e-02
1.055519213440202220e-02
1.055712574450434933e-02
1.055910252499860438e-02
1.056111814240694863e-02
1.056317720120754540e-02
1.056527540539891306e-02
1.056741711344287918e-02
1.056959805312187271e-02
1.057182232842016588e-02
1.057408567740394587e-02
1.057639194110087701e-02
1.057873685469259625e-02
1.058112398791536540e-02
1.058354906038482153e-02
1.058601536253075091e-02
1.058851858637701628e-02
1.059106173553917354e-02
1.059364046326032212e-02
1.059625747953858894e-02
1.059890838867491060e-02
1.060159560115700797e-02
1.060431466340757030e-02
1.060706768163102026e-02
1.060985013686260338e-02
1.061266382758196611e-02
1.061550416355619246e-02
1.061837263363922881e-02
1.062126457227596799e-02
1.062418115853596377e-02
1.062711764950319791e-02
1.063007491623820661e-02
1.063304813861690179e-02
1.063603788357412629e-02
1.063903925627991166e-02
1.064205252568858201e-02
1.064507272724996706e-02
1.064809984047178359e-02
1.065112883865824978e-02
1.065415942288910206e-02
1.065718651455871586e-02
1.066020954988082525e-02
1.066322341127002443e-02
1.066622728619860509e-02
1.066921603371667748e-02
1.067218861121537604e-02
1.067513987262519795e-02
1.067806856637766241e-02
1.068096956205309180e-02
1.068384142258174858e-02
1.068667905633206849e-02
1.068948086635024795e-02
1.069224182509205014e-02
1.069496020326768035e-02
1.069763106462072802e-02
1.070025257672431798e-02
1.070281992340267087e-02
1.070533119961323588e-02
1.070778173929088153e-02
1.071016959624881276e-02
1.071249028540205428e-02
1.071474185143017448e-02
1.071692002150459629e-02
1.071902286327673301e-02
1.072104634739752711e-02
1.072298859622215772e-02
1.072484585457058118e-02
1.072661633037867365e-02
1.072829657230073286e-02
1.072988490338750225e-02
1.073137820428027994e-02
1.073277494085411558e-02
1.073407235190038111e-02
1.073526907153917950e-02
1.073636272043029458e-02
1.073735212363475383e-02
1.073823530453463237e-02
1.073901129870549580e-02
1.073967854986477601e-02
1.074023632020527919e-02
1.074068348783029786e-02
1.074101955389187256e-02
1.074124384110656041e-02
1.074135609794186520e-02
