1.955900730462595272e-02
1.952722010982027578e-02
1.946123140268385399e-02
1.934626686685014807e-02
1.916068222407640853e-02
1.886218309550563577e-02
1.837713713612815214e-02
1.756950700480613969e-02
1.619169316397911507e-02
1.379528790900286239e-02
9.619608839505799924e-03
2.552753467330415305e-03
-8.566715513920741820e-03
-2.419831768369262726e-02
-4.358382392294984919e-02
-6.522664385143137067e-02
-8.772527308945168856e-02
-1.101027886527041477e-01
-1.317235382466940552e-01
-1.521518526338317689e-01
-1.710742414108394338e-01
-1.882744509094813612e-01
-2.036269419654345159e-01
-2.170925983314651309e-01
-2.287084222787405252e-01
-2.385733711757184461e-01
-2.468305509935919406e-01
-2.536503643270078268e-01
-2.592145384950268472e-01
-2.637042590476345039e-01
-2.672906963794767221e-01
-2.701298561272967858e-01
-2.723590808664789753e-01
-2.740967368863785891e-01
-2.754422299632915960e-01
-2.764780576549067392e-01
-2.772711787062522859e-01
-2.778757267549612497e-01
-2.783344885655896772e-01
-2.786814496597359025e-01
-2.789428694269370790e-01
-2.791393965317636727e-01
-2.792866331619555109e-01
-2.793968315408404957e-01
-2.794790061003901704e-01
-2.795403179085219070e-01
-2.795858338477897331e-01
-2.796197177979747872e-01
-2.796447232306772390e-01
-2.796632927809555302e-01
-2.796768422581350499e-01
-2.796868491584496574e-01
-2.796939570475168724e-01
-2.796991184109097750e-01
-2.797025225631814549e-01
-2.797048520362826474e-01
-2.797060133495211098e-01
-2.797065700723956327e-01
-2.797062300712337413e-01
-2.797055346525294528e-01
-2.797040218421499858e-01
-2.797022855140222641e-01
-2.796996803106430729e-01
-2.796969319337636040e-01
-2.796931510619874994e-01
-2.796893125526899726e-01
-2.796841421374840486e-01
-2.796790904621308527e-01
-2.796721639112668134e-01
-2.796658465695364693e-01
-2.796564521095443734e-01
-2.796494177931839742e-01
-2.796353389939725265e-01
-2.796481452929250877e-01
-2.797228956016222789e-01
-2.797716071463257070e-01
-2.797951588869195816e-01
-2.798197779786791295e-01
-2.798388891988252136e-01
-2.798568627015939891e-01
-2.798716864390047299e-01
-2.798852304533452906e-01
-2.798966840756162977e-01
-2.799070417732062444e-01
-2.799159322602336464e-01
-2.799239390911034131e-01
-2.799308877994952649e-01
-2.799371355720987609e-01
-2.799426085377497153e-01
-2.799475261040456631e-01
-2.799518712564923462e-01
-2.799557736397294549e-01
-2.799592512581363657e-01
-2.799623722452557750e-01
-2.799651779330463719e-01
-2.799676925503842284e-01
-2.799699741494061644e-01
-2.799720144875992300e-01
-2.799738844429226492e-01
-2.799755509494498140e-01
-2.799770953450622657e-01
-2.799784649641082201e-01
-2.799797501432282343e-01
-2.799808822327235491e-01
-2.799819596684816614e-01
-2.799829003341495759e-01
-2.799838102307379284e-01
-2.799845955231131667e-01
-2.799853694927550429e-01
-2.799860277815658938e-01
-2.799866908456001835e-01
-2.799872445947093058e-01
-2.799878166882197594e-01
-2.799882837909694611e-01
-2.799887809006106343e-01
-2.799891756906758289e-01
-2.799896107202888285e-01
-2.799899447415228337e-01
-2.799903281743960082e-01
-2.799906107706535141e-01
-2.799909511791466854e-01
-2.799911899487393940e-01
-2.799914943888127672e-01
-2.799916955366062998e-01
-2.799919698548546387e-01
-2.799921384665922663e-01
-2.799923875406369889e-01
-2.799925277977374782e-01
-2.799927557254051624e-01
-2.799928710740227089e-01
-2.799930813231353843e-01
-2.799931746078153094e-01
-2.799933701353902737e-01
-2.799934437052514213e-01
-2.799936270529176374e-01
-2.799936828463978067e-01
-2.799938562171501721e-01
-2.799938958297508718e-01
-2.799940611501635646e-01
-2.799940858889616302e-01
-2.799942448597732558e-01
-2.799942557873523752e-01
-2.799944099248781182e-01
-2.799944078948080062e-01
-2.799945585651880120e-01
-2.799945442507074667e-01
-2.799946926981808915e-01
-2.799946666154863872e-01
-2.799948139861253571e-01
-2.799947765131810540e-01
-2.799949238748575819e-01
-2.799948752666485685e-01
-2.799950236259614589e-01
-2.799949640267223039e-01
-2.799951143435855383e-01
-2.799950437966599037e-01
-2.799951969967889864e-01
-2.799951154525154307e-01
-2.799952724384986436e-01
-2.799951797602251991e-01
-2.799953414211648894e-01
-2.799952373900086999e-01
-2.799954046105984640e-01
-2.799952889285847180e-01
-2.799954625968046340e-01
-2.799953348898279737e-01
-2.799955159043422404e-01
-2.799953757229803331e-01
-2.799955650003933538e-01
-2.799954118207977349e-01
-2.799956103020410092e-01
-2.799954435259156549e-01
-2.799956521826502676e-01
-2.799954711361347104e-01
-2.799956909774747871e-01
-2.799954949096064571e-01
-2.799957269884577049e-01
-2.799955150688454020e-01
-2.799957604887491347e-01
-2.799955318046437602e-01
-2.799957917264033203e-01
-2.799955452791182409e-01
-2.799958209281084298e-01
-2.799955556287347380e-01
-2.799958483029623135e-01
-2.799955629663041234e-01
-2.799958740452300199e-01
-2.799955673839334969e-01
-2.799958983374843391e-01
-2.799955689541335779e-01
-2.799959213534626845e-01
-2.799955677325494663e-01
-2.799959432613902122e-01
-2.799955637577390410e-01
-2.799959642269320148e-01
-2.799955570536314942e-01
-2.799959844158591005e-01
-2.799955476294246348e-01
-2.799960039977173465e-01
-2.799955354804856134e-01
-2.799960231487573226e-01
-2.799955205878362219e-01
-2.799960420561166674e-01
-2.799955029174895915e-01
-2.799960609217352347e-01
-2.799954824195716174e-01
-2.799960799667784439e-01
-2.799954590245110619e-01
-2.799960994372292511e-01
-2.799954326425193596e-01
-2.799961196089964521e-01
-2.799954031561849854e-01
-2.799961407975252170e-01
-2.799953704142670308e-01
-2.799961633647395920e-01
-2.799953342240326659e-01
-2.799961877312360237e-01
-2.799952943379228620e-01
-2.799962143918884316e-01
-2.799952504356814087e-01
-2.799962439344331755e-01
-2.799952021038645267e-01
-2.799962770658742661e-01
-2.799951488031574565e-01
-2.799963146489215515e-01
-2.799950898231374774e-01
-2.799963577526737857e-01
-2.799950242207560058e-01
-2.799964077255331918e-01
-2.799949507324842601e-01
-2.799964663021300981e-01
-2.799948676341444398e-01
-2.799965357683639744e-01
-2.799947725397722853e-01
-2.799966192146347566e-01
-2.799946620735748737e-01
-2.799967209455942463e-01
-2.799945313379774148e-01
-2.799968471805766579e-01
-2.799943729877689691e-01
-2.799970072782795860e-01
-2.799941755481950567e-01
-2.799972160825114909e-01
-2.799939201014566281e-01
-2.799974986840181868e-01
-2.799935732323764470e-01
-2.799979012109791165e-01
-2.799930699531866796e-01
-2.799985189147888853e-01
-2.799922651571262744e-01
-2.799995854746515356e-01
-2.799907556407265630e-01
-2.800018685593556045e-01
-2.799868476859964650e-01
-2.800102300546575829e-01
-2.799517501739529068e-01
