1.106531277106214084e+01
1.106670965969552256e+01
1.106949909345176231e+01
1.107367192841936898e+01
1.107921547191982548e+01
1.108611209498427996e+01
1.109434172132322516e+01
1.110387946018478011e+01
1.111469930743550449e+01
1.112677072250532539e+01
1.114006351235411962e+01
1.115454325695876392e+01
1.117017735315851468e+01
1.118692918427485949e+01
1.120476531913833540e+01
1.122364832301343540e+01
1.124354513673814537e+01
1.126441843501349815e+01
1.128623624780051848e+01
1.130896178224530502e+01
1.133256438773850050e+01
1.135700776220664032e+01
1.138226239845515764e+01
1.140829208839159570e+01
1.143506801899413716e+01
1.146255346613350845e+01
1.149071973496320531e+01
1.151952889806853797e+01
1.154895180175228653e+01
1.157894865237702575e+01
1.160948934339748995e+01
1.164053162950352238e+01
1.167204407663661669e+01
1.170398148393149640e+01
1.173631082824923233e+01
1.176898349298541824e+01
1.180196467938217708e+01
1.183520186743330882e+01
1.186865831208618971e+01
1.190227697482319336e+01
1.193601893630850164e+01
1.196982176388549668e+01
1.200364399317128061e+01
1.203741647653983193e+01
1.207109458970508875e+01
1.210460042510473322e+01
1.213788521635858864e+01
1.217085906327719513e+01
1.220346756582565462e+01
1.223560356171546459e+01
1.226720491483235520e+01
1.229813819176642831e+01
1.232833152310240443e+01
1.235762555622859615e+01
1.238645224371289011e+01
1.242509918927352786e+01
1.249591238310068775e+01
1.257770907568650109e+01
1.266308955566373662e+01
1.275170722303894877e+01
1.284329157989102654e+01
1.293766451586614252e+01
1.303450283592370340e+01
1.313354176722397249e+01
1.323441769553462422e+01
1.333682293074439684e+01
1.344038591023484663e+01
1.354479518027941864e+01
1.364970070734262997e+01
1.375481585230374471e+01
1.385983165542337758e+01
1.396450243158628091e+01
1.406856908187881317e+01
1.417183250266154459e+01
1.427408401076826650e+01
1.437516972025487583e+01
1.447492702830003353e+01
1.457324223369658789e+01
1.466999234056626555e+01
1.476509749306370267e+01
1.485846746135028695e+01
1.495004996143138420e+01
1.503978124585565368e+01
1.512763103845286317e+01
1.521355671004815768e+01
1.529754534035141234e+01
1.537957102310940805e+01
1.545963443017275729e+01
1.553772285568818390e+01
1.561384756994002920e+01
1.568800627291388672e+01
1.576021846796879977e+01
1.583049004836837170e+01
1.589884688109594713e+01
1.596530129491197236e+01
1.602988403563941588e+01
1.609261246141338120e+01
1.615352100851968231e+01
1.621263092977227060e+01
1.626997939219371503e+01
1.632559061904344233e+01
1.637950372595436122e+01
1.643174514712405099e+01
1.648235530416435779e+01
1.653136221328632161e+01
1.657880707056892078e+01
1.662471895037487357e+01
1.666913938165379960e+01
1.671209805892300437e+01
1.675363647633901465e+01
1.679378458183740008e+01
1.683258352884317688e+01
1.687006321195538661e+01
1.690626419016896875e+01
1.694121604909933865e+01
1.697495854433120144e+01
1.700752074082964782e+01
1.703894142041077586e+01
1.706924895385331808e+01
1.709848101241459872e+01
1.712666513237860855e+01
1.715383776694341122e+01
1.718002550662710703e+01
1.720526350466688115e+01
1.722957731994011965e+01
1.725300074618582968e+01
1.727555824695553000e+01
1.729728221644841923e+01
1.731819597854146409e+01
1.733833050478090243e+01
1.735770795180044246e+01
1.737635785999868077e+01
1.739430120567643456e+01
1.741156610212316380e+01
1.742817234462127729e+01
1.744414663403918553e+01
1.745950759448792766e+01
1.747428053805221992e+01
1.748848293636576301e+01
1.750213874378531287e+01
1.751526430549411728e+01
1.752788225522136756e+01
1.754000784370451882e+01
1.755166242596311932e+01
1.756286019506406149e+01
1.757362127296237730e+01
1.758395883553041728e+01
1.759389182006796304e+01
1.760343242848748346e+01
1.761259846376223237e+01
1.762140119901377489e+01
1.762985735440162571e+01
1.763797732064414703e+01
1.764577678714926989e+01
1.765326530922250470e+01
1.766045759758921108e+01
1.766736241920958150e+01
1.767399355774347924e+01
1.768035903850758217e+01
1.768647176887840899e+01
1.769233907849602971e+01
1.769797304808603400e+01
1.770338035654123843e+01
1.770857230616471156e+01
1.771355496875009194e+01
1.771833891480201117e+01
1.772292965118990793e+01
1.772733706148668276e+01
1.773156612819332523e+01
1.773562609094825859e+01
1.773952144671412512e+01
1.774326083224658035e+01
1.774684829600174396e+01
1.775029191091287473e+01
1.775359531211997677e+01
1.775676604578299944e+01
1.775980736705609786e+01
1.776272633036544235e+01
1.776552584235126275e+01
1.776821249875564135e+01
1.777078888733723261e+01
1.777326117624793156e+01
1.777563166219011848e+01
1.777790611490941330e+01
1.778008656611341820e+01
1.778217841447024128e+01
1.778418345104238796e+01
1.778610672895568356e+01
1.778794982132337310e+01
1.778971745953742456e+01
1.779141101986675011e+01
1.779303493412091086e+01
1.779459040130437941e+01
1.779608157421089487e+01
1.779750949270303906e+01
1.779887804961345665e+01
1.780018814239668501e+01
1.780144342154024173e+01
1.780264465750446945e+01
1.780379527468148382e+01
1.780489593069947318e+01
1.780594983880998683e+01
1.780695755678647885e+01
1.780792210047006918e+01
1.780884393963797763e+01
1.780972590529443877e+01
1.781056839002446424e+01
1.781137405147887165e+01
1.781214321486243080e+01
1.781287837493039561e+01
1.781357979838807637e+01
1.781424982658990430e+01
1.781488867575031065e+01
1.781549854241503894e+01
1.781607959950135722e+01
1.781663390649435996e+01
1.781716159944843270e+01
1.781766460774882788e+01
1.781814303631576024e+01
1.781859869066298430e+01
1.781903164965175890e+01
1.781944360047338805e+01
1.781983460040253675e+01
1.782020622322907499e+01
1.782055850855940804e+01
1.782089292112469536e+01
1.782120948627460066e+01
1.782150956349368087e+01
1.782179316682534420e+01
1.782206155383517654e+01
1.782231472979343323e+01
1.782255385323400887e+01
1.782277892281198461e+01
1.782299100051859853e+01
1.782319008021668338e+01
1.782337712948582364e+01
1.782355213892249068e+01
1.782371598350542641e+01
1.782386865182958147e+01
1.782401092779906193e+01
1.782414279904447341e+01
1.782426495966980795e+01
1.782437739718202963e+01
1.782448071693820424e+01
1.782457490699399116e+01
1.782466048481885679e+01
1.782473743954679790e+01
1.782480620144948702e+01
1.782486676114838176e+01
1.782491946225908208e+01
1.782496429719854092e+01
1.782500152333772547e+01
1.782503113511184623e+01
1.782505330394300103e+01
1.782506802643479915e+01
1.782507538825146298e+01
