1.351776906993939598e+01
1.351673090265323296e+01
1.351465453765170999e+01
1.351153948241784342e+01
1.350738564325517466e+01
1.350219202666745133e+01
1.349595846841239855e+01
1.348868345693064263e+01
1.348036674512822408e+01
1.347100627735312273e+01
1.346060170605754180e+01
1.344915039602144091e+01
1.343665187595469668e+01
1.342310288545394314e+01
1.340850279998651118e+01
1.339284767729735215e+01
1.337613670321846726e+01
1.335836518475555579e+01
1.333953207395729557e+01
1.331963184451910109e+01
1.329866316172362239e+01
1.327661956788056763e+01
1.325349937834728387e+01
1.322929508821430034e+01
1.320400458791434239e+01
1.317761918894203887e+01
1.315013626790405610e+01
1.312154579233428997e+01
1.309184451964822671e+01
1.306102088479388712e+01
1.302907090097387055e+01
1.299598124834531276e+01
1.296174704722062287e+01
1.292635296052325344e+01
1.288979303830540779e+01
1.285204961519156441e+01
1.281311545852431522e+01
1.277297020430741270e+01
1.273160508148746395e+01
1.268899658427565846e+01
1.264513409379482489e+01
1.259999042891217336e+01
1.255355274611102523e+01
1.250578954216088690e+01
1.245668528680203835e+01
1.240620336472282403e+01
1.235432498780448718e+01
1.230100745547933627e+01
1.224622800983855520e+01
1.218993665483994704e+01
1.213210576688090647e+01
1.207267653361084214e+01
1.201161532649944874e+01
1.194885258340509893e+01
1.188434720545912882e+01
1.181801639073734655e+01
1.174980966092046408e+01
1.167962772125197013e+01
1.160740819136965563e+01
1.153303096504966341e+01
1.145641837339564262e+01
1.137742366168573938e+01
1.129594924349143881e+01
1.121181366677294200e+01
1.112489296523746241e+01
1.103495964393064988e+01
1.094185409525782937e+01
1.084528642163912160e+01
1.074504759734485404e+01
1.064076133294262050e+01
1.053214722431995831e+01
1.041870846176979981e+01
1.030005293620553708e+01
1.017556562948767329e+01
1.004509572469090450e+01
9.913862676979759314e+00
9.799216127816075428e+00
9.710624392349229694e+00
9.643256789289814890e+00
9.591611461777940661e+00
9.550152655570798288e+00
9.515345964732919271e+00
9.484307615410504155e+00
9.455534129896198792e+00
9.427708902894433862e+00
9.400299432175685865e+00
9.372653768285468701e+00
9.344614174755886182e+00
9.315774679696675165e+00
9.286103610191442925e+00
9.255266151280654441e+00
9.223257679451984714e+00
9.189733159075363034e+00
9.154669755510630225e+00
9.117656916010822954e+00
9.078621390515865031e+00
9.037022638705812128e+00
8.992694983923842145e+00
8.944863406361561076e+00
8.893156120682409238e+00
8.837514048297547831e+00
8.784348365209631027e+00
8.738400228877921450e+00
8.698820706587701679e+00
8.665579393984753409e+00
8.637785199525852775e+00
8.614946212987849350e+00
8.596188718359812242e+00
8.580967611492715363e+00
8.568564995871568613e+00
8.558546354880654405e+00
8.550386200523790947e+00
8.543787502691312596e+00
8.538388030095463321e+00
8.534002014514168621e+00
8.530385246340806304e+00
8.527428629513908120e+00
8.524967149419540036e+00
8.522940606629740401e+00
8.521235512047153904e+00
8.519821592183259185e+00
8.518618669094433216e+00
8.517614336395787689e+00
8.516750129021747995e+00
8.516024099617313325e+00
8.515392180038153569e+00
8.514858403526590180e+00
8.514388465810412754e+00
8.513989693637972422e+00
8.513634577425326810e+00
8.513332132308821798e+00
8.513059708288372107e+00
8.512827055088326489e+00
8.512615095853313107e+00
8.512433753534995873e+00
8.512266650459450190e+00
8.512123558477357577e+00
8.511990191728154187e+00
8.511875990084611487e+00
8.511768327562590386e+00
8.511676217985767678e+00
8.511588380962153977e+00
8.511513362512538095e+00
8.511440994012119177e+00
8.511379343131135755e+00
8.511319175307262341e+00
8.511268087543431449e+00
8.511217641555498759e+00
8.511174981603614853e+00
8.511132356848325031e+00
8.511096482060034774e+00
8.511060206403886497e+00
8.511029840739491092e+00
8.510998762893191127e+00
8.510972905907667752e+00
8.510946117248121112e+00
8.510923977683200192e+00
8.510900754879427765e+00
8.510881701723494785e+00
8.510861464215302874e+00
8.510844990291325018e+00
8.510827268479273400e+00
8.510812963106607398e+00
8.510797374341414923e+00
8.510784902631559845e+00
8.510771132935285976e+00
8.510760219981552410e+00
8.510748010018417631e+00
8.510738428726941862e+00
8.510727562951558411e+00
8.510719124604078090e+00
8.510709422804740854e+00
8.510701969686838453e+00
8.510693280348100132e+00
8.510686679951033895e+00
8.510678875008533595e+00
8.510673015438435129e+00
8.510665986106769054e+00
8.510660772426755116e+00
8.510654425859964789e+00
8.510649777157789586e+00
8.510644033760222271e+00
8.510639880783863020e+00
8.510634672032161063e+00
8.510630955272597831e+00
8.510626221941899772e+00
8.510622890070177249e+00
8.510618580781780906e+00
8.510615589368265788e+00
8.510611659394392348e+00
8.510608969854077444e+00
8.510605380129380393e+00
8.510602958849183608e+00
8.510599675149382648e+00
8.510597492762727256e+00
8.510594485019009170e+00
8.510592515800169622e+00
8.510589757524405385e+00
8.510587978880746363e+00
8.510585446681636412e+00
8.510583838726127226e+00
8.510581511900223717e+00
8.510580057090241013e+00
8.510577917274972037e+00
8.510576600105881795e+00
8.510574630984070410e+00
8.510573437728444546e+00
8.510571624775836952e+00
8.510570543260680410e+00
8.510568873529470224e+00
8.510567892945372748e+00
8.510566354878037032e+00
8.510565465615114178e+00
8.510564048883805910e+00
8.510563242390297489e+00
8.510561937757911366e+00
8.510561206417943225e+00
8.510560005617596957e+00
8.510559342645247938e+00
8.510558238275503840e+00
8.510557637622763849e+00
8.510556623056260150e+00
8.510556079332904034e+00
8.510555148636607115e+00
8.510554657040259485e+00
8.510553804905624631e+00
8.510553361160653196e+00
8.510552582842473512e+00
8.510552183146485206e+00
8.510551474409181694e+00
8.510551115386142840e+00
8.510550472456666071e+00
8.510550151115793938e+00
8.510549570642206518e+00
8.510549284341943022e+00
8.510548763357112634e+00
8.510548509773556702e+00
8.510548045663318462e+00
8.510547822762640990e+00
8.510547413238001013e+00
8.510547219252414308e+00
8.510546862325339745e+00
8.510546695732269740e+00
8.510546389694802372e+00
8.510546249198981172e+00
8.510545992605324628e+00
8.510545877123565361e+00
8.510545668774982531e+00
8.510545577423458852e+00
8.510545416355753900e+00
8.510545348439576330e+00
8.510545233913052954e+00
8.510545188918111847e+00
8.510545120409849673e+00
8.510545097996732977e+00
8.510545075195150133e+00
