2.442687798956107414e+01
2.436091368423235082e+01
2.423069830518301515e+01
2.403620374884357958e+01
2.377946081513295695e+01
2.346204623773282094e+01
2.308664612714952469e+01
2.265584618856357935e+01
2.217302552061533305e+01
2.164156901830753554e+01
2.106544182966155887e+01
2.044863427166517766e+01
1.979554064292416982e+01
1.911055653794648990e+01
1.839832514507587291e+01
1.766344393733102081e+01
1.691061765972549935e+01
1.614444753259509824e+01
1.536951843820168584e+01
1.459025188388378247e+01
1.381094815861154679e+01
1.303568878952465759e+01
1.226834994931579992e+01
1.151254283335407180e+01
1.077161122147680139e+01
1.004859996966011870e+01
9.346246860324711747e+00
8.666970690585065640e+00
8.012865161607951592e+00
7.385699099970277182e+00
6.786918050076377718e+00
6.217650121262020768e+00
5.678719130860539366e+00
5.170650497295582682e+00
4.693698233725674740e+00
4.247846234579498947e+00
3.832850146231237431e+00
3.448230321292661493e+00
3.093328597041537620e+00
2.767290098631534967e+00
2.469134238232392420e+00
2.197723399659716748e+00
1.951847034285187688e+00
1.730176000664453539e+00
1.531358501785260673e+00
1.353959386699771006e+00
1.196566945080833388e+00
1.057716552073511895e+00
9.360082482999343423e-01
8.300122729026396806e-01
7.383962382247456491e-01
6.597793669760315671e-01
5.927461561429698822e-01
5.352844733551420653e-01
4.856234294049938671e-01
4.435315408941741255e-01
4.092980618723610631e-01
3.824902777259865383e-01
3.622154069739790816e-01
3.472851239787756450e-01
3.365944343197675437e-01
3.291109544490884442e-01
3.240632315841614486e-01
3.207902935366285235e-01
3.188685475257421187e-01
3.179207459503397004e-01
3.177540009418960976e-01
3.181589165374685835e-01
3.190779705719271053e-01
3.203930840445503581e-01
3.221286738828739171e-01
3.242178186098116366e-01
3.267449872110231857e-01
3.296788436069162942e-01
3.331653732118941003e-01
3.372124472903014203e-01
3.420542052511437170e-01
3.477661955492404311e-01
3.547430237378436102e-01
3.632100420309913869e-01
3.739136499862810159e-01
3.874656827357545463e-01
4.055559697440899170e-01
4.282080102246028641e-01
4.367023648187090545e-01
4.395435005131453909e-01
4.422960424282873504e-01
4.450917628748634058e-01
4.477981705627853692e-01
4.504866025063278823e-01
4.530487536356061495e-01
4.555230222342950830e-01
4.578152816925336599e-01
4.599406400936643102e-01
4.618116959291690971e-01
4.634266243480136271e-01
4.647014952613067740e-01
4.656227511733134761e-01
4.661097438406333060e-01
4.661427985127368778e-01
4.656471017569349113e-01
4.646038869858040155e-01
4.629494892992319088e-01
4.606750312755542032e-01
4.577358834471971782e-01
4.541436741810640498e-01
4.498819714160607885e-01
4.449930411101993277e-01
4.394956870221200518e-01
4.334680928212018558e-01
4.269641982922887102e-01
4.200938296420667073e-01
4.129354650030929164e-01
4.056158251119451053e-01
3.982189523332265724e-01
3.908683982191372142e-01
3.836337857311211685e-01
3.766184221379892949e-01
3.698641840453410490e-01
3.634458689253069474e-01
3.573740642200290418e-01
3.516960046339411283e-01
3.463952469103919740e-01
3.414981204917052482e-01
3.369689749133166767e-01
3.328214625343335342e-01
3.290085328150244570e-01
3.255382586442700510e-01
3.223581697482300057e-01
3.194757430240868223e-01
3.168368916893329890e-01
3.144514745577667858e-01
3.122657995321489466e-01
3.102936088636163992e-01
3.084823963161748006e-01
3.068503636919184818e-01
3.053462569065701904e-01
3.039928090886450662e-01
3.027397061398500178e-01
3.016140540165087036e-01
3.005660005672343704e-01
2.996267950247782919e-01
2.987465205190188988e-01
2.979603522000233706e-01
2.972177906561010441e-01
2.965577698008647900e-01
2.959287219284975623e-01
2.953732360672082780e-01
2.948382276869213059e-01
2.943699017709496824e-01
2.939132421597546729e-01
2.935180907576544485e-01
2.931271116874307747e-01
2.927938588123077390e-01
2.924583072615878909e-01
2.921778459991040688e-01
2.918894031050431326e-01
2.916543687624771897e-01
2.914062703540856170e-01
2.912107043299561049e-01
2.909974421993549165e-01
2.908365276809812827e-01
2.906536145817084638e-01
2.905234688346688410e-01
2.903672536139306759e-01
2.902647647782747864e-01
2.901322869197748289e-01
2.900549858224346078e-01
2.899438610045199649e-01
2.898898205773016712e-01
2.897981506991580414e-01
2.897659072315872941e-01
2.896922098078975050e-01
2.896807015418422226e-01
2.896238544893005584e-01
2.896323740506924205e-01
2.895915727539541962e-01
2.896197306766813973e-01
2.895944548828109366e-01
2.896421520577807107e-01
2.896321406483691185e-01
2.896995479692197062e-01
2.897047800323993005e-01
2.897923238323620310e-01
2.898130047289420030e-01
2.899213568373199545e-01
2.899579081419746407e-01
2.900879795473470524e-01
2.901410318633710905e-01
2.902939690634121495e-01
2.903643567645607937e-01
2.905415399215549588e-01
2.906302968714093993e-01
2.908333388758848059e-01
2.909416941197702222e-01
2.911724395993922077e-01
2.913018119108967685e-01
2.915623351049940748e-01
2.917143251024721939e-01
2.920069253570509726e-01
2.921833036780568937e-01
2.925104970962149054e-01
2.927131868337814469e-01
2.930776923513211951e-01
2.933087436063655518e-01
2.937134614512146857e-01
2.939750154565187734e-01
2.944229956082963784e-01
2.947172354262780902e-01
2.952116333447891705e-01
2.955407176727035123e-01
2.960847342427723738e-01
2.964507103966960710e-01
2.970475128190211977e-01
2.974522045768953626e-01
2.981048249007273165e-01
2.985496906558643415e-01
2.992608989506186368e-01
2.997468556608931523e-01
3.005190056459271508e-01
3.010462145349862007e-01
3.018810610815545470e-01
3.024486720911561677e-01
3.033471627047742980e-01
3.039530165163279452e-01
3.049150630694188457e-01
3.055553521631474423e-01
3.065795952274853464e-01
3.072484888669533842e-01
3.083320754454816903e-01
3.090213172046880064e-01
3.101597240452108606e-01
3.108582133526995306e-01
3.120451630354268424e-01
3.127385318193672270e-01
3.139660688208975592e-01
3.146362559921960789e-01
3.158950781780351935e-01
3.165198792891434354e-01
3.178000651406574506e-01
3.183525735891618025e-01
3.196449293288761151e-01
3.200926469494911331e-01
3.213910818271090708e-01
3.216941531533012433e-01
3.229999550551682086e-01
3.231071503109068099e-01
3.244373682760212096e-01
3.242759693671094512e-01
3.256826386920411154e-01
3.251292135445064679e-01
3.267559144299204688e-01
3.255271094427919509e-01
3.278645743184201433e-01
3.247673967770940417e-01
3.330043994341901903e-01
