7.086551867786601423e-06
7.096902906569106966e-06
7.117652671981753961e-06
7.148907724124255423e-06
7.190812926497992189e-06
7.243585248064185875e-06
7.307472235198692855e-06
7.382809188751362844e-06
7.469955883864605284e-06
7.569378421105918371e-06
7.681562973663568690e-06
7.807124211452047105e-06
7.946694389102502371e-06
8.101060929180872315e-06
8.271028644834640245e-06
8.457589879125245206e-06
8.661757066545183146e-06
8.884769806462600262e-06
9.127894289357562491e-06
9.392672895028789291e-06
9.680686221681277290e-06
9.993852327293996357e-06
1.033414618046665512e-05
1.070395762185705486e-05
1.110576198280073919e-05
1.154254839667145639e-05
1.201743408605172121e-05
1.253417803766788976e-05
1.309673003333457833e-05
1.370984926572035228e-05
1.437857759927948828e-05
1.510898897474394112e-05
1.590757470245066969e-05
1.678215829865703260e-05
1.774117900597129230e-05
1.879481932986891790e-05
1.995417181508781130e-05
2.123264516324361879e-05
2.264499929573793649e-05
2.420912424571326757e-05
2.594493106732762103e-05
2.787664242883094293e-05
3.003153434708931595e-05
3.244295156996562438e-05
3.514891082441245015e-05
3.819618536041764626e-05
4.163880595498642109e-05
4.554381727866630011e-05
4.998973686004497111e-05
5.507527695078253543e-05
6.091833272897971910e-05
6.767645732731609304e-05
7.558591280017048044e-05
8.519497799719819779e-05
9.752148852214397880e-05
1.136670622559626272e-04
1.346453025602944683e-04
1.616336363417379587e-04
1.960302529288989674e-04
2.395729482695055238e-04
2.943640179598601371e-04
3.630255398617981163e-04
4.487382013671763637e-04
5.554704288509006117e-04
6.880326328644330476e-04
8.524310227379781240e-04
1.055940627413369960e-03
1.307670073587538766e-03
1.618659004058538818e-03
2.002807092600153351e-03
2.477007973645353831e-03
3.062727633326128851e-03
3.786206633479163516e-03
4.681245607997832313e-03
5.789564761489041610e-03
7.165955710125996962e-03
8.879050822073587465e-03
1.102144668585486320e-02
1.371159813677996255e-02
1.711541792231188741e-02
2.145121914718596534e-02
2.704172096761797012e-02
3.432349567290644832e-02
4.357727272636050669e-02
4.902964778490333936e-02
5.266590307116582326e-02
5.642614862081804517e-02
6.030351040905723020e-02
6.429508947688174214e-02
6.837015772450542872e-02
7.251833939690792430e-02
7.670604961578499081e-02
8.091740308857832409e-02
8.511673990261078848e-02
8.928509464758424552e-02
9.338663781010982101e-02
9.740221516912539457e-02
1.012984586548697219e-01
1.050591310960792696e-01
1.086561377986863530e-01
1.120790021342169679e-01
1.153072739334933816e-01
1.183382609727682416e-01
1.211605087037452982e-01
1.237798440069776129e-01
1.261937473319364733e-01
1.284157853268144134e-01
1.304508340156795843e-01
1.323180540832020191e-01
1.340270488529826942e-01
1.355996223747471252e-01
1.370470298298349654e-01
1.383907879941496111e-01
1.396411545593872483e-01
1.408171990385625183e-01
1.419265416262023849e-01
1.429847757361803751e-01
1.439963728886527738e-01
1.449734462467320018e-01
1.459176528895130553e-01
1.468382476676242110e-01
1.477348102532342888e-01
1.486145568780857795e-01
1.494757616129339106e-01
1.503243346385464141e-01
1.511578564460493435e-01
1.519814640531479411e-01
1.527924508330679998e-01
1.535955163481876606e-01
1.543879009193346585e-01
1.551740548565880284e-01
1.559512822126036813e-01
1.567238787413714196e-01
1.574892600326621706e-01
1.582516097651738285e-01
1.590084672485485018e-01
1.597639207723313970e-01
1.605156298369562473e-01
1.612675931689241393e-01
1.620175817961012621e-01
1.627695074074237136e-01
1.635212437283150855e-01
1.642766179892065359e-01
1.650335995517665522e-01
1.657959350010751454e-01
1.665616844960823018e-01
1.673345191943724497e-01
1.681125872559236789e-01
1.688994908050293342e-01
1.696934648613987184e-01
1.704980497531449479e-01
1.713115674703906688e-01
1.721375043121651793e-01
1.729742702575081670e-01
1.738253056234556337e-01
1.746891100369220851e-01
1.755690859778719914e-01
1.764638248240433249e-01
1.773766993368245670e-01
1.783063950522864871e-01
1.792562630249636135e-01
1.802250855639297988e-01
1.812161998717467248e-01
1.822284877835318451e-01
1.832652803164128430e-01
1.843255616715240852e-01
1.854126641361179273e-01
1.865256771609545006e-01
1.876679415261948980e-01
1.888386548165587042e-01
1.900411732672742937e-01
1.912748054327656766e-01
1.925429296646621879e-01
1.938449682121021755e-01
1.951843278448932573e-01
1.965605470397137899e-01
1.979770668429552127e-01
1.994335441917697571e-01
2.009334597080463247e-01
2.024765905806615585e-01
2.040664615896465583e-01
2.057029713402217241e-01
2.073896924298243571e-01
2.091266451793789283e-01
2.109174524706507736e-01
2.127622554696452783e-01
2.146647282728797457e-01
2.166251304655169019e-01
2.186471863176654984e-01
2.207312693698407768e-01
2.228811505090685929e-01
2.250973101305153157e-01
2.273835589928354384e-01
2.297404738716536943e-01
2.321718946387608951e-01
2.346784797053806659e-01
2.372640822850901055e-01
2.399294223277702309e-01
2.426783444062501627e-01
2.455116032717925834e-01
2.484330052444424231e-01
2.514433049853015412e-01
2.545462316663002489e-01
2.577424950623857236e-01
2.610356971250092362e-01
2.644264460599116684e-01
2.679181532293026802e-01
2.715112545121237120e-01
2.752088917147013092e-01
2.790112412277692688e-01
2.829210783406850838e-01
2.869382140347850330e-01
2.910649397836109764e-01
2.953005742820785651e-01
2.996467854929055208e-01
3.041022502370867020e-01
3.086678494407291695e-01
3.133414448404505115e-01
3.181229426284029604e-01
3.230091930942704526e-01
3.279989171987067187e-01
3.330877368163532859e-01
3.382729582299696114e-01
3.435487427794458037e-01
3.489107408944089328e-01
3.543514153903228325e-01
3.598645194599680019e-01
3.654405875433081596e-01
3.710712506531627097e-01
3.767449125674704469e-01
3.824508958872750997e-01
3.881753240552247575e-01
3.939050914717519003e-01
3.996239742238321679e-01
4.053164171693332540e-01
4.109638978568215806e-01
4.165485224123230412e-01
4.220496674753460020e-01
4.274473746587434952e-01
4.327192939744781142e-01
4.378438633452326201e-01
4.427975736560261777e-01
4.475579152527172089e-01
4.521009794448215824e-01
4.564041484505658719e-01
4.604440413230466711e-01
4.641989181192690550e-01
4.676469706980285745e-01
4.707684070775521312e-01
4.735440805554699262e-01
4.759572175076283163e-01
4.779923730734118026e-01
4.796367661251579317e-01
4.808795473551452093e-01
4.817127094434346946e-01
4.821306542398781647e-01
