2.583115208123958756e-02
2.582992751396544218e-02
2.582747516884584607e-02
2.582379816290862259e-02
2.581888685825573307e-02
2.581274749597659013e-02
2.580536399232873437e-02
2.579674572676475194e-02
2.578687013895031299e-02
2.577574976874973459e-02
2.576335553644611490e-02
2.574970317285570423e-02
2.573475702433258502e-02
2.571853605272151136e-02
2.570099796456088576e-02
2.568216500373078290e-02
2.566198816031126789e-02
2.564049302396136445e-02
2.561762378171064669e-02
2.559340944778520921e-02
2.556778731072185257e-02
2.554078990606720515e-02
2.551234752106127865e-02
2.548249633097270095e-02
2.545115951357947853e-02
2.541837702855734987e-02
2.538406483337486003e-02
2.534826684892020621e-02
2.531089170239771494e-02
2.527198749219868382e-02
2.523145541095926647e-02
2.518934799966507376e-02
2.514555892405912971e-02
2.510014549344055310e-02
2.505299377472133132e-02
2.500416624693907811e-02
2.495354133780590747e-02
2.490118719254164059e-02
2.484697460574599934e-02
2.479097800515387556e-02
2.473306062466023789e-02
2.467330394295124199e-02
2.461156379853065776e-02
2.454792968356701507e-02
2.448225033511773618e-02
2.441462447058615273e-02
2.434489419640008950e-02
2.427316898910213822e-02
2.419928503771831205e-02
2.412336453130858524e-02
2.404523878682385263e-02
2.396504520983613190e-02
2.388261174643558846e-02
2.379809425201952905e-02
2.371131943114257803e-02
2.362246579703299043e-02
2.353136179780800433e-02
2.343821403414178897e-02
2.334285600940078434e-02
2.324552265392917580e-02
2.314600494473248796e-02
2.304434014740214948e-02
2.293984753102084814e-02
2.283217806775540010e-02
2.272050464789169763e-02
2.260451940866105638e-02
2.248343122641888181e-02
2.235700518360811059e-02
2.222446247645961867e-02
2.208560481221917213e-02
2.193961744112191831e-02
2.178629787437484644e-02
2.162474929587246755e-02
2.145473056371283507e-02
2.127521959630300150e-02
2.108590519340582808e-02
2.088559324047881485e-02
2.067386806437131186e-02
2.044930503948512793e-02
2.021134002752559070e-02
1.995823747315109142e-02
1.968922309881860830e-02
1.940213295852913356e-02
1.909589133273018394e-02
1.876772678362560037e-02
1.841612095323382978e-02
1.803741582407297414e-02
1.762941106084961809e-02
1.718718791680816371e-02
1.670715337072800968e-02
1.619357488301509732e-02
1.569380943311566787e-02
1.523774774979706412e-02
1.481933494847787608e-02
1.443870996940063711e-02
1.409184838436179817e-02
1.377773836380296463e-02
1.349317460532587117e-02
1.323680484906579816e-02
1.300584854446755305e-02
1.279885338032850720e-02
1.261334151732954045e-02
1.244787515502102961e-02
1.230023900823605867e-02
1.216908087548800033e-02
1.205243836222885841e-02
1.194909420971757529e-02
1.185733959105173853e-02
1.177612554885817085e-02
1.170399667787418684e-02
1.164008952628227574e-02
1.158319365559254237e-02
1.153263117132756997e-02
1.148741667339141931e-02
1.144704261914131563e-02
1.141071912673661398e-02
1.137808383208854801e-02
1.134850834217825989e-02
1.132174671866212519e-02
1.129729874940917783e-02
1.127500759914658660e-02
1.125447206212414238e-02
1.123560119697581371e-02
1.121806908459344748e-02
1.120183232823098417e-02
1.118662191627033120e-02
1.117242814011491087e-02
1.115902506390139236e-02
1.114642649869048222e-02
1.113443933756803721e-02
1.112309357571353470e-02
1.111222139239934417e-02
1.110186372539626563e-02
1.109187248736217754e-02
1.108229583127042124e-02
1.107300129688180979e-02
1.106404160705438434e-02
1.105529686935195419e-02
1.104682250049114113e-02
1.103850887513777197e-02
1.103041277422930379e-02
1.102243309104979606e-02
1.101462702986068937e-02
1.100690065894423426e-02
1.099931094252255478e-02
1.099177007972590957e-02
1.098433433041400183e-02
1.097692120417083535e-02
1.096958593566392526e-02
1.096225069356373573e-02
1.095496947055373503e-02
1.094766857219986456e-02
1.094040060829844056e-02
1.093309559904324935e-02
1.092580468615206649e-02
1.091846126044336909e-02
1.091111495154511654e-02
1.090370223897939479e-02
1.089627122693698907e-02
1.088876125160002060e-02
1.088121890139107442e-02
1.087358617768896703e-02
1.086590818024229382e-02
1.085812941758580903e-02
1.085029354119985620e-02
1.084234743658095065e-02
1.083433335760773317e-02
1.082620045999061267e-02
1.081798965864444462e-02
1.080965229266626047e-02
1.080122800287083157e-02
1.079267024196120528e-02
1.078401744637847923e-02
1.077522512730809748e-02
1.076633059030623375e-02
1.075729136254203328e-02
1.074814369501353797e-02
1.073884709922724549e-02
1.072943684997266882e-02
1.071987442071437209e-02
1.071019418964894165e-02
1.070035957763121152e-02
1.069040414641282515e-02
1.068029325611237999e-02
1.067005973197862265e-02
1.065967087039195425e-02
1.064915883907191323e-02
1.063849287149477157e-02
1.062770455505664124e-02
1.061676506372326127e-02
1.060570547916098345e-02
1.059449892050110496e-02
1.058317603477056112e-02
1.057171189094257592e-02
1.056013676805411458e-02
1.054842768830882918e-02
1.053661462398405857e-02
1.052467655132332570e-02
1.051264319064671229e-02
1.050049546918211882e-02
1.048826290263923412e-02
1.047592836104169374e-02
1.046352119434991977e-02
1.045102620082564472e-02
1.043847259404374721e-02
1.042584707839320883e-02
1.041317874995662841e-02
1.040045618847665332e-02
1.038770838005895897e-02
1.037492573935199121e-02
1.036213713780671612e-02
1.034933477397000957e-02
1.033654738707372525e-02
1.032376889726477343e-02
1.031102788056302393e-02
1.029831990457922598e-02
1.028567333734020997e-02
1.027308530761147920e-02
1.026058391671028081e-02
1.024816775598152985e-02
1.023586458747355495e-02
1.022367435444173842e-02
1.021162439362031764e-02
1.019971587787395044e-02
1.018797561973522857e-02
1.017640588851008963e-02
1.016503286174189752e-02
1.015385976222498571e-02
1.014291201107607454e-02
1.013219363323840556e-02
1.012172916287092106e-02
1.011152326904850123e-02
1.010159946119952926e-02
1.009196288983730920e-02
1.008263589676985754e-02
1.007362394884677576e-02
1.006494807461547243e-02
1.005661389224280118e-02
1.004864097118786381e-02
1.004103491866560616e-02
1.003381370173815103e-02
1.002698275992994041e-02
1.002055831990037241e-02
1.001454550510120362e-02
1.000895867187688235e-02
1.000380249037406688e-02
9.999089327523238632e-03
9.994823276765152364e-03
9.991014609898271961e-03
9.987666736576661722e-03
9.984787743467230664e-03
9.982380267892772968e-03
9.980450139138700646e-03
9.978999154059808863e-03
9.978030831717055182e-03
9.977546082231995850e-03
