-2.747623156464381822e+00
-2.748228449160277087e+00
-2.749439158299991082e+00
-2.751255358863561540e+00
-2.753677424212179314e+00
-2.756705507811160860e+00
-2.760340239029497322e+00
-2.764581856897451395e+00
-2.769431257590877937e+00
-2.774888776500176846e+00
-2.780955592029224377e+00
-2.787632150656940588e+00
-2.794919933373584353e+00
-2.802819516710802095e+00
-2.811332709964458498e+00
-2.820460243317652438e+00
-2.830204286000187253e+00
-2.840565750589829630e+00
-2.851547204480818554e+00
-2.863149777175153510e+00
-2.875376479929309337e+00
-2.888228700285333517e+00
-2.901709947599753203e+00
-2.915821916149192727e+00
-2.930568677494054253e+00
-2.945952290148511121e+00
-2.961977463485457651e+00
-2.978646688093182782e+00
-2.995965400299822168e+00
-3.013936602834583312e+00
-3.032566564179354884e+00
-3.051858893869406231e+00
-3.071820816942566701e+00
-3.092456661975961474e+00
-3.113774758121896635e+00
-3.135780286558806029e+00
-3.158482856264381411e+00
-3.181888660673873215e+00
-3.206008798816405214e+00
-3.230850668250554669e+00
-3.256427110969013938e+00
-3.282746960634444378e+00
-3.309825108390489490e+00
-3.337672106407844730e+00
-3.366305268304887299e+00
-3.395737211172417780e+00
-3.425988129905816137e+00
-3.457073135036286882e+00
-3.489015871578293293e+00
-3.521834478539815905e+00
-3.555556763253944208e+00
-3.590204568106510230e+00
-3.625810764145455778e+00
-3.662401758124809614e+00
-3.700016639454288825e+00
-3.738687491429070420e+00
-3.778461120766545722e+00
-3.819376743944838726e+00
-3.861490860115033286e+00
-3.904851756384193351e+00
-3.949528270687010068e+00
-3.995580382739383651e+00
-4.043092881963313623e+00
-4.092141059611475562e+00
-4.142830693361562844e+00
-4.195257496338070879e+00
-4.249555422890555434e+00
-4.305848026569994325e+00
-4.364307955300621877e+00
-4.425097778963629658e+00
-4.488444541934518028e+00
-4.554567823683043137e+00
-4.623772438011870989e+00
-4.696377307273808199e+00
-4.772897844362319120e+00
-4.855141321191138282e+00
-4.947182519537765444e+00
-5.049935362201386724e+00
-5.160494142140115592e+00
-5.276094673343090236e+00
-5.394341202967676274e+00
-5.513671846832197687e+00
-5.632929376536607968e+00
-5.751470914328976392e+00
-5.868808144773897340e+00
-5.984720801414828983e+00
-6.099003311421054896e+00
-6.211605011967766821e+00
-6.322433356730007503e+00
-6.431505700399548608e+00
-6.538775523174898296e+00
-6.644290444435545950e+00
-6.748023193067007597e+00
-6.850038394567820710e+00
-6.950315597839744619e+00
-7.048932614791606710e+00
-7.145866874210602404e+00
-7.241209356584006329e+00
-7.334924199994107497e+00
-7.427108756496551223e+00
-7.517965511392693756e+00
-7.609138822901797106e+00
-7.701447265830561939e+00
-7.794244886931104510e+00
-7.887131725527028792e+00
-7.979537403101152115e+00
-8.071051290905232989e+00
-8.161225139582438004e+00
-8.249750876108672415e+00
-8.336327075613763071e+00
-8.420767558238052786e+00
-8.502898730609846467e+00
-8.582633726649842032e+00
-8.659891705120376315e+00
-8.734654076309055881e+00
-8.806900679182023239e+00
-8.876655551967992608e+00
-8.943935813857450512e+00
-9.008790362742226776e+00
-9.071258171206643794e+00
-9.131401636778303299e+00
-9.189271882642124467e+00
-9.244937814363414219e+00
-9.298456721907689015e+00
-9.349899791852539721e+00
-9.399326812150327726e+00
-9.446808718835232099e+00
-9.492405549103878570e+00
-9.536186486731734746e+00
-9.578210441142053000e+00
-9.618543969169156327e+00
-9.657244015775539481e+00
-9.694374021464057023e+00
-9.729988469946041718e+00
-9.764147435762867033e+00
-9.796902662106695914e+00
-9.828310759172426359e+00
-9.858420592032764773e+00
-9.887285304741821435e+00
-9.914950840396860698e+00
-9.941466937329741071e+00
-9.966876635607098578e+00
-9.991226368387144063e+00
-1.001455633399738332e+01
-1.003690978659215460e+01
-1.005832417254767286e+01
-1.007883970905014692e+01
-1.009849119920599492e+01
-1.011731597442733666e+01
-1.013534631532029273e+01
-1.015261682316856806e+01
-1.016915738401869973e+01
-1.018500002576434937e+01
-1.020017237139703070e+01
-1.021470403082533274e+01
-1.022862049637839910e+01
-1.024194911228862637e+01
-1.025471337150769635e+01
-1.026693850052624057e+01
-1.027864612160754199e+01
-1.028985948614423407e+01
-1.030059847070340062e+01
-1.031088448829284232e+01
-1.032073579027757759e+01
-1.033017208163778555e+01
-1.033921010396679918e+01
-1.034786797796109603e+01
-1.035616104542992666e+01
-1.036410595979246807e+01
-1.037171676738803683e+01
-1.037900876460845545e+01
-1.038599480085195736e+01
-1.039268891904067971e+01
-1.039910286435750209e+01
-1.040524952325001351e+01
-1.041113962366519452e+01
-1.041678498618880688e+01
-1.042219540288035873e+01
-1.042738171291266447e+01
-1.043235284833530763e+01
-1.043711874544024454e+01
-1.044168754686785050e+01
-1.044606835891112162e+01
-1.045026860034386296e+01
-1.045429661497165696e+01
-1.045815915842200639e+01
-1.046186387444109123e+01
-1.046541691165463384e+01
-1.046882527138313712e+01
-1.047209454707152609e+01
-1.047523115074209166e+01
-1.047824016841005701e+01
-1.048112747170412717e+01
-1.048389768314295445e+01
-1.048655617892011094e+01
-1.048910715842012742e+01
-1.049155554368166676e+01
-1.049390514798768059e+01
-1.049616047708174804e+01
-1.049832499208051395e+01
-1.050040281711861745e+01
-1.050239709220764617e+01
-1.050431159162064887e+01
-1.050614916266472498e+01
-1.050791325878249971e+01
-1.050960646051880865e+01
-1.051123192701117581e+01
-1.051279199571760792e+01
-1.051428955568756507e+01
-1.051572672288120813e+01
-1.051710613835396479e+01
-1.051842971623974243e+01
-1.051969986974403781e+01
-1.052091832908661750e+01
-1.052208729797812481e+01
-1.052320833902389552e+01
-1.052428346315495666e+01
-1.052531408018569614e+01
-1.052630202348088062e+01
-1.052724856353688487e+01
-1.052815536999024637e+01
-1.052902358625731694e+01
-1.052985473082538448e+01
-1.053064983113921294e+01
-1.053141026596241581e+01
-1.053213695684322992e+01
-1.053283115318964391e+01
-1.053349367978171180e+01
-1.053412566606875522e+01
-1.053472784832229436e+01
-1.053530124453614114e+01
-1.053584650993368044e+01
-1.053636455873138722e+01
-1.053685597182723832e+01
-1.053732156657413199e+01
-1.053776185558368539e+01
-1.053817756554766305e+01
-1.053856914619355756e+01
-1.053893723908909763e+01
-1.053928223588358470e+01
-1.053960469793183030e+01
-1.053990496304891700e+01
-1.054018351669531484e+01
-1.054044064656287638e+01
-1.054067676597180636e+01
-1.054089211569270468e+01
-1.054108704011820841e+01
-1.054126173581027714e+01
-1.054141648092397787e+01
-1.054155143005161044e+01
-1.054166679729310729e+01
-1.054176269704867330e+01
-1.054183928104931134e+01
-1.054189662482873224e+01
-1.054193481894766471e+01
-1.054195390095343754e+01
