7.331558924314966752e-02
7.327840328584893370e-02
7.320408215734711121e-02
7.309270732457799624e-02
7.294443067887089460e-02
7.275941424543232172e-02
7.253790962646211593e-02
7.228015760067320328e-02
7.198650717896278028e-02
7.165727521752476847e-02
7.129290495812072581e-02
7.089378582367038273e-02
7.046045127740523106e-02
6.999335901083596212e-02
6.949312792284245699e-02
6.896027894510863010e-02
6.839551091496354207e-02
6.779940231098785519e-02
6.717272577402728928e-02
6.651611104361294935e-02
6.583039787221134365e-02
6.511626045884401359e-02
6.437459850502849634e-02
6.360612343240530653e-02
6.281178734837053468e-02
6.199233130576175393e-02
6.114875198622823221e-02
6.028181220706116394e-02
5.939254519647858138e-02
5.848172746908378294e-02
5.755042066683156016e-02
5.659940680175537531e-02
5.562976777932746725e-02
5.464228283335215153e-02
5.363804604826690609e-02
5.261782557032344820e-02
5.158271972109138709e-02
5.053347723834460820e-02
4.947119295181475612e-02
4.839658785330023388e-02
4.731074582755984831e-02
4.621435172451685003e-02
4.510847136339115465e-02
4.399374490468418303e-02
4.287121336773308533e-02
4.174146335720804041e-02
4.060550480215989466e-02
3.946386128887714728e-02
3.831750588587032325e-02
3.716688865655484730e-02
3.601294067818283651e-02
3.485602624089749468e-02
3.369703012107478496e-02
3.253621577518525654e-02
3.137441818517464065e-02
3.021178033735091861e-02
2.904907788765724239e-02
2.788627575526250041e-02
2.672376364053805770e-02
2.555909712671798964e-02
2.437872096874305061e-02
2.315142295953624002e-02
2.187216640126040182e-02
2.057095281129977041e-02
1.928044073520921928e-02
1.802736258697809277e-02
1.682967314307486431e-02
1.569836815026018351e-02
1.463849016564586387e-02
1.365128399794692492e-02
1.273526755087538848e-02
1.188748411727241425e-02
1.110407135919962499e-02
1.038080520441615577e-02
9.713364752822814877e-03
9.097496207199913532e-03
8.529162452889775883e-03
8.004519373677489863e-03
7.520043760697070999e-03
7.072411940803577206e-03
6.658645313862572579e-03
6.275929084598501351e-03
5.921793175934713695e-03
5.593883921068468039e-03
5.290193802991032500e-03
5.008785982473435913e-03
4.748092866487434519e-03
4.506588184933398196e-03
4.283188643463272521e-03
4.076913829862672221e-03
3.886448503130259489e-03
3.706928097715337083e-03
3.535041838787301386e-03
3.370663234917534081e-03
3.213152421907898744e-03
3.062274074928070505e-03
2.917561703434721869e-03
2.778776867957669441e-03
2.645557874026257823e-03
2.517702756118342985e-03
2.394938863363615077e-03
2.277118813080712852e-03
2.164056044211151372e-03
2.055667778095061644e-03
1.951849463495482087e-03
1.852579621680482515e-03
1.757817248928149638e-03
1.667577612813697738e-03
1.581845470306735739e-03
1.500631519160365189e-03
1.423901039975600073e-03
1.351620825970611993e-03
1.283704433794352747e-03
1.220055787672757802e-03
1.160529448536227679e-03
1.104972008340226802e-03
1.053192919611117611e-03
1.005002019534009675e-03
9.601862706291475896e-04
9.185419335073180362e-04
8.798542367934036879e-04
8.439240043319699153e-04
8.105489715623821062e-04
7.795456025980080370e-04
7.507317271770237070e-04
7.239445741978449986e-04
6.990247370456372173e-04
6.758313583795478273e-04
6.542274621510022099e-04
6.340930098780382359e-04
6.153115786022864218e-04
5.977818033913360161e-04
5.814053223324748467e-04
5.660969634230805531e-04
5.517738436646846397e-04
5.383645502323205871e-04
5.257992687007212581e-04
5.140181365126520775e-04
5.029622775679768766e-04
4.925814587265340454e-04
4.828259176577485491e-04
4.736534216430372032e-04
4.650217882560807748e-04
4.568954242546128001e-04
4.492384517967591543e-04
4.420207900700722447e-04
4.352118120723331702e-04
4.287860205622774775e-04
4.227171714122794155e-04
4.169835870984385517e-04
4.115626921355795094e-04
4.064360007997448558e-04
4.015840182477769019e-04
3.969909339443762142e-04
3.926398488970032213e-04
3.885172019951229467e-04
3.846082895281433640e-04
3.809014481043680690e-04
3.773838374331652001e-04
3.740454005154301618e-04
3.708748847118708615e-04
3.678635973714423088e-04
3.650016436056764007e-04
3.622814933621831346e-04
3.596944171901286097e-04
3.572338789084127239e-04
3.548921530708043395e-04
3.526635557727496209e-04
3.505412295815763012e-04
3.485202236322338287e-04
3.465944335401118328e-04
3.447595407220879651e-04
3.430100963075199938e-04
3.413423285602900986e-04
3.397513610890817650e-04
3.382338963166762742e-04
3.367855593978359230e-04
3.354034648655335052e-04
3.340836786218519022e-04
3.328236741716089414e-04
3.316199058819367489e-04
3.304701605787798454e-04
3.293712359934920699e-04
3.283211929357976715e-04
3.273171334768995469e-04
3.263573584141247065e-04
3.254392402930968479e-04
3.245612904363760244e-04
3.237211223932559166e-04
3.229174324102011091e-04
3.221480493254452781e-04
3.214118320067633062e-04
3.207068020870771242e-04
3.200319615800702611e-04
3.193855051891291287e-04
3.187665610288449125e-04
3.181734795386865827e-04
3.176054999846298623e-04
3.170611132757438660e-04
3.165396566917001633e-04
3.160397481390812315e-04
3.155608113443474408e-04
3.151015793007944858e-04
3.146615519800843495e-04
3.142395669133887489e-04
3.138351913055933756e-04
3.134473578679009584e-04
3.130756930653156482e-04
3.127192164751524048e-04
3.123776067586215037e-04
3.120499629622728081e-04
3.117360096769133623e-04
3.114349188287351294e-04
3.111464553720783618e-04
3.108698582353076586e-04
3.106049277868739894e-04
3.103509647093147467e-04
3.101078003795538162e-04
3.098747925437873472e-04
3.096517996622304559e-04
3.094382323490111122e-04
3.092339726477059329e-04
3.090384802848390039e-04
3.088516577646196960e-04
3.086730105628998156e-04
3.085024588571988143e-04
3.083395508605852047e-04
3.081842219355735726e-04
3.080360603351323199e-04
3.078950143858733305e-04
3.077607099667472516e-04
3.076331063876342983e-04
3.075118649957433309e-04
3.073969543198424789e-04
3.072880692504089718e-04
3.071851859668753835e-04
3.070880311905606710e-04
3.069965873621752542e-04
3.069106115167752336e-04
3.068300911310538901e-04
3.067548122174384995e-04
3.066847662149804537e-04
3.066197669455215762e-04
3.065598088781465685e-04
3.065047326343081787e-04
3.064545349135129018e-04
3.064090822767024324e-04
3.063683729799019598e-04
3.063322988062205238e-04
3.063008590143857920e-04
3.062739700296522789e-04
3.062516316753089080e-04
3.062337845717752710e-04
3.062204287810638831e-04
3.062115288016694172e-04
3.062070847183904695e-04
