4.989803053396566490e-01
4.989803009683967949e-01
4.989802922303196442e-01
4.989802791323302289e-01
4.989802616878993291e-01
4.989802399110840891e-01
4.989802138247365626e-01
4.989801834504590250e-01
4.989801488208124858e-01
4.989801099648837335e-01
4.989800669239961017e-01
4.989800197316690000e-01
4.989799684310979866e-01
4.989799130475445765e-01
4.989798536077051372e-01
4.989797901082324572e-01
4.989797225428773131e-01
4.989796508699781419e-01
4.989795750462749369e-01
4.989794949906405375e-01
4.989794106234872739e-01
4.989793218264940711e-01
4.989792284879505102e-01
4.989791304580505349e-01
4.989790275999113067e-01
4.989789197394404185e-01
4.989788067216465728e-01
4.989786883542182694e-01
4.989785644690939992e-01
4.989784348592128382e-01
4.989782993457523297e-01
4.989781577077138097e-01
4.989780097555177596e-01
4.989778552530805822e-01
4.989776939985529625e-01
4.989775257384848617e-01
4.989773502565155172e-01
4.989771672790066503e-01
4.989769765725770023e-01
4.989767778403884635e-01
4.989765708295224589e-01
4.989763552168748340e-01
4.989761307275447089e-01
4.989758970090560908e-01
4.989756537621612420e-01
4.989754006018062849e-01
4.989751372020796438e-01
4.989748631419693159e-01
4.989745780666158259e-01
4.989742815153842548e-01
4.989739731022010405e-01
4.989736523227649156e-01
4.989733187575620676e-01
4.989729718540780734e-01
4.989726111572242440e-01
4.989722360610394092e-01
4.989718460729853922e-01
4.989714405274862097e-01
4.989710188931595347e-01
4.989705804373142373e-01
4.989701245893100601e-01
4.989696505397716031e-01
4.989691576803038653e-01
4.989686451118116040e-01
4.989681121935644059e-01
4.989675579171601871e-01
4.989669816236004252e-01
4.989663821612619343e-01
4.989657588888408157e-01
4.989651104391132352e-01
4.989644362937056821e-01
4.989637346559806508e-01
4.989630055818885523e-01
4.989622467632237046e-01
4.989614822647922554e-01
4.989607618822955448e-01
4.989600998649977859e-01
4.989594894286191740e-01
4.989589254746459313e-01
4.989584029014464406e-01
4.989579174486958313e-01
4.989574652610319627e-01
4.989570429334694857e-01
4.989566474773017846e-01
4.989562761797499690e-01
4.989559266953994543e-01
4.989555968540788089e-01
4.989552847984925488e-01
4.989549887813094498e-01
4.989547073198019600e-01
4.989544389964342685e-01
4.989541826181131956e-01
4.989539370253489592e-01
4.989537012503893476e-01
4.989534743364502645e-01
4.989532554920307894e-01
4.989530439202703449e-01
4.989528389681610610e-01
4.989526399655261346e-01
4.989524463686221267e-01
4.989522576080346883e-01
4.989520732265093073e-01
4.989518927350329869e-01
4.989517157449943063e-01
4.989515418317249651e-01
4.989513706611721777e-01
4.989512018602642041e-01
4.989510351383285025e-01
4.989508701637100918e-01
4.989507066801971424e-01
4.989505443893628156e-01
4.989503830622875613e-01
4.989502224271640252e-01
4.989500622765693505e-01
4.989499023599400784e-01
4.989497424866460307e-01
4.989495824229713272e-01
4.989494219912346540e-01
4.989492609709599291e-01
4.989490991942636122e-01
4.989489364509324121e-01
4.989487725802860818e-01
4.989486073799196397e-01
4.989484406942188421e-01
4.989482723265484809e-01
4.989481021246090497e-01
4.989479298958523490e-01
4.989477554898501532e-01
4.989475787167667598e-01
4.989473994268812662e-01
4.989472174319420361e-01
4.989470325820036245e-01
4.989468446895132803e-01
4.989466536035773170e-01
4.989464591366507551e-01
4.989462611363650324e-01
4.989460594146867822e-01
4.989458538174103008e-01
4.989456441556959776e-01
4.989454302733186686e-01
4.989452119804751451e-01
4.989449891188985076e-01
4.989447614978280710e-01
4.989445289570903497e-01
4.989442913051457262e-01
4.989440483802027870e-01
4.989437999902712195e-01
4.989435459723967625e-01
4.989432861346341230e-01
4.989430203134733177e-01
4.989427483176661626e-01
4.989424699839232757e-01
4.989421851225198656e-01
4.989418935713139658e-01
4.989415951430897223e-01
4.989412896779495399e-01
4.989409769923434657e-01
4.989406569298857064e-01
4.989403293119982763e-01
4.989399939872363743e-01
4.989396507834864547e-01
4.989392995558261656e-01
4.989389401402489765e-01
4.989385724000979794e-01
4.989381961812795474e-01
4.989378113572988660e-01
4.989374177859119408e-01
4.989370153528276397e-01
4.989366039297420397e-01
4.989361834167270193e-01
4.989357537016276822e-01
4.989353147011590384e-01
4.989348663216285340e-01
4.989344084987744621e-01
4.989339411597630836e-01
4.989334642618024618e-01
4.989329777553825340e-01
4.989324816216839653e-01
4.989319758370137636e-01
4.989314604090332450e-01
4.989309353423775351e-01
4.989304006736962616e-01
4.989298564384111456e-01
4.989293027046159401e-01
4.989287395409270909e-01
4.989281670492435317e-01
4.989275853336697653e-01
4.989269945321472277e-01
4.989263947864111537e-01
4.989257862725011705e-01
4.989251691717327963e-01
4.989245437000864869e-01
4.989239100801614035e-01
4.989232685694546809e-01
4.989226194332604947e-01
4.989219629718580351e-01
4.989212994943184043e-01
4.989206293446043494e-01
4.989199528762671143e-01
4.989192704774534914e-01
4.989185825464693691e-01
4.989178895157073690e-01
4.989171918280420615e-01
4.989164899596876257e-01
4.989157843974070250e-01
4.989150756602973580e-01
4.989143642778001708e-01
4.989136508104122791e-01
4.989129358284960514e-01
4.989122199319184214e-01
4.989115037296220634e-01
4.989107878582297317e-01
4.989100729623712760e-01
4.989093597122375434e-01
4.989086487846581264e-01
4.989079408796440740e-01
4.989072367021841758e-01
4.989065369777940795e-01
4.989058424350475418e-01
4.989051538201227376e-01
4.989044718800866307e-01
4.989037973764580136e-01
4.989031310692340071e-01
4.989024737295030265e-01
4.989018261242242902e-01
4.989011890279023143e-01
4.989005632081217612e-01
4.988999494363321463e-01
4.988993484741505169e-01
4.988987610832488206e-01
4.988981880124607193e-01
4.988976300068093672e-01
4.988970877954172489e-01
4.988965620997244388e-01
4.988960536221962450e-01
4.988955630537553754e-01
4.988950910633473401e-01
4.988946383045803623e-01
4.988942054061709097e-01
4.988937929778430314e-01
4.988934016016505768e-01
4.988930318371763151e-01
4.988926842137441642e-01
4.988923592349501779e-01
4.988920573717958162e-01
4.988917790665463592e-01
4.988915247268199682e-01
4.988912947288122735e-01
4.988910894123317341e-01
4.988909090834187099e-01
4.988907540103533766e-01
4.988906244256695599e-01
4.988905205231551898e-01
4.988904424592777165e-01
4.988903903511816562e-01
4.988903642775356917e-01
