2.693566151619853494e-02
2.285037812939131815e-02
1.466824905743269354e-02
2.366219651023451429e-03
-1.409054590602843923e-02
-3.474828574153468463e-02
-5.966478160095698563e-02
-8.890770656380816983e-02
-1.225525858437007676e-01
-1.606757487696293674e-01
-2.033425839304005556e-01
-2.505844749958862638e-01
-3.023721477065827723e-01
-3.585987926558588668e-01
-4.190990455887462218e-01
-4.836860893061212252e-01
-5.521787098127090010e-01
-6.244023338781475863e-01
-7.001856664400504249e-01
-7.793555795618103410e-01
-8.617395212843432795e-01
-9.471651414979505024e-01
-1.035463836898659507e+00
-1.126468641447471164e+00
-1.220015062520464211e+00
-1.315936054383533671e+00
-1.414060370449351067e+00
-1.514205394185554887e+00
-1.616173609879568485e+00
-1.719743441826871333e+00
-1.824663342070874661e+00
-1.930639585965818750e+00
-2.037326513672567785e+00
-2.144309828826624464e+00
-2.251092082399986705e+00
-2.357072127073750689e+00
-2.461529404144729316e+00
-2.563608085906540879e+00
-2.662315740848259615e+00
-2.756536447188499217e+00
-2.845075509070489783e+00
-2.926734328767644389e+00
-3.000420953665201562e+00
-3.065274537339329086e+00
-3.120781953320438173e+00
-3.166847873602331109e+00
-3.203800046001129331e+00
-3.232323982355489456e+00
-3.253351981469289722e+00
-3.267936128515406935e+00
-3.277136955360670179e+00
-3.281942437693383674e+00
-3.283221910881419348e+00
-3.281708202262138663e+00
-3.277999723866658499e+00
-3.272573567958036556e+00
-3.265803453790270705e+00
-3.257978399750625975e+00
-3.249319836945223638e+00
-3.239996415101147331e+00
-3.230136002826108577e+00
-3.219835441849575819e+00
-3.209167944819003804e+00
-3.198189034982692025e+00
-3.186940799418321202e+00
-3.175455404110675062e+00
-3.163757415218690472e+00
-3.151865892899550214e+00
-3.139795575854557708e+00
-3.127558184218230508e+00
-3.115162951285188164e+00
-3.102618342555158115e+00
-3.089976447279268346e+00
-3.079348538708385430e+00
-3.095556661016590994e+00
-3.135096868117427604e+00
-3.175045876169146464e+00
-3.213777403640093233e+00
-3.251251907532415331e+00
-3.287470469544495622e+00
-3.322437041193924134e+00
-3.356156785551585031e+00
-3.388636580203379101e+00
-3.419884350145173446e+00
-3.449909566891463442e+00
-3.478722617921207405e+00
-3.506335272920789503e+00
-3.532760091664680413e+00
-3.558010856303289060e+00
-3.582102018833062118e+00
-3.605049099549481273e+00
-3.626868174315581506e+00
-3.647576240010768966e+00
-3.667190741171435064e+00
-3.685729903698513166e+00
-3.703212299997200585e+00
-3.719657152464152183e+00
-3.735083935930584520e+00
-3.749512652598787632e+00
-3.762963470354843132e+00
-3.775456970897876907e+00
-3.787013822314629685e+00
-3.797655002170984950e+00
-3.807401502614701894e+00
-3.816274530186750003e+00
-3.824295241635647713e+00
-3.831484922171658702e+00
-3.837864750122603752e+00
-3.843455955301991800e+00
-3.848279610613111412e+00
-3.852356772138167074e+00
-3.855708295795955198e+00
-3.858354960686773527e+00
-3.860317308929393842e+00
-3.861615753719235045e+00
-3.862270440504936619e+00
-3.862301341138239419e+00
-3.861728134600465268e+00
-3.860570288540758010e+00
-3.858846957823838242e+00
-3.856577054672752247e+00
-3.853779163378945771e+00
-3.850471600185920718e+00
-3.846672342579739112e+00
-3.842399079972285136e+00
-3.837669156072279097e+00
-3.832499611351173119e+00
-3.826907137081205779e+00
-3.820908110494047438e+00
-3.814518559159673305e+00
-3.807754189679075640e+00
-3.800630361166880800e+00
-3.793162108252021270e+00
-3.785364122516002183e+00
-3.777250770513063571e+00
-3.768836082103171226e+00
-3.760133764143008595e+00
-3.751157194738692802e+00
-3.741919433203097611e+00
-3.732433219336209973e+00
-3.722710980190405028e+00
-3.712764833567106848e+00
-3.702606592082263504e+00
-3.692247770143723518e+00
-3.681699585762431060e+00
-3.670972970348324704e+00
-3.660078568668892807e+00
-3.649026750870045355e+00
-3.637827610942816481e+00
-3.626490980440583822e+00
-3.615026425776863395e+00
-3.603443263170330368e+00
-3.591750555061458350e+00
-3.579957125873412860e+00
-3.568071557802185989e+00
-3.556102207033594809e+00
-3.544057199131492641e+00
-3.531944445398904620e+00
-3.519771638060853025e+00
-3.507546266502024945e+00
-3.495275612414808997e+00
-3.482966765686038357e+00
-3.470626619657116940e+00
-3.458261886469295554e+00
-3.445879092560840462e+00
-3.433484593313136379e+00
-3.421084568890297994e+00
-3.408685038058589800e+00
-3.396291854455002923e+00
-3.383910719479489071e+00
-3.371547179062963195e+00
-3.359206635555590736e+00
-3.346894345049275188e+00
-3.334615428206944898e+00
-3.322374868181074081e+00
-3.310177520347689750e+00
-3.298028110849986483e+00
-3.285931245217629471e+00
-3.273891407553673805e+00
-3.261912968034083260e+00
-3.250000182746164867e+00
-3.238157200076195785e+00
-3.226388061198756319e+00
-3.214696705371178354e+00
-3.203086971065425725e+00
-3.191562600197557664e+00
-3.180127239886906043e+00
-3.168784445656686266e+00
-3.157537683799285677e+00
-3.146390333590895594e+00
-3.135345690236416516e+00
-3.124406966146574760e+00
-3.113577294431675302e+00
-3.102859729293967028e+00
-3.092257250035702842e+00
-3.081772760623307406e+00
-3.071409094171923648e+00
-3.061169011740627610e+00
-3.051055207253228208e+00
-3.041070305585772182e+00
-3.031216867881274535e+00
-3.021497388992051558e+00
-3.011914303144605398e+00
-3.002469980800214433e+00
-2.993166734624865377e+00
-2.984006815831770520e+00
-2.974992420410775829e+00
-2.966125685016173907e+00
-2.957408693409472100e+00
-2.948843471955448159e+00
-2.940431996232180545e+00
-2.932176186197271939e+00
-2.924077912919210043e+00
-2.916138993474529428e+00
-2.908361197755151117e+00
-2.900746243155598147e+00
-2.893295801411692292e+00
-2.886011493135312467e+00
-2.878894894640712021e+00
-2.871947532382314705e+00
-2.865170889726088355e+00
-2.858566401343761498e+00
-2.852135459887926938e+00
-2.845879410393747033e+00
-2.839799556818026538e+00
-2.833897156497077408e+00
-2.828173426511341404e+00
-2.822629538245737368e+00
-2.817266623543224657e+00
-2.812085769411074576e+00
-2.807088023928663301e+00
-2.802274391140603615e+00
-2.797645836685752840e+00
-2.793203282915393881e+00
-2.788947614212514470e+00
-2.784879672370425663e+00
-2.781000261573435495e+00
-2.777310144068433573e+00
-2.773810044780231632e+00
-2.770500647305879749e+00
-2.767382598140005534e+00
-2.764456503018840383e+00
-2.761722930733293779e+00
-2.759182409846651751e+00
-2.756835432075385395e+00
-2.754682449401776534e+00
-2.752723877004854991e+00
-2.750960090786238155e+00
-2.749391429836023359e+00
-2.748018194387365387e+00
-2.746840647804583035e+00
-2.745859014979135537e+00
-2.745073483829710170e+00
-2.744484204149468809e+00
-2.744091288610378765e+00
-2.743894812068762956e+00
