6.229455979334343851e+01
6.213775946924067028e+01
6.182458484181587721e+01
6.135791241261587459e+01
6.074085168248618771e+01
5.997802049878669095e+01
5.907480071551175627e+01
5.803765172126426108e+01
5.687387840624568724e+01
5.559153524249754241e+01
5.419948847070998710e+01
5.270704469341095688e+01
5.112422632286851609e+01
4.946119503478653456e+01
4.772869502175861811e+01
4.593732124109370574e+01
4.409809806765377971e+01
4.222163348307334729e+01
4.031880631491294764e+01
3.839984249745577216e+01
3.647508675837080006e+01
3.455403322872825100e+01
3.264615894673001151e+01
3.075993744592024726e+01
2.890371258082081241e+01
2.708471995122449627e+01
2.530998071033371133e+01
2.358535174092956055e+01
2.191642048069772386e+01
2.030760073136941557e+01
1.876301121446535802e+01
1.728562989716395037e+01
1.587814098866857471e+01
1.454215684664928077e+01
1.327902040387019156e+01
1.208910020246078609e+01
1.097253773208395167e+01
9.928618023993269759e+00
8.956453994050061596e+00
8.054432378418207250e+00
7.220829805440773796e+00
6.453331698780974790e+00
5.749577350434119438e+00
5.106747751870122087e+00
4.522039314986011860e+00
3.992315387194367737e+00
3.514510393998260263e+00
3.085338999952973893e+00
2.701634274618545106e+00
2.360108016025559863e+00
2.057628045093267133e+00
1.791023049864909344e+00
1.557305285450347743e+00
1.353513392196004084e+00
1.176887581739703981e+00
1.024744297158407313e+00
8.946107649727200739e-01
7.841249678383448440e-01
6.911183231214479417e-01
6.134474749165224061e-01
5.485827841400530147e-01
4.937515993818175630e-01
4.480518245563618329e-01
4.116527649431546698e-01
3.839047259388197464e-01
3.635650752487479820e-01
3.491195056210397163e-01
3.391923413699724499e-01
3.325950026365695478e-01
3.284459723397666342e-01
3.260553304930098317e-01
3.249696274654744199e-01
3.248340134682736191e-01
3.254497451561860766e-01
3.266455736487163253e-01
3.283608532435615124e-01
3.305216943539822649e-01
3.331471558591700965e-01
3.362216185464214635e-01
3.398228530524056712e-01
3.439840897441934220e-01
3.488468322983826475e-01
3.545083552403403004e-01
3.612075292513327041e-01
3.691570073203522817e-01
3.787805072665219042e-01
3.905409068155122898e-01
4.052745780916898743e-01
4.240827999425373918e-01
4.487276853855959313e-01
4.701974814038231698e-01
4.735830183892245082e-01
4.755927870894003928e-01
4.770468791841639966e-01
4.779443685517227314e-01
4.781485749923235495e-01
4.776044461038545519e-01
4.762007266727592003e-01
4.738772660925522073e-01
4.705490576267594705e-01
4.661793305836404722e-01
4.607293282179784066e-01
4.542186116240356508e-01
4.466833948149099287e-01
4.382295850008214311e-01
4.289854310787952762e-01
4.191459644190438372e-01
4.089107420461722819e-01
3.985221981462980789e-01
3.881910065135601995e-01
3.781391251740700565e-01
3.685233279786546134e-01
3.594934561315216714e-01
3.511206962194739489e-01
3.434721705228584998e-01
3.365418310554333381e-01
3.303351911746270075e-01
3.247974632635377557e-01
3.199022523128027262e-01
3.155738190399755561e-01
3.117769392775209814e-01
3.084330540164009760e-01
3.055110393076942432e-01
3.029382536623878019e-01
3.006928810123584705e-01
2.987108851847725122e-01
2.969806386040990676e-01
2.954463769517837179e-01
2.941056561278108661e-01
2.929095031078049471e-01
2.918631073066983994e-01
2.909225939198213373e-01
2.900992941076415699e-01
2.893529057565738527e-01
2.886996778339825376e-01
2.881016296312333136e-01
2.875790028829485756e-01
2.870951529240415856e-01
2.866736519833587571e-01
2.862784255760180141e-01
2.859359241756823100e-01
2.856100454851494552e-01
2.853298265602009498e-01
2.850586621903444806e-01
2.848280048219735128e-01
2.846003585401256086e-01
2.844095100564088541e-01
2.842167453892380791e-01
2.840581722630203809e-01
2.838935718300469313e-01
2.837614116218279414e-01
2.836197071217796961e-01
2.835093654121004225e-01
2.833863908038843360e-01
2.832942429605095347e-01
2.831866768876192819e-01
2.831098459553515467e-01
2.830150191289037553e-01
2.829512092869756468e-01
2.828669594167933510e-01
2.828143302420473293e-01
2.827388919847054760e-01
2.826959628718295203e-01
2.826278837316122394e-01
2.825934607475734661e-01
2.825315363358608112e-01
2.825046558746440173e-01
2.824478797004184583e-01
2.824277648019329900e-01
2.823752890362335455e-01
2.823613153129560516e-01
2.823124198875291979e-01
2.823040887860875925e-01
2.822581568534083818e-01
2.822550745484448398e-01
2.822115728180562000e-01
2.822134334557204194e-01
2.821718962796666563e-01
2.821784685974387807e-01
2.821384849422783336e-01
2.821496015229952858e-01
2.821108041633142438e-01
2.821263527534346727e-01
2.820884091682568373e-01
2.821083256225476177e-01
2.820709301865033658e-01
2.820951927017478211e-01
2.820580598462928967e-01
2.820866842242423789e-01
2.820495423072700292e-01
2.820825780505579194e-01
2.820451637201747963e-01
2.820826908152992418e-01
2.820447436899348181e-01
2.820868699742589691e-01
2.820481274886055267e-01
2.820949865378501453e-01
2.820551788225586498e-01
2.821069283295885022e-01
2.820657730077427705e-01
2.821225936597037132e-01
2.820797904483113849e-01
2.821418853444101482e-01
2.820971103519026579e-01
2.821647050444782145e-01
2.821176046467491760e-01
2.821909479315994340e-01
2.821411320968627567e-01
2.822204977315648788e-01
2.821675326315083443e-01
2.822532222245054401e-01
2.821966219312075363e-01
2.822889693197550010e-01
2.822281863163506599e-01
2.823275638582928848e-01
2.822619779925879535e-01
2.823688053284493238e-01
2.822977106936009895e-01
2.824124667235117792e-01
2.823350557297848451e-01
2.824582948128122051e-01
2.823736383986015230e-01
2.825060121649820011e-01
2.824130346130873659e-01
2.825553213490047955e-01
2.824527674513666042e-01
2.826059118970906114e-01
2.824923030783050293e-01
2.826574708614085774e-01
2.825310450847002830e-01
2.827096982494913813e-01
2.825683255923385206e-01
2.827623294480840488e-01
2.826033902660422537e-01
2.828151682755577490e-01
2.826353721253708762e-01
2.828681373260668597e-01
2.826632446776062846e-01
2.829213584021463279e-01
2.826857358026418354e-01
2.829752892188203695e-01
2.827011635135350809e-01
2.830309737898420441e-01
2.827071052291906250e-01
2.830905441416924351e-01
2.826996779607376387e-01
2.831583433038011854e-01
2.826717883426132505e-01
2.832438293820613850e-01
2.826081342194218249e-01
2.833707954686824348e-01
2.824668533871853571e-01
2.836181718096916771e-01
2.820730487208368831e-01
2.844871882901920390e-01
2.784567617501543801e-01
