8.941667561519601293e+00
8.945543858747377897e+00
8.953307641637309189e+00
8.964981491387119306e+00
8.980600157567305786e+00
9.000211483889907882e+00
9.023878735333790146e+00
9.051683923056399905e+00
9.083735081399746392e+00
9.120178669886719547e+00
9.161223289014925442e+00
9.207175173808533231e+00
9.258476449394589025e+00
9.315705216252418097e+00
9.379503850809690846e+00
9.450468884703859374e+00
9.529080785146051724e+00
9.615686791784721521e+00
9.710506364523608269e+00
9.813634817551957212e+00
9.925046287625889363e+00
1.004459726267340081e+01
1.017203712651818570e+01
1.030702181499180270e+01
1.044913327647750378e+01
1.059789733502413078e+01
1.075280292119399128e+01
1.091331488826869212e+01
1.107888552512831382e+01
1.124895737102235671e+01
1.142296444408317413e+01
1.160032441626269595e+01
1.178043008411146531e+01
1.196263226244091271e+01
1.214622349500946896e+01
1.233041500357710341e+01
1.251431835889320254e+01
1.269692669029707055e+01
1.287711102330995061e+01
1.305363079212832567e+01
1.322517691485709790e+01
1.339044460273153980e+01
1.354824296782020987e+01
1.369761791159167785e+01
1.383796836852872758e+01
1.396911517579654571e+01
1.409130639096981774e+01
1.420515100950115439e+01
1.431150830277231201e+01
1.441135998786088912e+01
1.450569937657846609e+01
1.459544961830526333e+01
1.468141820841403344e+01
1.476427840109475298e+01
1.484457195251646588e+01
1.492272150888811488e+01
1.499904923205926188e+01
1.507379476464266155e+01
1.514713303233642350e+01
1.521918833834834039e+01
1.529004705100595807e+01
1.535976664059687025e+01
1.542838375681119167e+01
1.549591944484858530e+01
1.556238406816501296e+01
1.562778009294187065e+01
1.569210507039605140e+01
1.575535298907580106e+01
1.581751611994964790e+01
1.587858555474804945e+01
1.593855242068798894e+01
1.599740877327312560e+01
1.605519277374211029e+01
1.611400326823597595e+01
1.619865409748990714e+01
1.630563619552642152e+01
1.641202001299063440e+01
1.651617297172629506e+01
1.661805137421205814e+01
1.671765362154448553e+01
1.681498286659643782e+01
1.691004480540689769e+01
1.700284851718057766e+01
1.709340530148381632e+01
1.718172948547565682e+01
1.726783733249691011e+01
1.735174779568065517e+01
1.743348149404649305e+01
1.751306141393490989e+01
1.759051195130975032e+01
1.766585956244703226e+01
1.773913187119877577e+01
1.781035827084640744e+01
1.787956909473863121e+01
1.794679617167964025e+01
1.801207205796184141e+01
1.807543054896920864e+01
1.813690597027720486e+01
1.819653364835355447e+01
1.825434925809667064e+01
1.831038925560519104e+01
1.836469027928994180e+01
1.841728954772182192e+01
1.846822431126035724e+01
1.851753221794522020e+01
1.856525081247361086e+01
1.861141787303209583e+01
1.865607095436155305e+01
1.869924769832545763e+01
1.874098541777574312e+01
1.878132138353105418e+01
1.882029244575435101e+01
1.885793529987575567e+01
1.889428614224281944e+01
1.892938091737497786e+01
1.896325500470662107e+01
1.899594344941664659e+01
1.902748067718310665e+01
1.905790071067099944e+01
1.908723690933560135e+01
1.911552217350187632e+01
1.914278870638347385e+01
1.916906820753805718e+01
1.919439165441616879e+01
1.921878948683037081e+01
1.924229140550330541e+01
1.926492654904566848e+01
1.928672330714166350e+01
1.930770949139181880e+01
1.932791216093549025e+01
1.934735778839209885e+01
1.936607209589231715e+01
1.938408021721738095e+01
1.940140654238271267e+01
1.941807487696357626e+01
1.943410829353879521e+01
1.944952928907544631e+01
1.946435964170555977e+01
1.947862056694314958e+01
1.949233257842324107e+01
1.950551564361907708e+01
1.951818904733137572e+01
1.953037154748579241e+01
1.954208124029858240e+01
1.955333571664823111e+01
1.956415192798755243e+01
1.957454634370138535e+01
1.958453481696352583e+01
1.959413274341836697e+01
1.960335492630537146e+01
1.961221573673364560e+01
1.962072897750792677e+01
1.962890804520299426e+01
1.963676579223287177e+01
1.964431469086977344e+01
1.965156669319722482e+01
1.965853339716641202e+01
1.966522590415991800e+01
1.967165498712965643e+01
1.967783094558242851e+01
1.968376377579622982e+01
1.968946302311182350e+01
1.969493795418460635e+01
1.970019740653469498e+01
1.970524996275300467e+01
1.971010379731997020e+01
1.971476685265393058e+01
1.971924668326404984e+01
1.972355063349429471e+01
1.972768567912413573e+01
1.973165860663867122e+01
1.973547585243018787e+01
1.973914368339890046e+01
1.974266803394702308e+01
1.974605468769477312e+01
1.974930911248913290e+01
1.975243664299971869e+01
1.975544231399294759e+01
1.975833104355841385e+01
1.976110746491950820e+01
1.976377611002707368e+01
1.976634124019905059e+01
1.976880702980582427e+01
1.977117739604619473e+01
1.977345618244070025e+01
1.977564698806340715e+01
1.977775335055201467e+01
1.977977857512464865e+01
1.978172591680990422e+01
1.978359840958515292e+01
1.978539904752504697e+01
1.978713061440292620e+01
1.978879586345481201e+01
1.979039734778629267e+01
1.979193759844844180e+01
1.979341895599490186e+01
1.979484374656480483e+01
1.979621411493327443e+01
1.979753219829934352e+01
1.979879996117033158e+01
1.980001936655461847e+01
1.980119221301618992e+01
1.980232030297652912e+01
1.980340528227100805e+01
1.980444880526710349e+01
1.980545237724833285e+01
1.980641751606284373e+01
1.980734559765244640e+01
1.980823801395090911e+01
1.980909602186872931e+01
1.980992089716727733e+01
1.981071378720079679e+01
1.981147586049973341e+01
1.981220816356227488e+01
1.981291176588859670e+01
1.981358762110376404e+01
1.981423670719282271e+01
1.981485989222711908e+01
1.981545806955868727e+01
1.981603202841091971e+01
1.981658258380049986e+01
1.981711045224167833e+01
1.981761637617349336e+01
1.981810100501580152e+01
1.981856501388929814e+01
1.981900899024926943e+01
1.981943354669631319e+01
1.981983921340185972e+01
1.982022654481802704e+01
1.982059601809605454e+01
1.982094813351481477e+01
1.982128331908124252e+01
1.982160202450748798e+01
1.982190463216945275e+01
1.982219154447440346e+01
1.982246310134079081e+01
1.982271966080930170e+01
1.982296152319431926e+01
1.982318900480295909e+01
1.982340236889578478e+01
1.982360189238984916e+01
1.982378780375306349e+01
1.982396034257977746e+01
1.982411970452979944e+01
1.982426609367673720e+01
1.982439967459006880e+01
1.982452061736861282e+01
1.982462905695067690e+01
1.982472513075744658e+01
1.982480894530311488e+01
1.982488060638538485e+01
1.982494019305450195e+01
1.982498778030028674e+01
1.982502342042596766e+01
1.982504715819388252e+01
1.982505901963671846e+01
