0.000000000000000000e+00
0.000000000000000000e+00
2.460983784202410394e+21
7.381770022485026144e+21
1.475998592802720894e+22
2.459204563135651591e+22
3.687311970825369603e+22
5.159709175306953897e+22
6.875650728914604104e+22
8.834250820240272471e+22
1.103447605982852798e+23
1.347513666144538943e+23
1.615487706519107766e+23
1.907216479789144311e+23
2.222527886694511133e+23
2.561229623556934950e+23
2.923107791724088855e+23
3.307925300328661202e+23
3.715420239258235290e+23
4.145304032062138577e+23
4.597259567510813262e+23
5.070939100053523378e+23
5.565962138119288474e+23
6.081913093776695739e+23
6.618338930985575551e+23
7.174746572669609616e+23
7.750600319762442234e+23
8.345319033478497729e+23
8.958273346978186978e+23
9.588782654102643157e+23
1.023611215077347802e+24
1.089946967996479255e+24
1.157800266074641165e+24
1.227079486420548676e+24
1.297686331579636652e+24
1.369515511004215577e+24
1.442454440831107549e+24
1.516382944360483606e+24
1.591172978304479998e+24
1.666688373062498230e+24
1.742784608370327407e+24
1.819308621481279192e+24
1.896098662616561906e+24
1.972984208649878713e+24
2.049785937722908984e+24
2.126315798538475090e+24
2.202377153325836735e+24
2.277765070152469574e+24
2.352266689760801277e+24
2.425661829406592648e+24
2.497723569795776586e+24
2.568219009408237941e+24
2.636907827330756706e+24
2.703529864363412770e+24
2.767743643172770610e+24
2.829046635292223762e+24
2.886855334056161366e+24
2.940711686028929152e+24
2.990384392979648373e+24
3.035852069591112772e+24
3.077252181332779436e+24
3.114825691744708753e+24
3.148870615506701750e+24
3.179707349044229696e+24
3.207655644416165913e+24
3.233020582294160402e+24
3.256085096874174530e+24
3.277106752763178701e+24
3.296317186525187879e+24
3.313923074823329736e+24
3.330107903581908271e+24
3.345034097582433752e+24
3.358845229136281436e+24
3.371668170173611275e+24
3.383615099590397238e+24
3.394785337050153538e+24
3.405267003330619171e+24
3.415138494633280658e+24
3.424469833415833095e+24
3.433323847363401754e+24
3.441757332544167780e+24
3.449822051778924930e+24
3.457565962512904722e+24
3.465034223156060190e+24
3.472271129103365554e+24
3.479315763856351450e+24
3.486191864490990322e+24
3.492912329386817273e+24
3.499487961827365030e+24
3.505928830864440238e+24
3.512244396824567931e+24
3.518443441404238048e+24
3.524534168176867301e+24
3.530524163353215605e+24
3.536420465615031555e+24
3.542229545689240232e+24
3.547957360101361046e+24
3.553609343238987458e+24
3.559190454426351897e+24
3.564705181363660950e+24
3.570157587662307869e+24
3.575551329367652024e+24
3.580889709371003947e+24
3.586175710438314144e+24
3.591412062760410481e+24
3.596601297777309296e+24
3.601745834436397780e+24
3.606848057067101126e+24
3.611910422679833201e+24
3.616935561250538172e+24
3.621926398948703692e+24
3.626886270340670301e+24
3.631819042920903586e+24
3.636729222762968587e+24
3.641622060895838287e+24
3.646503633977308013e+24
3.651380918339469985e+24
3.656261837367493995e+24
3.661155302298450536e+24
3.666071232385927778e+24
3.671020574815514142e+24
3.676015314212077234e+24
3.681068490613700006e+24
3.686194217391694679e+24
3.691407715112579091e+24
3.696725353196779129e+24
3.702164712212068810e+24
3.707744658865674420e+24
3.713485443890423718e+24
3.719408815503358864e+24
3.725538156728775164e+24
3.731898640356212459e+24
3.738517408522141497e+24
3.745423772107103072e+24
3.752649435996558262e+24
3.760228746986477526e+24
3.768198969606222593e+24
3.776600588299573930e+24
3.785477640495864692e+24
3.794878080707790373e+24
3.804854179403206431e+24
3.815462958523704830e+24
3.826766666514995622e+24
3.838833296541268075e+24
3.851737149722037164e+24
3.865559448953681443e+24
3.880389003932889675e+24
3.896322934950202811e+24
3.913467454594494625e+24
3.931938717078513223e+24
3.951863732521569670e+24
3.973381358190899107e+24
3.996643361816536808e+24
4.021815571428623958e+24
4.049079104090532657e+24
4.078631690579505723e+24
4.110689085006864854e+24
4.145486579180331426e+24
4.183280606544264503e+24
4.224350458385989418e+24
4.269000092064233225e+24
4.317560056950478841e+24
4.370389511676912441e+24
4.427878361481769472e+24
4.490449481836713021e+24
4.558561060326271126e+24
4.632709014146582506e+24
4.713429518440697000e+24
4.801301592462736786e+24
4.896949782105577543e+24
5.001046873728475837e+24
5.114316681230533515e+24
5.237536827487816920e+24
5.371541565659938111e+24
5.517224545880804373e+24
5.675541576644429210e+24
5.847513269071595824e+24
6.034227617567144403e+24
6.236842386160273085e+24
6.456587358839856916e+24
6.694766303004083710e+24
6.952758710020737014e+24
7.232021140990982103e+24
7.534088248629494240e+24
7.860573282056592805e+24
8.213168153982223195e+24
8.593642856253456873e+24
9.003844313937987148e+24
9.445694444466352003e+24
9.921187525332925334e+24
1.043238661984622115e+25
1.098141918090027787e+25
1.157047156879059965e+25
1.220178262312624556e+25
1.287763601616125940e+25
1.360035155164331259e+25
1.437227513375994624e+25
1.519576759847355693e+25
1.607319213613001456e+25
1.700690052990507681e+25
1.799921795121592538e+25
1.905242657261171334e+25
2.016874776004385895e+25
2.135032314384818810e+25
2.259919435982374180e+25
2.391728180015923774e+25
2.530636220346443117e+25
2.676804546390827966e+25
2.830375053408271153e+25
2.991468083941335308e+25
3.160179913007296179e+25
3.336580222088999807e+25
3.520709560039109399e+25
3.712576838392516317e+25
3.912156864835563945e+25
4.119387963623675260e+25
4.334169692134383152e+25
4.556360702170107044e+25
4.785776760099432985e+25
5.022188972500032825e+25
5.265322235413066758e+25
5.514853949901785455e+25
5.770413024842430972e+25
6.031579203489154752e+25
6.297882736085204010e+25
6.568804426682049266e+25
6.843776076114731499e+25
7.122181338775425411e+25
7.403357013051604626e+25
7.686594770651587857e+25
7.971143340876765357e+25
8.256211141147698007e+25
8.540969364473532512e+25
8.824555500314519897e+25
9.106077292893220330e+25
9.384617098292040110e+25
9.659236636909689438e+25
9.928982088037383321e+25
1.019288951530695861e+26
1.044999055657045174e+26
1.069931835937656829e+26
1.093991368461903143e+26
1.117083115275712733e+26
1.139114554718988552e+26
1.159995814379490449e+26
1.179640297686390860e+26
1.197965300690630113e+26
1.214892610031035047e+26
1.230349078499411886e+26
1.244267169613869286e+26
1.256585467718019086e+26
1.267249145857632800e+26
1.276210388295840883e+26
1.283428761162432697e+26
1.288871528662251437e+26
1.292513909927417627e+26
