9.006388624491782124e+00
9.004021543803224503e+00
8.999304556083613349e+00
8.992274987839056877e+00
8.982996131782783777e+00
8.971564917138962869e+00
8.958120031560918406e+00
8.942847431351848897e+00
8.925980985236021681e+00
8.907796420607288823e+00
8.888600568261486146e+00
8.868718036008859329e+00
8.848478755582105393e+00
8.828206330850578709e+00
8.808208032079694050e+00
8.788764788923757010e+00
8.770122592775024373e+00
8.752484495190280711e+00
8.736005581922160701e+00
8.720789945510551533e+00
8.706891726017168764e+00
8.694318176558605060e+00
8.683036217951141111e+00
8.672979553203475689e+00
8.664057712628208563e+00
8.656163815122445371e+00
8.649182906348784172e+00
8.642997773199926570e+00
8.637494817249315560e+00
8.632567007235502743e+00
8.628117121463635186e+00
8.624058209710716127e+00
8.620314930163411660e+00
8.616822390752123084e+00
8.613526481538331225e+00
8.610381904475504555e+00
8.607352200424367439e+00
8.604407503604043939e+00
8.601524679225960313e+00
8.598685072701144350e+00
8.595874950425786309e+00
8.593083330758034322e+00
8.590302786620837239e+00
8.587527344357301473e+00
8.584753644697773467e+00
8.581978850821299076e+00
8.579202146843478261e+00
8.576422582021887564e+00
8.573640892032118543e+00
8.570857204231936421e+00
8.568073183846665941e+00
8.565289524880659755e+00
8.562508444946123731e+00
8.559730882024368270e+00
8.556959386384106026e+00
8.554194932020402931e+00
8.551440282123570213e+00
8.548696305503570514e+00
8.545965920583146413e+00
8.543249792253115871e+00
8.540550959031136813e+00
8.537869856917478018e+00
8.535209471482572141e+00
8.532570549781951286e+00
8.529954654668300051e+00
8.527416231508988531e+00
8.525139854421261987e+00
8.523196682478634045e+00
8.521528441552540301e+00
8.520101359655068762e+00
8.518874675541795227e+00
8.517822172029347882e+00
8.516915136039278522e+00
8.516134428072280826e+00
8.515459448862648273e+00
8.514876494572074961e+00
8.514370645776400792e+00
8.513932186442687566e+00
8.513550217747237525e+00
8.513217897815264834e+00
8.512927189573840536e+00
8.512673306027760844e+00
8.512450256652376979e+00
8.512254718334764547e+00
8.512082171771375272e+00
8.511930335449024554e+00
8.511795754096462829e+00
8.511676887385755563e+00
8.511571054908614542e+00
8.511477244102785278e+00
8.511393343207249274e+00
8.511318715738520169e+00
8.511251670796699642e+00
8.511191839988830665e+00
8.511137846768347615e+00
8.511089513770379256e+00
8.511045701565985055e+00
8.511006368669727706e+00
8.510970556385590413e+00
8.510938319521944351e+00
8.510908838658645337e+00
8.510882236397625533e+00
8.510857801883727092e+00
8.510835704935024282e+00
8.510815320332280720e+00
8.510796850215687215e+00
8.510779737743309425e+00
8.510764206575936797e+00
8.510749755149188189e+00
8.510736620801203856e+00
8.510724347216202190e+00
8.510713179712903198e+00
8.510702699478326139e+00
8.510693155678026756e+00
8.510684160965594103e+00
8.510675965361706119e+00
8.510668208239607679e+00
8.510661138320299912e+00
8.510654417929336191e+00
8.510648292948147287e+00
8.510642445636976916e+00
8.510637117950503594e+00
8.510632009644195861e+00
8.510627357992554209e+00
8.510622878256036472e+00
8.510618802521696225e+00
8.510614859916476149e+00
8.510611277014211495e+00
8.510607795447297619e+00
8.510604636084160290e+00
8.510601551922185593e+00
8.510598758030157640e+00
8.510596017806724589e+00
8.510593540498229359e+00
8.510591099083477218e+00
8.510588897015232135e+00
8.510586716147351183e+00
8.510584754204773006e+00
8.510582801306345146e+00
8.510581049540759224e+00
8.510579296760257151e+00
8.510577729526440649e+00
8.510576152958577723e+00
8.510574748211750418e+00
8.510573327260509302e+00
8.510572065980831269e+00
8.510570782836850867e+00
8.510569648556288058e+00
8.510568487766267509e+00
8.510567466178031282e+00
8.510566414288497583e+00
8.510565492923317876e+00
8.510564538184736350e+00
8.510563706141502038e+00
8.510562838261551022e+00
8.510562085982273928e+00
8.510561295919321978e+00
8.510560615000473561e+00
8.510559894790032942e+00
8.510559277823746882e+00
8.510558620432149723e+00
8.510558060872087438e+00
8.510557460072632807e+00
8.510556952120273522e+00
8.510556402388033348e+00
8.510555940895962124e+00
8.510555437318124916e+00
8.510555017707465808e+00
8.510554555906674423e+00
8.510554174096400359e+00
8.510553750164973508e+00
8.510553402511149557e+00
8.510553012954462204e+00
8.510552696197903444e+00
8.510552337885513907e+00
8.510552049106509642e+00
8.510551719229823675e+00
8.510551455808903043e+00
8.510551151844405027e+00
8.510550911428211407e+00
8.510550631105443742e+00
8.510550411576970120e+00
8.510550152850569816e+00
8.510549952303144039e+00
8.510549713328360966e+00
8.510549530042851529e+00
8.510549309154045616e+00
8.510549141578827914e+00
8.510548937270566938e+00
8.510548784003882261e+00
8.510548594914267184e+00
8.510548454688652953e+00
8.510548279584590148e+00
8.510548151253120253e+00
8.510547989017275938e+00
8.510547871541366050e+00
8.510547721160591550e+00
8.510547613599170447e+00
8.510547474154238401e+00
8.510547375654132551e+00
8.510547246310574465e+00
8.510547156097931776e+00
8.510547036097889873e+00
8.510546953470553788e+00
8.510546842125501499e+00
8.510546766446173805e+00
8.510546663130417855e+00
8.510546593820571104e+00
8.510546497965419732e+00
8.510546434499827839e+00
8.510546345588382522e+00
8.510546287490232231e+00
8.510546205052715862e+00
8.510546151889224475e+00
8.510546075498773178e+00
8.510546026877239711e+00
8.510545956146135183e+00
8.510545911710400091e+00
8.510545846286683869e+00
8.510545805713945811e+00
8.510545745278358609e+00
8.510545708276316290e+00
8.510545652539551753e+00
8.510545618843817550e+00
8.510545567544054890e+00
8.510545536915827824e+00
8.510545489816497167e+00
8.510545462040481013e+00
8.510545418928257888e+00
8.510545393810778236e+00
8.510545354493777026e+00
8.510545331861083085e+00
8.510545296167242313e+00
8.510545275863989900e+00
8.510545243639603186e+00
8.510545225527492263e+00
8.510545196635916909e+00
8.510545180592480108e+00
8.510545154912964705e+00
8.510545140830480193e+00
8.510545118257143216e+00
8.510545106041677244e+00
8.510545086482594002e+00
8.510545076053174895e+00
8.510545059429588832e+00
8.510545050717459148e+00
8.510545036963105048e+00
8.510545029911117609e+00
8.510545018971630071e+00
8.510545013533727499e+00
8.510545005366182636e+00
8.510545001506972795e+00
8.510544996079500990e+00
8.510544993773930145e+00
8.510544991065444265e+00
8.510544990298575030e+00
