6.693542577915573055e+00
6.693961845080091955e+00
6.694800256161383523e+00
6.696057725410773820e+00
6.697733882952728202e+00
6.699828557443617605e+00
6.702341131982889166e+00
6.705271349942777626e+00
6.708618346734436244e+00
6.712381780920511076e+00
6.716560539293225496e+00
6.721154196254632396e+00
6.726161388778044703e+00
6.731581607943665446e+00
6.737413239435189993e+00
6.743655692059870255e+00
6.750307098469805034e+00
6.757366786485707877e+00
6.764832633716014954e+00
6.772703888554287843e+00
6.780978171287611822e+00
6.789654652760837017e+00
6.798730693405346415e+00
6.808205388774361211e+00
6.818075836668969991e+00
6.828341060063287671e+00
6.838997891139700691e+00
6.850045283560587173e+00
6.861479800728668366e+00
6.873300330945272485e+00
6.885503165561757122e+00
6.898087132319261627e+00
6.911048247225518359e+00
6.924385283329868912e+00
6.938093978113623272e+00
6.952173057154090507e+00
6.966617976517515132e+00
6.981427423252987374e+00
6.996596569677543620e+00
7.012124075471473539e+00
7.028004827788004505e+00
7.044237472964568703e+00
7.060816613006219100e+00
7.077740898667648217e+00
7.095004648963889160e+00
7.112606541724305842e+00
7.130540618270021724e+00
7.148805612628664541e+00
7.167395298254446878e+00
7.186308503095427902e+00
7.205538749053023828e+00
7.225085007237457724e+00
7.244940573559329522e+00
7.265104627090648748e+00
7.285570276475234586e+00
7.306336994721863931e+00
7.327397760413737693e+00
7.348752453785794003e+00
7.370393990767522219e+00
7.392322681366347403e+00
7.414530493631832364e+00
7.437013913069012716e+00
7.459755758967575368e+00
7.482744868324193277e+00
7.505960711557950304e+00
7.529392340753314983e+00
7.553019216424952553e+00
7.576831156458578853e+00
7.600807071550394589e+00
7.624936763660429939e+00
7.649197507284180020e+00
7.673578135663762900e+00
7.698053129555544771e+00
7.722609409329010077e+00
7.747217408999865995e+00
7.771861092670579119e+00
7.796505304093165556e+00
7.821129709406172914e+00
7.845691443718408209e+00
7.870163959031536649e+00
7.894493560766899343e+00
7.918644566126778805e+00
7.942547607216939198e+00
7.966153192039083564e+00
7.989368406498833508e+00
8.012122094531454408e+00
8.034284467523065132e+00
8.055748482478980677e+00
8.076325545694446717e+00
8.095837969661024758e+00
8.114293573584857810e+00
8.132891194487626763e+00
8.152486196089576254e+00
8.172982401883185588e+00
8.194451099438765596e+00
8.216835506777798059e+00
8.240161156923157648e+00
8.264378898388144989e+00
8.289490286788989692e+00
8.315443967181094465e+00
8.342225211515257755e+00
8.369778809828241961e+00
8.398078906180026948e+00
8.427067653097598310e+00
8.456712540286719815e+00
8.486955416274028607e+00
8.517761101744149244e+00
8.549073677809152727e+00
8.580858612028052335e+00
8.613064367798820342e+00
8.645659467505897311e+00
8.678598144795966363e+00
8.711853343022717411e+00
8.745385566949032352e+00
8.779172580552021543e+00
8.813180903152632695e+00
8.847392815650003683e+00
8.881780120052356509e+00
8.916328933294721537e+00
8.951015422172266867e+00
8.985828750018164612e+00
9.020748548645544318e+00
9.055766291694139269e+00
9.090864297950288275e+00
9.126035738371145456e+00
9.161264992854148304e+00
9.196546451739434858e+00
9.231866073522468241e+00
9.267219109895528106e+00
9.302592734760532167e+00
9.337982799437616777e+00
9.373377423118629537e+00
9.408772868281767288e+00
9.444157999353205213e+00
9.479529355532482882e+00
9.514876398179490380e+00
9.550195847960795348e+00
9.585477652780406643e+00
9.620718647686732794e+00
9.655909184459664729e+00
9.691046165627845710e+00
9.726120284503064539e+00
9.761128478654436336e+00
9.796061735566677697e+00
9.830917005793692098e+00
9.865685534767740350e+00
9.900364271453719667e+00
9.934944691353704727e+00
9.969423732683676320e+00
1.000379307946043816e+01
1.003804965392732740e+01
1.007218533190211929e+01
1.010619701730827735e+01
1.014007676480048303e+01
1.017382145974859142e+01
1.020742332561906274e+01
1.024087923055605742e+01
1.027418155914427977e+01
1.030732716479107225e+01
1.034030858737847858e+01
1.037312266893445489e+01
1.040576210034013016e+01
1.043822371625580914e+01
1.047050035551640867e+01
1.050258884992278219e+01
1.053448218426130012e+01
1.056617719236085762e+01
1.059766700383452331e+01
1.062894845971821667e+01
1.066001483407221784e+01
1.069086298054331508e+01
1.072148631789740847e+01
1.075188171796902203e+01
1.078204274503707438e+01
1.081196629483232741e+01
1.084164607842788719e+01
1.087107902125630687e+01
1.090025898287453643e+01
1.092918292428929661e+01
1.095784485558120913e+01
1.098624177924242495e+01
1.101436785821374009e+01
1.104222014239555705e+01
1.106979295017151443e+01
1.109708338475690326e+01
1.112408592275792785e+01
1.115079772656605961e+01
1.117721343393820810e+01
1.120333027222664946e+01
1.122914304336635816e+01
1.125464904534437061e+01
1.127984324734996235e+01
1.130472302353118152e+01
1.132928351340471451e+01
1.135352217261789676e+01
1.137743431403081118e+01
1.140101747989687375e+01
1.142426715932234771e+01
1.144718098599526712e+01
1.146975462799966827e+01
1.149198581495889115e+01
1.151387039643524979e+01
1.153540620210824663e+01
1.155658926522682961e+01
1.157741751921382978e+01
1.159788718285934372e+01
1.161799629652838917e+01
1.163774126599144942e+01
1.165712024121173052e+01
1.167612981590413135e+01
1.169476825169022938e+01
1.171303233066092098e+01
1.173092042751059161e+01
1.174842951255243584e+01
1.176555807427713596e+01
1.178230327043454828e+01
1.179866370330564251e+01
1.181463671662078063e+01
1.183022102568596523e+01
1.184541415805695763e+01
1.186021494052131509e+01
1.187462108158996976e+01
1.188863151720441813e+01
1.190224413324356156e+01
1.191545797170010346e+01
1.192827109153118137e+01
1.194068263692874332e+01
1.195269083496815199e+01
1.196429492748364609e+01
1.197549330408993384e+01
1.198628529906511275e+01
1.199666945843684651e+01
1.200664520317043937e+01
1.201621122912368733e+01
1.202536703773703408e+01
1.203411146776952911e+01
1.204244409459022691e+01
1.205036389271242747e+01
1.205787050469014687e+01
1.206496303356875011e+01
1.207164118229700733e+01
1.207790417530972782e+01
1.208375176927381034e+01
1.208918330311243849e+01
1.209419858081259314e+01
1.209879704929091915e+01
1.210297855389961619e+01
1.210674264362152108e+01
1.211008919982097432e+01
1.211301786834013150e+01
1.211552856195093675e+01
1.211762101900651167e+01
1.211929517995971572e+01
1.212055087230295491e+01
1.212138806142780290e+01
1.212180666166414333e+01
