2.047629144656082367e-02
1.997023632283045913e-02
2.017270075786364858e-02
2.004248687627935288e-02
2.013900225531572996e-02
2.006216961290541168e-02
2.012606429084257131e-02
2.007133952332751381e-02
2.011923312041014045e-02
2.007663707970730460e-02
2.011501985136165960e-02
2.008008339670042108e-02
2.011216855309061469e-02
2.008250199481526055e-02
2.011011629738834738e-02
2.008429146827045431e-02
2.010857317500469588e-02
2.008566833057789935e-02
2.010737473843227097e-02
2.008676042417695262e-02
2.010642082482944071e-02
2.008764820329200784e-02
2.010564701298367396e-02
2.008838494671255637e-02
2.010501006863701923e-02
2.008900747190961456e-02
2.010447999079445491e-02
2.008954219028430410e-02
2.010403542043337488e-02
2.009000872037952634e-02
2.010366087320281103e-02
2.009042215184153601e-02
2.010334501764393655e-02
2.009079453438089580e-02
2.010307958454765620e-02
2.009113591165956336e-02
2.010285867950900585e-02
2.009145508986526218e-02
2.010267837142354352e-02
2.009176025902265073e-02
2.010253647210452632e-02
2.009205947967118711e-02
2.010243215819906837e-02
2.009235970322625908e-02
2.010235900885315452e-02
2.009263354076223917e-02
2.010213536902916154e-02
2.009191966379098027e-02
2.009635604131143616e-02
2.005833970813503120e-02
1.988631721200329050e-02
1.870586586598599332e-02
1.164490349835411998e-02
-1.538740391032089594e-02
-6.059931972911125619e-02
-1.048119202233103175e-01
-1.414284950398190244e-01
-1.701542048904081117e-01
-1.918845712249425683e-01
-2.078858927136137957e-01
-2.193447133666097393e-01
-2.273647998512808577e-01
-2.327757849534415335e-01
-2.362831547838930568e-01
-2.383440044120019863e-01
-2.393594139538793852e-01
-2.395395888639622051e-01
-2.391052996662953178e-01
-2.381221562951221782e-01
-2.367125244050783395e-01
-2.348548351760590402e-01
-2.326159162147448667e-01
-2.299107082252279943e-01
-2.267669247471765237e-01
-2.230348123381014347e-01
-2.186986517831371601e-01
-2.135160810895037620e-01
-2.073966358425735068e-01
-1.999290966705565831e-01
-1.908585153587953054e-01
-1.794028318290227797e-01
-1.648842719697081738e-01
-1.455284157535753076e-01
-1.212507192829343217e-01
-1.121168974011313157e-01
-1.090837044054085714e-01
-1.061420442582027279e-01
-1.031637811533868687e-01
-1.002771986636065149e-01
-9.741785787865051005e-02
-9.469166249595836748e-02
-9.206597553694731428e-02
-8.963356591376925309e-02
-8.738416562719958369e-02
-8.540430015602856750e-02
-8.369979525610865556e-02
-8.235393591596681939e-02
-8.138373188421879623e-02
-8.086963735605132153e-02
-8.083493848213377242e-02
-8.135534364839336341e-02
-8.245423772844812094e-02
-8.419769529439571909e-02
-8.660029080727799089e-02
-8.970976378493936143e-02
-9.351969797759993042e-02
-9.804799670081948415e-02
-1.032544907874158868e-01
-1.091178380254885505e-01
-1.155572663446975124e-01
-1.225119722293954438e-01
-1.298657377407911040e-01
-1.375307871855141750e-01
-1.453725500267391280e-01
-1.532976452869078965e-01
-1.611752997147992694e-01
-1.689281435613255444e-01
-1.764474587780875958e-01
-1.836859478159815207e-01
-1.905656088225160527e-01
-1.970728092160400347e-01
-2.031591420062182074e-01
-2.088399762607235643e-01
-2.140893381448674138e-01
-2.189431715523277588e-01
-2.233891215292624355e-01
-2.274753173884725976e-01
-2.311954280775859738e-01
-2.346033428179346014e-01
-2.376934262984375379e-01
-2.405212376100761829e-01
-2.430786582106452542e-01
-2.454207486516438164e-01
-2.475353101744991458e-01
-2.494760444724596071e-01
-2.512260672225999913e-01
-2.528376380611694341e-01
-2.542891222872837864e-01
-2.556316598776883775e-01
-2.568390479079660227e-01
-2.579618066622307304e-01
-2.589694236140627770e-01
-2.599123510739883014e-01
-2.607560129143439709e-01
-2.615513352158325699e-01
-2.622598710076413653e-01
-2.629335268963903238e-01
-2.635301104399748739e-01
-2.641029749085949119e-01
-2.646062394234566240e-01
-2.650951330845771614e-01
-2.655200800516513970e-01
-2.659385848617691894e-01
-2.662973132155167511e-01
-2.666564235099545543e-01
-2.669587090114700634e-01
-2.672673472550064488e-01
-2.675211002150805206e-01
-2.677865238996187114e-01
-2.679981496919541240e-01
-2.682262717231462812e-01
-2.684009543395838859e-01
-2.685965951470050128e-01
-2.687385201275123148e-01
-2.689056060697533890e-01
-2.690181357628173564e-01
-2.691598553230319935e-01
-2.692456666511657826e-01
-2.693645934232438144e-01
-2.694257860989037745e-01
-2.695239755835115436e-01
-2.695621569628944281e-01
-2.696412226406466051e-01
-2.696575740330640070e-01
-2.697187469779326330e-01
-2.697140751685676019e-01
-2.697582505375725748e-01
-2.697330274663746197e-01
-2.697608004915487134e-01
-2.697151934104339288e-01
-2.697268869815023229e-01
-2.696607809406637579e-01
-2.696564664649789278e-01
-2.695694806307888935e-01
-2.695489935628947453e-01
-2.694404926164823411e-01
-2.694034438459672609e-01
-2.692725455380446942e-01
-2.692183296937903925e-01
-2.690639095272184256e-01
-2.689917111913392445e-01
-2.688124051552449045e-01
-2.687212039757844728e-01
-2.685154102654524477e-01
-2.684039860070192574e-01
-2.681698667246068535e-01
-2.680368054054270699e-01
-2.677722893503349799e-01
-2.676159917785024822e-01
-2.673187795999479865e-01
-2.671374738477991784e-01
-2.668050470512423056e-01
-2.665968066903665057e-01
-2.662264422544483589e-01
-2.659892125236659188e-01
-2.655780051959144017e-01
-2.653096396739395568e-01
-2.648545343563963872e-01
-2.645528451647491397e-01
-2.640506821487176858e-01
-2.637135071792764407e-01
-2.631610833096352242e-01
-2.627863744328368112e-01
-2.621805234986963051e-01
-2.617664600971406075e-01
-2.611041557759963272e-01
-2.606492881721322874e-01
-2.599277725466703215e-01
-2.594311998506741435e-01
-2.586481396841084912e-01
-2.581097261030162460e-01
-2.572633974469672458e-01
-2.566840300327546953e-01
-2.557735290230173097e-01
-2.551554179897515540e-01
-2.541808914906855676e-01
-2.535279115430855157e-01
-2.524907951798475714e-01
-2.518088628302133647e-01
-2.507121054482727152e-01
-2.500095835167165381e-01
-2.488578256709204906e-01
-2.481459432522370168e-01
-2.469456022658147731e-01
-2.462388787888711017e-01
-2.449980728715939471e-01
-2.443147431941897207e-01
-2.430429588439753652e-01
-2.424054217283536650e-01
-2.411127838116934319e-01
-2.405481571449356315e-01
-2.392440772724990783e-01
-2.387850820310539746e-01
-2.374758768872467507e-01
-2.371625955786587636e-01
-2.358472031628645604e-01
-2.357310879210599563e-01
-2.343926754770408460e-01
-2.345466520256396792e-01
-2.331333805810657522e-01
-2.336810634322220026e-01
-2.320495188053900981e-01
-2.332744088098562818e-01
-2.309339848764029868e-01
-2.340291782243545948e-01
-2.257911802434900972e-01
