-1.677452720291673804e+00
-1.676709374803278862e+00
-1.675223624706855485e+00
-1.672997349070555639e+00
-1.670033369964505798e+00
-1.666335444566373614e+00
-1.661908275382377509e+00
-1.656757497727662676e+00
-1.650889696611641533e+00
-1.644312390644454114e+00
-1.637034057657949404e+00
-1.629064116699070919e+00
-1.620412965489532509e+00
-1.611091962931089583e+00
-1.601113482741569172e+00
-1.590490899641027633e+00
-1.579238664481872778e+00
-1.567372296886000438e+00
-1.554908485183059685e+00
-1.541865080246227482e+00
-1.528261201067940167e+00
-1.514117160507907345e+00
-1.499454362187214951e+00
-1.484294481060065563e+00
-1.468656980590355321e+00
-1.452551520685347208e+00
-1.435963370074888168e+00
-1.418849131630804949e+00
-1.401164681914713439e+00
-1.382887546721672578e+00
-1.364010544536789160e+00
-1.344532392093366058e+00
-1.324453270020248485e+00
-1.303773691152071645e+00
-1.282493970933723526e+00
-1.260614262664146112e+00
-1.238134400233436683e+00
-1.215053989793495992e+00
-1.191372300140143947e+00
-1.167088341248184724e+00
-1.142200775438167337e+00
-1.116707984964756983e+00
-1.090607999097455982e+00
-1.063898555578638661e+00
-1.036577042289043904e+00
-1.008640557550365635e+00
-9.800858678320349959e-01
-9.509094735095490192e-01
-9.211075879044903214e-01
-8.906762188625629850e-01
-8.596111802425336901e-01
-8.279082061179885432e-01
-7.955630141896727903e-01
-7.625714784183039718e-01
-7.289297737800816135e-01
-6.946346421809055371e-01
-6.596836549439886177e-01
-6.240756087086128945e-01
-5.878109360882346479e-01
-5.508922508163256460e-01
-5.133249056781227226e-01
-4.751176595613192388e-01
-4.362833216879843934e-01
-3.968394443282634021e-01
-3.568089227151519660e-01
-3.162205563721309232e-01
-2.751094318551209894e-01
-2.335171793855051192e-01
-1.914919796153176923e-01
-1.490883873046985886e-01
-1.063668773113399801e-01
-6.339320544665427715e-02
-2.023752494346078845e-02
2.302662119687194989e-02
6.632346168136078746e-02
1.095761759130776947e-01
1.527081090679735520e-01
1.956438917185571169e-01
2.383104930360887552e-01
2.806380983098583637e-01
3.225608627699503295e-01
3.640174599204571981e-01
4.049514987073726258e-01
4.453117490860145633e-01
4.850522638232144801e-01
5.241323469627239273e-01
5.625164604024914805e-01
6.001740210040020784e-01
6.370791765524981276e-01
6.732105100321479352e-01
7.085507545075144797e-01
7.430864636083144292e-01
7.768077136755473511e-01
8.097077785824209339e-01
8.417828481224043369e-01
8.730317282243672539e-01
9.034555900803027395e-01
9.330577049457946526e-01
9.618432290640978044e-01
9.898189749599063392e-01
1.016993231763892114e+00
1.043375570971702304e+00
1.068976699047937684e+00
1.093808293849490632e+00
1.117882885338089993e+00
1.141213718358738971e+00
1.163814657170452405e+00
1.185700070425511177e+00
1.206884755564715528e+00
1.227383842295405758e+00
1.247212733412931929e+00
1.266387023619149899e+00
1.284922453877161086e+00
1.302834842942403926e+00
1.320140052861576763e+00
1.336853931059462486e+00
1.352992285027567299e+00
1.368570833207080950e+00
1.383605187273452941e+00
1.398110810381084868e+00
1.412103005742433526e+00
1.425596881061699239e+00
1.438607342341152506e+00
1.451149063539667772e+00
1.463236484725379372e+00
1.474883786160642529e+00
1.486104890068586037e+00
1.496913438478086444e+00
1.507322797990313212e+00
1.517346040823067677e+00
1.526995952058805228e+00
1.536285013413033695e+00
1.545225412522927222e+00
1.553829029034061504e+00
1.562107445552454177e+00
1.570071935701425669e+00
1.577733476412940261e+00
1.585102737654405125e+00
1.592190095779861814e+00
1.599005624667148906e+00
1.605559109887546576e+00
1.611860041028490231e+00
1.617917626473026171e+00
1.623740786713288919e+00
1.629338169559583882e+00
1.634718144275924434e+00
1.639888817063538173e+00
1.644858025872703911e+00
1.649633356027293996e+00
1.654222135587325893e+00
1.658631451000577073e+00
1.662868142908098257e+00
1.666938821725984843e+00
1.670849863801931345e+00
1.674607426845407643e+00
1.678217446357264553e+00
1.681685650840042845e+00
1.685017558434934948e+00
1.688218491855840275e+00
1.691293575178946629e+00
1.694247748454514868e+00
1.697085764603987856e+00
1.699812203672674160e+00
1.702431469797722752e+00
1.704947805072942302e+00
1.707365286558257589e+00
1.709687839734919335e+00
1.711919235533558847e+00
1.714063103364003915e+00
1.716122928144551585e+00
1.718102062895915605e+00
1.720003725759036151e+00
1.721831012147102768e+00
1.723586891743350558e+00
1.725274220208804499e+00
1.726895736154945515e+00
1.728454072408032172e+00
1.729951752954338673e+00
1.731391203764524045e+00
1.732774749711598838e+00
1.734104624960934649e+00
1.735382969862984570e+00
1.736611840916302496e+00
1.737793207638690607e+00
1.738928962111863097e+00
1.740020915835970960e+00
1.741070808865593733e+00
1.742080306653536415e+00
1.743051008788653933e+00
1.743984445835480290e+00
1.744882087684910932e+00
1.745745340396813505e+00
1.746575554174925493e+00
1.747374020219853996e+00
1.748141978339698754e+00
1.748880613821174768e+00
1.749591064687487263e+00
1.750274418595222814e+00
1.750931719750979276e+00
1.751563965841766768e+00
1.752172114621592058e+00
1.752757080882977547e+00
1.753319742724507746e+00
1.753860938570871220e+00
1.754381473132039293e+00
1.754882114478991895e+00
1.755363599704832245e+00
1.755826632063125059e+00
1.756271886340790012e+00
1.756700006065617048e+00
1.757111608600401276e+00
1.757507282425910589e+00
1.757887591965189733e+00
1.758253074947856431e+00
1.758604246973067387e+00
1.758941598960678698e+00
1.759265601460830553e+00
1.759576702197122700e+00
1.759875330130250326e+00
1.760161893097984098e+00
1.760436781639824311e+00
1.760700366738128242e+00
1.760953003410179463e+00
1.761195028554519038e+00
1.761426764316380567e+00
1.761648516042741308e+00
1.761860575426525077e+00
1.762063218573730383e+00
1.762256708931299709e+00
1.762441295469099334e+00
1.762617215395946735e+00
1.762784692459019142e+00
1.762943939451987241e+00
1.763095156634006067e+00
1.763238534033517713e+00
1.763374249988707287e+00
1.763502473250103897e+00
1.763623361644050869e+00
1.763737063976807296e+00
1.763843718822406981e+00
1.763943456230570028e+00
1.764036396640018323e+00
1.764122652392201340e+00
1.764202326770946794e+00
1.764275515323691090e+00
1.764342305028117508e+00
1.764402775422278857e+00
1.764456997898763646e+00
1.764505036644881120e+00
1.764546948064700249e+00
1.764582781530177336e+00
1.764612578931406439e+00
1.764636375239372112e+00
1.764654198184583356e+00
1.764666068631950413e+00
1.764672000387938589e+00
