3.605307384084160738e+00
3.605618277820690221e+00
3.606240823970803699e+00
3.607176507061447879e+00
3.608427505074176977e+00
3.609996530251969205e+00
3.611886610844728285e+00
3.614100470159937739e+00
3.616639429790361682e+00
3.619500944437412215e+00
3.622674175857603540e+00
3.626132453646504050e+00
3.629824850676609760e+00
3.633673364506202486e+00
3.637583554348299497e+00
3.641462202535354908e+00
3.645229147772174993e+00
3.648819257451795028e+00
3.652181315102112524e+00
3.655276809967180629e+00
3.658080056444106276e+00
3.660577799896220785e+00
3.662768757519925700e+00
3.664661908185534944e+00
3.666274691082187065e+00
3.667630421392618523e+00
3.668756166051458045e+00
3.669680416099800002e+00
3.670431568878964157e+00
3.671036459371730398e+00
3.671519707420965339e+00
3.671903085180714399e+00
3.672205522589704341e+00
3.672443007724042641e+00
3.672628931071377334e+00
3.672774222565830193e+00
3.672887794125167193e+00
3.672976727169607880e+00
3.673046686072453770e+00
3.673102071109936695e+00
3.673146356839712467e+00
3.673182187006044597e+00
3.673211634633928302e+00
3.673236243845877436e+00
3.673257225072885213e+00
3.673275457744521688e+00
3.673291637123078601e+00
3.673306251864361549e+00
3.673319696637654896e+00
3.673332235518109279e+00
3.673344090878184698e+00
3.673355400196313791e+00
3.673366288364797061e+00
3.673376822757426385e+00
3.673387073581442674e+00
3.673397070115000940e+00
3.673406852001116718e+00
3.673416428318085902e+00
3.673425821586574713e+00
3.673435030593582340e+00
3.673444068160967912e+00
3.673452928239437476e+00
3.673461618008522667e+00
3.673470129591750233e+00
3.673478466694588107e+00
3.673486621318511780e+00
3.673494594759720400e+00
3.673502379981925969e+00
3.673509976181294157e+00
3.673517378530569477e+00
3.673524598311765033e+00
3.673532492786108605e+00
3.673587065884666991e+00
3.675795107073516643e+00
3.704982098840408966e+00
3.757635560247817974e+00
3.810821075191985319e+00
3.862909695169166824e+00
3.913859720354695426e+00
3.963670134715890025e+00
4.012342724969265362e+00
4.059880548786865440e+00
4.106288299182936363e+00
4.151571781387531246e+00
4.195738261760992849e+00
4.238795989919243112e+00
4.280754509003929620e+00
4.321624220569777464e+00
4.361416658325051543e+00
4.400144094389506932e+00
4.437819778550533556e+00
4.474457584510821206e+00
4.510072216713085780e+00
4.544678895114294903e+00
4.578293531645236669e+00
4.610932451943834387e+00
4.642612543509297751e+00
4.673351012726641329e+00
4.703165506749989788e+00
4.732073904061989467e+00
4.760094412076315784e+00
4.787245389405252460e+00
4.813545421115208889e+00
4.839013170822812349e+00
4.863667435466987321e+00
4.887527025323508134e+00
4.910610800080493554e+00
4.932937574845960071e+00
4.954526139231091086e+00
4.975395187430171617e+00
4.995563321929410883e+00
5.015049005757783007e+00
5.033870552350495409e+00
5.052046098104708172e+00
5.069593579837240682e+00
5.086530725825084254e+00
5.102875022208979594e+00
5.118643720756736570e+00
5.133853795476042592e+00
5.148521965405752354e+00
5.162664642616072719e+00
5.176297968406827543e+00
5.189437753790285157e+00
5.202099527555426484e+00
5.214298470248705186e+00
5.226049472647305905e+00
5.237367064176161158e+00
5.248265480420795548e+00
5.258758586845242000e+00
5.268859954062903306e+00
5.278582777651066316e+00
5.287939959987438598e+00
5.296944026889650381e+00
5.305607214913943714e+00
5.313941385486081082e+00
5.321958116645361336e+00
5.329668615273827292e+00
5.337083812353974110e+00
5.344214273848201913e+00
5.351070298620606458e+00
5.357661828465649201e+00
5.363998547924282434e+00
5.370089793912437237e+00
5.375944656736430183e+00
5.381571889726249225e+00
5.386980010827500109e+00
5.392177212601704461e+00
5.397171463839546490e+00
5.401970420250753691e+00
5.406581525607164096e+00
5.411011923408012514e+00
5.415268557120326953e+00
5.419358083071485588e+00
5.423286969409791602e+00
5.427061410444226297e+00
5.430687423999175145e+00
5.434170767392360268e+00
5.437517032904238157e+00
5.440731565558254879e+00
5.443819556468804777e+00
5.446785962562976202e+00
5.449635597609962190e+00
5.452373054001017572e+00
5.455002791298975140e+00
5.457529060172206847e+00
5.459955988334827204e+00
5.462287506711835938e+00
5.464527432669712859e+00
5.466679398472224172e+00
5.468746931727077154e+00
5.470733386176684476e+00
5.472642019309397199e+00
5.474475925515125851e+00
5.476238110830375483e+00
5.477931428476055409e+00
5.479558650723439506e+00
5.481122406819877391e+00
5.482625251978769931e+00
5.484069607688944359e+00
5.485457827845202416e+00
5.486792141428015412e+00
5.488074715803315407e+00
5.489307601751129084e+00
5.490492793973356100e+00
5.491632178443024870e+00
5.492727590167438834e+00
5.493780762823687880e+00
5.494793383831715339e+00
5.495767046236469611e+00
5.496703301151504739e+00
5.497603611843603133e+00
5.498469403612376460e+00
5.499302020029619875e+00
5.500102770323932688e+00
5.500872887724061577e+00
5.501613574420717079e+00
5.502325961960452538e+00
5.503011153858897941e+00
5.503670187990020501e+00
5.504304076926339384e+00
5.504913772266938565e+00
5.505500202780906349e+00
5.506064240616676209e+00
5.506606737325155265e+00
5.507128491892268052e+00
5.507630284717944136e+00
5.508112847413777047e+00
5.508576894813196567e+00
5.509023096476232340e+00
5.509452106805156291e+00
5.509864538198906203e+00
5.510260989346967619e+00
5.510642019976733863e+00
5.511008177396615970e+00
5.511359972780795147e+00
5.511697906030410543e+00
5.512022443541331640e+00
5.512334041450174027e+00
5.512633124832120757e+00
5.512920109395994750e+00
5.513195382060880334e+00
5.513459321161816362e+00
5.513712278355693996e+00
5.513954597396478974e+00
5.514186597322775718e+00
5.514408589858530441e+00
5.514620863836665166e+00
5.514823701278378287e+00
5.515017363009388163e+00
5.515202103467704120e+00
5.515378157471389819e+00
5.515545753801648132e+00
5.515705103083255345e+00
5.515856410186594339e+00
5.515999863184350538e+00
5.516135644612955247e+00
5.516263921471672660e+00
5.516384855380584540e+00
5.516498593590727140e+00
5.516605278072656660e+00
5.516705037508819132e+00
5.516797995343387662e+00
5.516884262730924249e+00
5.516963945574847372e+00
5.517037138409070174e+00
5.517103930449311910e+00
5.517164400387216894e+00
5.517218621475396212e+00
5.517266657216377546e+00
5.517308565499034145e+00
5.517344395167605775e+00
5.517374189223963832e+00
5.517397982264784950e+00
5.517415802760905486e+00
5.517427671353716256e+00
5.517433602219594668e+00
