-5.372872516995400360e+00
-5.372211521706529602e+00
-5.370889428133259536e+00
-5.368905673678622037e+00
-5.366259945939715337e+00
-5.362951111117993719e+00
-5.358978637061536432e+00
-5.354340801347603929e+00
-5.349036834527058915e+00
-5.343064398876387067e+00
-5.336422462411153589e+00
-5.329108035497528206e+00
-5.321119789980449433e+00
-5.312454036819405978e+00
-5.303109108691076656e+00
-5.293080557491324889e+00
-5.282366323098798055e+00
-5.270961124870243708e+00
-5.258862443985226065e+00
-5.246064077839791118e+00
-5.232562968647126667e+00
-5.218351883762348820e+00
-5.203427129131682705e+00
-5.187780311877348005e+00
-5.171406983948746650e+00
-5.154297435528850890e+00
-5.136446322076832161e+00
-5.117842427980098030e+00
-5.098479339391401410e+00
-5.078344106639427480e+00
-5.057429036257196309e+00
-5.035719167430958265e+00
-5.013205269934984720e+00
-4.989870033589789422e+00
-4.965702375210349295e+00
-4.940682219604204839e+00
-4.914796239159482383e+00
-4.888021078829356547e+00
-4.860340678146513937e+00
-4.831727758699645214e+00
-4.802162912391933602e+00
-4.771614124797626921e+00
-4.740057858758315312e+00
-4.707456325595610558e+00
-4.673780854923416328e+00
-4.638986539860582070e+00
-4.603038270702959345e+00
-4.565882256731007338e+00
-4.527475227207468755e+00
-4.487752148713770595e+00
-4.446659285759724689e+00
-4.404117150494416322e+00
-4.360058407235068323e+00
-4.314384647593542788e+00
-4.267010571556895115e+00
-4.217812484007458451e+00
-4.166680581923908555e+00
-4.113455081660815971e+00
-4.057976394740421711e+00
-3.999920053859645552e+00
-3.938316278623824829e+00
-3.871016596704729196e+00
-3.796958932768665917e+00
-3.717046752663817788e+00
-3.632634400750196946e+00
-3.545080110399793760e+00
-3.455510573119030759e+00
-3.364847058021969595e+00
-3.273772384727938967e+00
-3.182804033971239122e+00
-3.092307748871045092e+00
-3.002553377922756450e+00
-2.913730261061299842e+00
-2.825976653630201785e+00
-2.739392621394777905e+00
-2.654049178447518198e+00
-2.570002688024234594e+00
-2.487289309151327732e+00
-2.405944632398871796e+00
-2.325986175029035596e+00
-2.247441174670703035e+00
-2.170317611636523036e+00
-2.094643234405961785e+00
-2.020423879047707594e+00
-1.947698276164693487e+00
-1.876480954955185299e+00
-1.806841142645714715e+00
-1.738827150137184363e+00
-1.672585135892914687e+00
-1.608278125599884145e+00
-1.545942281407244101e+00
-1.484326015507350771e+00
-1.422467203545592751e+00
-1.360429621013675483e+00
-1.298077511691313468e+00
-1.235415701821061640e+00
-1.172343677943295415e+00
-1.108844553597680305e+00
-1.044835328549247766e+00
-9.802968948125300175e-01
-9.151668232615137732e-01
-8.494406029365095812e-01
-7.830890403599921612e-01
-7.161423143965035543e-01
-6.486224877569125580e-01
-5.806141763990236848e-01
-5.122046941242928142e-01
-4.435416971560582344e-01
-3.747756945213199797e-01
-3.061057211557955959e-01
-2.377229505064323289e-01
-1.698481533336095028e-01
-1.026786525078290102e-01
-3.642259724839041340e-02
2.874797557095427544e-02
9.266264190959636049e-02
1.551926788204945062e-01
2.162156677538958349e-01
2.756499955939964441e-01
3.334195083016965322e-01
3.894842821961191359e-01
4.438064511234495191e-01
4.963786939018856592e-01
5.471918930320935903e-01
5.962621603537694437e-01
6.436005185842922360e-01
6.892388367331686583e-01
7.332014540133693359e-01
7.755301602017357077e-01
8.162575742493485276e-01
8.554312086930107029e-01
8.930883984908458695e-01
9.292794618627017167e-01
9.640439952173687210e-01
9.974331432545170406e-01
1.029487105828330362e+00
1.060256537929337828e+00
1.089781142673004632e+00
1.118110229250634635e+00
1.145282289590228597e+00
1.171344747391726671e+00
1.196334434240492905e+00
1.220296565395767141e+00
1.243266045115223095e+00
1.265285705526788096e+00
1.286388381649822943e+00
1.306614449072033945e+00
1.325994617480776405e+00
1.344566801485006069e+00
1.362359588045459757e+00
1.379408472978469913e+00
1.395739962964143821e+00
1.411387208275367566e+00
1.426374704381322189e+00
1.440733349406687624e+00
1.454485713967131666e+00
1.467660549868178510e+00
1.480278599876159173e+00
1.492366582260996388e+00
1.503943514840222928e+00
1.515034198180016389e+00
1.525656030537412278e+00
1.535832010869103259e+00
1.545578023302599746e+00
1.554915379563080569e+00
1.563858553376548111e+00
1.572427280507380454e+00
1.580634725073141622e+00
1.588499154082201104e+00
1.596032519050218923e+00
1.603251720730213270e+00
1.610167590688418970e+00
1.616795760820048500e+00
1.623146030686347663e+00
1.629232855399387336e+00
1.635065085558495390e+00
1.640656086158987392e+00
1.646013836907962435e+00
1.651150693957314841e+00
1.656073839237308443e+00
1.660794696026624218e+00
1.665319716726704646e+00
1.669659462554879958e+00
1.673819719901290526e+00
1.677810253759590253e+00
1.681636243468580316e+00
1.685306718873365472e+00
1.688826306861431314e+00
1.692203358671516389e+00
1.695441999194257754e+00
1.698549953311352834e+00
1.701530890449329814e+00
1.704391957334620233e+00
1.707136410768803847e+00
1.709770863722846590e+00
1.712298199747623206e+00
1.714724538899161210e+00
1.717052427612634435e+00
1.719287530547622289e+00
1.721432090139731086e+00
1.723491350078298456e+00
1.725467279110125540e+00
1.727364731509099860e+00
1.729185430043625127e+00
1.730933868466544734e+00
1.732611548873688845e+00
1.734222630931413045e+00
1.735768419150129915e+00
1.737252763273937406e+00
1.738676791271926758e+00
1.740044065038264698e+00
1.741355555166935964e+00
1.742614555849821611e+00
1.743821897748693450e+00
1.744980625732184931e+00
1.746091446393621682e+00
1.747157172033787287e+00
1.748178399595968546e+00
1.749157724079266618e+00
1.750095645873402939e+00
1.750994556576493943e+00
1.751854871913037126e+00
1.752678792728600277e+00
1.753466660866665139e+00
1.754220497920225830e+00
1.754940581626276197e+00
1.755628764770590378e+00
1.756285269834139573e+00
1.756911790270997642e+00
1.757508501309386073e+00
1.758076945653259449e+00
1.758617258502703118e+00
1.759130839566755977e+00
1.759617790524057090e+00
1.760079375077101105e+00
1.760515667225117653e+00
1.760927800937778454e+00
1.761315827758502595e+00
1.761680757528472530e+00
1.762022623980372460e+00
1.762342317800469349e+00
1.762639859011196464e+00
1.762916023519689235e+00
1.763170821222511231e+00
1.763404917053155607e+00
1.763618313874266708e+00
1.763811568903646210e+00
1.763984680588845722e+00
1.764138101160833916e+00
1.764271826813228250e+00
1.764386207004652096e+00
1.764481237390354229e+00
1.764557166368049490e+00
1.764613990333811167e+00
1.764651857841139648e+00
1.764670766876259567e+00
