0.000000000000000000e+00
0.000000000000000000e+00
7.029654651639868916e+02
2.111508974563680567e+03
4.230870942221108635e+03
7.068950456405209479e+03
1.063635150946458089e+04
1.494644561199209784e+04
2.001545039872101916e+04
2.586252592000139703e+04
3.250988801265674920e+04
3.998294120149901573e+04
4.831043029033371567e+04
5.752461393360453803e+04
6.766145908300300653e+04
7.876086054969471297e+04
9.086688427331656567e+04
1.040280396271669015e+05
1.182975789986941672e+05
1.337338312350693450e+05
1.504005667803584947e+05
1.683674025610023236e+05
1.877102439596746408e+05
2.085117736445194751e+05
2.308619840184203640e+05
2.548587650458459975e+05
2.806085435406385222e+05
3.082269879764195066e+05
3.378397740976021159e+05
3.695834280335760559e+05
4.036062412462513894e+05
4.400692769926931360e+05
4.791474615269334172e+05
5.210307830004199059e+05
5.659255900127079803e+05
6.140560162339247763e+05
6.656655216222526506e+05
7.210185800596066983e+05
7.804025023941409308e+05
8.441294275842848001e+05
9.125384694206307177e+05
9.859980530065766070e+05
1.064908427268428495e+06
1.149704386259686667e+06
1.240858185222131899e+06
1.338882677187222056e+06
1.444334657865923829e+06
1.557818427390750498e+06
1.679989562942839460e+06
1.811558875097555574e+06
1.953296557561902329e+06
2.106036434044742957e+06
2.270680346789610572e+06
2.448202461019399576e+06
2.639653603711628821e+06
2.846165172871319577e+06
3.068952887078034692e+06
3.309319522473906167e+06
3.568657380935552996e+06
3.848451355694979895e+06
4.150301664546241518e+06
4.476090836061461829e+06
4.828489486472811550e+06
5.211374710548210889e+06
5.629626927282002755e+06
6.088815738117090426e+06
6.595137270892094821e+06
7.155461624023073353e+06
7.777433010526401922e+06
8.469606208183506504e+06
9.241614562182927504e+06
1.010436982205381431e+07
1.107029236021417752e+07
1.215358276856782287e+07
1.337053486164777540e+07
1.473991085959596187e+07
1.628337879124057107e+07
1.802604548846911639e+07
1.999708521290329471e+07
2.223051711884173751e+07
2.476613267329627648e+07
2.765065989070837200e+07
3.093916908740005270e+07
3.469686682398139685e+07
3.900129141849275678e+07
4.394516738780668378e+07
4.963994990595328808e+07
5.622052570967886597e+07
6.385113092877863348e+07
7.273327779365101457e+07
8.311163322338487208e+07
9.493482810991257429e+07
1.073645643567335606e+08
1.196782204339678288e+08
1.318109188468317091e+08
1.437399048856024444e+08
1.554423272881545126e+08
1.668963154142709374e+08
1.780809233593432903e+08
1.889769517470307350e+08
1.995671609193605185e+08
2.098369042617174089e+08
2.197743825729854107e+08
2.293711211635002792e+08
2.386221547455137372e+08
2.475263156420473456e+08
2.560862592180994153e+08
2.643085081819348633e+08
2.722032509800990224e+08
2.797841188769330978e+08
2.870677622462726235e+08
2.940734236707535982e+08
3.008223930513736606e+08
3.073375160410894156e+08
3.136426744376909137e+08
3.197623717184405327e+08
3.257213505058227181e+08
3.315443336272272468e+08
3.372558158824669719e+08
3.428799662842206359e+08
3.484405723768048882e+08
3.539610679535804987e+08
3.594645856612025499e+08
3.649740668854362965e+08
3.705123821226896048e+08
3.761024897859524488e+08
3.817675972876931429e+08
3.875313493492857814e+08
3.934180159060369134e+08
3.994527018271799088e+08
4.056615573584951162e+08
4.120720087876366377e+08
4.187129932948480248e+08
4.256152148125966191e+08
4.328114089283483624e+08
4.403366310785724521e+08
4.482285595405396223e+08
4.565278250107597113e+08
4.652783614202155471e+08
4.745277874031904936e+08
4.843278160720661283e+08
4.947347001707252264e+08
5.058097132530755401e+08
5.176196715647149682e+08
5.302375003599832654e+08
5.437428467960034609e+08
5.582227463922171593e+08
5.737723424163572788e+08
5.904956686779593229e+08
6.085064919514775276e+08
6.279292282959599495e+08
6.488999258691588640e+08
6.715673326324486732e+08
6.960940372927775383e+08
7.226577063959289789e+08
7.514524008792912960e+08
7.826899999450016022e+08
8.166017095606102943e+08
8.534396888594027758e+08
8.934787645892529488e+08
9.370182727905701399e+08
9.843839893266574144e+08
1.035930194882782936e+09
1.092041825942249775e+09
1.153136764348533869e+09
1.219668205029062748e+09
1.292127162071652412e+09
1.371045038753704548e+09
1.456996329924789190e+09
1.550601366114861250e+09
1.652529176656135321e+09
1.763500362532302856e+09
1.884290065876376629e+09
2.015730905614210844e+09
2.158715976647303104e+09
2.314201758243934155e+09
2.483211040469579697e+09
2.666835687932717323e+09
2.866239362246098042e+09
3.082659993694711685e+09
3.317412137425140858e+09
3.571888973798750877e+09
3.847564103746956825e+09
4.145992866366435051e+09
4.468813347038237572e+09
4.817746770057056427e+09
5.194597463777185440e+09
5.601252059085200310e+09
6.039678131586954117e+09
6.511921916354257584e+09
7.020105331040368080e+09
7.566421906792688370e+09
8.153131891578758240e+09
8.782556099988920212e+09
9.457068806580148697e+09
1.017908923712860870e+10
1.095107199105387688e+10
1.177549593700880241e+10
1.265485195472948265e+10
1.359162906168501472e+10
1.458829934066506577e+10
1.564730121372520638e+10
1.677102152408377266e+10
1.796177598971191025e+10
1.922178853681705093e+10
2.055316910738925934e+10
2.195789049499366760e+10
2.343776384559787369e+10
2.499441342065927505e+10
2.662925031346894836e+10
2.834344575323058701e+10
3.013790375229165649e+10
3.201323375915032959e+10
3.396972314511283875e+10
3.600731020259873962e+10
3.812555756050775146e+10
4.032362669341898346e+10
4.260025350903807068e+10
4.495372566909378052e+10
4.738186170443779755e+10
4.988199253430235291e+10
5.245094551976383209e+10
5.508503158985887146e+10
5.778003562832427979e+10
6.053121056017603302e+10
6.333327536873335266e+10
6.618041735535217285e+10
6.906629889668745422e+10
7.198406885886207581e+10
7.492637892711953735e+10
7.788540483528486633e+10
8.085287273632315063e+10
8.382009050689639282e+10
8.677798418986323547e+10
8.971713916763693237e+10
9.262784621557952881e+10
9.550015182926376343e+10
9.832391290682145691e+10
1.010888549927293091e+11
1.037846340885967712e+11
1.064009010727016754e+11
1.089273686569099426e+11
1.113538797920662689e+11
1.136704773790323334e+11
1.158674741097267151e+11
1.179355222358856812e+11
1.198656820551320648e+11
1.216494888701796722e+11
1.232790172332926941e+11
1.247469422116511383e+11
1.260465965674650116e+11
1.271720235922216949e+11
1.281180246280379028e+11
1.288802010430706940e+11
1.294549898848493805e+11
1.298396930275804596e+11
