1.330334652065274348e+00
1.328523170946201981e+00
1.324920703323133386e+00
1.319570185246802696e+00
1.312540703807335563e+00
1.303932099638012598e+00
1.293879271502404116e+00
1.282553839948839425e+00
1.270161643603246127e+00
1.256935095640719702e+00
1.243122392484740768e+00
1.228975588489237269e+00
1.214740290331221662e+00
1.200646972650943889e+00
1.186904442746886224e+00
1.173694162780250405e+00
1.161166226821969794e+00
1.149436201832285231e+00
1.138584173954482193e+00
1.128655062265782938e+00
1.119661329518252479e+00
1.111586571338834206e+00
1.104390855420773754e+00
1.098015916982090667e+00
1.092391156432821031e+00
1.087438490982140404e+00
1.083077350867369226e+00
1.079227966197693123e+00
1.075814644380638674e+00
1.072767231672862032e+00
1.070022790396605306e+00
1.067525603374788856e+00
1.065227770531065543e+00
1.063088316307331471e+00
1.061073254556433421e+00
1.059154275236109832e+00
1.057308679957072561e+00
1.055517950213415546e+00
1.053767784371482996e+00
1.052046693197096205e+00
1.050346239884114130e+00
1.048659704232759449e+00
1.046982551751177271e+00
1.045311151532384297e+00
1.043643466435312472e+00
1.041977785632999032e+00
1.040313619428575365e+00
1.038650400615243274e+00
1.036988572305121092e+00
1.035328212239184031e+00
1.033670312738439234e+00
1.032015282788096178e+00
1.030364432426943644e+00
1.028718305522949406e+00
1.027078395673891364e+00
1.025445256465998156e+00
1.023820492413002770e+00
1.022204583151566926e+00
1.020599209449248201e+00
1.019004719674392545e+00
1.017422850256440636e+00
1.015853805091418538e+00
1.014299275602793982e+00
1.012759638055599876e+00
1.011235741585631454e+00
1.009759168780119065e+00
1.008436859054131496e+00
1.007309472721192201e+00
1.006342600966525502e+00
1.005516235653304502e+00
1.004806454932105630e+00
1.004197857506052616e+00
1.003673670642652116e+00
1.003222709361849319e+00
1.002832983632670594e+00
1.002496513946671941e+00
1.002204639510300366e+00
1.001951717503199113e+00
1.001731433724513787e+00
1.001539822101189525e+00
1.001372233326675687e+00
1.001225896355214307e+00
1.001097349664161751e+00
1.000984671583373231e+00
1.000885252931416503e+00
1.000797775366654374e+00
1.000720245311159662e+00
1.000651773191847616e+00
1.000590813270341606e+00
1.000536780983505514e+00
1.000488458987548901e+00
1.000445479902747348e+00
1.000406869283998690e+00
1.000372414482621819e+00
1.000341322394645571e+00
1.000313490575156505e+00
1.000288262654766891e+00
1.000265614549223470e+00
1.000244994078171912e+00
1.000226432673613219e+00
1.000209458425868503e+00
1.000194141843187889e+00
1.000180073574534978e+00
1.000167351338736577e+00
1.000155615123239361e+00
1.000144981271447353e+00
1.000135129160850900e+00
1.000126187534088329e+00
1.000117867609001232e+00
1.000110306007951477e+00
1.000103240010109529e+00
1.000096810835436667e+00
1.000090777361608563e+00
1.000085283024908733e+00
1.000080104824047966e+00
1.000075386688425993e+00
1.000070921003340718e+00
1.000066850950289243e+00
1.000062982131141975e+00
1.000059456092699417e+00
1.000056089915352109e+00
1.000053022885171838e+00
1.000050082156089593e+00
1.000047404319637456e+00
1.000044825457086839e+00
1.000042479173386845e+00
1.000040209533552105e+00
1.000038146968412089e+00
1.000036142742948941e+00
1.000034324003254538e+00
1.000032548557545864e+00
1.000030940212957686e+00
1.000029362765990193e+00
1.000027936671731066e+00
1.000026531242152794e+00
1.000025263596946434e+00
1.000024008157549771e+00
1.000022878746139599e+00
1.000021754542349761e+00
1.000020746123589710e+00
1.000019737121603081e+00
1.000018834931897915e+00
1.000017927369801551e+00
1.000017118718355746e+00
1.000016300739401176e+00
1.000015574676883512e+00
1.000014836028601195e+00
1.000014183074749319e+00
1.000013514861045394e+00
1.000012926779809908e+00
1.000012321255875358e+00
1.000011790869049788e+00
1.000011241271014484e+00
1.000010762303157330e+00
1.000010262706046538e+00
1.000009829654933347e+00
1.000009374853772171e+00
1.000008982881777531e+00
1.000008568291682609e+00
1.000008213134359725e+00
1.000007834706300391e+00
1.000007512595163961e+00
1.000007166744658393e+00
1.000006874341723195e+00
1.000006557888281744e+00
1.000006292230384286e+00
1.000006002345896761e+00
1.000005760797164633e+00
1.000005494961763386e+00
1.000005275172918262e+00
1.000005031137114697e+00
1.000004831010499862e+00
1.000004606762586512e+00
1.000004424422030747e+00
1.000004218159948000e+00
1.000004051924702653e+00
1.000003862031666246e+00
1.000003710393821743e+00
1.000003535417156586e+00
1.000003397021990592e+00
1.000003235654699285e+00
1.000003109283550851e+00
1.000002960348211012e+00
1.000002844903497223e+00
1.000002707338172536e+00
1.000002601830271454e+00
1.000002474676130682e+00
1.000002378211847454e+00
1.000002260602285364e+00
1.000002172374693687e+00
1.000002063525731177e+00
1.000001982805215350e+00
1.000001882007019560e+00
1.000001808133351711e+00
1.000001714742727144e+00
1.000001647118043735e+00
1.000001560551772917e+00
1.000001498634347286e+00
1.000001418363274164e+00
1.000001361661976507e+00
1.000001287205740441e+00
1.000001235275103983e+00
1.000001166197444391e+00
1.000001118633271346e+00
1.000001054537838163e+00
1.000001010973269988e+00
1.000000951499881552e+00
1.000000911601889531e+00
1.000000856423179929e+00
1.000000819889417469e+00
1.000000768707834720e+00
1.000000735263825824e+00
1.000000687808943134e+00
1.000000657205557308e+00
1.000000613231650570e+00
1.000000585242828866e+00
1.000000544526709501e+00
1.000000518947430139e+00
1.000000481286493326e+00
1.000000457930937392e+00
1.000000423141400585e+00
1.000000401841304232e+00
1.000000369756631757e+00
1.000000350359800505e+00
1.000000320829272926e+00
1.000000303198243179e+00
1.000000276085680539e+00
1.000000260096516991e+00
1.000000235279119964e+00
1.000000220820332686e+00
1.000000198187642964e+00
1.000000185159214627e+00
1.000000164612184550e+00
1.000000152924690910e+00
1.000000134374840366e+00
1.000000123948670216e+00
1.000000107317339904e+00
1.000000098081994970e+00
1.000000083299676046e+00
1.000000075193145710e+00
1.000000062198887818e+00
1.000000055167099777e+00
1.000000043907985914e+00
1.000000037904329009e+00
1.000000028335024105e+00
1.000000023319918885e+00
1.000000015402275233e+00
1.000000011342825568e+00
1.000000005045549978e+00
1.000000001915241521e+00
9.999999972136244253e-01
9.999999949920848064e-01
9.999999918677812127e-01
9.999999905405880796e-01
9.999999889814585874e-01
9.999999885400130406e-01
