1.359516350652110717e+01
1.359417102501554808e+01
1.359218430774888731e+01
1.358920651652886669e+01
1.358523238008335454e+01
1.358026822861889649e+01
1.357430524822679807e+01
1.356735295072689773e+01
1.355939893652397821e+01
1.355045591895155788e+01
1.354050785171043891e+01
1.352957067632875443e+01
1.351762462004629128e+01
1.350468888617730023e+01
1.349073987597513202e+01
1.347580009520705602e+01
1.345984199852771290e+01
1.344289144209998099e+01
1.342491679063395793e+01
1.340594730614671448e+01
1.338594709530030435e+01
1.336494888922277369e+01
1.334291234119779013e+01
1.331987372284273441e+01
1.329578800850731035e+01
1.327069509016514459e+01
1.324454500382045907e+01
1.321738135057150387e+01
1.318914893041200642e+01
1.315989515169019164e+01
1.312955923713234618e+01
1.309819251031227338e+01
1.306572822534105605e+01
1.303222173937000150e+01
1.299759988851396031e+01
1.296192219277515356e+01
1.292510855309849482e+01
1.288722279307221363e+01
1.284817728143980275e+01
1.280804029807435285e+01
1.276671598761373438e+01
1.272427725129166731e+01
1.268061920403315490e+01
1.263581954612858915e+01
1.258976341966065249e+01
1.254253351424784135e+01
1.249400388806854956e+01
1.244426242241161340e+01
1.239317077333312334e+01
1.234082222698561360e+01
1.228706446076354375e+01
1.223199638741693640e+01
1.217544980324709769e+01
1.211752947392960422e+01
1.205804899589641899e+01
1.199711921229856948e+01
1.193453266166799587e+01
1.187040647746066924e+01
1.180450857320941438e+01
1.173696255865162463e+01
1.166750720714705736e+01
1.159627274128752994e+01
1.152296298752900761e+01
1.144771483564699466e+01
1.137018956144417992e+01
1.129053064771316883e+01
1.120834665448745504e+01
1.112378739371421155e+01
1.103639479010537272e+01
1.094632446147742577e+01
1.085303208951244436e+01
1.075667827204377502e+01
1.065660387082385974e+01
1.055297345043874557e+01
1.044496960976841571e+01
1.033276041571928872e+01
1.021530046474515174e+01
1.009276445070132766e+01
9.963758303551353279e+00
9.828482203809654649e+00
9.684959499145225692e+00
9.533505011150101183e+00
9.371005865362208809e+00
9.198393538694507043e+00
9.011005068882822044e+00
8.839853443694387636e+00
8.725912513696313155e+00
8.659797428482104209e+00
8.623551292641632671e+00
8.602654180646448268e+00
8.590335310825619075e+00
8.581740403016480556e+00
8.575600859049725244e+00
8.570254346333932460e+00
8.565807056397272135e+00
8.561460892347410478e+00
8.557593175451401635e+00
8.553671601242516687e+00
8.550095115878377783e+00
8.546439344115714931e+00
8.543074321733879373e+00
8.539635092305948305e+00
8.536456893491205733e+00
8.533215442463356837e+00
8.530214112700484463e+00
8.527161305154162818e+00
8.524327095618895456e+00
8.521538036835062613e+00
8.519347968722453146e+00
8.517564526785131207e+00
8.516269623122212806e+00
8.515161090036041713e+00
8.514378215152815343e+00
8.513666570474653028e+00
8.513185092710271462e+00
8.512712306978333032e+00
8.512412554667150744e+00
8.512087274928521907e+00
8.511899613950761889e+00
8.511667836659794872e+00
8.511550803503356022e+00
8.511379850929300162e+00
8.511308195928107168e+00
8.511177830646371234e+00
8.511135843048965199e+00
8.511033244943597253e+00
8.511010947662585480e+00
8.510927815487585590e+00
8.510918749966801755e+00
8.510849593852086059e+00
8.510849503894018397e+00
8.510790618755603276e+00
8.510796652834271114e+00
8.510745488846215068e+00
8.510755707377031243e+00
8.510710476512908684e+00
8.510723541923056246e+00
8.510682967511156605e+00
8.510697945903583417e+00
8.510661100404325552e+00
8.510677332545878215e+00
8.510643530705081616e+00
8.510660546802526483e+00
8.510629274145614431e+00
8.510646736721287908e+00
8.510617600964076601e+00
8.510635266037748892e+00
8.510607963585384184e+00
8.510625653953502123e+00
8.510599946478045297e+00
8.510617533095748755e+00
8.510593230940276754e+00
8.510610619801086685e+00
8.510587570069880314e+00
8.510604692861241105e+00
8.510582770767630478e+00
8.510599578149133038e+00
8.510578680655262573e+00
8.510595137378459185e+00
8.510575178466906365e+00
8.510591259802000152e+00
8.510572166922438342e+00
8.510587856021066600e+00
8.510569567391666368e+00
8.510584853326063737e+00
8.510567315863218241e+00
8.510582192158665293e+00
8.510565359873574209e+00
8.510579823403570998e+00
8.510563656148690370e+00
8.510577706298441569e+00
8.510562168778379899e+00
8.510575806808327926e+00
8.510560867792792195e+00
8.510574096352566897e+00
8.510559728044919225e+00
8.510572550800775460e+00
8.510558728327191957e+00
8.510571149675435265e+00
8.510557850668336144e+00
8.510569875514621074e+00
8.510557079770746824e+00
8.510568713359914383e+00
8.510556402557478251e+00
8.510567650342178325e+00
8.510555807805193496e+00
8.510566675344485077e+00
8.510555285845260443e+00
8.510565778726704167e+00
8.510554828319337517e+00
8.510564952099183955e+00
8.510554427978185288e+00
8.510564188135628427e+00
8.510554078515228937e+00
8.510563480417788540e+00
8.510553774428521123e+00
8.510562823306189628e+00
8.510553510905676688e+00
8.510562211831672386e+00
8.510553283727253060e+00
8.510561641604141414e+00
8.510553089185615150e+00
8.510561108735645419e+00
8.510552924016515419e+00
8.510560609775168928e+00
8.510552785341042537e+00
8.510560141653003896e+00
8.510552670616123194e+00
8.510559701633319207e+00
8.510552577592509493e+00
8.510559287273633089e+00
8.510552504278741992e+00
8.510558896389827765e+00
8.510552448910088330e+00
8.510558527025986919e+00
8.510552409921910311e+00
8.510558177428430682e+00
8.510552385926708041e+00
8.510557846023129258e+00
8.510552375694139471e+00
8.510557531396017339e+00
8.510552378133697360e+00
8.510557232275900219e+00
8.510552392279752354e+00
8.510556947519567927e+00
8.510552417278434589e+00
8.510556676098653739e+00
8.510552452376179744e+00
8.510556417088169567e+00
8.510552496909774334e+00
8.510556169656483760e+00
8.510552550297674657e+00
8.510555933056478395e+00
8.510552612032340036e+00
8.510555706617735083e+00
8.510552681673580366e+00
8.510555489739742185e+00
8.510552758842795384e+00
8.510555281885933354e+00
8.510552843217906727e+00
8.510555082578406427e+00
8.510552934528986313e+00
8.510554891393363519e+00
8.510553032554533104e+00
8.510554707957181719e+00
8.510553137118286315e+00
8.510554531942990053e+00
8.510553248086536016e+00
8.510554363067786454e+00
8.510553365365952416e+00
8.510554201090032578e+00
8.510553488901855701e+00
8.510554045807719348e+00
8.510553618676901522e+00
8.510553897056819750e+00
8.510553754710199925e+00
