1.647879529811000721e+00
1.648002846759558881e+00
1.648249699871458418e+00
1.648619692512269586e+00
1.649113483390297397e+00
1.649730278412082418e+00
1.650471178984261877e+00
1.651334991901162397e+00
1.652323266652963696e+00
1.653434408432307157e+00
1.654670422445907008e+00
1.656029308947288392e+00
1.657513538837220635e+00
1.659120703228732285e+00
1.660853751167610248e+00
1.662709859540731028e+00
1.664692470628593934e+00
1.666798341097323277e+00
1.669031424396872021e+00
1.671388050039540163e+00
1.673872703678198182e+00
1.676481279765024146e+00
1.679218820597415229e+00
1.682080776648212650e+00
1.685072775084797359e+00
1.688189812423481762e+00
1.691438133165878543e+00
1.694812268785961473e+00
1.698319118373621484e+00
1.701952736110332376e+00
1.705720718386933177e+00
1.709616628617589784e+00
1.713648809479584312e+00
1.717810318856259233e+00
1.722110301964581591e+00
1.726541295038658497e+00
1.731113310578668463e+00
1.735818345631010562e+00
1.740667354723965277e+00
1.745651776697746405e+00
1.750783594735497939e+00
1.756053668924481670e+00
1.761475111969335039e+00
1.767038183102913163e+00
1.772757242640352171e+00
1.778621925314374241e+00
1.784647978169361826e+00
1.790824386316824945e+00
1.797168448589123502e+00
1.803668474039608949e+00
1.810343510691839075e+00
1.817181164085634570e+00
1.824202469640570312e+00
1.831394301412921921e+00
1.838779972544389407e+00
1.846345597932622429e+00
1.854117126268823634e+00
1.862079887170825954e+00
1.870262911454974919e+00
1.878650720803958007e+00
1.887275993384430972e+00
1.896122426599299970e+00
1.905227072808007627e+00
1.914572799238287715e+00
1.924201984127027476e+00
1.934096674906256030e+00
1.944305847816071076e+00
1.954810764855939631e+00
1.965668742044409667e+00
1.976860323091371940e+00
1.988453617035958354e+00
2.000428554726464192e+00
2.012867613206120065e+00
2.025750239940889319e+00
2.039178714021185890e+00
2.053132061268099218e+00
2.067741085065094353e+00
2.082984003916588112e+00
2.099035234952817852e+00
2.115869838590344276e+00
2.133735094176097746e+00
2.152591769065494987e+00
2.172829223225146045e+00
2.194331191747070253e+00
2.217680864213206426e+00
2.239001631651841517e+00
2.253170964076484317e+00
2.261360722507877785e+00
2.265814709485279188e+00
2.268347275450305567e+00
2.269804462631733522e+00
2.270792705619608665e+00
2.271470438162785488e+00
2.272045167144766342e+00
2.272503518561017621e+00
2.272944967113643244e+00
2.273322256194671986e+00
2.273701612713664222e+00
2.274033078432240451e+00
2.274369356099371409e+00
2.274664102425716816e+00
2.274962553799969811e+00
2.275222717335081857e+00
2.275484707742412738e+00
2.275710494131531370e+00
2.275936246152637121e+00
2.276282045676642163e+00
2.314165386064131802e+00
2.412148546701056162e+00
2.507778769073117253e+00
2.600046457330499106e+00
2.688988238328196445e+00
2.774711035111209423e+00
2.857266909738347405e+00
2.936770024774743248e+00
3.013279476526877776e+00
3.086910767211824336e+00
3.157725796551838826e+00
3.225838353552735960e+00
3.291310703839108953e+00
3.354253297257487443e+00
3.414727332786447800e+00
3.472839052944362681e+00
3.528647729154465118e+00
3.582254947439606596e+00
3.633717527857493579e+00
3.683132191903353281e+00
3.730552992336247264e+00
3.776071722732496916e+00
3.819739487047208115e+00
3.861643177942171601e+00
3.901830860039044779e+00
3.940384610729485537e+00
3.977349428810312837e+00
4.012802701222244472e+00
4.046786380907023251e+00
4.079373315800054911e+00
4.110602467337541199e+00
4.140542314001898205e+00
4.169228905733572965e+00
4.196726533144178539e+00
4.223068433785003073e+00
4.248314899485743368e+00
4.272496468503495848e+00
4.295669627000259894e+00
4.317862336949532143e+00
4.339127473241829236e+00
4.359490551193577090e+00
4.379001027910665478e+00
4.397682105598316404e+00
4.415580014395478869e+00
4.432715778651163951e+00
4.449132588276047962e+00
4.464849424919341558e+00
4.479906619804782331e+00
4.494321245470412229e+00
4.508130949925053699e+00
4.521351027435492220e+00
4.534016611537069252e+00
4.546141345381937704e+00
4.557758009561921675e+00
4.568878718864628041e+00
4.579534054930523013e+00
4.589734721983588450e+00
4.599509248972807107e+00
4.608867042021956628e+00
4.617834715833343040e+00
4.626420485298964103e+00
4.634649181514989280e+00
4.642527929267543207e+00
4.650079898971719139e+00
4.657311220635781623e+00
4.664243519355469658e+00
4.670882019911702265e+00
4.677246910082633491e+00
4.683342593277072474e+00
4.689187920840682366e+00
4.694786553101988780e+00
4.700156099016240319e+00
4.705299548730773829e+00
4.710233356305360886e+00
4.714959909412868910e+00
4.719494588476042196e+00
4.723839241429894642e+00
4.728008250401593671e+00
4.732002981592088986e+00
4.735836888580840842e+00
4.739510909352588008e+00
4.743037633415985610e+00
4.746417619823128931e+00
4.749662653536832480e+00
4.752772959978353029e+00
4.755759574449610838e+00
4.758622430311613805e+00
4.761371863753558920e+00
4.764007554161233671e+00
4.766539185114947230e+00
4.768966216863836927e+00
4.771297723119576339e+00
4.773532976817716822e+00
4.775680481045710302e+00
4.777739350454635492e+00
4.779717553511107830e+00
4.781614073028463530e+00
4.783436375855605327e+00
4.785183337033510398e+00
4.786861952023427236e+00
4.788471009967929959e+00
4.790017062611193310e+00
4.791498833058835061e+00
4.792922454648877562e+00
4.794286602466817371e+00
4.795597014582390294e+00
4.796852334389959616e+00
4.798057925829490422e+00
4.799212415391352238e+00
4.800320812185733921e+00
4.801381739179604757e+00
4.802399868263862004e+00
4.803373830981003678e+00
4.804307978060285755e+00
4.805200960551994527e+00
4.806056822654358740e+00
4.806874244795937834e+00
4.807656977961932476e+00
4.808403740863651521e+00
4.809118003382858220e+00
4.809798530538530237e+00
4.810448522104178615e+00
4.811066796629654974e+00
4.811656293745498303e+00
4.812215892023504082e+00
4.812748279961901687e+00
4.813252401974825290e+00
4.813730703551250656e+00
4.814182200151682522e+00
4.814609101549681469e+00
4.815010498887044577e+00
4.815388372737931633e+00
4.815741894031874359e+00
4.816072819925940607e+00
4.816380404750191246e+00
4.816666187330963744e+00
4.816929508547362460e+00
4.817171693317279235e+00
4.817392171777537868e+00
4.817592058722338422e+00
4.817770875835066136e+00
4.817929530955281869e+00
4.818067639198024388e+00
4.818185904019049559e+00
4.818284035459132753e+00
4.818362534576295708e+00
4.818421207449725685e+00
4.818460354151489433e+00
4.818479877537193978e+00
