1.974419627425815227e-01
1.973542315945487347e-01
1.971789548993058694e-01
1.969161980958903935e-01
1.965665166954933818e-01
1.961300399128098337e-01
1.956076893138764539e-01
1.949996545874390086e-01
1.943072169892003098e-01
1.935306217918948968e-01
1.926715011560314605e-01
1.917301495331809047e-01
1.907085389075125481e-01
1.896070050843552957e-01
1.884278466487550319e-01
1.871714316297891090e-01
1.858403700319643526e-01
1.844350518054776455e-01
1.829583814422390264e-01
1.814107594849519445e-01
1.797953664593525125e-01
1.781126013037796774e-01
1.763659008489874280e-01
1.745556495292208687e-01
1.726855197354656979e-01
1.707558679646526689e-01
1.687705806750089965e-01
1.667299726288889172e-01
1.646381223825825746e-01
1.624952889682824697e-01
1.603057208672126199e-01
1.580696073455584161e-01
1.557913447008332786e-01
1.534710385035484570e-01
1.511132110844695398e-01
1.487178706257729355e-01
1.462896442848066192e-01
1.438284295111418309e-01
1.413389378963249565e-01
1.388209432492547024e-01
1.362792222407789300e-01
1.337134126271446732e-01
1.311283380485697425e-01
1.285234883202149014e-01
1.259037173783583985e-01
1.232683557217498643e-01
1.206222725229977449e-01
1.179646280473818226e-01
1.153002934222263354e-01
1.126282481129529389e-01
1.099533538545822003e-01
1.072743989254791724e-01
1.045962264109620010e-01
1.019174229432619205e-01
9.924280595385319426e-02
9.657074954464246741e-02
9.390604092982146600e-02
9.124682988281122842e-02
8.859787151225373414e-02
8.595707787542254674e-02
8.332917308008482016e-02
8.071181554797325630e-02
7.810970294334468322e-02
7.552022026344325234e-02
7.294804743944778569e-02
7.039027043729921551e-02
6.785156543333613344e-02
6.532868500582052207e-02
6.282632267328344677e-02
6.034084992729372987e-02
5.787700906532715350e-02
5.543072188953447610e-02
5.300682718186104647e-02
5.060069431296543296e-02
4.821733423849473149e-02
4.585140195791902878e-02
4.350820965254437178e-02
4.118142416036322390e-02
3.887690354611850890e-02
3.658681276913865188e-02
3.431809811163903656e-02
3.206028056238040269e-02
2.982292878338758946e-02
2.758937227938065839e-02
2.537147498680248497e-02
2.303483077017671327e-02
2.053690963491804425e-02
1.808809136579322269e-02
1.584194026695080401e-02
1.386078643538666937e-02
1.214219794548571443e-02
1.066447379054314380e-02
9.395057347366819397e-03
8.305196137441477403e-03
7.366830619896968385e-03
6.557691599161791403e-03
5.857435238382700977e-03
5.250194662585866943e-03
4.721646439166986980e-03
4.260626647354093938e-03
3.857040911587851593e-03
3.503002252004882092e-03
3.191336009888694376e-03
2.916423007408400301e-03
2.673110713238050027e-03
2.457356532586218566e-03
2.265422695053052448e-03
2.094337135614535595e-03
1.941270711195832626e-03
1.804110310061277046e-03
1.680908555962698676e-03
1.570104723650633674e-03
1.470193986336020952e-03
1.379987319469006208e-03
1.298329530568197859e-03
1.224315920997667362e-03
1.157058167143918586e-03
1.095866218463742566e-03
1.040053424793457122e-03
9.890910228120123639e-04
9.424445874026436340e-04
8.997066326284461650e-04
8.604579905974887128e-04
8.243827038989732028e-04
7.911493364846769244e-04
7.605113722380182515e-04
7.322045878896454646e-04
7.060354718626234496e-04
6.817916566421277757e-04
6.593203497620759874e-04
6.384494827777931376e-04
6.190577492278617235e-04
6.010046283178265133e-04
5.841933182828271728e-04
5.685081747070381284e-04
5.538715884045329390e-04
5.401876711502996394e-04
5.273939384476712677e-04
5.154103017600657199e-04
5.041862663983278769e-04
4.936544656464947247e-04
4.837739636803706418e-04
4.744877054496713341e-04
4.657624174459054156e-04
4.575494568339737731e-04
4.498217240371743877e-04
4.425374820905319997e-04
4.356746305904810263e-04
4.291971365719697475e-04
4.230869664399505630e-04
4.173128266223950777e-04
4.118600063753123913e-04
4.067011728964970677e-04
4.018243415879531885e-04
3.972055084199607299e-04
3.928349339375770142e-04
3.886914271286711188e-04
3.847671040601129545e-04
3.810431636366738901e-04
3.775132603602419402e-04
3.741606341927253081e-04
3.709802188374793086e-04
3.679570062444835823e-04
3.650869964452340853e-04
3.623566927007941703e-04
3.597629858170920910e-04
3.572936890449449716e-04
3.549464385860111770e-04
3.527101885168291030e-04
3.505831995594906373e-04
3.485554238482982143e-04
3.466256457318839072e-04
3.447846943985285301e-04
3.430317932903290861e-04
3.413585456693585415e-04
3.397645429881660894e-04
3.382420745923143588e-04
3.367910399623686140e-04
3.354043390561515657e-04
3.340821285965805726e-04
3.328178541809072755e-04
3.316118866369502133e-04
3.304581610678180453e-04
3.293572256526393262e-04
3.283034563383803364e-04
3.272975472496666917e-04
3.263342728550252593e-04
3.254144463143802545e-04
3.245332036950524749e-04
3.236914540742861211e-04
3.228846628109239918e-04
3.221138149911060796e-04
3.213746769173207295e-04
3.206682925012807649e-04
3.199907040494605272e-04
3.193429994367905089e-04
3.187214749776716145e-04
3.181272496304879643e-04
3.175568542719863006e-04
3.170114277625200308e-04
3.164877183123832147e-04
3.159868749610121510e-04
3.155058479558826433e-04
3.150457880484261734e-04
3.146038339164082542e-04
3.141811306397992911e-04
3.137749932008688874e-04
3.133865545616976406e-04
3.130132951851266740e-04
3.126563302806884556e-04
3.123132961151352228e-04
3.119852852151948613e-04
3.116700809884192071e-04
3.113687489606481299e-04
3.110792119146889973e-04
3.108025045901173533e-04
3.105366821762997522e-04
3.102827453052941467e-04
3.100388753134062855e-04
3.098060358087542177e-04
3.095825286476456563e-04
3.093692778513046121e-04
3.091647007350100122e-04
3.089696794791956490e-04
3.087827423048142544e-04
3.086047275681501247e-04
3.084342702994249952e-04
3.082721632846804872e-04
3.081171446796163822e-04
3.079699601624582271e-04
3.078294477046367335e-04
3.076963045227424070e-04
3.075694654347696597e-04
3.074495780044120773e-04
3.073356712385951406e-04
3.072283420012460555e-04
3.071267111171950364e-04
3.070313238327182178e-04
3.069413906846235151e-04
3.068574044996727501e-04
3.067786636675313137e-04
3.067056078987254425e-04
3.066376218079569158e-04
3.065750913889187424e-04
3.065174860718115099e-04
3.064651376216288425e-04
3.064175990819993037e-04
3.063751475601070437e-04
3.063374187095354727e-04
3.063046346285502593e-04
3.062765127686884782e-04
3.062532199424674879e-04
3.062345547733258118e-04
3.062206285826874798e-04
3.062113207215502015e-04
3.062066868844305211e-04
