5.085860241206834331e+00
5.085564356120764629e+00
5.084974732655813234e+00
5.084096036625243897e+00
5.082936179618210204e+00
5.081507277787732590e+00
5.079826667090476811e+00
5.077917592064342678e+00
5.075809286299864276e+00
5.073536215721273557e+00
5.071136734178047334e+00
5.068651417646469426e+00
5.066121507593124740e+00
5.063587454501684348e+00
5.061087667155323544e+00
5.058657261760831858e+00
5.056326987242240278e+00
5.054122225044147321e+00
5.052062360885631875e+00
5.050160406334180507e+00
5.048423128897508327e+00
5.046851435215187642e+00
5.045441190389254871e+00
5.044184107295796693e+00
5.043068877223888080e+00
5.042082140035667237e+00
5.041209526438960253e+00
5.040436384795352609e+00
5.039748515301526233e+00
5.039132539049799853e+00
5.038576303328316186e+00
5.038068939359201082e+00
5.037601029415788467e+00
5.037164461989377173e+00
5.036752473337653413e+00
5.036359401204800079e+00
5.035980688198407940e+00
5.035612601095867724e+00
5.035252248048607271e+00
5.034897297233005276e+00
5.034546031948584854e+00
5.034197079490116522e+00
5.033849511472967109e+00
5.033502581190024472e+00
5.033155868732583471e+00
5.032809019498023950e+00
5.032461931500797014e+00
5.032114485898097733e+00
5.031766774649376828e+00
5.031418813674354062e+00
5.031070811126195252e+00
5.030722853755444923e+00
5.030375218763627032e+00
5.030028023398408266e+00
5.029681586443374819e+00
5.029336029647912376e+00
5.028991698410808731e+00
5.028648701333308324e+00
5.028307403218255089e+00
5.027967887177001494e+00
5.027630533024254333e+00
5.027295395260046540e+00
5.026962847080683083e+00
5.026632981868106143e+00
5.026305994978899960e+00
5.025988692083985576e+00
5.025704144948019980e+00
5.025461248455191487e+00
5.025252718339429769e+00
5.025074333102245383e+00
5.024920997588086635e+00
5.024789434649030717e+00
5.024676055150272269e+00
5.024578466654396891e+00
5.024494094253192600e+00
5.024421224966871158e+00
5.024357993867411665e+00
5.024303186450698178e+00
5.024255440363766922e+00
5.024213900372270558e+00
5.024177561842091855e+00
5.024145826398831893e+00
5.024117945226908688e+00
5.024093502937207134e+00
5.024071934616784141e+00
5.024052955076490079e+00
5.024036132407419863e+00
5.024021274068581455e+00
5.024008045008939050e+00
5.023996318658210392e+00
5.023985831046267947e+00
5.023976502612677031e+00
5.023968121994949243e+00
5.023960643143965399e+00
5.023953893991405018e+00
5.023947852366659639e+00
5.023942375841110142e+00
5.023937459229077973e+00
5.023932982693560589e+00
5.023928953085604832e+00
5.023925267977692677e+00
5.023921942695065646e+00
5.023918888380827674e+00
5.023916126262239601e+00
5.023913578186896878e+00
5.023911269422322690e+00
5.023909130363275466e+00
5.023907188967354109e+00
5.023905382539010311e+00
5.023903740745512714e+00
5.023902206547386839e+00
5.023900810609474910e+00
5.023899500580152555e+00
5.023898307605115576e+00
5.023897183266061717e+00
5.023896158815575497e+00
5.023895189175313192e+00
5.023894305435399943e+00
5.023893465386528590e+00
5.023892699763880643e+00
5.023891968849984124e+00
5.023891302889174959e+00
5.023890664350886048e+00
5.023890082894431508e+00
5.023889522927366791e+00
5.023889013460573594e+00
5.023888520634921306e+00
5.023888072772138003e+00
5.023887637576273768e+00
5.023887242655882268e+00
5.023886857135635431e+00
5.023886507899131715e+00
5.023886165371202139e+00
5.023885855707640680e+00
5.023885550530796884e+00
5.023885275272266249e+00
5.023885002663781130e+00
5.023884757420958636e+00
5.023884513308654931e+00
5.023884294337956469e+00
5.023884075240394154e+00
5.023883879336167091e+00
5.023883682265184447e+00
5.023883506671831256e+00
5.023883329052925895e+00
5.023883171392966140e+00
5.023883010999968590e+00
5.023882869214897795e+00
5.023882724116145226e+00
5.023882596417616142e+00
5.023882464931424430e+00
5.023882349760777188e+00
5.023882230418454498e+00
5.023882126413049320e+00
5.023882017928055888e+00
5.023881923893146251e+00
5.023881825135276813e+00
5.023881740020421205e+00
5.023881649994115683e+00
5.023881572873330370e+00
5.023881490699380947e+00
5.023881420754372940e+00
5.023881345654441333e+00
5.023881282160395756e+00
5.023881213443866400e+00
5.023881155757357497e+00
5.023881092810127846e+00
5.023881040358795680e+00
5.023880982633696313e+00
5.023880934907412055e+00
5.023880881915983920e+00
5.023880838459255926e+00
5.023880789764669785e+00
5.023880750170099496e+00
5.023880705381051470e+00
5.023880669283675715e+00
5.023880628049090191e+00
5.023880595121474890e+00
5.023880557125912638e+00
5.023880527073888658e+00
5.023880492033542033e+00
5.023880464592482831e+00
5.023880432251683459e+00
5.023880407183255237e+00
5.023880377311407130e+00
5.023880354400718673e+00
5.023880326789617712e+00
5.023880305842715721e+00
5.023880280304182655e+00
5.023880261145847292e+00
5.023880237509644964e+00
5.023880219981443851e+00
5.023880198093436000e+00
5.023880182052002041e+00
5.023880161772521724e+00
5.023880147088032544e+00
5.023880128290436176e+00
5.023880114845258760e+00
5.023880097414641810e+00
5.023880085102128135e+00
5.023880068934183818e+00
5.023880057657603260e+00
5.023880042657598466e+00
5.023880032329181233e+00
5.023880018411049697e+00
5.023880008951134180e+00
5.023879996036663798e+00
5.023879987372933620e+00
5.023879975391039032e+00
5.023879967457840046e+00
5.023879956343909825e+00
5.023879949081640817e+00
5.023879938776951271e+00
5.023879932131515069e+00
5.023879922582708879e+00
5.023879916505016752e+00
5.023879907663628686e+00
5.023879902109161577e+00
5.023879893931197493e+00
5.023879888859605458e+00
5.023879881305156836e+00
5.023879876679901102e+00
5.023879869712805757e+00
5.023879865500838982e+00
5.023879859088368427e+00
5.023879855259840710e+00
5.023879849372423934e+00
5.023879845900421692e+00
5.023879840511393802e+00
5.023879837371708845e+00
5.023879832457083694e+00
5.023879829627997395e+00
5.023879825166266855e+00
5.023879822628360969e+00
5.023879818600311964e+00
5.023879816336298987e+00
5.023879812724851845e+00
5.023879810719422245e+00
5.023879807509482376e+00
5.023879805749172256e+00
5.023879802927504912e+00
5.023879801400571665e+00
5.023879798955686482e+00
5.023879797652008428e+00
5.023879795574060836e+00
5.023879794485043959e+00
5.023879792765749919e+00
5.023879791884251489e+00
5.023879790516815547e+00
5.023879789837077503e+00
5.023879788816135061e+00
5.023879788333733387e+00
5.023879787655299189e+00
5.023879787367103056e+00
5.023879787028542765e+00
5.023879786932684333e+00
