1.194945405983140221e-08
1.198094866225402653e-08
1.204428280192626641e-08
1.214015646856020671e-08
1.226964855647512979e-08
1.243425438905729292e-08
1.263595113890753770e-08
1.287730038957405003e-08
1.316163211245976286e-08
1.349336733764383336e-08
1.387860812014358388e-08
1.432610910949656158e-08
1.484856451586838104e-08
1.546357186080517451e-08
1.619348156686891455e-08
1.706449309990840115e-08
1.810633851856215514e-08
1.935301305597098308e-08
2.084406644978747091e-08
2.262604460503794475e-08
2.475403517541336901e-08
2.729340398741473618e-08
3.032186818881954839e-08
3.393198055530832434e-08
3.823418229566937232e-08
4.336046226441438494e-08
4.946884564877000797e-08
5.674872625450364148e-08
6.542738205542241477e-08
7.577765589476310614e-08
8.812731434842498431e-08
1.028700113521801339e-07
1.204786159713001280e-07
1.415207331547596938e-07
1.666775201682623649e-07
1.967654585609706997e-07
2.327626582542936983e-07
2.758390697956147367e-07
3.273928313924718902e-07
3.890916618636484403e-07
4.629224132514841717e-07
5.512469494528542668e-07
6.568686708983019172e-07
7.831066838254708374e-07
9.338835717085822145e-07
1.113821974782072632e-06
1.328358159404089571e-06
1.583865089279675331e-06
1.887796209316880176e-06
2.248838489837716575e-06
2.677090083804822631e-06
3.184245429736470038e-06
3.783808842261511874e-06
4.491311345285145657e-06
5.324559634140634280e-06
6.303880715718561274e-06
7.452401950451842614e-06
8.796314763648869844e-06
1.036517671537409614e-05
1.219217967019682258e-05
1.431445935851799546e-05
1.677334684413274709e-05
1.961466540772369477e-05
2.288893757824647735e-05
2.665164423908112203e-05
3.096335373597265076e-05
3.588991496966442073e-05
4.150247105443437431e-05
4.787755810820238300e-05
5.509696419087434070e-05
6.324770811010683210e-05
7.242156452969201238e-05
8.270637773048301813e-05
9.374340577543968428e-05
9.959556183778478977e-05
9.998694981926797007e-05
9.999552497599719714e-05
9.999474389504241310e-05
9.999386124324705072e-05
9.999309696931215382e-05
9.999243217716967608e-05
9.999186053037025369e-05
9.999136079206886758e-05
9.999093117913746985e-05
9.999055357818818215e-05
9.999022935910192487e-05
9.998994279003111068e-05
9.998969735559259085e-05
9.998947914041681699e-05
9.998929303987397687e-05
9.998912654095091612e-05
9.998898546403825873e-05
9.998885839777537873e-05
9.998875174864759016e-05
9.998865498868699127e-05
9.998857487245105312e-05
9.998850159618461017e-05
9.998844209441430512e-05
9.998838717072334363e-05
9.998834382072633036e-05
9.998830336859956109e-05
9.998827278673766200e-05
9.998824385490475330e-05
9.998822346280856566e-05
9.998820379614785034e-05
9.998819162015816877e-05
9.998817948818450687e-05
9.998817401197520422e-05
9.998816808225825456e-05
9.998816813754152005e-05
9.998816738170942338e-05
9.998817206702525226e-05
9.998817569057210871e-05
9.998818431031838289e-05
9.998819169992831650e-05
9.998820371857142307e-05
9.998821440226741638e-05
9.998822940960576530e-05
9.998824302655674300e-05
9.998826071127738782e-05
9.998827698871847987e-05
9.998829711817276277e-05
9.998831585367821940e-05
9.998833825829106590e-05
9.998835930611534310e-05
9.998838386735191903e-05
9.998840712777923539e-05
9.998843376871589805e-05
9.998845917982849749e-05
9.998848785781651457e-05
9.998851538888177848e-05
9.998854608973365983e-05
9.998857573610517204e-05
9.998860846944051498e-05
9.998864024834654618e-05
9.998867504388293922e-05
9.998870899112322172e-05
9.998874589560094580e-05
9.998878206271835602e-05
9.998882113741685673e-05
9.998885958943042973e-05
9.998890090796857958e-05
9.998894172136052515e-05
9.998898536789660397e-05
9.998902862887380197e-05
9.998907469641678432e-05
9.998912049933865085e-05
9.998916908825756351e-05
9.998921753416941001e-05
9.998926875075150574e-05
9.998931994599273511e-05
9.998937390107009310e-05
9.998942795588502497e-05
9.998948476346981135e-05
9.998954179064540920e-05
9.998960156652017030e-05
9.998966167998334131e-05
9.998972454030419883e-05
9.998978785364757711e-05
9.998985391344125293e-05
9.998992053844198960e-05
9.998998991007477675e-05
9.999005995508146395e-05
9.999013274662205423e-05
9.999020631491641433e-05
9.999028262844940828e-05
9.999035981647724184e-05
9.999043974631195188e-05
9.999052064188744136e-05
9.999060427269174946e-05
9.999068895307453182e-05
9.999077635795381878e-05
9.999086488790158217e-05
9.999095612638993138e-05
9.999104855611282378e-05
9.999114367213835322e-05
9.999124003525312009e-05
9.999133905504137927e-05
9.999143936647101997e-05
9.999154229646744173e-05
9.999164655034368490e-05
9.999175337511812076e-05
9.999186154271550418e-05
9.999197222291084607e-05
9.999208425062191489e-05
9.999219872096763348e-05
9.999231452835195908e-05
9.999243269577085642e-05
9.999255217372624482e-05
9.999267391556935960e-05
9.999279692463586115e-05
9.999292208707047695e-05
9.999304845593361807e-05
9.999317685255267919e-05
9.999330637673241806e-05
9.999343778737478203e-05
9.999357022820860820e-05
9.999370439806765543e-05
9.999383948194763680e-05
9.999397612097970275e-05
9.999411353894300950e-05
9.999425232162185355e-05
9.999439172927331899e-05
9.999453229471860240e-05
9.999467331256693410e-05
9.999481526506669702e-05
9.999495747925174602e-05
9.999510038921920240e-05
9.999524335268866141e-05
9.999538675805634742e-05
9.999552999218518296e-05
9.999567340025447039e-05
9.999581639693332655e-05
9.999595928669121378e-05
9.999610151086358082e-05
9.999624333575734235e-05
9.999638422842473476e-05
9.999652441958658243e-05
9.999666340125647798e-05
9.999680137116461354e-05
9.999693784572124481e-05
9.999707299227515906e-05
9.999720635123239131e-05
9.999733806219218409e-05
9.999746768932953663e-05
9.999759534710043324e-05
9.999772062337347178e-05
9.999784361006400560e-05
9.999796391879700651e-05
9.999808162151151126e-05
9.999819635377178403e-05
9.999830817005696466e-05
9.999841673016152826e-05
9.999852207355206023e-05
9.999862388462913950e-05
9.999872219020852814e-05
9.999881669974060511e-05
9.999890742964878362e-05
9.999899411491605140e-05
9.999907676370646439e-05
9.999915513706041364e-05
9.999922923686212055e-05
9.999929885073231730e-05
9.999936397609924925e-05
9.999942442767834874e-05
9.999948020008041271e-05
9.999953113559835536e-05
9.999957722746773093e-05
9.999961834599977210e-05
9.999965448427549362e-05
9.999968554100691250e-05
9.999971151011844436e-05
9.999973231903148160e-05
9.999974796327046475e-05
9.999975839919370848e-05
9.999976362443700154e-05
