2.807082182905296509e-04
2.797110244733494867e-04
2.777281689066556786e-04
2.747824757290906689e-04
2.709075965228157083e-04
2.661473190981663455e-04
2.605546942661671520e-04
2.541909751637679363e-04
2.471244386019774784e-04
2.394290768543593710e-04
2.311832478467208880e-04
2.224682628618850078e-04
2.133670107390730748e-04
2.039625855377960617e-04
1.943370202529663975e-04
1.845700796344241937e-04
1.747382119637890159e-04
1.649135987390678855e-04
1.551633948101599253e-04
1.455490853765577914e-04
1.361260425415234494e-04
1.269431983900280053e-04
1.180429067875504761e-04
1.094609055291430284e-04
1.012264413247248484e-04
9.336246835728846346e-05
8.588597480720238796e-05
7.880835131643373003e-05
7.213584956187932805e-05
6.587005146307040916e-05
6.000839264537121889e-05
5.454466945996168733e-05
4.946956986557101549e-05
4.477116733823815087e-05
4.043541551845834705e-05
3.644659271454594470e-05
3.278773165349000758e-05
2.944099287784199834e-05
2.638801483851065441e-05
2.361020720315556236e-05
2.108901792452875463e-05
1.880614731698486335e-05
1.674373701483098263e-05
1.488451235622847347e-05
1.321190333166182664e-05
1.171012658340748245e-05
1.036425096373950817e-05
9.160231852601288265e-06
8.084934431351561390e-06
7.126132685170046237e-06
6.272502631258464897e-06
5.513596907968330536e-06
4.839818609831274614e-06
4.242380304134079333e-06
3.713267887530883579e-06
3.245215671361650522e-06
2.831858155176406766e-06
2.467814152849322895e-06
2.148184344735757797e-06
1.868360540830248549e-06
1.624035716174959526e-06
1.411214416609062350e-06
1.226222933245443973e-06
1.065709153870320507e-06
9.266393928333729621e-07
8.062876413035687415e-07
7.022221306911626274e-07
6.122869706934679972e-07
5.345825389102050961e-07
4.674434353326208141e-07
4.094167263626003568e-07
3.592396855983642455e-07
3.158189254429082307e-07
2.782102286961190269e-07
2.456003083646084369e-07
2.172898288886002358e-07
1.926784421055847631e-07
1.712512079763959871e-07
1.525668475682328399e-07
1.362472649851887264e-07
1.219686038929168421e-07
1.094533601609152195e-07
9.846371412909219755e-08
8.879569162187357779e-08
8.027426169028197154e-08
7.274906019670037767e-08
6.609081709826199322e-08
6.018824425868887254e-08
5.494544464811773757e-08
5.027965441561312002e-08
4.611936824156291327e-08
4.240270227367777815e-08
3.907603782519451272e-08
3.609283309150294505e-08
3.341264047446715369e-08
3.100024188687412169e-08
2.882493495863851181e-08
2.685990158704961272e-08
2.508168769614835647e-08
2.346974013062421078e-08
2.200602597123768304e-08
2.067469123234495796e-08
1.946178106688015203e-08
1.835498689244965952e-08
1.734343978049267547e-08
1.641752204153557579e-08
1.556871391089475790e-08
1.478945233521677571e-08
1.407301664008722226e-08
1.341342205114161390e-08
1.280533400541791732e-08
1.224398736624964095e-08
1.172512188313154722e-08
1.124492051562446263e-08
1.079996058465493253e-08
1.038716638710246993e-08
1.000377204754110710e-08
9.647284880457975607e-09
9.315457010037533449e-09
9.006256861475362185e-09
8.717847383908713308e-09
8.448563725506972773e-09
8.196896453527817572e-09
7.961473960374633897e-09
7.741049483554559723e-09
7.534487151938480007e-09
7.340751908794516128e-09
7.158898374936817525e-09
6.988062999788178571e-09
6.827455116659301737e-09
6.676350811302080406e-09
6.534085692712164090e-09
6.400050091236799447e-09
6.273683179391807071e-09
6.154469203388785985e-09
6.041932672189742444e-09
5.935635395377956863e-09
5.835172522097375876e-09
5.740170210380852922e-09
5.650282345902393722e-09
5.565188707497654707e-09
5.484592232592466951e-09
5.408217573862774533e-09
5.335808806597567784e-09
5.267128294585652557e-09
5.201954756603653810e-09
5.140082377416849934e-09
5.081319167606831461e-09
5.025486269320523563e-09
4.972416556928372390e-09
4.921954097817334659e-09
4.873952951770768922e-09
4.828276755402369517e-09
4.784797686334134573e-09
4.743396146355888476e-09
4.703959862949085573e-09
4.666383651345622777e-09
4.630568631082295070e-09
4.596422051139564510e-09
4.563856603308987301e-09
4.532790297756769012e-09
4.503145858266872847e-09
4.474850638082859280e-09
4.447836084727561913e-09
4.422037687969423395e-09
4.397394504050283705e-09
4.373849129211683020e-09
4.351347274888110414e-09
4.329837761500184645e-09
4.309272137575542691e-09
4.289604689532815586e-09
4.270792098840817773e-09
4.252793464336041336e-09
4.235569992470476893e-09
4.219085029364090577e-09
4.203303779966567053e-09
4.188193347577372884e-09
4.173722478385948342e-09
4.159861606621961553e-09
4.146582621467731549e-09
4.133858916349800207e-09
4.121665175658264550e-09
4.109977426972101062e-09
4.098772845388629779e-09
4.088029807704312594e-09
4.077727712464778272e-09
4.067847035309271142e-09
4.058369163111400891e-09
4.049276449846775551e-09
4.040552063411886499e-09
4.032180041498572303e-09
4.024145149863736170e-09
4.016432937794126257e-09
4.009029606756532877e-09
4.001922065118498345e-09
3.995097806242185429e-09
3.988544962193711657e-09
3.982252190457553312e-09
3.976208726422108214e-09
3.970404277989522114e-09
3.964829076669271117e-09
3.959473779443142904e-09
3.954329518334041563e-09
3.949387808958927554e-09
3.944640598470481343e-09
3.940080180293373129e-09
3.935699240359589362e-09
3.931490777579595285e-09
3.927448148311760712e-09
3.923564992167254298e-09
3.919835274670135803e-09
3.916253218037209872e-09
3.912813341998371833e-09
3.909510399229679989e-09
3.906339414313516146e-09
3.903295623537130885e-09
3.900374511980159002e-09
3.897571757419582985e-09
3.894883265539459136e-09
3.892305117709908649e-09
3.889833604319180135e-09
3.887465176217191443e-09
3.885196476174449126e-09
3.883024293802967395e-09
3.880945595149355158e-09
3.878957480924519460e-09
3.877057214242128387e-09
3.875242182005582673e-09
3.873509920804341589e-09
3.871858081323396786e-09
3.870284452411997217e-09
3.868786928394314228e-09
3.867363531326371270e-09
3.866012381100735678e-09
3.864731715907476317e-09
3.863519865037891935e-09
3.862375267566240536e-09
3.861296447768518997e-09
3.860282032041038773e-09
3.859330726861197710e-09
3.858441333959487871e-09
3.857612730757459876e-09
3.856843883809017422e-09
3.856133831660550088e-09
3.855481696576420349e-09
3.854886669773579538e-09
3.854348021444822212e-09
3.853865088329091333e-09
3.853437282044230229e-09
3.853064078959836001e-09
3.852745026850462612e-09
3.852479737045365030e-09
3.852267889410463295e-09
3.852109226754775998e-09
3.852003558148267352e-09
3.851950755570990652e-09
