3.000965695101621145e-01
3.000965695101621145e-01
3.000965695101621145e-01
3.000965695101621145e-01
3.000965695101621145e-01
3.000965695101621145e-01
3.000965695101621145e-01
3.000965695101621145e-01
3.000965695101621145e-01
3.000965695101621145e-01
3.000965695101621145e-01
3.000965695101621145e-01
3.000965695101621145e-01
3.000965695101621145e-01
3.000965695101621145e-01
3.000965695101621145e-01
3.000965695101621145e-01
3.000965695101621145e-01
3.000965695101621145e-01
3.000965695101621145e-01
3.000965695101621145e-01
3.000965695101621145e-01
3.000965695101621145e-01
3.000965695101621145e-01
3.000965695101621145e-01
3.000965695101621145e-01
3.000965695101621145e-01
3.000965695101621145e-01
3.000965695101621145e-01
3.000965695101621145e-01
3.000965695101621145e-01
3.000965695101621145e-01
3.000965695101621145e-01
3.000965695101621145e-01
3.000965695101621145e-01
3.000965695101621145e-01
3.000965695101621145e-01
3.000965695101620589e-01
3.000965695101620589e-01
3.000965695101620034e-01
3.000965695101617259e-01
3.000965695101610042e-01
3.000965695101583952e-01
3.000965695101491248e-01
3.000965695101149855e-01
3.000965695099832575e-01
3.000965695094529040e-01
3.000965695072176920e-01
3.000965694973461440e-01
3.000965694515497217e-01
3.000965692280465058e-01
3.000965680775126154e-01
3.000965618208506491e-01
3.000965257801241348e-01
3.000963056033633114e-01
3.000948760464069442e-01
3.000850153852478441e-01
3.000128506919876870e-01
2.994596605092522679e-01
2.953128033647958173e-01
2.736432025413918501e-01
2.276033042896886682e-01
1.800042262326057296e-01
1.410883238485347024e-01
1.113596543742052108e-01
8.955420506642115808e-02
7.407564742508418454e-02
6.342845694698613646e-02
5.636096025256218112e-02
5.190503150634444285e-02
4.934543527723771195e-02
4.817042152650155562e-02
4.802647918457898790e-02
4.867176386179436487e-02
4.995283058690076078e-02
5.177192939258098980e-02
5.408412241558686884e-02
5.687205748169914948e-02
6.015859777220561311e-02
6.398272380589686836e-02
6.842671035825741155e-02
7.358893947964735560e-02
7.962997567085298989e-02
8.674005679621801801e-02
9.521722397235547752e-02
1.054314716076585751e-01
1.179694722397753859e-01
1.336153703686954741e-01
1.536569438186470016e-01
1.798435738340842249e-01
2.030695413783117353e-01
2.069673966134248644e-01
2.089670105170278736e-01
2.105543222706009465e-01
2.114493887428961494e-01
2.117065873149172883e-01
2.111240656694881035e-01
2.096997524667535140e-01
2.072691287541140182e-01
2.038160394645643914e-01
1.992191436517008474e-01
1.934896105776453823e-01
1.865822933988968424e-01
1.785826573915912652e-01
1.695558165092873604e-01
1.596858752909527668e-01
1.491453391796640493e-01
1.381909764437524446e-01
1.270498866697113149e-01
1.159846066726799158e-01
1.052014367365262104e-01
9.490071283384504675e-02
8.521281326323333627e-02
7.624387095249891833e-02
6.803696786070104197e-02
6.061401548968712444e-02
5.395306075217638775e-02
4.802289958516762353e-02
4.276799882937299541e-02
3.813421305201258882e-02
3.405685460399369285e-02
3.047857055013111077e-02
2.733912371738216052e-02
2.458755838470768132e-02
2.217345795889852020e-02
2.005534426988926644e-02
1.819338245110925165e-02
1.655538702853540448e-02
1.511086478976570238e-02
1.383549110214051664e-02
1.270630346759328219e-02
1.170516752741508279e-02
1.081491119815133212e-02
1.002209314413228351e-02
9.313882982407255262e-03
8.680326242686203092e-03
8.111807514479702289e-03
7.600937805031422051e-03
7.140470910979266304e-03
6.724898983514154653e-03
6.348721820643946773e-03
6.007811784717469877e-03
5.697959464210270754e-03
5.416053129321658950e-03
5.158842571691122682e-03
4.923967435239467311e-03
4.708894923930197901e-03
4.511823651258268543e-03
4.330761301626660092e-03
4.164324998689939404e-03
4.010932773775325103e-03
3.869517207114105215e-03
3.738810375318979418e-03
3.617984262991116168e-03
3.506013242822212089e-03
3.402252221231966915e-03
3.305864027324154162e-03
3.216344262409639044e-03
3.133003513979701338e-03
3.055446295707195132e-03
2.983099960790041617e-03
2.915653851972618144e-03
2.852628311477841197e-03
2.793779139619018310e-03
2.738701293149140015e-03
2.687202923185339886e-03
2.638939298890114783e-03
2.593760020240240983e-03
2.551369457806896505e-03
2.511650182156319796e-03
2.474346816575720767e-03
2.439368268331768615e-03
2.406492382163233877e-03
2.375649180252416368e-03
2.346644104917527951e-03
2.319424159019232729e-03
2.293817855421839344e-03
2.269785885821394827e-03
2.247176166736008281e-03
2.225960442980780447e-03
2.206003046457797028e-03
2.187284653177251278e-03
2.169683560741171753e-03
2.153187658860535991e-03
2.137687191079570663e-03
2.123175863273314961e-03
2.109554190315800042e-03
2.096820551095422008e-03
2.084884335849930288e-03
2.073747656574658274e-03
2.063327609131491124e-03
2.053629261902213416e-03
2.044576431344333287e-03
2.036176497191042895e-03
2.028359163159585647e-03
2.021133582128488686e-03
2.014434637068407419e-03
2.008272802957666685e-03
2.002587538224553584e-03
1.997390260465487649e-03
1.992624487014824433e-03
1.988302257784527183e-03
1.984370706047136612e-03
1.980842223068941810e-03
1.977667177660010194e-03
1.974858083010998158e-03
1.972368216741096376e-03
1.970210019875792435e-03
1.968339398601253072e-03
1.966768558133548308e-03
1.965455793659631138e-03
1.964412937528003163e-03
1.963600470332223062e-03
1.963029738046199492e-03
1.962663235229299922e-03
1.962511729138065580e-03
1.962539585891802645e-03
1.962756920966235094e-03
1.963129856092571488e-03
1.963667799671589033e-03
1.964338537386835053e-03
1.965150731792657864e-03
1.966073763274979284e-03
1.967115525213109731e-03
1.968246944159571157e-03
1.969475135434981417e-03
1.970772542337900259e-03
1.972145506697958999e-03
1.973567976671670478e-03
1.975045537563824543e-03
1.976553646402382826e-03
1.978097160165993591e-03
1.979653062937662949e-03
1.981225521482633204e-03
1.982793077424791460e-03
1.984359253844940069e-03
1.985904190671151318e-03
1.987430820559964260e-03
1.988920930600562246e-03
1.990376921150434006e-03
1.991782281085220305e-03
1.993138939432078337e-03
1.994432144812818830e-03
1.995663416603253582e-03
1.996819821975533583e-03
1.997902530855115693e-03
1.998900486133823370e-03
1.999814564837772406e-03
2.000635638721721087e-03
2.001364342737684855e-03
2.001993524401451605e-03
2.002523619793883727e-03
2.002949490883628413e-03
2.003271408825160402e-03
2.003486278902996253e-03
2.003594230731948773e-03
