1.428855763297792458e-01
1.430557685934626122e-01
1.433972140670765893e-01
1.439120480457979634e-01
1.446035182365320026e-01
1.454760266938904256e-01
1.465352099445993150e-01
1.477880149651231989e-01
1.492428300812825570e-01
1.509096053304529728e-01
1.528000491685444773e-01
1.549278104256359423e-01
1.573087649955941525e-01
1.599612867895945645e-01
1.629066618861662596e-01
1.661694898208707638e-01
1.697782772475817104e-01
1.737660138489748318e-01
1.781709597528085276e-01
1.830372484860773030e-01
1.884151633540852300e-01
1.943590490548118832e-01
2.009172433568962579e-01
2.080924974598661603e-01
2.157078073600746659e-01
2.230656898312500247e-01
2.287402082786214319e-01
2.318672016819187665e-01
2.332650698411773416e-01
2.339739656021614100e-01
2.344588893089419590e-01
2.348596552684182881e-01
2.352090059548443690e-01
2.355104942860758166e-01
2.357598145400712220e-01
2.359506946356692003e-01
2.360759110639316372e-01
2.361278523972519527e-01
2.360983127227499756e-01
2.359787077122789123e-01
2.357598379217037687e-01
2.354320518407499174e-01
2.349850304536200696e-01
2.344079200780205541e-01
2.336891363955583834e-01
2.328164777375162364e-01
2.317769515339235531e-01
2.305568831844063971e-01
2.291417782087538102e-01
2.275164522463627437e-01
2.256649574970196470e-01
2.235707758330240658e-01
2.212168582474182965e-01
2.185859430859480035e-01
2.156607767976283785e-01
2.124246327569511150e-01
2.088617847959262086e-01
2.049582865625039496e-01
2.007027281646478756e-01
1.960872612619384281e-01
1.911085578777470539e-01
1.857689208020479876e-01
1.800771961091867379e-01
1.740496406648069927e-01
1.677104023800233268e-01
1.610917424090777816e-01
1.542337151434506615e-01
1.471834692291416891e-01
1.399939929941934058e-01
1.327225382126918651e-01
1.254286639671763903e-01
1.181721918480080069e-01
1.110110893473909843e-01
1.039995684980415114e-01
9.718641496966111404e-02
9.061375853314571072e-02
8.431623676658893396e-02
7.832065329480211724e-02
7.264601013185456591e-02
6.730392771752166658e-02
6.229929705735727519e-02
5.763114066667389401e-02
5.329353791355817549e-02
4.927659707495730262e-02
4.556736756748744344e-02
4.215069781601882282e-02
3.900997287699366906e-02
3.612775811607996795e-02
3.348631317522260398e-02
3.106801334669096956e-02
2.885565989850663593e-02
2.683271807516558749e-02
2.498347210399143661e-02
2.329313208688868486e-02
2.174788456446194104e-02
2.033491574006922320e-02
1.904239934848175192e-02
1.785947227433024032e-02
1.677618953215726655e-02
1.578347673572301837e-02
1.487307143480306147e-02
1.403746757348318941e-02
1.326985453602306034e-02
1.256406214657950458e-02
1.191450345768280995e-02
1.131612457844085977e-02
1.076435392515627879e-02
1.025505859543566003e-02
9.784500879677341181e-03
9.349301460731301167e-03
8.946402961294694020e-03
8.573039517989810079e-03
8.226706659479315203e-03
7.905136489915724415e-03
7.606273022837110875e-03
7.328252126299957848e-03
7.069381433326313649e-03
6.828124236839522472e-03
6.603083172584562135e-03
6.392987340786984718e-03
6.196679063456040845e-03
6.013103615393306303e-03
5.841298468719910951e-03
5.680385119898446675e-03
5.529560337572618500e-03
5.388089666098841435e-03
5.255300283159205360e-03
5.130575840896265880e-03
5.013350616036952104e-03
4.903105416906661587e-03
4.799362771709301222e-03
4.701683684621127055e-03
4.609663658972959488e-03
4.522930129953667278e-03
4.441139160540623528e-03
4.363973413813162713e-03
4.291139392317133879e-03
4.222365841213748458e-03
4.157401427899444848e-03
4.096013489595745800e-03
4.037986070796160953e-03
3.983118946614979013e-03
3.931225952093103139e-03
3.882134226629819270e-03
3.835682782236744543e-03
3.791721925452583124e-03
3.750112021999945158e-03
3.710723061347986993e-03
3.673433583468029354e-03
3.638130358153606435e-03
3.604707446133053206e-03
3.573065970767126242e-03
3.543113291015632244e-03
3.514762847513138062e-03
3.487933429077509553e-03
3.462549078654727792e-03
3.438538438418662583e-03
3.415834703862559787e-03
3.394375035243800756e-03
3.374100550328930099e-03
3.354955792119548516e-03
3.336888752546273654e-03
3.319850388177537481e-03
3.303794668595836769e-03
3.288678133224766029e-03
3.274459959280881256e-03
3.261101554021335943e-03
3.248566638101291464e-03
3.236820868499331542e-03
3.225831933869762087e-03
3.215569204184952953e-03
3.206003835289400819e-03
3.197108441942144059e-03
3.188857209282435368e-03
3.181225586487969065e-03
3.174190403273162604e-03
3.167729581820892884e-03
3.161822256772261770e-03
3.156448503457859236e-03
3.151589460116121198e-03
3.147227070759178735e-03
3.143344208587781768e-03
3.139924432087195984e-03
3.136952108798281291e-03
3.134412183460535441e-03
3.132290301459815691e-03
3.130572588024772840e-03
3.129245770807684724e-03
3.128296969303310388e-03
3.127713816135548747e-03
3.127484256009396228e-03
3.127596665375356223e-03
3.128039660349505539e-03
3.128802214513989009e-03
3.129873475350634753e-03
3.131242880010477476e-03
3.132899979903708710e-03
3.134834554339093696e-03
3.137036442999887806e-03
3.139495657411893546e-03
3.142202221114231281e-03
3.145146278966115972e-03
3.148317944891525569e-03
3.151707409079997427e-03
3.155304793245641316e-03
3.159100255816343124e-03
3.163083854701420009e-03
3.167245650594432017e-03
3.171575577289563637e-03
3.176063543247375272e-03
3.180699309535850883e-03
3.185472589822920062e-03
3.190372936044221213e-03
3.195389836992571907e-03
3.200512611828336667e-03
3.205730507430114371e-03
3.211032599866276392e-03
3.216407890653310338e-03
3.221845216295807744e-03
3.227333343568270386e-03
3.232860887204039996e-03
3.238416404272830527e-03
3.243988320058431313e-03
3.249565021544893739e-03
3.255134791466783410e-03
3.260685900845915804e-03
3.266206551128037969e-03
3.271684965626251232e-03
3.277109339575122200e-03
3.282467930243505340e-03
3.287749014643567141e-03
3.292940977972373933e-03
3.298032278613942467e-03
3.303011534463690980e-03
3.307867494759363612e-03
3.312589123736749477e-03
3.317165578726188023e-03
3.321586290490672385e-03
3.325840946933358595e-03
3.329919569383167979e-03
3.333812501182685430e-03
3.337510479119171550e-03
3.341004626106473807e-03
3.344286516916380059e-03
3.347348174136867242e-03
3.350182127345579554e-03
3.352781411526237123e-03
3.355139618843516400e-03
3.357250898731524089e-03
3.359110001482071631e-03
3.360712279284717822e-03
3.362053720926624217e-03
3.363130953161090619e-03
3.363941265935798623e-03
3.364482613594060346e-03
3.364753630193127124e-03
