3.606804644081005023e-03
3.589605982606604642e-03
3.555407421837283432e-03
3.504603896969514954e-03
3.437779726755982399e-03
3.355701092145900281e-03
3.259303084794975148e-03
3.149678126839405672e-03
3.028058457582540140e-03
2.895802766874178581e-03
2.754378160875876023e-03
2.605350910153491836e-03
2.450375501484223801e-03
2.291192396599093465e-03
2.129611435473097690e-03
1.967483242154595760e-03
1.806644608144377349e-03
1.648861565613807690e-03
1.495766838658356673e-03
1.348810521848209159e-03
1.209215066045402683e-03
1.077949232924242315e-03
9.557116072552907958e-04
8.429344639617630417e-04
7.397969043523168042e-04
6.462534032651991818e-04
5.620660401771390225e-04
4.868440188390555355e-04
4.200805050982586047e-04
3.611900498095933017e-04
3.095395856148745240e-04
2.644766371483095696e-04
2.253503873095417270e-04
1.915292955618925488e-04
1.624126765926956232e-04
1.374395192055141094e-04
1.160929534474697245e-04
9.790298823097234046e-05
8.244646242009099127e-05
6.934615969418231275e-05
5.826832830336667530e-05
4.891998566195953290e-05
4.104543406049748316e-05
3.442292919505291550e-05
2.886105711719861216e-05
2.419544434041265068e-05
2.028545474548562480e-05
1.701127807746106890e-05
1.427114113020394134e-05
1.197889859140102718e-05
1.006179666624855709e-05
8.458569755346229246e-06
7.117712861989663571e-06
5.996028247015676394e-06
5.057328188398148712e-06
4.271353756388541479e-06
3.612821988988824237e-06
3.060637689155374427e-06
2.597205628685048454e-06
2.207865065334549085e-06
1.880400004375871338e-06
1.604638556653832730e-06
1.372107928467744852e-06
1.175753312525013123e-06
1.009696812666245330e-06
8.690416484942673896e-07
7.497047178441316026e-07
6.482809485112626581e-07
5.619274930236195813e-07
4.882700882290179813e-07
4.253231698742898394e-07
3.714253662734757671e-07
3.251844596532795400e-07
2.854329844374950125e-07
2.511903201632354357e-07
2.216321511705444202e-07
1.960642708995150041e-07
1.739014610408172683e-07
1.546494354585198855e-07
1.378902902291547243e-07
1.232699930953572412e-07
1.104882942229304004e-07
9.929002546152060104e-08
8.945808062537166950e-08
8.080734146988629614e-08
7.317977406047842863e-08
6.644017019165897807e-08
6.047270640142825701e-08
5.517794406648978499e-08
5.047040274112599296e-08
4.627643617250891076e-08
4.253251177310192710e-08
3.918369877079034538e-08
3.618244138663165396e-08
3.348747675566595191e-08
3.106295490912733469e-08
2.887765992758773871e-08
2.690437475789052227e-08
2.511931743451340967e-08
2.350167965406884740e-08
2.203321636170009072e-08
2.069790831556884608e-08
1.948166164737424173e-08
1.837205940301549990e-08
1.735814041036743255e-08
1.643021503873954279e-08
1.557970158672926223e-08
1.479898866432797545e-08
1.408131353918180474e-08
1.342065856839509331e-08
1.281166032737001689e-08
1.224953105882690296e-08
1.172999051368645441e-08
1.124920589264144078e-08
1.080374053849943945e-08
1.039050763103430821e-08
1.000673145121081156e-08
9.649911367711918261e-09
9.317792530522833400e-09
9.008337606637492860e-09
8.719704582623573836e-09
8.450224371673181685e-09
8.198384002405982204e-09
7.962808702626601326e-09
7.742249188383564311e-09
7.535567182932638286e-09
7.341725840966506900e-09
7.159777920724959391e-09
6.988858615329618994e-09
6.828175787590494790e-09
6.677004656364171951e-09
6.534679645855542144e-09
6.400590506263906950e-09
6.274175435525916028e-09
6.154918312047701942e-09
6.042342826451276094e-09
5.936010578480292774e-09
5.835516016327974220e-09
5.740485206094351200e-09
5.650571421742223499e-09
5.565454438343695703e-09
5.484836650324771810e-09
5.408442772529173093e-09
5.336016390894038511e-09
5.267319980561253500e-09
5.202131813482303513e-09
5.140246222267870769e-09
5.081470804939114128e-09
5.025626878300758749e-09
4.972546932252277907e-09
4.922075228226301092e-09
4.874065464979381142e-09
4.828381486835103215e-09
4.784895130315252912e-09
4.743487014151036583e-09
4.704044541967384341e-09
4.666462751722514787e-09
4.630642454278397747e-09
4.596491124438826675e-09
4.563921158903510774e-09
4.532850794657292911e-09
4.503202472724442972e-09
4.474903772517327291e-09
4.447885870141349490e-09
4.422084479596169387e-09
4.397438396255896382e-09
4.373890437648477694e-09
4.351386064247854545e-09
4.329874314031105099e-09
4.309306493943008844e-09
4.289637103620251068e-09
4.270822591883940759e-09
4.252822265982115947e-09
4.235597108278152710e-09
4.219110668141674036e-09
4.203327934667699425e-09
4.188216208978449428e-09
4.173744029357365517e-09
4.159882022237568859e-09
4.146601876589394366e-09
4.133877172289938069e-09
4.121682400981053700e-09
4.109993770853108002e-09
4.098788271507583831e-09
4.088044454465266583e-09
4.077741539832558645e-09
4.067860172069026230e-09
4.058381566482289090e-09
4.049288239971960026e-09
4.040563195568913545e-09
4.032190628020530350e-09
4.024155144754367137e-09
4.016442446287679372e-09
4.009038582137778732e-09
4.001930606133819113e-09
3.995105865918512887e-09
3.988552633316462560e-09
3.982259426179138602e-09
3.976215614023517583e-09
3.970410771067151561e-09
3.964835257396844941e-09
3.959479602125323886e-09
3.954335060384291706e-09
3.949393025609552164e-09
3.944645562679118158e-09
3.940084848401373998e-09
3.935703681137115903e-09
3.931494948627006290e-09
3.927452114448793444e-09
3.923568712376995069e-09
3.919838810032438977e-09
3.916256529019436454e-09
3.912816486127943995e-09
3.909513338541544577e-09
3.906342202950287155e-09
3.903298225169117704e-09
3.900376977515341260e-09
3.897574052218676518e-09
3.894885437411011881e-09
3.892307133749680036e-09
3.889835509357879477e-09
3.887466939121200458e-09
3.885198138906831366e-09
3.883025827029373785e-09
3.880947038064672788e-09
3.878958806016400209e-09
3.877058458027685452e-09
3.875243318812373216e-09
3.873510984553652039e-09
3.871859048197140431e-09
3.870285353810096521e-09
3.868787742364517390e-09
3.867364286815025894e-09
3.866013058030494909e-09
3.864732340832856140e-09
3.863520419764304523e-09
3.862375776312410087e-09
3.861296894229060449e-09
3.860282438150099424e-09
3.859331078208804079e-09
3.858441650241394334e-09
3.857612999465194238e-09
3.856844122442045454e-09
3.856134029618031116e-09
3.855481869199585984e-09
3.854886808375938162e-09
3.854348139243982169e-09
3.853865178560511847e-09
3.853437355832708027e-09
3.853064131471451660e-09
3.852745067145308011e-09
3.852479762230058338e-09
3.852267906505197037e-09
3.852109234818235179e-09
3.852003562183005399e-09
3.851950756601085286e-09
