0.000000000000000000e+00
0.000000000000000000e+00
1.150550955913447424e+19
3.444754679301128602e+19
6.868900749552808755e+19
1.140263638367485133e+20
1.701921773943195566e+20
2.368583670417799905e+20
3.136401847566358282e+20
4.001008061079298376e+20
4.957564714805656289e+20
6.000820593730104852e+20
7.125170179462504120e+20
8.324715213486930002e+20
9.593327754466256486e+20
1.092471336406380052e+21
1.231247373660582314e+21
1.375016749078179217e+21
1.523136858132275003e+21
1.674972123014591676e+21
1.829899102938767294e+21
1.987311136637201416e+21
2.146622504074355409e+21
2.307272050920729346e+21
2.468726283947360125e+21
2.630481909463143940e+21
2.792067840906979443e+21
2.953046673419671699e+21
3.113015664582313116e+21
3.271607239920369795e+21
3.428489069898170368e+21
3.583363751740803383e+21
3.735968145149710041e+21
3.886072403653403083e+21
4.033478748960219726e+21
4.178020032365443678e+21
4.319558126572550488e+21
4.457982188633610256e+21
4.593206833167665725e+21
4.725170247827230556e+21
4.853832288199782695e+21
4.979172569709520355e+21
5.101188596831695667e+21
5.219893925780498940e+21
5.335316413000737358e+21
5.447496514028115591e+21
5.556485711822525039e+21
5.662344990626915811e+21
5.765143486552009081e+21
5.864957151332859380e+21
5.961867659638108848e+21
6.055961253792794542e+21
6.147327952936956330e+21
6.236060537381544002e+21
6.322254139452800631e+21
6.406005074880856326e+21
6.487403830548567687e+21
6.566495266509433078e+21
6.643251015209583641e+21
6.717619691758479737e+21
6.789569113345825440e+21
6.859090260348013380e+21
6.926197729040394093e+21
6.990927930871233118e+21
7.053337696329316434e+21
7.113501713522697961e+21
7.171510209555549127e+21
7.227466080253996171e+21
7.281482369391236481e+21
7.333679614891929895e+21
7.384183655405080019e+21
7.433123540600803557e+21
7.480629930022022414e+21
7.526833683892964164e+21
7.571864894794468688e+21
7.615852107543139582e+21
7.658921894551336518e+21
7.701198575923603964e+21
7.742804205669594431e+21
7.783858653210309820e+21
7.824479876169844392e+21
7.864784248884439286e+21
7.904887027741096935e+21
7.944902846919934476e+21
7.984946315773878469e+21
8.025132634536590442e+21
8.065578292100179427e+21
8.106401780585374679e+21
8.147724384264589935e+21
8.189670991693617299e+21
8.232370983368926429e+21
8.275959155107198665e+21
8.320576725059287122e+21
8.366372394018152645e+21
8.413503503354990428e+21
8.462137268547240329e+21
8.512452129888673989e+21
8.564639206053565694e+21
8.618903890204824699e+21
8.675467581883763655e+21
8.734569593328482910e+21
8.796469231266570437e+21
8.861448092667201192e+21
8.929812583898285081e+21
9.001896702532001989e+21
9.078065100575693865e+21
9.158716470107877409e+21
9.244287280707642851e+21
9.335255912450572157e+21
9.432147226122893918e+21
9.535537618376634401e+21
9.646060617800850866e+21
9.764413074854499058e+21
9.891362018471708721e+21
1.002775223891113332e+22
1.017451468951142374e+22
1.033267577508995478e+22
1.050336764307159017e+22
1.068783955491977744e+22
1.088747048156839018e+22
1.110378301203957573e+22
1.133845875141003916e+22
1.159335531076505934e+22
1.187052510332787989e+22
1.217223606468606322e+22
1.250099455562557371e+22
1.285957058247505268e+22
1.325102564483312229e+22
1.367874336396031715e+22
1.414646326082007990e+22
1.465831785629074902e+22
1.521887353002720127e+22
1.583317532973715161e+22
1.650679624372289169e+22
1.724589114641795672e+22
1.805725601530011609e+22
1.894839264377007663e+22
1.992757954303898105e+22
2.100394926686060151e+22
2.218757295549631483e+22
2.348955233303185379e+22
2.492212006547117782e+22
2.649874870068156826e+22
2.823426921467563580e+22
3.014499935337311738e+22
3.224888291491978412e+22
3.456564010396444472e+22
3.711693022364610593e+22
3.992652674468600925e+22
4.302050613357530264e+22
4.642745034288365620e+22
5.017866445181008898e+22
5.430840916746229829e+22
5.885414976417756191e+22
6.385682090918385025e+22
6.936110901624556854e+22
7.541575122877110918e+22
8.207385270468851479e+22
8.939322085695709564e+22
9.743671820966430350e+22
1.062726319584005818e+23
1.159750618301570818e+23
1.266243236320800366e+23
1.383073699587346074e+23
1.511182245983180334e+23
1.651584319142348750e+23
1.805375167313404316e+23
1.973734557386957767e+23
2.157931547563884932e+23
2.359329325432674672e+23
2.579390041387263444e+23
2.819679640170874295e+23
3.081872605271930060e+23
3.367756614493455474e+23
3.679237004729624748e+23
4.018341039576714020e+23
4.387221859938385674e+23
4.788162106694549362e+23
5.223577076997608199e+23
5.696017399336446145e+23
6.208171070242074992e+23
6.762864835101648937e+23
7.363064737977354766e+23
8.011875822234885570e+23
8.712540790593690502e+23
9.468437608625968219e+23
1.028307584686324160e+24
1.116009175160148732e+24
1.210324183020572814e+24
1.311639495190437981e+24
1.420352274594881065e+24
1.536868831483055787e+24
1.661603304727320895e+24
1.794976157205609342e+24
1.937412464823477748e+24
2.089340006349529453e+24
2.251187135609728261e+24
2.423380447047251428e+24
2.606342219157602916e+24
2.800487651394113547e+24
3.006221883018579144e+24
3.223936814772428307e+24
3.454007726777265308e+24
3.696789719385637753e+24
3.952613976194059822e+24
4.221783882152835289e+24
4.504571002482655731e+24
4.801210961645283607e+24
5.111899235017709178e+24
5.436786898590931685e+24
5.775976356396308768e+24
6.129517096416625585e+24
6.497401501458852181e+24
6.879560770102849616e+24
7.275860980255912796e+24
7.686099353242514638e+24
8.110000755824558992e+24
8.547214498903781653e+24
8.997311473517948991e+24
9.459781681303817095e+24
9.934032201186888236e+24
1.041938564516814556e+25
1.091507914370431366e+25
1.142026390632320368e+25
1.193400539407051683e+25
1.245528413922636456e+25
1.298299724227501880e+25
1.351596056852619858e+25
1.405291166514151389e+25
1.459251340542686074e+25
1.513335836958668743e+25
1.567397395130651453e+25
1.621282818595195200e+25
1.674833627103814715e+25
1.727886776015257214e+25
1.780275438195127563e+25
1.831829845041357159e+25
1.882378179963241041e+25
1.931747519483512169e+25
1.979764813633574924e+25
2.026257899506793868e+25
2.071056538265093954e+25
2.113993468395568857e+25
2.154905464516344456e+25
2.193634393778743690e+25
2.230028258628089388e+25
2.263942217604560935e+25
2.295239572924743210e+25
2.323792716587017366e+25
2.349484024262932405e+25
2.372206689222177222e+25
2.391865486613484986e+25
2.408377461283719957e+25
2.421672531016484290e+25
2.431693999695753307e+25
2.438398974262577059e+25
