-7.919560516578566300e+00
-7.922293677988704097e+00
-7.927767739282320036e+00
-7.935998271581871322e+00
-7.947009129496175106e+00
-7.960832868192795786e+00
-7.977511976066360866e+00
-7.997100327137186326e+00
-8.019666625846616270e+00
-8.045299684827922349e+00
-8.074118810491874854e+00
-8.106288434795034803e+00
-8.142033585237877347e+00
-8.181637100412761043e+00
-8.225405425681447724e+00
-8.273617407541214774e+00
-8.326492183808449354e+00
-8.384180359385846160e+00
-8.446766206799562582e+00
-8.514268607012365209e+00
-8.586642861515805691e+00
-8.663782288872136306e+00
-8.745524065821962623e+00
-8.831655668245490531e+00
-8.921924714631892073e+00
-9.016046860848007327e+00
-9.113714774202509972e+00
-9.214602602203132875e+00
-9.318370033005885844e+00
-9.424660477468336239e+00
-9.533098421507572695e+00
-9.643280383925095123e+00
-9.754765131310254134e+00
-9.867057474405443784e+00
-9.979592031442997779e+00
-1.009171199674343633e+01
-1.020265121585970824e+01
-1.031151738969867360e+01
-1.041728867347540799e+01
-1.051882602475945916e+01
-1.061491622888014241e+01
-1.070434629578533325e+01
-1.078601270775922671e+01
-1.085904567050310909e+01
-1.092292475216672187e+01
-1.097754894738511133e+01
-1.102324122192074185e+01
-1.106068331191347021e+01
-1.109080418532700207e+01
-1.111465322309829595e+01
-1.113328843678269919e+01
-1.114769568017176837e+01
-1.115874220559424934e+01
-1.116715901919141096e+01
-1.117354267410990687e+01
-1.117836858291798663e+01
-1.118200871042522948e+01
-1.118475044821322406e+01
-1.118681351109703570e+01
-1.118836492622818213e+01
-1.118953084791857755e+01
-1.119040647317110881e+01
-1.119106328305437792e+01
-1.119155511978474848e+01
-1.119192231180204899e+01
-1.119219530008924757e+01
-1.119239686095169262e+01
-1.119254428091632292e+01
-1.119265047747029662e+01
-1.119272534389193652e+01
-1.119277626597166098e+01
-1.119280981843212786e+01
-1.119287624025196237e+01
-1.119508484843893470e+01
-1.122425696546023133e+01
-1.127688893349058574e+01
-1.133005575740427240e+01
-1.138212849745713839e+01
-1.143306504739650897e+01
-1.148286399104621047e+01
-1.153152682571477428e+01
-1.157905631810972658e+01
-1.162545696929348082e+01
-1.167073436669380904e+01
-1.171489565406115219e+01
-1.175794891321736202e+01
-1.179990361391184628e+01
-1.184077002425603631e+01
-1.188055963969665108e+01
-1.191928462251444465e+01
-1.195695820951868527e+01
-1.199359418075782635e+01
-1.202920724607363390e+01
-1.206381254280972293e+01
-1.209742600180413596e+01
-1.213006387355048155e+01
-1.216174307450676828e+01
-1.219248074089541056e+01
-1.222229455641047657e+01
-1.225120233262341074e+01
-1.227922231928727115e+01
-1.230637281014701934e+01
-1.233267243711422623e+01
-1.235813980014568436e+01
-1.238279374657716225e+01
-1.240665302365302125e+01
-1.242973654430360497e+01
-1.245206306083744252e+01
-1.247365141841917335e+01
-1.249452024840779352e+01
-1.251468821074795734e+01
-1.253417370542185161e+01
-1.255299510491027881e+01
-1.257117048224198186e+01
-1.258871783461732541e+01
-1.260565482655831637e+01
-1.262199900572547939e+01
-1.263776755971495014e+01
-1.265297752502436879e+01
-1.266764555609745457e+01
-1.268178812832558933e+01
-1.269542131800024087e+01
-1.270856100016685097e+01
-1.272122263821547605e+01
-1.273342147733397312e+01
-1.274517234254146025e+01
-1.275648982841910417e+01
-1.276738810447372785e+01
-1.277788110175707281e+01
-1.278798232452437311e+01
-1.279770503429503847e+01
-1.280706206685565540e+01
-1.281606601424823566e+01
-1.282472904625193522e+01
-1.283306309073192963e+01
-1.284107965881423574e+01
-1.284879002397102532e+01
-1.285620505018463078e+01
-1.286333537009742223e+01
-1.287019121553794854e+01
-1.287678259501059763e+01
-1.288311912603612086e+01
-1.288921021221407415e+01
-1.289506487689696712e+01
-1.290069194001621788e+01
-1.290609985268127780e+01
-1.291129687391918779e+01
-1.291629090585312767e+01
-1.292108967046948109e+01
-1.292570054509203459e+01
-1.293013073925668976e+01
-1.293438713025201636e+01
-1.293847644015165343e+01
-1.294240507124550987e+01
-1.294617928324875678e+01
-1.294980502849713311e+01
-1.295328812932650564e+01
-1.295663411294752798e+01
-1.295984838896612956e+01
-1.296293608389484930e+01
-1.296590221876120808e+01
-1.296875154324876078e+01
-1.297148871332128550e+01
-1.297411812502038764e+01
-1.297664409201460245e+01
-1.297907067910811563e+01
-1.298140187960975744e+01
-1.298364144863484704e+01
-1.298579308017142786e+01
-1.298786024028070152e+01
-1.298984634372788172e+01
-1.299175458720539034e+01
-1.299358812538292085e+01
-1.299534990429651948e+01
-1.299704283666346072e+01
-1.299866963559467692e+01
-1.300023298901047575e+01
-1.300173539384760169e+01
-1.300317932940581400e+01
-1.300456709222986795e+01
-1.300590096821076358e+01
-1.300718306833334381e+01
-1.300841549935035957e+01
-1.300960020059286748e+01
-1.301073911303220321e+01
-1.301183401735552714e+01
-1.301288670122787572e+01
-1.301389879883927492e+01
-1.301487195617700721e+01
-1.301580767225359203e+01
-1.301670746219781982e+01
-1.301757270037463954e+01
-1.301840478110378818e+01
-1.301920496388187409e+01
-1.301997453153808593e+01
-1.302071463776925242e+01
-1.302142646254216807e+01
-1.302211106215062131e+01
-1.302276952167645696e+01
-1.302340280777528925e+01
-1.302401191801015834e+01
-1.302459773656952535e+01
-1.302516118029074832e+01
-1.302570305751071444e+01
-1.302622421059859548e+01
-1.302672537813548459e+01
-1.302720733378061979e+01
-1.302767075197110813e+01
-1.302811634294933363e+01
-1.302854472216958825e+01
-1.302895654131882530e+01
-1.302935236161123811e+01
-1.302973278063926799e+01
-1.303009830973151217e+01
-1.303044949647620854e+01
-1.303078680631146646e+01
-1.303111074056862861e+01
-1.303142172245789432e+01
-1.303172021048433749e+01
-1.303200658898524367e+01
-1.303228127677766501e+01
-1.303254462239678269e+01
-1.303279700783978434e+01
-1.303303874864782763e+01
-1.303327019261710618e+01
-1.303349162485977608e+01
-1.303370336135937357e+01
-1.303390565913889887e+01
-1.303409880454434600e+01
-1.303428302864036858e+01
-1.303445859011242902e+01
-1.303462569600333865e+01
-1.303478457913090693e+01
-1.303493542427089125e+01
-1.303507843999429205e+01
-1.303521379039447048e+01
-1.303534166125505322e+01
-1.303546219741136802e+01
-1.303557556316692612e+01
-1.303568188537168737e+01
-1.303578130801209767e+01
-1.303587394108082442e+01
-1.303595990927288284e+01
-1.303603930671345701e+01
-1.303611223969978283e+01
-1.303617878734609192e+01
-1.303623903831828557e+01
-1.303629305744706457e+01
-1.303634091640991954e+01
-1.303638266635563703e+01
-1.303641836249565600e+01
-1.303644804277532643e+01
-1.303647174634411421e+01
-1.303648949830115811e+01
-1.303650132202144896e+01
-1.303650722999530487e+01
