6.840185622299969737e+00
6.840617664246157581e+00
6.841481668697653618e+00
6.842777509755991083e+00
6.844504949113615844e+00
6.846663735072329615e+00
6.849253470503546382e+00
6.852273778107593749e+00
6.855724102011366838e+00
6.859603939613180046e+00
6.863912576403611077e+00
6.868649384882270503e+00
6.873813492044478224e+00
6.879404146001879106e+00
6.885420315430041960e+00
6.891861124675632944e+00
6.898725384306736430e+00
6.906012095646301141e+00
6.913719911406967178e+00
6.921847710755217875e+00
6.930393988843905007e+00
6.939357503685881667e+00
6.948736593218646895e+00
6.958529895451609271e+00
6.968735591506778349e+00
6.979352200702162001e+00
6.990377747808148357e+00
7.001810634943107736e+00
7.013648731064517250e+00
7.025890322784502651e+00
7.038533123875363451e+00
7.051575307364726264e+00
7.065014432574220571e+00
7.078848561130140382e+00
7.093075098767602782e+00
7.107691998196544958e+00
7.122696512588162499e+00
7.138086488572867871e+00
7.153859027975805418e+00
7.170011874597912893e+00
7.186541980378137850e+00
7.203446990027631891e+00
7.220723707360209076e+00
7.238369682321075693e+00
7.256381572736759544e+00
7.274756838812458604e+00
7.293491994998339223e+00
7.312584417635106249e+00
7.332030481003473099e+00
7.351827484490121911e+00
7.371971666167157267e+00
7.392460256646701922e+00
7.413289362710069774e+00
7.434456155940892153e+00
7.455956617967561151e+00
7.477787873038248989e+00
7.499945785329013681e+00
7.522427445883272057e+00
7.545228611137667407e+00
7.568346356137585218e+00
7.591776341901367964e+00
7.615515648598607079e+00
7.639559857557293832e+00
7.663906080227351758e+00
7.688549838466742337e+00
7.713488307708649572e+00
7.738716976555725324e+00
7.764233125758650544e+00
7.790032245001063060e+00
7.816111773247474304e+00
7.842467246838903172e+00
7.869096331569012115e+00
7.895994672021061866e+00
7.923160247589017935e+00
7.950588855861138171e+00
7.978278296472753439e+00
8.006221007573000037e+00
8.034408036287725707e+00
8.062827004676377030e+00
8.091469297794590787e+00
8.120324251357773804e+00
8.149385145394381524e+00
8.178642456738826283e+00
8.208090502519375775e+00
8.237720041997658171e+00
8.267525836274035811e+00
8.297498426276771255e+00
8.327632768079709535e+00
8.357918912505262199e+00
8.388351961363643028e+00
8.418921291481657576e+00
8.449622227074856440e+00
8.480443294063727322e+00
8.511380242534883678e+00
8.542420518771480786e+00
8.573560699437665633e+00
8.604786797298382695e+00
8.636096957430048349e+00
8.667475342755073697e+00
8.698921692685226859e+00
8.730461979077603019e+00
8.762344282229287629e+00
8.794703451795156113e+00
8.827457605571135346e+00
8.860575916668326002e+00
8.894003333611863127e+00
8.927711903858703835e+00
8.961661853844509196e+00
8.995831706723791399e+00
9.030192162573190018e+00
9.064727364330080306e+00
9.099415244902214539e+00
9.134244030175320717e+00
9.169196545000534826e+00
9.204263759883316354e+00
9.239431770529639820e+00
9.274693319532458347e+00
9.310036691328473779e+00
9.345455746919929751e+00
9.380940250581476292e+00
9.416484758428657287e+00
9.452080052346177652e+00
9.487721114245365683e+00
9.523399440851669340e+00
9.559110269913377422e+00
9.594845612668208901e+00
9.630600855936298998e+00
9.666368391178831843e+00
9.702143687570019992e+00
9.737919425478684943e+00
9.773691115148396946e+00
9.809451662863981625e+00
9.845196594886036934e+00
9.880918999371836264e+00
9.916614403969546743e+00
9.952276047544350135e+00
9.987899451234740766e+00
1.002347798234781528e+01
1.005900715198480988e+01
1.009448043987924493e+01
1.012989334641234329e+01
1.016523945219112868e+01
1.020051424804679563e+01
1.023571140714417815e+01
1.027082641313670486e+01
1.030585302581620510e+01
1.034078672480361227e+01
1.037562135237003602e+01
1.041035238773730498e+01
1.044497375286016982e+01
1.047948093049305029e+01
1.051386792051769703e+01
1.054813021332430623e+01
1.058226188577331683e+01
1.061625844008068142e+01
1.065011402977332544e+01
1.068382417311327259e+01
1.071738310048755594e+01
1.075078635041740860e+01
1.078402823074947214e+01
1.081710430444552173e+01
1.085000895773960394e+01
1.088273778216746912e+01
1.091528524354555074e+01
1.094764696605883891e+01
1.097981749651954253e+01
1.101179249577246644e+01
1.104356659321799761e+01
1.107513549030257494e+01
1.110649390075373155e+01
1.113763757049005854e+01
1.116856129942480713e+01
1.119926088174623047e+01
1.122973120550855874e+01
1.125996811689292798e+01
1.128996659412680970e+01
1.131972253903187209e+01
1.134923102210086121e+01
1.137848800436673358e+01
1.140748865072385243e+01
1.143622898490873396e+01
1.146470426838404322e+01
1.149291059100160162e+01
1.152084331297662878e+01
1.154849859360503750e+01
1.157587189404435613e+01
1.160295944627759290e+01
1.162975681458852506e+01
1.165626030680114233e+01
1.168246559249281447e+01
1.170836905838960007e+01
1.173396648150279198e+01
1.175925433042470658e+01
1.178422849170395637e+01
1.180888551866203606e+01
1.183322140944168588e+01
1.185723280485062503e+01
1.188091581662669149e+01
1.190426717571029513e+01
1.192728310937065572e+01
1.194996044121199219e+01
1.197229551589810725e+01
1.199428525210812602e+01
1.201592611368269026e+01
1.203721511666246791e+01
1.205814884575897317e+01
1.207872441653247719e+01
1.209893853616460291e+01
1.211878842176107973e+01
1.213827090447233026e+01
1.215738330484015073e+01
1.217612257937702402e+01
1.219448615381388734e+01
1.221247111130926122e+01
1.223007498439729801e+01
1.224729498405449313e+01
1.226412875109282119e+01
1.228057362536503661e+01
1.229662735729662160e+01
1.231228741656088310e+01
1.232755166439529582e+01
1.234241770112496006e+01
1.235688349986345358e+01
1.237094679230810002e+01
1.238460566438242338e+01
1.239785797976914949e+01
1.241070193801050259e+01
1.242313553528540204e+01
1.243515708544487630e+01
1.244676471757840552e+01
1.245795686042472994e+01
1.246873177630904550e+01
1.247908800933388385e+01
1.248902395530419263e+01
1.249853827406884932e+01
1.250762949508439448e+01
1.251629639424495188e+01
1.252453763476785475e+01
1.253235210881808470e+01
1.253973861343032148e+01
1.254669615720330356e+01
1.255322367100311531e+01
1.255932027997302391e+01
1.256498504879219169e+01
1.257021721921743662e+01
1.257501598970002199e+01
1.257938071864744778e+01
1.258331073822870927e+01
1.258680552351638049e+01
1.258986454033783531e+01
1.259248738043049265e+01
1.259467364322317806e+01
1.259642303711035005e+01
1.259773529507397072e+01
1.259861024215579128e+01
1.259904774485594459e+01
