2.995580852397465854e-01
2.995275184966550985e-01
2.994610419071798701e-01
2.993463906324452806e-01
2.991605741531592755e-01
2.988622589545428809e-01
2.983770603310965108e-01
2.975695602150580377e-01
2.961916327840683483e-01
2.937953276642364941e-01
2.896195583675571505e-01
2.825527839602512414e-01
2.714332401895216407e-01
2.558017055200484391e-01
2.364161352454154374e-01
2.147733729479489040e-01
1.922746873860377848e-01
1.698972220860207605e-01
1.482764216532071744e-01
1.278481518876885548e-01
1.089257159926930313e-01
9.172554665921384132e-02
7.637301073382564420e-02
6.290739084710984808e-02
5.129152296451395393e-02
4.142660726563633655e-02
3.316938316809955184e-02
2.634959979262175428e-02
2.078537963060241023e-02
1.629568543551195361e-02
1.270919878461032083e-02
9.870060947703250889e-03
7.640781526087734275e-03
5.903141493159313503e-03
4.557585660340071100e-03
3.521765697965759893e-03
2.728570107846921104e-03
2.124018009221767967e-03
1.665164723691556345e-03
1.318182620863048897e-03
1.056647241243000154e-03
8.600746791150175362e-04
7.126882332841556148e-04
6.024092638490048581e-04
5.200366653901370654e-04
4.585940787800090943e-04
4.128124686503255010e-04
3.787265992229166939e-04
3.533612119087632761e-04
3.344898109552040736e-04
3.204498492480346286e-04
3.100021429127006395e-04
3.022244802223588117e-04
2.964312354221943207e-04
2.921132036974216010e-04
2.888922746929651632e-04
2.864878853163530339e-04
2.846917002956030843e-04
2.833491215481349608e-04
2.823452121935622898e-04
2.815946095852034153e-04
2.810336973521248617e-04
2.806151633811850010e-04
2.803036171278101472e-04
2.800726978584182130e-04
2.799025828742113036e-04
2.797784899508296941e-04
2.796892218257910376e-04
2.796264281685668408e-04
2.795837204083192313e-04
2.795563333683421864e-04
2.795400319015543117e-04
2.795024730304155052e-04
2.780897357090661242e-04
2.600281450644482853e-04
2.303536293095476779e-04
2.038139965357657537e-04
1.807866128547235668e-04
1.607807553117547258e-04
1.433636020077968057e-04
1.281679301260093564e-04
1.148822052920505326e-04
1.032415797469071750e-04
9.302067007210022365e-05
8.402724599508762219e-05
7.609718521514295957e-05
6.909003520051023553e-05
6.288547579875059662e-05
5.738018329600917878e-05
5.248533960725930962e-05
4.812440482472796140e-05
4.423135521286837340e-05
4.074909205432322208e-05
3.762818910900049232e-05
3.482574911669415198e-05
3.230450891811647126e-05
3.003201244956976639e-05
2.797996811620538743e-05
2.612364672552522485e-05
2.444141763838394407e-05
2.291430746074373526e-05
2.152566354201859375e-05
2.026082822027790509e-05
1.910689350603244382e-05
1.805245888233360656e-05
1.708745162606357062e-05
1.620294539281363680e-05
1.539102803850807150e-05
1.464466469731514951e-05
1.395760016197953521e-05
1.332425473286546541e-05
1.273965187564706392e-05
1.219933835927852238e-05
1.169933049992236609e-05
1.123605241433295706e-05
1.080629600162445258e-05
1.040717279229998821e-05
1.003608413631779785e-05
9.690683319490982198e-06
9.368853372283366445e-06
9.068676988071154208e-06
8.788420050155255309e-06
8.526507514723491880e-06
8.281511249115193805e-06
8.052130502499491366e-06
7.837183009807137477e-06
7.635589012035537009e-06
7.446364844984510131e-06
7.268609722090010452e-06
7.101501222173037915e-06
6.944284234466039151e-06
6.796267903813070082e-06
6.656816277616961873e-06
6.525346374120536069e-06
6.401320176280936628e-06
6.284243568875624943e-06
6.173659404131467543e-06
6.069147113427132626e-06
5.970316630166980488e-06
5.876808527108208793e-06
5.788288628525207819e-06
5.704448558332552898e-06
5.625000909302163915e-06
5.549680113211297194e-06
5.478238062544839249e-06
5.410445233635677028e-06
5.346086677825925944e-06
5.284963343732879079e-06
5.226888371662043646e-06
5.171688572734716819e-06
5.119200973569908413e-06
5.069274418984041435e-06
5.021766324388483357e-06
4.976544375662936531e-06
4.933483455042123037e-06
4.892467417099537411e-06
4.853386160495181991e-06
4.816137463189968725e-06
4.780624177725492561e-06
4.746756111993726934e-06
4.714447330014671116e-06
4.683618067112361392e-06
4.654192121602739281e-06
4.626098795181104567e-06
4.599270363755892536e-06
4.573644035410010848e-06
4.549159490886102986e-06
4.525760852672558363e-06
4.503394287566483010e-06
4.482009981374535233e-06
4.461559797493161581e-06
4.441999252474666495e-06
4.423285225859628904e-06
4.405377932426208544e-06
4.388238679556426946e-06
4.371831832455817725e-06
4.356122616227022174e-06
4.341079070697890271e-06
4.326669895092145505e-06
4.312866389413330667e-06
4.299640340212255970e-06
4.286965945685561594e-06
4.274817741556742061e-06
4.263172507238579124e-06
4.252007231258341432e-06
4.241300995986451034e-06
4.231032982390359601e-06
4.221184330952457249e-06
4.211736185831953350e-06
4.202671529695191247e-06
4.193973267613359962e-06
4.185626033611496896e-06
4.177614314825441730e-06
4.169924227663134035e-06
4.162541682906784097e-06
4.155454129434329914e-06
4.148648761099319411e-06
4.142114226024929293e-06
4.135838876191828671e-06
4.129812440374218372e-06
4.124024317457939723e-06
4.118465211143375306e-06
4.113125468075991677e-06
4.107996672489707112e-06
4.103070030292605483e-06
4.098337921874748738e-06
4.093792333315018877e-06
4.089426365636375007e-06
4.085232714327741775e-06
4.081205133373491424e-06
4.077336964295273732e-06
4.073622553338525420e-06
4.070055831240856971e-06
4.066631682011676878e-06
4.063344574622813833e-06
4.060189881876100293e-06
4.057162565199047166e-06
4.054258442146596100e-06
4.051472925465947766e-06
4.048802237838359813e-06
4.046242206345648214e-06
4.043789423120812732e-06
4.041440096316944205e-06
4.039191155392590038e-06
4.037039159648903382e-06
4.034981346938782924e-06
4.033014600796477565e-06
4.031136441421875543e-06
4.029344052381715221e-06
4.027635212788537303e-06
4.026007384503082272e-06
4.024458584489588298e-06
4.022986533402341097e-06
4.021589467167221853e-06
4.020265347777894779e-06
4.019012613222151215e-06
4.017829451259657202e-06
4.016714486879007005e-06
4.015666119771325952e-06
4.014683148571996411e-06
4.013764172686630804e-06
4.012908152642008700e-06
4.012113876856511275e-06
4.011380457496438368e-06
4.010706862723036745e-06
4.010092347518124364e-06
4.009536051876025950e-06
4.009037366134577745e-06
4.008595595514937002e-06
4.008210259565438600e-06
4.007880823386104498e-06
4.007606930863476304e-06
4.007388202851280959e-06
4.007224403945527681e-06
4.007115307825041299e-06
4.007060797387983569e-06
