-8.108118777813739797e+00
-8.110921075566798422e+00
-8.116537676861240058e+00
-8.124993230918001075e+00
-8.136326211196506009e+00
-8.150590264885725134e+00
-8.167855184252909240e+00
-8.188206486683585084e+00
-8.211742843708584871e+00
-8.238570837311154804e+00
-8.268797686364722566e+00
-8.302522706381513018e+00
-8.339828587456779019e+00
-8.380772560504150093e+00
-8.425377706382256804e+00
-8.473623981496984925e+00
-8.525439358385520805e+00
-8.580690876796193578e+00
-8.639176257772069434e+00
-8.700615828221323511e+00
-8.764645429012855260e+00
-8.830810046260667789e+00
-8.898559288759871677e+00
-8.967245171914026258e+00
-9.036124681261064495e+00
-9.104368994557528794e+00
-9.171083241097194971e+00
-9.235338774068107881e+00
-9.296220047184016622e+00
-9.352882991816136027e+00
-9.404619407656452879e+00
-9.450915458292039162e+00
-9.491493215642211823e+00
-9.526324020611639298e+00
-9.555611879111145512e+00
-9.579749807776080317e+00
-9.599261573971917372e+00
-9.614739332578329467e+00
-9.626789623109166527e+00
-9.635991386845301321e+00
-9.642869991745145697e+00
-9.647883029894531504e+00
-9.651417551375182313e+00
-9.653792395943588289e+00
-9.655265888092847248e+00
-9.656043430422863949e+00
-9.656287133295014868e+00
-9.656122930979231356e+00
-9.655648757794930148e+00
-9.654939455932895598e+00
-9.654052905569077581e+00
-9.653032744886942851e+00
-9.651912863929828390e+00
-9.650718434541987634e+00
-9.649469355833247164e+00
-9.648180071899870924e+00
-9.646862468638389032e+00
-9.645524808291268570e+00
-9.644174448672496069e+00
-9.642816081751373503e+00
-9.641454530609182783e+00
-9.640092418654926831e+00
-9.638733171054774118e+00
-9.637386593314211325e+00
-9.636746410568330035e+00
-9.658560721789825720e+00
-9.717380267617642176e+00
-9.778520124115765100e+00
-9.838936750897286032e+00
-9.898532687241234029e+00
-9.957250786473723636e+00
-1.001504913701675292e+01
-1.007188715025083248e+01
-1.012773457122671417e+01
-1.018256279213729165e+01
-1.023635106824990970e+01
-1.028908011343900952e+01
-1.034073686620701693e+01
-1.039130943741854018e+01
-1.044079099770562991e+01
-1.048917561626151240e+01
-1.053646155779837024e+01
-1.058264774946749753e+01
-1.062773665129655321e+01
-1.067173118746235438e+01
-1.071463729222199746e+01
-1.075646119718686755e+01
-1.079721172083884007e+01
-1.083689783688759789e+01
-1.087553075539873682e+01
-1.091312171861812708e+01
-1.094968390908593747e+01
-1.098523043345075401e+01
-1.101977608451893431e+01
-1.105333548327245730e+01
-1.108592471593184925e+01
-1.111755961121141389e+01
-1.114825726922430960e+01
-1.117803445591748890e+01
-1.120690903747407674e+01
-1.123489847747463877e+01
-1.126202118802209284e+01
-1.128829511787042783e+01
-1.131373902959815325e+01
-1.133837116899423592e+01
-1.136221047609700641e+01
-1.138527532770907236e+01
-1.140758468890328814e+01
-1.142915692177846765e+01
-1.145001088304462300e+01
-1.147016479311685266e+01
-1.148963728457940547e+01
-1.150844632650935750e+01
-1.152661022794632828e+01
-1.154414661298581635e+01
-1.156107338282116004e+01
-1.157740773768211540e+01
-1.159316710054672050e+01
-1.160836818244837154e+01
-1.162302787056087361e+01
-1.163716233377592424e+01
-1.165078787753156320e+01
-1.166392008688512050e+01
-1.167657465017337337e+01
-1.168876653708456637e+01
-1.170051079299879326e+01
-1.171182174980516244e+01
-1.172271379256646462e+01
-1.173320060103985085e+01
-1.174329589013539454e+01
-1.175301268028582768e+01
-1.176236401301887113e+01
-1.177136224848808332e+01
-1.178001975734998652e+01
-1.178834824391653235e+01
-1.179635941541711297e+01
-1.180406432936618444e+01
-1.181147404119413125e+01
-1.181859897454346608e+01
-1.182544954816902738e+01
-1.183203556798422973e+01
-1.183836683405837675e+01
-1.184445255333229596e+01
-1.185030192747675848e+01
-1.185592358528559132e+01
-1.186132615210313723e+01
-1.186651770098355563e+01
-1.187150630434559240e+01
-1.187629950306016546e+01
-1.188090484094653121e+01
-1.188532935101708077e+01
-1.188958007338951539e+01
-1.189366355797855768e+01
-1.189758636636330991e+01
-1.190135459027107245e+01
-1.190497433790687332e+01
-1.190845126762520856e+01
-1.191179105919944448e+01
-1.191499896212356013e+01
-1.191808025227236811e+01
-1.192103979431730920e+01
-1.192388248420388841e+01
-1.192661282520419874e+01
-1.192923535661499379e+01
-1.193175424300475207e+01
-1.193417368951474877e+01
-1.193649754389047857e+01
-1.193872969874833601e+01
-1.194087370601059916e+01
-1.194293316648170133e+01
-1.194491135633289325e+01
-1.194681160431465194e+01
-1.194863692996159266e+01
-1.195039040875126624e+01
-1.195207482172231828e+01
-1.195369300887429098e+01
-1.195524752991276429e+01
-1.195674100617000235e+01
-1.195817579220967097e+01
-1.195955430653424933e+01
-1.196087871379927492e+01
-1.196215124456013612e+01
-1.196337388786174927e+01
-1.196454870026471085e+01
-1.196567750859106383e+01
-1.196676220845768235e+01
-1.196780447697241634e+01
-1.196880606099112576e+01
-1.196976849957086131e+01
-1.197069340215615796e+01
-1.197158218060761392e+01
-1.197243631751245196e+01
-1.197325710761769990e+01
-1.197404591644998106e+01
-1.197480393099263196e+01
-1.197553240879017444e+01
-1.197623243771797519e+01
-1.197690517573776248e+01
-1.197755161961715942e+01
-1.197817283549400535e+01
-1.197876973641121090e+01
-1.197934330383923474e+01
-1.197989437389961331e+01
-1.198042384998685250e+01
-1.198093249756113643e+01
-1.198142114800342384e+01
-1.198189050186460669e+01
-1.198234132408035535e+01
-1.198277425557043152e+01
-1.198318999993266054e+01
-1.198358914329245017e+01
-1.198397233258856431e+01
-1.198434010357854262e+01
-1.198469305082255154e+01
-1.198503166375600237e+01
-1.198535648847155244e+01
-1.198566797177540799e+01
-1.198596661486164727e+01
-1.198625282527379809e+01
-1.198652706255976952e+01
-1.198678969806517003e+01
-1.198704115265168646e+01
-1.198728176425315617e+01
-1.198751191773487079e+01
-1.198773192014789934e+01
-1.198794212280160032e+01
-1.198814280415602340e+01
-1.198833428417487212e+01
-1.198851681479994369e+01
-1.198869068664695980e+01
-1.198885612700999737e+01
-1.198901339895790841e+01
-1.198916270682055973e+01
-1.198930428773897106e+01
-1.198943832458906833e+01
-1.198956503003414298e+01
-1.198968456684546346e+01
-1.198979712450136859e+01
-1.198990284686775176e+01
-1.199000190138383282e+01
-1.199009441406903598e+01
-1.199018053133138295e+01
-1.199026036227077086e+01
-1.199033403314189350e+01
-1.199040163692733074e+01
-1.199046328048299870e+01
-1.199051904135784596e+01
-1.199056900764589173e+01
-1.199061324203273138e+01
-1.199065181437441652e+01
-1.199068477295434754e+01
-1.199071216980536825e+01
-1.199073403916396252e+01
-1.199075041554836041e+01
-1.199076131940012147e+01
-1.199076676792741658e+01
