-4.070105128485701051e+00
-4.068651091322359470e+00
-4.065738808365313872e+00
-4.061359785024373892e+00
-4.055500948379752835e+00
-4.048144297668463842e+00
-4.039266028096146322e+00
-4.028835279255787327e+00
-4.016811399710637609e+00
-4.003139287920294720e+00
-3.987740488113339143e+00
-3.970499867684947226e+00
-3.951251256211233631e+00
-3.929777394290926651e+00
-3.905836791691566390e+00
-3.879204980934694458e+00
-3.849700793909883512e+00
-3.817192728405817359e+00
-3.781596813441707727e+00
-3.742875126405798003e+00
-3.701034517497869825e+00
-3.656125071782875935e+00
-3.608235864786865310e+00
-3.557489457427392754e+00
-3.504034080382964156e+00
-3.448036249985781954e+00
-3.389672635777785548e+00
-3.329124040609231283e+00
-3.266569466122173804e+00
-3.202182948581457911e+00
-3.136130335617655529e+00
-3.068568701541589228e+00
-2.999645086123318816e+00
-2.929497496806731771e+00
-2.858254617226710703e+00
-2.786037489568474967e+00
-2.712959476341188392e+00
-2.639128067215834150e+00
-2.564644727106680122e+00
-2.489606578593822395e+00
-2.414106013903734915e+00
-2.338232187442299992e+00
-2.262070395921606636e+00
-2.185703398838267475e+00
-2.109210618907310320e+00
-2.032669333498716924e+00
-1.956153754970625158e+00
-1.879736134621568411e+00
-1.803485773746459353e+00
-1.727470071327626533e+00
-1.651753504064282341e+00
-1.576398638011429654e+00
-1.501465104502448744e+00
-1.427010587153007659e+00
-1.353089811941221354e+00
-1.279755514893368140e+00
-1.207057458468998812e+00
-1.135043381399984286e+00
-1.063758049357539148e+00
-9.932441862228774676e-01
-9.235415641650805973e-01
-8.546879145397193733e-01
-7.867180604865871008e-01
-7.196648053336431872e-01
-6.535581092438174089e-01
-5.884259532616917809e-01
-5.242935600322335965e-01
-4.611842325656212993e-01
-3.991186170713131309e-01
-3.381155177809250789e-01
-2.781911958879266233e-01
-2.193601685866401474e-01
-1.616345236464842294e-01
-1.050247246654889416e-01
-4.953849685233932543e-02
4.818302390706383914e-03
5.804106577271166134e-02
1.101262875442773764e-01
1.610724865067419964e-01
2.108795733862718069e-01
2.595492849881693709e-01
3.070846168980471136e-01
3.534902061889027003e-01
3.987718128461478218e-01
4.429366629348546747e-01
4.859929730431746808e-01
5.279502573782088870e-01
5.688188929796955673e-01
6.086103929090787013e-01
6.473370107130550499e-01
6.850119816356091684e-01
7.216491649490933691e-01
7.572632550993083633e-01
7.918694604884408683e-01
8.254836864813572817e-01
8.581222491408755371e-01
8.898020320263766436e-01
9.205402332910838092e-01
9.503544981905471811e-01
9.792626978662102299e-01
1.007283039445513451e+00
1.034433874766526484e+00
1.060733789904939606e+00
1.086201442039556930e+00
1.110855630176608155e+00
1.134715158325782181e+00
1.157798889121613328e+00
1.180125631460783309e+00
1.201714178642642183e+00
1.222583218622303791e+00
1.242751358209747359e+00
1.262237054109469625e+00
1.281058624632029685e+00
1.299234199725685102e+00
1.316781721567423347e+00
1.333718911834901100e+00
1.350063262459386682e+00
1.365832018443071227e+00
1.381042159969433802e+00
1.395710399136741220e+00
1.409853154538379894e+00
1.423486560355279540e+00
1.436626434437774380e+00
1.449288298278323062e+00
1.461487339548082964e+00
1.473238441553692990e+00
1.484556141106183613e+00
1.495454666152475243e+00
1.505947889781597215e+00
1.516049374807475703e+00
1.525772324650684908e+00
1.535129633737384980e+00
1.544133835927627318e+00
1.552797159683340755e+00
1.561131474654072759e+00
1.569148350652187940e+00
1.576859002948000743e+00
1.584274354174717736e+00
1.591404978831552519e+00
1.598261167321782139e+00
1.604852870109670038e+00
1.611189763174561751e+00
1.617281192220495933e+00
1.623136238902213480e+00
1.628763665441607555e+00
1.634171981053579525e+00
1.639369387281348844e+00
1.644363844116490725e+00
1.649163016326410824e+00
1.653774338826037082e+00
1.658204964234825551e+00
1.662461827115442103e+00
1.666551592964723660e+00
1.670480720989450552e+00
1.674255414704120204e+00
1.677881682964414534e+00
1.681365292316740145e+00
1.684711826055361295e+00
1.687926638442716953e+00
1.691014911599056703e+00
1.693981611688071709e+00
1.696831543486045479e+00
1.699569308605797469e+00
1.702199357627486531e+00
1.704725950413559232e+00
1.707153205714258659e+00
1.709485063608755517e+00
1.711725332526961463e+00
1.713877653834575243e+00
1.715945546238080821e+00
1.717932372517450013e+00
1.719841381303050420e+00
1.721675675945882888e+00
1.723438253675266152e+00
1.725131976584834970e+00
1.726759608196886342e+00
1.728323786531309025e+00
1.729827058117843430e+00
1.731271853106145286e+00
1.732660516779609416e+00
1.733995286656391910e+00
1.735278321570069338e+00
1.736511680704066585e+00
1.737697350313584410e+00
1.738837224629888656e+00
1.739933130305747477e+00
1.740986809120743661e+00
1.741999940238875055e+00
1.742974124641600842e+00
1.743910905291517599e+00
1.744811753216050754e+00
1.745678085675211655e+00
1.746511253816172893e+00
1.747312558945666838e+00
1.748083241673558330e+00
1.748824496392926697e+00
1.749537461828720053e+00
1.750223233829720781e+00
1.750882857237645585e+00
1.751517337095680471e+00
1.752127631752692594e+00
1.752714662592804062e+00
1.753279308289547700e+00
1.753822413160362581e+00
1.754344782485514065e+00
1.754847189590250434e+00
1.755330372144401352e+00
1.755795038073082459e+00
1.756241862753761707e+00
1.756671493854593757e+00
1.757084549347220470e+00
1.757481621369325175e+00
1.757863274973035628e+00
1.758230051105651448e+00
1.758582466015646384e+00
1.758921013442384051e+00
1.759246164603805118e+00
1.759558369683003054e+00
1.759858058323933827e+00
1.760145640499279907e+00
1.760421507443227007e+00
1.760686031981369526e+00
1.760939569832278728e+00
1.761182459476652751e+00
1.761415023762210375e+00
1.761637569385372970e+00
1.761850388737019379e+00
1.762053759066171121e+00
1.762247944507232766e+00
1.762433194990963514e+00
1.762609748397146792e+00
1.762777829274148722e+00
1.762937651064152789e+00
1.763089414688389089e+00
1.763233310795560893e+00
1.763369518265674785e+00
1.763498206435708093e+00
1.763619533570718989e+00
1.763733649024352035e+00
1.763840691721777265e+00
1.763940792216157405e+00
1.764034071223613998e+00
1.764120641540682710e+00
1.764200606667169158e+00
1.764274062553192080e+00
1.764341096341713211e+00
1.764401787917576847e+00
1.764456208797134940e+00
1.764504423455575566e+00
1.764546488386822709e+00
1.764582453189342814e+00
1.764612359815293408e+00
1.764636243398838511e+00
1.764654131709326723e+00
1.764666045710134634e+00
1.764671999226389953e+00
