4.587495285429663006e-01
4.576831560955642031e-01
4.555573900421041600e-01
4.523861118914531132e-01
4.481899681808183544e-01
4.429961460719056832e-01
4.368381062455791719e-01
4.297552223297880225e-01
4.217924000780245430e-01
4.129995997856055201e-01
4.034313639395843420e-01
3.931462475420547942e-01
3.822062812728368453e-01
3.706763386978733643e-01
3.586235649487125587e-01
3.461167119235044054e-01
3.332255634104148712e-01
3.200202695191454172e-01
3.065707980769422081e-01
2.929462977477353403e-01
2.792146025848811219e-01
2.654416498325340990e-01
2.516910600387310959e-01
2.380236307335286128e-01
2.244970088994193147e-01
2.111652760056801359e-01
1.980787233689541016e-01
1.852835378523099985e-01
1.728216842111111040e-01
1.607306945942769405e-01
1.490436558158036162e-01
1.377891000390216447e-01
1.269910894369884191e-01
1.166692004414588563e-01
1.068386937608425818e-01
9.751058058588145394e-02
8.869186262190292824e-02
8.038566581237237274e-02
7.259153300248172291e-02
6.530560911821535475e-02
5.852096829440563142e-02
5.222783398814877937e-02
4.641392276564482861e-02
4.106468342162009760e-02
3.616364093316345313e-02
3.169264015352352831e-02
2.763217544057032168e-02
2.396162682968231220e-02
2.065956333775573195e-02
1.770396427535266687e-02
1.507249416247961361e-02
1.274275953885662706e-02
1.069285259269862030e-02
8.902998052443831037e-03
7.357735277853202048e-03
6.042558045594290453e-03
4.938595458543035624e-03
4.022620038427559067e-03
3.269501115051874022e-03
2.654440147545362311e-03
2.154496646355627109e-03
1.749374204506802056e-03
1.421678652015887900e-03
1.156826288340979253e-03
9.427794573878653557e-04
7.697053604326641605e-04
6.296313858978457587e-04
5.161229585114153560e-04
4.240033766389565131e-04
3.491146541301659188e-04
2.881204172997727528e-04
2.383436634579031094e-04
1.976360930346624423e-04
1.642722502418044394e-04
1.368651380787789184e-04
1.142983024711921721e-04
9.567193617580175571e-05
8.025956775417257907e-05
6.747375929487561363e-05
5.683847192255666339e-05
4.796722114623553685e-05
4.054530090448687992e-05
3.431583703911955484e-05
2.906798379344908772e-05
2.463041088347924139e-05
2.087232469689638347e-05
1.768903807641756439e-05
1.499233852661134328e-05
1.270761608969251923e-05
1.077172549299808546e-05
9.131259822102903787e-06
7.741018327267393235e-06
6.562761840165486245e-06
5.564120120154937515e-06
4.717698250268423851e-06
4.000297175257935161e-06
3.392274007843622744e-06
2.876986041334313972e-06
2.440333631166017483e-06
2.070363669043297293e-06
1.756943248722420886e-06
1.491476848739982501e-06
1.266673439900023733e-06
1.076344684927097743e-06
9.152386896993131449e-07
7.788958985165346830e-07
6.635303373414478927e-07
5.659266032037930550e-07
4.833549486644731531e-07
4.134975448952018860e-07
3.543876586482159579e-07
3.043567300693255739e-07
2.619906411248028151e-07
2.260915308904291976e-07
1.956461384018617865e-07
1.697980340157104631e-07
1.478245127642445741e-07
1.291162477276883862e-07
1.131603272370597037e-07
9.952530014739776429e-08
8.784872817271338028e-08
7.782623343196099146e-08
6.920242981209602214e-08
6.176297626130378879e-08
5.532804791536914605e-08
4.974664008542807676e-08
4.489192995230246310e-08
4.065724231791231246e-08
3.695279381571558183e-08
3.370286290384433024e-08
3.084352547655881390e-08
2.832068194853758072e-08
2.608849162104066861e-08
2.410800096817644959e-08
2.234606404941379211e-08
2.077438826837422262e-08
1.936878993231033031e-08
1.810852824392830527e-08
1.697579087116191673e-08
1.595522655561138633e-08
1.503358832129887534e-08
1.419940310341777934e-08
1.344272312976343024e-08
1.275489041302858321e-08
1.212836259781179386e-08
1.155654348466107763e-08
1.103366037412584405e-08
1.055464086437335804e-08
1.011502600543801928e-08
9.710879775610629074e-09
9.338727289976432998e-09
8.995487549801992368e-09
8.678429292711307513e-09
8.385120464540994578e-09
8.113396572410233022e-09
7.861322283421404844e-09
7.627168695419219597e-09
7.409383812998232063e-09
7.206576217901641992e-09
7.017492105725219538e-09
6.841003575402198121e-09
6.676090561173795204e-09
6.521832473580427758e-09
6.377393819206725620e-09
6.242018284783438357e-09
6.115017161747523277e-09
5.995765218278473025e-09
5.883691277511607754e-09
5.778275402047486884e-09
5.679041141541164016e-09
5.585553682624045065e-09
5.497413402684577239e-09
5.414254730485911711e-09
5.335740731512397352e-09
5.261562491393772762e-09
5.191434523463742719e-09
5.125094535762070092e-09
5.062299499928255760e-09
5.002825698187003788e-09
4.946465328978827192e-09
4.893026756576883071e-09
4.842331556204561259e-09
4.794214908359451332e-09
4.748523006933959960e-09
4.705113554775792194e-09
4.663853474210786616e-09
4.624619471166927696e-09
4.587295999733562681e-09
4.551775870279154617e-09
4.517958429166256345e-09
4.485750192396939006e-09
4.455063209010356306e-09
4.425815706398691403e-09
4.397930611736175963e-09
4.371336198604055324e-09
4.345964745401606213e-09
4.321753175572050887e-09
4.298641835612081767e-09
4.276575123210413592e-09
4.255500370406169909e-09
4.235368455487791995e-09
4.216132779220282158e-09
4.197749857519952984e-09
4.180178380589028029e-09
4.163379784274932687e-09
4.147317383514930736e-09
4.131956920964498590e-09
4.117265767439490296e-09
4.103213446912714423e-09
4.089770897700184273e-09
4.076910973310410019e-09
4.064607759004096915e-09
4.052837048269104020e-09
4.041575710118104159e-09
4.030802141177218423e-09
4.020495679704326059e-09
4.010637033436825349e-09
4.001207736834423578e-09
3.992190554944251889e-09
3.983568980817567670e-09
3.975327615728058719e-09
3.967451704090639852e-09
3.959927490421707202e-09
3.952741789415981177e-09
3.945882320067861506e-09
3.939337308845106534e-09
3.933095801408382009e-09
3.927147297065748827e-09
3.921482038531005790e-09
3.916090676059861221e-09
3.910964535683487702e-09
3.906095311615892341e-09
3.901475313387800553e-09
3.897097185284048742e-09
3.892954132784349785e-09
3.889039667940077106e-09
3.885347815508627067e-09
3.881872883311937664e-09
3.878609648426104425e-09
3.875553151686438558e-09
3.872698864267701849e-09
3.870042505608333747e-09
3.867580190688647522e-09
3.865308270747458300e-09
3.863223461534024986e-09
3.861322706283149878e-09
3.859603285183907730e-09
3.858062700164155487e-09
3.856698765787274844e-09
3.855509515473901355e-09
3.854493274005164563e-09
3.853648584884662928e-09
3.852974264589911623e-09
3.852469350847814048e-09
3.852133138742634951e-09
3.851965149744316809e-09
