6.811889279476918135e-01
6.815048045868188353e-01
6.821367048486621787e-01
6.830849198406089284e-01
6.843498866998509733e-01
6.859321797910358232e-01
6.878325142816317239e-01
6.900517306851310373e-01
6.925907995613983514e-01
6.954507980586496219e-01
6.986329147071135282e-01
7.021384156370142904e-01
7.059686474449045068e-01
7.101249887035014918e-01
7.146088456137738021e-01
7.194215764579023897e-01
7.245644556259045466e-01
7.300385045801338624e-01
7.358442416929201757e-01
7.419808633279136867e-01
7.484440278755493114e-01
7.552186428776086480e-01
7.622554108974309850e-01
7.693925600637956386e-01
7.761107363358368261e-01
7.809593809356880634e-01
7.813568012892582182e-01
7.760681745564497191e-01
7.669486189034568913e-01
7.560602024006632949e-01
7.443012387486501735e-01
7.319402614474438407e-01
7.190416169433204718e-01
7.056143650678676771e-01
6.916536119869424182e-01
6.771513343195394441e-01
6.620988023724501126e-01
6.464873605068195417e-01
6.303084647105429150e-01
6.135538800260958991e-01
5.962156229104372818e-01
5.782861182057879024e-01
5.597581590307709742e-01
5.406250552956128885e-01
5.208806144410430550e-01
5.005192891535726885e-01
4.795361804676686601e-01
4.579271923434716784e-01
4.356890616702772667e-01
4.128195293690126166e-01
3.893174053729172579e-01
3.651827686786040528e-01
3.404170789330008828e-01
3.150234203757481533e-01
2.890066737833759114e-01
2.623738191159808442e-01
2.351341789073990995e-01
2.072997871281919702e-01
1.788857023067094432e-01
1.499104300179080196e-01
1.203962764802559565e-01
9.036977733710194194e-02
5.986202318011014933e-02
2.890900728794236485e-02
-2.448180318980986044e-03
-3.416319728656642268e-02
-6.618449677821476584e-02
-9.845546204648944477e-02
-1.309147722055509777e-01
-1.634968709010229670e-01
-1.961326558299283096e-01
-2.287502446255223476e-01
-2.612759090844902765e-01
-2.936350203495038946e-01
-3.257530798533315730e-01
-3.575566770253333360e-01
-3.889744461590892155e-01
-4.199378759817856133e-01
-4.503820553063715426e-01
-4.802462298742345981e-01
-5.094742700720713557e-01
-5.380149461689062163e-01
-5.658221237781619894e-01
-5.928547911041581742e-01
-6.190770362567544760e-01
-6.444578930072677458e-01
-6.689711719801542111e-01
-6.925951965085858086e-01
-7.153125548231941133e-01
-7.371097857819578492e-01
-7.579771032211397586e-01
-7.779080735888064257e-01
-7.968993458053992285e-01
-8.149503461503860846e-01
-8.320630321224593562e-01
-8.482416172432750701e-01
-8.634923569355448247e-01
-8.778233075493266924e-01
-8.912441457971485015e-01
-9.037659614554349741e-01
-9.154011083825536188e-01
-9.261630279246312325e-01
-9.360661279655527744e-01
-9.451256331452683179e-01
-9.533574879514924438e-01
-9.607782297739735355e-01
-9.674049122052765792e-01
-9.732549972785905501e-01
-9.783462955684600892e-01
-9.826968744416402224e-01
-9.863250120516661168e-01
-9.892491189373421312e-01
-9.914877034929918675e-01
-9.930593047131833773e-01
-9.939824671521491073e-01
-9.942756830120498268e-01
-9.939573749678838332e-01
-9.930458461262693381e-01
-9.915592693886272624e-01
-9.895156440738990256e-01
-9.869327907307666736e-01
-9.838283134307126421e-01
-9.802195991295231670e-01
-9.761237848063897271e-01
-9.715577606256847742e-01
-9.665381412323269528e-01
-9.610812720850973045e-01
-9.552032043261340366e-01
-9.489197037535141988e-01
-9.422462287695936300e-01
-9.351979415388793626e-01
-9.277896885905976276e-01
-9.200360137722919385e-01
-9.119511411403724566e-01
-9.035489893733686939e-01
-8.948431566330766751e-01
-8.858469361465469705e-01
-8.765733027619226903e-01
-8.670349294467504242e-01
-8.572441752981764251e-01
-8.472131027385408908e-01
-8.369534667704532360e-01
-8.264767326796905733e-01
-8.157940663527440961e-01
-8.049163523226067207e-01
-7.938541849901632474e-01
-7.826178868711431980e-01
-7.712175005838592945e-01
-7.596628071756208467e-01
-7.479633187580277953e-01
-7.361282968090647749e-01
-7.241667453538666033e-01
-7.120874291544543322e-01
-6.998988673487563927e-01
-6.876093514540578822e-01
-6.752269393900993677e-01
-6.627594732348123241e-01
-6.502145735688720229e-01
-6.375996569332458286e-01
-6.249219304427970911e-01
-6.121884089046735200e-01
-5.994059096574649859e-01
-5.865810693177677670e-01
-5.737203388090803546e-01
-5.608299997110396395e-01
-5.479161594487447218e-01
-5.349847672252341368e-01
-5.220416093475647168e-01
-5.090923247280758623e-01
-4.961424003281710293e-01
-4.831971862181094202e-01
-4.702618911231501997e-01
-4.573415970349614113e-01
-4.444412548477809644e-01
-4.315656985170066018e-01
-4.187196407753641658e-01
-4.059076868360932400e-01
-3.931343301806818347e-01
-3.804039658053466333e-01
-3.677208860729639928e-01
-3.550892935021979779e-01
-3.425132966767580056e-01
-3.299969225767180325e-01
-3.175441125384065311e-01
-3.051587341271596587e-01
-2.928445771408338949e-01
-2.806053650226699170e-01
-2.684447509007874544e-01
-2.563663285389810587e-01
-2.443736284036245876e-01
-2.324701281490746951e-01
-2.206592487024151006e-01
-2.089443642788532951e-01
-1.973287984735099532e-01
-1.858158338007306065e-01
-1.744087077810143604e-01
-1.631106219968048998e-01
-1.519247381612445769e-01
-1.408541866817521471e-01
-1.299020626962929803e-01
-1.190714341347359900e-01
-1.083653377074154656e-01
-9.778678645332505859e-02
-8.733876566512820128e-02
-7.702423991262175029e-02
-6.684614888799604582e-02
-5.680741389284429260e-02
-4.691093358773739536e-02
-3.715958993127021354e-02
-2.755624381872507841e-02
-1.810374046260860084e-02
-8.804904906656363384e-03
3.374531611764213673e-04
9.320544031063566701e-03
1.814159373246670634e-02
2.679784880157462870e-02
3.528657262012530743e-02
4.360505033291377924e-02
5.175058576376499742e-02
5.972050648349395280e-02
6.751216129763575047e-02
7.512292545982605929e-02
8.255019872026593541e-02
8.979141067321533276e-02
9.684401934871238182e-02
1.037055166761090691e-01
1.103734275946016280e-01
1.168453156071395244e-01
1.231187823778884111e-01
1.291914733433346951e-01
1.350610777570789567e-01
1.407253343170137005e-01
1.461820316103999151e-01
1.514290137085105015e-01
1.564641809577269893e-01
1.612854954859732348e-01
1.658909822791799493e-01
1.702787345378294626e-01
1.744469149727715385e-01
1.783937609453329076e-01
1.821175859126298036e-01
1.856167842815003299e-01
1.888898329313134228e-01
1.919352957106949253e-01
1.947518249656728095e-01
1.973381656090296421e-01
1.996931565837762046e-01
2.018157344379825358e-01
2.037049346579530018e-01
2.053598946868275821e-01
2.067798550685300829e-01
2.079641618560600647e-01
2.089122675160262066e-01
2.096237326822297797e-01
2.100982267814234805e-01
2.103355290990488458e-01
