3.963793652980305637e+02
3.961952584143196532e+02
3.958272635486411559e+02
3.952758705096150607e+02
3.945417337353912899e+02
3.936258282485107429e+02
3.925292372544339514e+02
3.912534118673762009e+02
3.897998528850116600e+02
3.881704739963039970e+02
3.863671781677374497e+02
3.843923239474615343e+02
3.822481970152047666e+02
3.799375791192562701e+02
3.774631154350310567e+02
3.748279856176825433e+02
3.720351676771893494e+02
3.690882106053465463e+02
3.659903955022708146e+02
3.627456092474499201e+02
3.593574035980581698e+02
3.558299694251695087e+02
3.521670944421982767e+02
3.483732376252065706e+02
3.444523861139466590e+02
3.404092295855987800e+02
3.362479166947306908e+02
3.319733293795947588e+02
3.275897389635617856e+02
3.231021806500664297e+02
3.185150090883845451e+02
3.138333736665684341e+02
3.090616729389824968e+02
3.042051317669591981e+02
2.992681535024257755e+02
2.942560005670810028e+02
2.891730426707196102e+02
2.840245430783612619e+02
2.788148003946268432e+02
2.735490435663033395e+02
2.682314638603999697e+02
2.628672226155035219e+02
2.574603689485525138e+02
2.520159654394864504e+02
2.465378857765333578e+02
2.410310649855026668e+02
2.354991696065773397e+02
2.299469808302623903e+02
2.243779278094109770e+02
2.187966142321856182e+02
2.132062028989479359e+02
2.076110989795051012e+02
2.020141708673355652e+02
1.964196068188865922e+02
1.908299531113222258e+02
1.852491652116470391e+02
1.796794390807187369e+02
1.741244838565875170e+02
1.685861152854909619e+02
1.630677846963166360e+02
1.575708942869739531e+02
1.520986277516448411e+02
1.466519344688438764e+02
1.412337217068362349e+02
1.358444372301333090e+02
1.304867029953740314e+02
1.251604019221322375e+02
1.198678588792609077e+02
1.146083090622617817e+02
1.093837555956981760e+02
1.041926881201830923e+02
9.903669727359083197e+01
9.391348222149827052e+01
8.882318071270397297e+01
8.375668407110080693e+01
7.863302496010035725e+01
7.326972871740613868e+01
6.771324642712109210e+01
6.220434327442796274e+01
5.692292377195629172e+01
5.198423880688501697e+01
4.743455250150670821e+01
4.328548598480075071e+01
3.952104795288413897e+01
3.611736364132897847e+01
3.304292537830976073e+01
3.026804141966778161e+01
2.776197887500878991e+01
2.549808930251295536e+01
2.345039648706575974e+01
2.159700766134703542e+01
1.991690913016164188e+01
1.839265222173746395e+01
1.700745348628769094e+01
1.574757036027405910e+01
1.459960878512447380e+01
1.355282400462857062e+01
1.259647332185959989e+01
1.172224219260334444e+01
1.092150539329130154e+01
1.018584163345517801e+01
9.497423755678523705e+00
8.847821141449539795e+00
8.239555709062006628e+00
7.672581581031822751e+00
7.147260681343571953e+00
6.662465806098267329e+00
6.216945261532808686e+00
5.808559798098371196e+00
5.435127438540370726e+00
5.094046487967289316e+00
4.782839932172345598e+00
4.498912167776152771e+00
4.239892593541519261e+00
4.003446826701148709e+00
3.787493216487727743e+00
3.590047868997872982e+00
3.409364898019406009e+00
3.243809209608114585e+00
3.091951689825280347e+00
2.952465814707163183e+00
2.824195754652718549e+00
2.706072857803188292e+00
2.597166840992908288e+00
2.496618357046377135e+00
2.403679092974543519e+00
2.317657109466325416e+00
2.237949283836675018e+00
2.163996701686969004e+00
2.095311563164192314e+00
2.031440470969515300e+00
1.971987168970174009e+00
1.916582049382130393e+00
1.864901650946222622e+00
1.816643090956246986e+00
1.771540978537700539e+00
1.729345774227795340e+00
1.689838599357295301e+00
1.652812752921207773e+00
1.618086781066311985e+00
1.585488553475901341e+00
1.554866875427611594e+00
1.526077656871713595e+00
1.498994290726317624e+00
1.473495547515227821e+00
1.449474899920436544e+00
1.426829852080217842e+00
1.405470357225826472e+00
1.385309349381668387e+00
1.366270375161969364e+00
1.348279141018385419e+00
1.331270459964394304e+00
1.315180662913498333e+00
1.299953944864441269e+00
1.285535516666107769e+00
1.271877422070142982e+00
1.258932328235522924e+00
1.246658874339086287e+00
1.235016016632828117e+00
1.223967960481789685e+00
1.213478989818294274e+00
1.203518027162695292e+00
1.194053888644308170e+00
1.185059510456935028e+00
1.176507579817049010e+00
1.168374461183386170e+00
1.160636161044634296e+00
1.153271982909885196e+00
1.146260790004564489e+00
1.139584414373770782e+00
1.133224186682712409e+00
1.127164121653699391e+00
1.121387688425006690e+00
1.115880791872290834e+00
1.110628760540808724e+00
1.105619141109427161e+00
1.100838883904964094e+00
1.096276965790536018e+00
1.091921755800567384e+00
1.087763480025211837e+00
1.083791752052273738e+00
1.079997891935090104e+00
1.076372607959493521e+00
1.072908180489226870e+00
1.069596283145619831e+00
1.066430041194629919e+00
1.063401981577205779e+00
1.060505974511401162e+00
1.057735302978248138e+00
1.055084495341143125e+00
1.052547505904288361e+00
1.050119445583363342e+00
1.047794866034985395e+00
1.045569394733153024e+00
1.043438115938808641e+00
1.041397115933817785e+00
1.039441954775754073e+00
1.037569126905150130e+00
1.035774618225897559e+00
1.034055286823429620e+00
1.032407500437098058e+00
1.030828441599494827e+00
1.029314821033393113e+00
1.027864111139096481e+00
1.026473331263501265e+00
1.025140213117702981e+00
1.023862054235826546e+00
1.022636818594717889e+00
1.021462054911653317e+00
1.020335935457172605e+00
1.019256236138684324e+00
1.018221316243103969e+00
1.017229157521680971e+00
1.016278287368252098e+00
1.015366874363063943e+00
1.014493597182019480e+00
1.013656794277382422e+00
1.012855280621129506e+00
1.012087549400511932e+00
1.011352538522825917e+00
1.010648882386428360e+00
1.009975629912434725e+00
1.009331544619163523e+00
1.008715775797605296e+00
1.008127205270728854e+00
1.007565073192016269e+00
1.007028370012886587e+00
1.006516418256114820e+00
1.006028308345545019e+00
1.005563437587844833e+00
1.005120988640309632e+00
1.004700426823863957e+00
1.004301020117955412e+00
1.003922295824389632e+00
1.003563601084199064e+00
1.003224519814635896e+00
1.002904472842307104e+00
1.002603095944087253e+00
1.002319878784246221e+00
1.002054504803355561e+00
1.001806528235711813e+00
1.001575676507724610e+00
1.001361564696051865e+00
1.001163961018133763e+00
1.000982538171660607e+00
1.000817102424381488e+00
1.000667381352357888e+00
1.000533216963318539e+00
1.000414389425247519e+00
1.000310774586880669e+00
1.000222203359808493e+00
1.000148583931268043e+00
1.000089796532491970e+00
1.000045780571700238e+00
1.000016464589709830e+00
1.000001818475144466e+00
