5.814465993583130959e-02
5.815252935729268297e-02
5.816867238454802302e-02
5.819393912910283267e-02
5.822949977684839518e-02
5.827697233129759680e-02
5.833817352099752995e-02
5.841533968565657681e-02
5.851075875946615962e-02
5.862709498374101685e-02
5.876690639394172716e-02
5.893308613199304408e-02
5.912826809547130219e-02
5.935539832210741384e-02
5.961702794839338071e-02
5.991602791505060838e-02
6.025476360739939752e-02
6.063596572134801604e-02
6.106177554564446580e-02
6.153478504286669093e-02
6.205693623553767274e-02
6.263074509288185654e-02
6.325803319352130138e-02
6.394135334630728085e-02
6.468252656851598836e-02
6.548429277819003969e-02
6.634862075042061158e-02
6.727861487001647600e-02
6.827655942864040151e-02
6.934612256878169845e-02
7.049008815866360245e-02
7.171291122746195623e-02
7.301807958207236215e-02
7.441109228934587871e-02
7.589637773419129207e-02
7.748078993640977741e-02
7.916998785916755377e-02
8.097257675820590528e-02
8.289582209367352128e-02
8.495061010349096164e-02
8.714632343004315163e-02
8.949686605932695438e-02
9.201445751594430900e-02
9.471707924277067425e-02
9.762083255444699292e-02
1.007493493328863454e-01
1.041241705488361868e-01
1.077769922651166112e-01
1.117371776512998821e-01
1.160483358175339180e-01
1.207513836199862606e-01
1.259082702480971150e-01
1.315772577923084996e-01
1.378446690422928389e-01
1.446238799141570386e-01
1.484158183082258387e-01
1.416544023205412728e-01
1.321382990863140539e-01
1.225238036292749799e-01
1.130014378830580118e-01
1.036978690977123641e-01
9.470069159914461243e-02
8.610372742072755492e-02
7.796859178181951566e-02
7.035079040541132589e-02
6.327784793111568273e-02
5.676793099534452325e-02
5.081774260479257621e-02
4.541666164259752780e-02
4.054003074470105550e-02
3.615972941536689522e-02
3.224011458860339546e-02
2.874556393799057585e-02
2.563760815739814583e-02
2.288005952145135899e-02
2.043670483674941279e-02
1.827467059533854910e-02
1.636246410152970496e-02
1.467214255015217121e-02
1.317764787961665449e-02
1.185620622485289259e-02
1.068693829636491524e-02
9.651779162748798033e-03
8.734342000459761543e-03
7.920542740614509858e-03
7.197685823833012767e-03
6.554906422865552570e-03
5.982442454085259119e-03
5.471961738070351376e-03
5.015985318223796854e-03
4.608139596338655351e-03
4.242699902673878302e-03
3.914791617855096877e-03
3.620028009483534145e-03
3.354675065809493376e-03
3.115362673195514517e-03
2.899222503327759156e-03
2.703656082571818334e-03
2.526451914577893757e-03
2.365597700682874668e-03
2.219380980814602243e-03
2.086235717129229349e-03
1.964829555560484303e-03
1.853937280811096761e-03
1.752517035492010466e-03
1.659604914068352113e-03
1.574381956874582305e-03
1.496085488141363782e-03
1.424068332916800803e-03
1.357723517284618051e-03
1.296536882899666180e-03
1.240022534198908979e-03
1.187769816002350954e-03
1.139387473697393762e-03
1.094545794904905724e-03
1.052927890555421233e-03
1.014267669853147246e-03
9.783069876626770880e-04
9.448300149393623745e-04
9.136252569080466433e-04
8.845167932589334883e-04
8.573303715904541595e-04
8.319219190270742831e-04
8.081470707285002587e-04
7.858872942038117905e-04
7.650223341000913103e-04
7.454542400805989509e-04
7.270823046217285467e-04
7.098252430957841452e-04
6.935982769410216787e-04
6.783336791045958391e-04
6.639597152366404119e-04
6.504197377451122414e-04
6.376527460269749504e-04
6.256111871182940421e-04
6.142429350188839112e-04
6.035079345136879847e-04
5.933614313630512218e-04
5.837695776877827427e-04
5.746937707166460295e-04
5.661053226423552309e-04
5.579707869238708729e-04
5.502657822996020283e-04
5.429612032548087166e-04
5.360362765611234375e-04
5.294655671580752922e-04
5.232313358759259000e-04
5.173112642106531467e-04
5.116901735307669875e-04
5.063484024944263492e-04
5.012729408331546366e-04
4.964464018235299585e-04
4.918576175078683563e-04
4.874911559757248475e-04
4.833374194783908494e-04
4.793826625257264313e-04
4.756186296560555114e-04
4.720330356959966263e-04
4.686187758573006788e-04
4.653648340918501792e-04
4.622650946156372717e-04
4.593096482399211902e-04
4.564932312970527810e-04
4.538069032424501929e-04
4.512461362152848563e-04
4.488028401671600087e-04
4.464731238803426898e-04
4.442496464560939185e-04
4.421290684895291334e-04
4.401047110005310470e-04
4.381737135889275658e-04
4.363299838613840216e-04
4.345710777312791740e-04
4.328914241252671056e-04
4.312889411208636350e-04
4.297585222404800556e-04
4.282984008122154196e-04
4.269038855050821444e-04
4.255734841343536455e-04
4.243028772833900750e-04
4.230908117362470566e-04
4.219333020895233593e-04
4.208293030661979569e-04
4.197751299625522201e-04
4.187699182652926768e-04
4.178102546186141289e-04
4.168954314198621545e-04
4.160222807431678579e-04
4.151902309171777005e-04
4.143963365150966937e-04
4.136401433126698406e-04
4.129189080596816670e-04
4.122322776695886630e-04
4.115776930325610195e-04
4.109548877934272025e-04
4.103614709583047813e-04
4.097972501689388348e-04
4.092599883000249132e-04
4.087495557304687225e-04
4.082638565320510326e-04
4.078028138670791681e-04
4.073644617357477927e-04
4.069487672911369525e-04
4.065538844465405098e-04
4.061798165894968155e-04
4.058248286549681529e-04
4.054889534367632064e-04
4.051705590111024887e-04
4.048697015839194079e-04
4.045848454044607251e-04
4.043160648481613421e-04
4.040619141941456161e-04
4.038224814234605284e-04
4.035964054496884068e-04
4.033837839095028997e-04
4.031833356340997149e-04
4.029951645215644083e-04
4.028180652199037960e-04
4.026521449973885329e-04
4.024962707772252574e-04
4.023505507613599078e-04
4.022139211134921274e-04
4.020864889426806806e-04
4.019672570768329477e-04
4.018563298738271703e-04
4.017527746625384468e-04
4.016566917203244838e-04
4.015672110842165386e-04
4.014844279133190572e-04
4.014075334899571811e-04
4.013366170734211907e-04
4.012709300200106681e-04
4.012105551297215854e-04
4.011548029165005677e-04
4.011037493511615103e-04
4.010567634090403052e-04
4.010139140204399327e-04
4.009746281128170344e-04
4.009389674935355248e-04
4.009064166885876871e-04
4.008770304009562791e-04
4.008503505279233776e-04
4.008264247613309945e-04
4.008048522415575375e-04
4.007856737930193367e-04
4.007685457450757267e-04
4.007535022266878123e-04
4.007402567536899932e-04
4.007288369401782835e-04
4.007190135177260111e-04
4.007108077575272380e-04
4.007040476511292354e-04
4.006987482758775712e-04
4.006947949287232116e-04
4.006921966078620624e-04
4.006908959518332733e-04
