5.031326231785972214e-02
5.041268663274359879e-02
5.061203535164873757e-02
5.091231182075211387e-02
5.131502868748452628e-02
5.182221738831695873e-02
5.243644019039358367e-02
5.316080591823914986e-02
5.399898782982275741e-02
5.495524532492618297e-02
5.603444721267027834e-02
5.724209873502409535e-02
5.858436916977902142e-02
6.006812259777482427e-02
6.170094736706487060e-02
6.349118661338773451e-02
6.544796231403043896e-02
6.758119029469485117e-02
6.990156083341379778e-02
7.242042944658434733e-02
7.514941215602136126e-02
7.809900840841373093e-02
8.127384333571682773e-02
8.465616759959757043e-02
8.815171348601262558e-02
9.145504162570676499e-02
9.397729036866789287e-02
9.538627923929059171e-02
9.604988991048676872e-02
9.641427807261343519e-02
9.667758191026193382e-02
9.689935254982771917e-02
9.709385226326047724e-02
9.726304195390726715e-02
9.740583915530492964e-02
9.752051686701287969e-02
9.760528337954343936e-02
9.765844181368060761e-02
9.767842871189084952e-02
9.766384610716753734e-02
9.761347341915845022e-02
9.752629178537251808e-02
9.740149483445062484e-02
9.723851063418421925e-02
9.703701167042098896e-02
9.679693430571212343e-02
9.651848731396019121e-02
9.620216846436446811e-02
9.584877090081517226e-02
9.545939624126990874e-02
9.503545780059650949e-02
9.457868906582006518e-02
9.409114206816047987e-02
9.357518914146133182e-02
9.303351363391439144e-02
9.246910159990358313e-02
9.188522084665116940e-02
9.128539826931102164e-02
9.067338288993252726e-02
9.005310512781727894e-02
8.942862133388478074e-02
8.880405455705178697e-02
8.818352274234415866e-02
8.757106625638837183e-02
8.697056806170511134e-02
8.638567906213091840e-02
8.581974327113559009e-02
8.527573505373979568e-02
8.475620331523608941e-02
8.426323361193351069e-02
8.379842223128806944e-02
8.336287106665447866e-02
8.295719570132410736e-02
8.258155290583227282e-02
8.223567818464591617e-02
8.191893736497682377e-02
8.163038192218362299e-02
8.136881108757720860e-02
8.113283086246148024e-02
8.092091338880713636e-02
8.073144826283418229e-02
8.056279034375476988e-02
8.041329734960991904e-02
8.028136282566057658e-02
8.016543911290976987e-02
8.006405645865782850e-02
7.997583366961857898e-02
7.989948651010790603e-02
7.983382956402554353e-02
7.977777750177088290e-02
7.973034153468695762e-02
7.969062660329682968e-02
7.965782505537090386e-02
7.963121195708364186e-02
7.961013776873809844e-02
7.959402317528299631e-02
7.958235181593512064e-02
7.957466541404249749e-02
7.957055710519442271e-02
7.956966723260938679e-02
7.957167749299018378e-02
7.957630751340727393e-02
7.958330984743955394e-02
7.959246731352366544e-02
7.960358877889346652e-02
7.961650717549939582e-02
7.963107596973374724e-02
7.964716775002575466e-02
7.966467127165803574e-02
7.968349051035938935e-02
7.970354217827685384e-02
7.972475514845643596e-02
7.974706835128160531e-02
7.977043048899357114e-02
7.979479823677231021e-02
7.982013618093307394e-02
7.984641526293814739e-02
7.987361288801178572e-02
7.990171156269522401e-02
7.993069913178825481e-02
7.996056757034637752e-02
7.999131331600889405e-02
8.002293618467599956e-02
8.005543977260728972e-02
8.008883047165243907e-02
8.012311792128012922e-02
8.015831410443854943e-02
8.019443383417471094e-02
8.023149391526435137e-02
8.026951365355376733e-02
8.030851407163795697e-02
8.034851843174253827e-02
8.038955149614952778e-02
8.043164005648643922e-02
8.047481223146453477e-02
8.051909799701501003e-02
8.056452851534062765e-02
8.061113666153156554e-02
8.065895637904101079e-02
8.070802319932282587e-02
8.075837361969226413e-02
8.081004561322362167e-02
8.086307802561244762e-02
8.091751107310155011e-02
8.097338575547004258e-02
8.103074434015272720e-02
8.108962978888099860e-02
8.115008622647150449e-02
8.121215837894409095e-02
8.127589202569451832e-02
8.134133344716343306e-02
8.140852985928431762e-02
8.147752886897534352e-02
8.154837888989856232e-02
8.162112860420504823e-02
8.169582735875560719e-02
8.177252463168989405e-02
8.185127040835256385e-02
8.193211465137700822e-02
8.201510765564565264e-02
8.210029952068746695e-02
8.218774048408583610e-02
8.227748039509150124e-02
8.236956902596911934e-02
8.246405554584269881e-02
8.256098880955119179e-02
8.266041683085420533e-02
8.276238704846938798e-02
8.286694579788615733e-02
8.297413855436028274e-02
8.308400940273165391e-02
8.319660125727282307e-02
8.331195532905824597e-02
8.343011132271989372e-02
8.355110690109046612e-02
8.367497785908732666e-02
8.380175758557031895e-02
8.393147721477099699e-02
8.406416508554190314e-02
8.419984687098888698e-02
8.433854503556070803e-02
8.448027894381232583e-02
8.462506431610222757e-02
8.477291331772927874e-02
8.492383401435268930e-02
8.507783044310934795e-02
8.523490206927342161e-02
8.539504384136248349e-02
8.555824565099956480e-02
8.572449237446735926e-02
8.589376333823270371e-02
8.606603234990523044e-02
8.624126717241814566e-02
8.641942954788137121e-02
8.660047468400051962e-02
8.678435127489023126e-02
8.697100100391258470e-02
8.716035856612276700e-02
8.735235119233521195e-02
8.754689867849292650e-02
8.774391293639806355e-02
8.794329803589676087e-02
8.814494978833956051e-02
8.834875580804490980e-02
8.855459513511487746e-02
8.876233832317113881e-02
8.897184710864201873e-02
8.918297453218519688e-02
8.939556466194127637e-02
8.960945275634467355e-02
8.982446504906928253e-02
9.004041896103497089e-02
9.025712295478587055e-02
9.047437680339813493e-02
9.069197152179617194e-02
9.090968969987887893e-02
9.112730551776665466e-02
9.134458514975227206e-02
9.156128686961176322e-02
9.177716153093870566e-02
9.199195276741385652e-02
9.220539755364559609e-02
9.241722650366956948e-02
9.262716451458205547e-02
9.283493116452724847e-02
9.304024143918009082e-02
9.324280622807758212e-02
9.344233313143035513e-02
9.363852705091398054e-02
9.383109107139543659e-02
9.401972713929551695e-02
9.420413701071263246e-02
9.438402300729066552e-02
9.455908901900555996e-02
9.472904132426723800e-02
9.489358963243850476e-02
9.505244795179910999e-02
9.520533565389127650e-02
9.535197837012929223e-02
9.549210905744834332e-02
9.562546890198357630e-02
9.575180836340196899e-02
9.587088806233486082e-02
9.598247977941072595e-02
9.608636730214528687e-02
9.618234735417495462e-02
9.627023037725314369e-02
9.634984136660801335e-02
9.642102056462086013e-02
9.648362417966481475e-02
9.653752496997380916e-02
9.658261282576639795e-02
9.661879522471160386e-02
9.664599766051644447e-02
9.666416395518911964e-02
9.667325652143679560e-02
