8.808986747378089888e+01
8.799161271805245121e+01
8.779514826200008315e+01
8.750056194023447631e+01
8.710797074213679991e+01
8.661750696818033646e+01
8.602927371773844811e+01
8.534328198723827086e+01
8.455930023859062317e+01
8.367659699502220860e+01
8.269344338596323496e+01
8.160639685906863861e+01
8.040961804843108496e+01
7.909518482403829864e+01
7.765507515504511105e+01
7.608386636529805003e+01
7.438028619798092222e+01
7.254739510976419581e+01
7.059216772020475617e+01
6.852503866415000289e+01
6.635939526294323798e+01
6.411100787439555404e+01
6.179730494309829680e+01
5.943661479414666360e+01
5.704736735874813292e+01
5.464742010218611767e+01
5.225346876631676452e+01
4.988066797195970992e+01
4.754235995043040219e+01
4.524999789246799509e+01
4.301312792080637593e+01
4.083950607554438506e+01
3.873521246977031041e+01
3.670484654516842937e+01
3.475167853322813016e+01
3.287785004388818066e+01
3.108451334974026992e+01
2.937200563525190233e+01
2.773995950952447487e+01
2.618744370140060695e+01
2.471304453193583583e+01
2.331497618957762086e+01
2.199113843359480214e+01
2.073920224250336375e+01
1.955664955159396357e+01
1.844083965491050847e+01
1.738903568729834603e+01
1.639845599147541577e+01
1.546629080355702968e+01
1.458974173738531199e+01
1.376603116671410199e+01
1.299243221860051278e+01
1.226627269230106343e+01
1.158495744504716995e+01
1.094596825869414047e+01
1.034688015370558922e+01
9.785358320156543499e+00
9.259169638112574319e+00
8.766177569639822309e+00
8.304349954258773536e+00
7.871752580173106750e+00
7.466554142038470232e+00
7.087019057558700652e+00
6.731510314171043952e+00
6.398481965495248502e+00
6.086480452175925926e+00
5.794137099076312580e+00
5.520168374400965305e+00
5.263368610899399336e+00
5.022609568874226937e+00
4.796833517187624629e+00
4.585052399708305693e+00
4.386341306861829992e+00
4.199837516078642530e+00
4.024733044071549415e+00
3.860274129666476206e+00
3.705759453631447986e+00
3.560536847689075302e+00
3.423997337393796858e+00
3.295573909710829419e+00
3.174737477219619297e+00
3.060995619938119638e+00
2.953889046546148478e+00
2.852990394734242319e+00
2.757901130175857141e+00
2.668250438307821604e+00
2.583692520595251008e+00
2.503905588431995177e+00
2.428589517539097020e+00
2.357464944770710780e+00
2.290271242237901461e+00
2.226765712519767515e+00
2.166721845800155144e+00
2.109928606183506083e+00
2.056188937596549859e+00
2.005319132610233535e+00
1.957147555773887992e+00
1.911514085977108701e+00
1.868269028964456346e+00
1.827272624480534180e+00
1.788394122780305961e+00
1.751511348342049912e+00
1.716509918109564437e+00
1.683282854280200747e+00
1.651729924736971888e+00
1.621757298205031450e+00
1.593276989806726718e+00
1.566206552682653186e+00
1.540468613824917288e+00
1.515990597020768327e+00
1.492704336093557238e+00
1.470545824736751772e+00
1.449454896030778706e+00
1.429374995372352242e+00
1.410252916656920874e+00
1.392038595079050367e+00
1.374684891692380617e+00
1.358147403353868965e+00
1.342384288523412073e+00
1.327356092055606007e+00
1.313025606093762176e+00
1.299357707784246418e+00
1.286319249976558554e+00
1.273878910251089458e+00
1.262007106875640217e+00
1.250675857805424229e+00
1.239858717982697645e+00
1.229530647192043080e+00
1.219667965337816629e+00
1.210248228227934542e+00
1.201250197933144248e+00
1.192653725729540426e+00
1.184439735051146414e+00
1.176590110951339918e+00
1.169087693508039205e+00
1.161916173272789177e+00
1.155060093289450585e+00
1.148504750087917303e+00
1.142236202735455342e+00
1.136241179004873203e+00
1.130507090102827794e+00
1.125021941699858585e+00
1.119774353172394932e+00
1.114753473231069325e+00
1.109949002680195473e+00
1.105351114417776115e+00
1.100950478861151050e+00
1.096738188122759361e+00
1.092705783375752970e+00
1.088845183033041453e+00
1.085148711435104829e+00
1.081609030878962985e+00
1.078219171104166874e+00
1.074972465032249413e+00
1.071862578609149574e+00
1.068883450126246748e+00
1.066029320047945150e+00
1.063294673794060730e+00
1.060674271242707523e+00
1.058163092859095711e+00
1.055756368617755347e+00
1.053449527367125382e+00
1.051238224961283052e+00
1.049118296752240997e+00
1.047085784761946137e+00
1.045136893196379146e+00
1.043268014523059506e+00
1.041475687901806113e+00
1.039756624064138490e+00
1.038107666555992292e+00
1.036525815341026391e+00
1.035008190751187884e+00
1.033552055759101584e+00
1.032154782532050952e+00
1.030813873338060960e+00
1.029526929599013041e+00
1.028291671412310926e+00
1.027105908998544148e+00
1.025967560834850634e+00
1.024874627393040916e+00
1.023825207893336309e+00
1.022817476228624400e+00
1.021849696358031467e+00
1.020920200313491844e+00
1.020027402261460825e+00
1.019169778488522082e+00
1.018345880167147000e+00
1.017554315217798822e+00
1.016793759820993737e+00
1.016062942054216212e+00
1.015360652197878855e+00
1.014685728046451407e+00
1.014037064059972071e+00
1.013413598250484160e+00
1.012814320234036503e+00
1.012238259594759882e+00
1.011684492895219556e+00
1.011152133422287269e+00
1.010640337215380047e+00
1.010148294100242206e+00
1.009675232796066302e+00
1.009220413145472506e+00
1.008783130362130187e+00
1.008362708367399163e+00
1.007958503240703019e+00
1.007569897575647300e+00
1.007196303195062370e+00
1.006837156442112580e+00
1.006491920221663561e+00
1.006160080144363755e+00
1.005841145955205240e+00
1.005534648451401170e+00
1.005240140358049095e+00
1.004957193943452731e+00
1.004685401400392086e+00
1.004424373085619271e+00
1.004173737463824212e+00
1.003933139900876403e+00
1.003702242225998909e+00
1.003480722011458770e+00
1.003268271806512013e+00
1.003064598839489507e+00
1.002869423975122354e+00
1.002682481778045531e+00
1.002503519243048924e+00
1.002332296162326442e+00
1.002168583675964841e+00
1.002012164888455237e+00
1.001862833284422383e+00
1.001720393543338083e+00
1.001584659863005378e+00
1.001455456924652987e+00
1.001332618164281874e+00
1.001215986843704941e+00
1.001105414307232877e+00
1.001000761117531113e+00
1.000901895332536373e+00
1.000808693668370219e+00
1.000721039828687209e+00
1.000638825660142173e+00
1.000561949563698150e+00
1.000490317611551827e+00
1.000423842066967328e+00
1.000362442434947541e+00
1.000306044114452453e+00
1.000254579358272666e+00
1.000207986078601063e+00
1.000166208694957426e+00
1.000129197111120583e+00
1.000096907433238869e+00
1.000069301133178046e+00
1.000046345622191968e+00
1.000028013612827893e+00
1.000014283536772908e+00
1.000005139114416686e+00
1.000000569608780143e+00
