1.055134026655401414e+01
1.055080227688781136e+01
1.054972470669494378e+01
1.054810436372805604e+01
1.054593639947847095e+01
1.054321427611064443e+01
1.053992965275447347e+01
1.053607232521817139e+01
1.053163004500025046e+01
1.052658842320247601e+01
1.052093066820602019e+01
1.051463744006920997e+01
1.050768648542619843e+01
1.050005242174530906e+01
1.049170623836753080e+01
1.048261498138934478e+01
1.047274107897627893e+01
1.046204189105633908e+01
1.045046881541634320e+01
1.043796668773991776e+01
1.042447270440470142e+01
1.040991590896857844e+01
1.039421676309788189e+01
1.037728947393765644e+01
1.035905120650322431e+01
1.033945252447567675e+01
1.031853836397327484e+01
1.029647100402118198e+01
1.027342300047822476e+01
1.024948642041790947e+01
1.022469496106874409e+01
1.019905958349267117e+01
1.017258562833484348e+01
1.014527713809439824e+01
1.011713901269339999e+01
1.008817688031739479e+01
1.005839784927471037e+01
1.002781020321654459e+01
9.996424009602476346e+00
9.964250916808573777e+00
9.931304736057354532e+00
9.897601345785684401e+00
9.863159282558354946e+00
9.827999752299804825e+00
9.792147256165566915e+00
9.755629712262887665e+00
9.718479135988138395e+00
9.680731873611364335e+00
9.642429344748940423e+00
9.603618376100099496e+00
9.564351989870433002e+00
9.524689795784876623e+00
9.484698766031788963e+00
9.444453590425064604e+00
9.404037311886151329e+00
9.363541474904460316e+00
9.323066415630993475e+00
9.282720959846708197e+00
9.242622105380670305e+00
9.202894004828475971e+00
9.163666808246880180e+00
9.125074762033198894e+00
9.087254146815315181e+00
9.050340556390244373e+00
9.014466144295111505e+00
8.979756442857718568e+00
8.946327411729075862e+00
8.914282389343201274e+00
8.883709595763212619e+00
8.854679877059428605e+00
8.827245280020134643e+00
8.801438106119492844e+00
8.777270924070306179e+00
8.754737104887576393e+00
8.733812229123026682e+00
8.714455846574429287e+00
8.696613841040161219e+00
8.680220848343012108e+00
8.665202950993732500e+00
8.651480131348611380e+00
8.638968736379947444e+00
8.627583508835412474e+00
8.617239489895217375e+00
8.607853422717333558e+00
8.599345003635395557e+00
8.591637663750528731e+00
8.584659245924381565e+00
8.578342288292519768e+00
8.572624276877288452e+00
8.567447588946237147e+00
8.562759475298408418e+00
8.558511804791821831e+00
8.554660900740179486e+00
8.551167191746769092e+00
8.547994988550428275e+00
8.545112109564399816e+00
8.542489651034804510e+00
8.540101626514797317e+00
8.537924758614197529e+00
8.535938151549682829e+00
8.534123116748181914e+00
8.532462885185257306e+00
8.530942469679986928e+00
8.529548416798732546e+00
8.528268703720007338e+00
8.527092526091500702e+00
8.526010225143931365e+00
8.525013106602511215e+00
8.524093393099345661e+00
8.523244069097815512e+00
8.522458853836138104e+00
8.521732067636003549e+00
8.521058621155528812e+00
8.520433899084448370e+00
8.519853762143954512e+00
8.519314444839709566e+00
8.518812567291936588e+00
8.518345044337948480e+00
8.517909104851522528e+00
8.517502210023865317e+00
8.517122078318434930e+00
8.516766611206197268e+00
8.516433922301050785e+00
8.516122269187873073e+00
8.515830085603875332e+00
8.515555918287311954e+00
8.515298461323588697e+00
8.515056497171054062e+00
8.514828932489511004e+00
8.514614742678707771e+00
8.514413008661890103e+00
8.514222864412770875e+00
8.514043534287198511e+00
8.513874283123486819e+00
8.513714453808606919e+00
8.513563419621918982e+00
8.513420621794640653e+00
8.513285523833360458e+00
8.513157648887398565e+00
8.513036535840415198e+00
8.512921776343652880e+00
8.512812972504521625e+00
8.512709773477297404e+00
8.512611834609456807e+00
8.512518853507463845e+00
8.512430530526772898e+00
8.512346604250554449e+00
8.512266813229217632e+00
8.512190930825598301e+00
8.512118728125658507e+00
8.512050008115949140e+00
8.511984569699736269e+00
8.511922241182036331e+00
8.511862845335597783e+00
8.511806232176217790e+00
8.511752245031145137e+00
8.511700752593164054e+00
8.511651615950640348e+00
8.511604719913300698e+00
8.511559940968579596e+00
8.511517177875507656e+00
8.511476320516434768e+00
8.511437279758112595e+00
8.511399957171589037e+00
8.511364274161623555e+00
8.511330142530567855e+00
8.511297492878842519e+00
8.511266245991214063e+00
8.511236340512216003e+00
8.511207705135403145e+00
8.511180285558486602e+00
8.511154017457972287e+00
8.511128852729454408e+00
8.511104733231595887e+00
8.511081616317458298e+00
8.511059449333187032e+00
8.511038194446532756e+00
8.511017803886772981e+00
8.510998244076818153e+00
8.510979471601878288e+00
8.510961456651619628e+00
8.510944159706069101e+00
8.510927554294296371e+00
8.510911604386809159e+00
8.510896286477203532e+00
8.510881567671059855e+00
8.510867427096918902e+00
8.510853834682324148e+00
8.510840771900349822e+00
8.510828211224028550e+00
8.510816136214565120e+00
8.510804521645882303e+00
8.510793352940464018e+00
8.510782606956288632e+00
8.510772270776062243e+00
8.510762323149247521e+00
8.510752752640261320e+00
8.510743539718733430e+00
8.510734674272047329e+00
8.510726138337327384e+00
8.510717922983527473e+00
8.510710011679041287e+00
8.510702396548271764e+00
8.510695062369100228e+00
8.510688002208745218e+00
8.510681202045587312e+00
8.510674655788909249e+00
8.510668350519923209e+00
8.510662280899763843e+00
8.510656435024834821e+00
8.510650808227209652e+00
8.510645389539741146e+00
8.510640174892841969e+00
8.510635154184965856e+00
8.510630323879588843e+00
8.510625674676976615e+00
8.510621203514926236e+00
8.510616901837996906e+00
8.510612767005381940e+00
8.510608791153998709e+00
8.510604972016716729e+00
8.510601302375883748e+00
8.510597780294949288e+00
8.510594399159241874e+00
8.510591157323839084e+00
8.510588048738634726e+00
8.510585072015107500e+00
8.510582221632917665e+00
8.510579496428077206e+00
8.510576891378486053e+00
8.510574405515862750e+00
8.510572034287811505e+00
8.510569776895682281e+00
8.510567629230978426e+00
8.510565590641144595e+00
8.510563657438288132e+00
8.510561829094749342e+00
8.510560102322301645e+00
8.510558476699163322e+00
8.510556949318011988e+00
8.510555519845986794e+00
8.510554185740014432e+00
8.510552946741137603e+00
8.510551800655850485e+00
8.510550747285989814e+00
8.510549784774866566e+00
8.510548912973799673e+00
8.510548130352065144e+00
8.510547436800932175e+00
8.510546831106612586e+00
8.510546313192573820e+00
8.510545882154762154e+00
8.510545537942805439e+00
8.510545279957000275e+00
8.510545108168837913e+00
8.510545022279362826e+00
