-4.764528841132551484e-01
-4.764613672640657382e-01
-4.764751159636413935e-01
-4.764878600780450002e-01
-4.764903263782782616e-01
-4.764707191352550719e-01
-4.764147909381888368e-01
-4.763065972186182329e-01
-4.761285365523961199e-01
-4.758623172488791742e-01
-4.754888996871499129e-01
-4.749896035897657187e-01
-4.743458809652117969e-01
-4.735404965334698568e-01
-4.725570687072793152e-01
-4.713812727464992136e-01
-4.700001070447689666e-01
-4.684030954287216053e-01
-4.665812617237666826e-01
-4.645283378807408825e-01
-4.622394544271952732e-01
-4.597123877693052862e-01
-4.569459912920106892e-01
-4.539415329986523640e-01
-4.507008980421071676e-01
-4.472280750393330395e-01
-4.435271556453579400e-01
-4.396040261865145071e-01
-4.354641763654142350e-01
-4.311146463503742199e-01
-4.265616388378515866e-01
-4.218127649990355277e-01
-4.168744353940080916e-01
-4.117544449805813911e-01
-4.064591006200830581e-01
-4.009961881801869521e-01
-3.953717775271611834e-01
-3.895936251293250496e-01
-3.836675796754935863e-01
-3.776014929495513650e-01
-3.714011271338550912e-01
-3.650746776708010399e-01
-3.586280515293385762e-01
-3.520701538366515226e-01
-3.454073560317084124e-01
-3.386497749973870763e-01
-3.318046645474398426e-01
-3.248840469939816011e-01
-3.178966056437341203e-01
-3.108572725919722668e-01
-3.037768896769697524e-01
-2.966748758135963615e-01
-2.895657225844296412e-01
-2.824922615449034224e-01
-2.759807042692125068e-01
-2.802772737377343115e-01
-3.159485222431971385e-01
-3.600706597055450264e-01
-4.051378715724833213e-01
-4.507511606306986440e-01
-4.967802219688203236e-01
-5.431137572178350581e-01
-5.896232997061585657e-01
-6.361904158029871859e-01
-6.826876845001383920e-01
-7.289994448442266295e-01
-7.750071040099575370e-01
-8.206054847077055570e-01
-8.656903760298935158e-01
-9.101716798824397436e-01
-9.539622834144295682e-01
-9.969888603037199148e-01
-1.039181703355034347e+00
-1.080483846275694493e+00
-1.120841728316840591e+00
-1.160213131708561107e+00
-1.198558618149989208e+00
-1.235848624510495597e+00
-1.272055614301583759e+00
-1.307160555030345561e+00
-1.341145717347124622e+00
-1.374000674991882498e+00
-1.405715678437556404e+00
-1.436287266271548901e+00
-1.465712141605676644e+00
-1.493992452751697231e+00
-1.521130107099229134e+00
-1.547131761124197702e+00
-1.572003515020820252e+00
-1.595755641878356501e+00
-1.618397615149984814e+00
-1.639942600817277940e+00
-1.660402777776749605e+00
-1.679793613024242793e+00
-1.698129441861091049e+00
-1.715427543516661046e+00
-1.731703953689786024e+00
-1.746977356042061835e+00
-1.761265104123848291e+00
-1.774586942542794032e+00
-1.786961218954223884e+00
-1.798408447307468627e+00
-1.808947693484151076e+00
-1.818599991786013614e+00
-1.827384890134873485e+00
-1.835323729858705732e+00
-1.842436338249505923e+00
-1.848744180712069030e+00
-1.854267190010073563e+00
-1.859026798952980286e+00
-1.863042896923116976e+00
-1.866336750481166540e+00
-1.868928078817151839e+00
-1.870837868945594451e+00
-1.872085562606053966e+00
-1.872691772087244244e+00
-1.872675571852783438e+00
-1.872057120471517955e+00
-1.870855050887686000e+00
-1.869089003435228991e+00
-1.866777109229143417e+00
-1.863938438797536845e+00
-1.860590573558152938e+00
-1.856751974207522027e+00
-1.852439635675573459e+00
-1.847671379060259467e+00
-1.842463585833906237e+00
-1.836833416799167784e+00
-1.830796621660345291e+00
-1.824369688197979400e+00
-1.817567723623273679e+00
-1.810406536919638487e+00
-1.802900588673309379e+00
-1.795065009307333259e+00
-1.786913614330447375e+00
-1.778460860989105718e+00
-1.769719926102824914e+00
-1.760704603480124364e+00
-1.751427441714695554e+00
-1.741901584548888549e+00
-1.732138966193580432e+00
-1.722152096676109245e+00
-1.711952312419145805e+00
-1.701551508476951691e+00
-1.690960442266834951e+00
-1.680190414476493865e+00
-1.669251623986921951e+00
-1.658154799123128686e+00
-1.646909601941105139e+00
-1.635526211392911211e+00
-1.624013775273406957e+00
-1.612381946777789121e+00
-1.600639382517250686e+00
-1.588795233861318268e+00
-1.576857689536355966e+00
-1.564835423065790376e+00
-1.552736178561968883e+00
-1.540568175504102300e+00
-1.528338736423179078e+00
-1.516055650189161774e+00
-1.503725840371255895e+00
-1.491356688142356557e+00
-1.478954740173188176e+00
-1.466526992202668023e+00
-1.454079635395165937e+00
-1.441619301569755596e+00
-1.429151847015261767e+00
-1.416683560319387469e+00
-1.404219982696719882e+00
-1.391767079309700117e+00
-1.379330095221206864e+00
-1.366914691053064068e+00
-1.354525833727072248e+00
-1.342168897263288585e+00
-1.329848587521949232e+00
-1.317570008902674505e+00
-1.305337622344899584e+00
-1.293156278650296587e+00
-1.281030209041491785e+00
-1.268964025793245742e+00
-1.256961744688449345e+00
-1.245027753608765941e+00
-1.233165866263650434e+00
-1.221380259358074261e+00
-1.209674557004627449e+00
-1.198052737054623451e+00
-1.186518245635525437e+00
-1.175074873201852554e+00
-1.163725898670393333e+00
-1.152474935719093763e+00
-1.141325106020839586e+00
-1.130279856291563023e+00
-1.119342160150151866e+00
-1.108515306391385957e+00
-1.097802129024725515e+00
-1.087205767223345498e+00
-1.076728923118369652e+00
-1.066374593852089880e+00
-1.056145356726749363e+00
-1.046044073767937066e+00
-1.036073203848474567e+00
-1.026235480146831858e+00
-1.016533248887124818e+00
-1.006969120057291001e+00
-9.975453324255372234e-01
-9.882643778638479093e-01
-9.791283923198539352e-01
-9.701397540728400326e-01
-9.613005003576901020e-01
-9.526128998631063771e-01
-9.440788947212627180e-01
-9.357006475411802082e-01
-9.274800084939807121e-01
-9.194190371583575994e-01
-9.115194944469887650e-01
-9.037833395255200353e-01
-8.962122463409071260e-01
-8.888080758605367837e-01
-8.815724169777258146e-01
-8.745070343033685134e-01
-8.676134332378482306e-01
-8.608932835338969358e-01
-8.543480083377783529e-01
-8.479791837286523304e-01
-8.417881515450428287e-01
-8.357763950932148855e-01
-8.299451755875096870e-01
-8.242958842078149662e-01
-8.188297019947503586e-01
-8.135479284240296760e-01
-8.084516646093238279e-01
-8.035421185496798291e-01
-7.988203115043800429e-01
-7.942873600578369553e-01
-7.899442055421662667e-01
-7.857918730525766948e-01
-7.818312238041847939e-01
-7.780631912198286981e-01
-7.744885561182588418e-01
-7.711081599852731561e-01
-7.679227029006758798e-01
-7.649329340928019416e-01
-7.621394725217540689e-01
-7.595429748065667397e-01
-7.571439783919633459e-01
-7.549430469268489929e-01
-7.529406359514816405e-01
-7.511372157951824446e-01
-7.495331597302585802e-01
-7.481288444464699872e-01
-7.469245606271494031e-01
-7.459205910473332146e-01
-7.451171435367140994e-01
-7.445144067379843023e-01
-7.441125054300737895e-01
-7.439115339727874199e-01
