6.123172309845540617e+00
6.125058606873890810e+00
6.128832164836112817e+00
6.134494278910503695e+00
6.142047857651607323e+00
6.151495523001468513e+00
6.162842179173754431e+00
6.176091839011261797e+00
6.191251489080572767e+00
6.208326631795640260e+00
6.227326461057553608e+00
6.248258105153441377e+00
6.271133132416439437e+00
6.295960475317992966e+00
6.322754291085731282e+00
6.351525542583236650e+00
6.382291244705452726e+00
6.415064672528681733e+00
6.449866030710354359e+00
6.486711253940401711e+00
6.525624143621542750e+00
6.566623719809914661e+00
6.609737877267145123e+00
6.654989241798021204e+00
6.702410406468993997e+00
6.752028238495217494e+00
6.803880766108813205e+00
6.857999874894738390e+00
6.914429926477545507e+00
6.973208775444809326e+00
7.034388212503047022e+00
7.098013224851166036e+00
7.164144368022555831e+00
7.232835183710678351e+00
7.304156614268800141e+00
7.378172482225775930e+00
7.454966064688410832e+00
7.534613527005795675e+00
7.617212759835651603e+00
7.702854642255410056e+00
7.791654184500456104e+00
7.883719463924687254e+00
7.979184942252506296e+00
8.078177846957530051e+00
8.180853061732019427e+00
8.287356561023564439e+00
8.397860003564668219e+00
8.512520512278593188e+00
8.631509666691007610e+00
8.754969850661380448e+00
8.883029179867770964e+00
9.015815767547136872e+00
9.153778350926710772e+00
9.299205125970935626e+00
9.455887982891132637e+00
9.624051497269771716e+00
9.800026812568617629e+00
9.979001065091194889e+00
1.015595124030179619e+01
1.032624907403427805e+01
1.048612977721706940e+01
1.063304252759512458e+01
1.076588865798032479e+01
1.088482965129686875e+01
1.099105628425149028e+01
1.108618859585916994e+01
1.117204881300384756e+01
1.125018821039014050e+01
1.132199193160550799e+01
1.138838680608916576e+01
1.145016113339227637e+01
1.150768414565705378e+01
1.156131543166539899e+01
1.161104161179897432e+01
1.165695175470240308e+01
1.169875193509885136e+01
1.173633553838193322e+01
1.176913048250802873e+01
1.179682581585483980e+01
1.181845119736965088e+01
1.183338413429441083e+01
1.183989184975960107e+01
1.183679772304402178e+01
1.182476457681971560e+01
1.185844346863133225e+01
1.191041372328427173e+01
1.196229290306870041e+01
1.201424809759387280e+01
1.206606027429214834e+01
1.211802079729518233e+01
1.216999640303588848e+01
1.222223452622942297e+01
1.227466084588126449e+01
1.232750105927405038e+01
1.238072365535523467e+01
1.243454426723292983e+01
1.248896444934651484e+01
1.254419538802710932e+01
1.260026436208165102e+01
1.265737959979016303e+01
1.271558676703405588e+01
1.277508867694505490e+01
1.283593992139482154e+01
1.289833042363767568e+01
1.296230975157326881e+01
1.302804081212199172e+01
1.309554795412338990e+01
1.316494607862995636e+01
1.323620919756078074e+01
1.330938042660718068e+01
1.338435996896605396e+01
1.346110158872637896e+01
1.353941988882966641e+01
1.361917759444336795e+01
1.370011096827224861e+01
1.378200966584994802e+01
1.386455722359566778e+01
1.394750282442446654e+01
1.403051264334305515e+01
1.411333189443280389e+01
1.419564323656126703e+01
1.427721808289871319e+01
1.435777978226279394e+01
1.443714444490743531e+01
1.451508816480383679e+01
1.459147858228947214e+01
1.466614632376967009e+01
1.473900883704727960e+01
1.480994647128354913e+01
1.487891995712552351e+01
1.494585142375916043e+01
1.501073655146349495e+01
1.507353059649449101e+01
1.513425591568797124e+01
1.519289288313620290e+01
1.524948324729211180e+01
1.530402571181537930e+01
1.535657543540409975e+01
1.540714400115474447e+01
1.545579528364329747e+01
1.550254952379962603e+01
1.554747574169826763e+01
1.559059964806914067e+01
1.563199275692852552e+01
1.567168388796577894e+01
1.570974511962682030e+01
1.574620666182432416e+01
1.578113978142047102e+01
1.581457484868797359e+01
1.584658136037231380e+01
1.587718898478875218e+01
1.590646480146350328e+01
1.593443718841188605e+01
1.596117039127523540e+01
1.598669111236461937e+01
1.601106051611335701e+01
1.603430339322818199e+01
1.605647770320396361e+01
1.607760619876068020e+01
1.609774360019729755e+01
1.611691057553736783e+01
1.613515863571047149e+01
1.615250637475899964e+01
1.616900216928605971e+01
1.618466259091944082e+01
1.619953298819332232e+01
1.621362799040248248e+01
1.622699004511257215e+01
1.623963193871627553e+01
1.625159335809814820e+01
1.626288535874059704e+01
1.627354501470311021e+01
1.628358177011278229e+01
1.629303023754361845e+01
1.630189837324123303e+01
1.631021848019210196e+01
1.631799715153649899e+01
1.632526453108410891e+01
1.633202597311596449e+01
1.633830960981401148e+01
1.634411967908436836e+01
1.634948244530775696e+01
1.635440114996868743e+01
1.635890032928443816e+01
1.636298234532915785e+01
1.636667014144402543e+01
1.636996531422868273e+01
1.637288934515948569e+01
1.637544317630504054e+01
1.637764695426891848e+01
1.637950107479154838e+01
1.638102447297406172e+01
1.638221710407288612e+01
1.638309681194012413e+01
1.638366321531369962e+01
1.638393318451548808e+01
1.638390610440235662e+01
1.638359798758396124e+01
1.638300808693876931e+01
1.638215167193896704e+01
1.638102796526087701e+01
1.637965160722292879e+01
1.637802189253872598e+01
1.637615294637716090e+01
1.637404423872382964e+01
1.637170949414911547e+01
1.636914846256529188e+01
1.636637458342847395e+01
1.636338799290631485e+01
1.636020196193293685e+01
1.635681712093806084e+01
1.635324668990900321e+01
1.634949190287535714e+01
1.634556604689985093e+01
1.634147106946201689e+01
1.633722044208931479e+01
1.633281693463722561e+01
1.632827431807580965e+01
1.632359629042133520e+01
1.631879703200470644e+01
1.631388126847290820e+01
1.630886369068504749e+01
1.630375014077620932e+01
1.629855590766047868e+01
1.629328802265045084e+01
1.628796244041410901e+01
1.628258743109546103e+01
1.627717965550717594e+01
1.627174864114491371e+01
1.626631175945180274e+01
1.626087977361990866e+01
1.625547072500726387e+01
1.625009654125203440e+01
1.624477583844052120e+01
1.623952157891023873e+01
1.623435279564311173e+01
1.622928329028368566e+01
1.622433228652956316e+01
1.621951416039444638e+01
1.621484803010039855e+01
1.621034851246843189e+01
1.620603425791983909e+01
1.620191972899596777e+01
1.619802269038384779e+01
1.619435700778167941e+01
1.619093910412251347e+01
1.618778177907577742e+01
1.618489964354648691e+01
1.618230396178341834e+01
1.618000707649106573e+01
1.617801827660171199e+01
1.617634722475303377e+01
1.617500085418162215e+01
1.617398580883203607e+01
1.617330637257344605e+01
1.617296592990197723e+01
