3.620649952522979331e-02
3.620584806749936602e-02
3.620454408506803418e-02
3.620258819982170168e-02
3.619997720936642821e-02
3.619671235962753503e-02
3.619278830835891830e-02
3.618820692990852572e-02
3.618296073486210879e-02
3.617705223275890364e-02
3.617047177691218307e-02
3.616322252144579114e-02
3.615529264965526568e-02
3.614668597259709792e-02
3.613738848836199613e-02
3.612740468067421329e-02
3.611671834505286033e-02
3.610533465756057825e-02
3.609323519193267243e-02
3.608042584085810467e-02
3.606688593565723217e-02
3.605262211538778905e-02
3.603761144743657108e-02
3.602186135344993129e-02
3.600534661514055712e-02
3.598807548068175266e-02
3.597002042497657315e-02
3.595119057588646444e-02
3.593155608200017392e-02
3.591112701507146593e-02
3.588987118077383021e-02
3.586779967220476983e-02
3.584487794000008887e-02
3.582111819196977243e-02
3.579648351802292017e-02
3.577098735320755757e-02
3.574459042987196411e-02
3.571730754592580132e-02
3.568909709118637391e-02
3.565997538995033245e-02
3.562989852014022962e-02
3.559888452974274003e-02
3.556688723569469135e-02
3.553392664796765216e-02
3.549995439952768200e-02
3.546499275050831596e-02
3.542899126034602941e-02
3.539197478840462596e-02
3.535389097368006606e-02
3.531476769843140684e-02
3.527455088862072041e-02
3.523327196483022616e-02
3.519087541657319601e-02
3.514739683158615152e-02
3.510277962774512733e-02
3.505706432968042074e-02
3.501019376127635641e-02
3.496221432997297096e-02
3.491306888824426136e-02
3.486281089413236639e-02
3.481138403855875418e-02
3.475885027978709713e-02
3.470515520093607476e-02
3.465037107172209974e-02
3.459444674204349701e-02
3.453746707392944815e-02
3.447938598615747641e-02
3.442030383276564048e-02
3.436018198279652824e-02
3.429914001149772518e-02
3.423714992295795456e-02
3.417435537243957572e-02
3.411074333316349572e-02
3.404648768560170069e-02
3.398159325691756105e-02
3.391622492726598798e-02
3.385013140245346497e-02
3.378295860692832886e-02
3.371409193150682465e-02
3.364321696752050478e-02
3.356986642500155160e-02
3.349388524721270965e-02
3.341490717197625332e-02
3.333286832884004014e-02
3.324743630812340700e-02
3.315859204360475238e-02
3.306599868883864507e-02
3.296966295582352130e-02
3.286922369717010933e-02
3.276471012327072940e-02
3.265572424422084202e-02
3.254232425197738782e-02
3.242406385142312247e-02
3.230104621991825020e-02
3.217276197687823913e-02
3.203938965098345609e-02
3.190033333681103339e-02
3.175590153275374000e-02
3.160538439375112918e-02
3.144922131038308671e-02
3.128973205404840530e-02
3.114511828861517631e-02
3.102519113133175854e-02
3.092420529832339351e-02
3.084015401257668085e-02
3.076936656021353467e-02
3.071014187109094920e-02
3.065997325060463782e-02
3.061766999978645515e-02
3.058150542258352908e-02
3.055071145663927970e-02
3.052409130112839625e-02
3.050117774918750108e-02
3.048112875582845854e-02
3.046367730884700503e-02
3.044821714049740502e-02
3.043460991462772561e-02
3.042240662715950394e-02
3.041155009767315329e-02
3.040169749320189088e-02
3.039284218753881064e-02
3.038471431200500880e-02
3.037733834837523170e-02
3.037049564946252625e-02
3.036422949596550777e-02
3.035835804110353225e-02
3.035293556866316272e-02
3.034780731138821130e-02
3.034303360870172980e-02
3.033848010097233913e-02
3.033421003927102080e-02
3.033010480461859407e-02
3.032622856419290788e-02
3.032247511155579042e-02
3.031890827066206079e-02
3.031543182834152764e-02
3.031210848101284841e-02
3.030885021689505576e-02
3.030571812874315041e-02
3.030263105478053429e-02
3.029964820869970529e-02
3.029669424184907103e-02
3.029382634440809172e-02
3.029097417226482222e-02
3.028819283293009146e-02
3.028541634666000529e-02
3.028269773438022061e-02
3.027997486675390593e-02
3.027729870955658820e-02
3.027461056593733213e-02
3.027195940011019257e-02
3.026928960395682683e-02
3.026664820710657511e-02
3.026398240451935728e-02
3.026133736579275993e-02
3.025866284944997084e-02
3.025600224335721691e-02
3.025330766720632156e-02
3.025062080668373607e-02
3.024789597049540660e-02
3.024517322134830447e-02
3.024240890973002582e-02
3.023964155322124078e-02
3.023682941762071905e-02
3.023400955129154979e-02
3.023114202634055031e-02
3.022826249554678990e-02
3.022533274314583712e-02
3.022238709752786759e-02
3.021938897355197842e-02
3.021637144391766880e-02
3.021329948350261196e-02
3.021020497551592937e-02
3.020705439366303327e-02
3.020387849539046127e-02
3.020064520018842652e-02
3.019738420102675153e-02
3.019406481718906604e-02
3.019071573602981340e-02
3.018730763672024253e-02
3.018386825743504462e-02
3.018036960254433243e-02
3.017683851502423256e-02
3.017324829418250795e-02
3.016962493926251751e-02
3.016594301794352923e-02
3.016222773459579717e-02
3.015845490171336837e-02
3.015464897492295751e-02
3.015078699033656509e-02
3.014689269808530636e-02
3.014294433844322621e-02
3.013896499623318695e-02
3.013493409758407141e-02
3.013087409893874108e-02
3.012676559455567532e-02
3.012263044595139480e-02
3.011845039782985040e-02
3.011424674653669781e-02
3.011000236906703764e-02
3.010573802242713648e-02
3.010143769679698988e-02
3.009712163153208109e-02
3.009277490949767431e-02
3.008841726973819977e-02
3.008403486550879913e-02
3.007964694835402880e-02
3.007524071747595673e-02
3.007083494505095184e-02
3.006641784934003039e-02
3.006200772649547312e-02
3.005759378426856726e-02
3.005319384128441601e-02
3.004879806236628731e-02
3.004442378225782168e-02
3.004006208749174581e-02
3.003572981778472595e-02
3.003141894305421528e-02
3.002714579218047561e-02
3.002290317724429572e-02
3.001870689601574341e-02
3.001455055876696074e-02
3.001044940769510838e-02
3.000639780477404664e-02
3.000241040832422185e-02
2.999848228332777089e-02
2.999462747250818129e-02
2.999084169335185582e-02
2.998713833833981449e-02
2.998351372561694136e-02
2.997998056040853537e-02
2.997653570886451083e-02
2.997319115018620347e-02
2.996994424565905049e-02
2.996680620859892147e-02
2.996377484297994137e-02
2.996086055597112913e-02
2.995806154288403744e-02
2.995538736479906594e-02
2.995283655880085286e-02
2.995041780098440035e-02
2.994812992312816113e-02
2.994598067920925186e-02
2.994396915179109095e-02
2.994210213806335411e-02
2.994037893129616532e-02
2.993880534034386309e-02
2.993738083355363538e-02
2.993611020362645786e-02
2.993499306336646834e-02
2.993403316577335910e-02
2.993323024298890841e-02
2.993258698949555902e-02
2.993210323756154145e-02
2.993178060943908411e-02
2.993161902453609843e-02
