4.181549697149238853e-01
4.158292190524554011e-01
4.112098439502999137e-01
4.043604547400184712e-01
3.953746739156518974e-01
3.843741485855612372e-01
3.715054499971869872e-01
3.569363270709879910e-01
3.408501359672018172e-01
3.234387090226559791e-01
3.048921027858178534e-01
2.853874764347559267e-01
2.650832259204752295e-01
2.441334801830302714e-01
2.227251756894054191e-01
2.011111211224326512e-01
1.796091152850680384e-01
1.585734344759840708e-01
1.383587961910311692e-01
1.192888931035419459e-01
1.016316900432463755e-01
8.558302210883989014e-02
7.125854679896220789e-02
5.869467203347772388e-02
4.785668321386880170e-02
3.865239131599026295e-02
3.094812880560472365e-02
2.458504592037447783e-02
1.939344493697411909e-02
1.520441213103884172e-02
1.185810176204094880e-02
9.209092492686183837e-03
7.129101244964813726e-03
5.507825766827492177e-03
4.252377782852354016e-03
3.285923584664706461e-03
2.545845930342322851e-03
1.981778877222241039e-03
1.553653623547494780e-03
1.229907874135680208e-03
9.858867364960714318e-04
8.024780507997448598e-04
6.649616343341980618e-04
5.620677175785231561e-04
4.852113656177854911e-04
4.278834052251783869e-04
3.851676525685079184e-04
3.533644118475196298e-04
3.296976686403052851e-04
3.120900289541153659e-04
2.989902814814128398e-04
2.892422267846581031e-04
2.819854108975242352e-04
2.765801223709217298e-04
2.725512563132061737e-04
2.695460232886505328e-04
2.673026486757707821e-04
2.656267487925068754e-04
2.643740785273829470e-04
2.634373979790542177e-04
2.627370609819217983e-04
2.622137113631029361e-04
2.618232053601371565e-04
2.615325224273486984e-04
2.613170671306244697e-04
2.611583442380046335e-04
2.610425614464733637e-04
2.609592713407196478e-04
2.609006827868702279e-04
2.608608350375645596e-04
2.608352820257254243e-04
2.608200722194019402e-04
2.607850285535045359e-04
2.594668980243102136e-04
2.426148380732492450e-04
2.149275358660481601e-04
1.901651829048381186e-04
1.686798742216494469e-04
1.500137491100740226e-04
1.337629704588269575e-04
1.195849072645510696e-04
1.071888876779876113e-04
9.632780000224271577e-05
8.679135407213008470e-05
7.840019270139586419e-05
7.100118436881538747e-05
6.446328222851542913e-05
5.867422360872380982e-05
5.353760407560582014e-05
4.897055342558646608e-05
4.490165739954432290e-05
4.126931367398976446e-05
3.802024726185396848e-05
3.510834185048346414e-05
3.249357288085949274e-05
3.014117259599769993e-05
2.802085841769273903e-05
2.610623335456761679e-05
2.437422425416753679e-05
2.280464901654187502e-05
2.137980483909192439e-05
2.008415424942441038e-05
1.890402116537927445e-05
1.782736200690865906e-05
1.684353971557894526e-05
1.594315610840658652e-05
1.511788261156444777e-05
1.436033693359607615e-05
1.366395531258943716e-05
1.302290143380640234e-05
1.243196925340393720e-05
1.188651550067248777e-05
1.138238516412737558e-05
1.091586133532038428e-05
1.048360759720945284e-05
1.008263068582790955e-05
9.710235563840134023e-06
9.363997605023696740e-06
9.041727247620516458e-06
8.741449289211261276e-06
8.461374819461039425e-06
8.199885850278421597e-06
7.955512813823532970e-06
7.726923215207676931e-06
7.512903410991881487e-06
7.312350308861797811e-06
7.124256458045096821e-06
6.947704067390416992e-06
6.781852673315169079e-06
6.625934929726408176e-06
6.479246293365741044e-06
6.341142173580300297e-06
6.211029205615872864e-06
6.088363448259547398e-06
5.972642913860330012e-06
5.863406576613971600e-06
5.760227902566130693e-06
5.662714487317900511e-06
5.570502385866652706e-06
5.483256240736794314e-06
5.400664254951362790e-06
5.322438703448853307e-06
5.248311425803463741e-06
5.178034638101868300e-06
5.111376847847018831e-06
5.048123901885159791e-06
4.988075246026999104e-06
4.931045158765459868e-06
4.876859293840792312e-06
4.825356060315397647e-06
4.776383398648071515e-06
4.729800276065694773e-06
4.685473656442987658e-06
4.643280086340466639e-06
4.603102826755300026e-06
4.564833510172741902e-06
4.528369408410162695e-06
4.493615144932630220e-06
4.460480077956409832e-06
4.428880055269134798e-06
4.398734895766305596e-06
4.369970176373688812e-06
4.342514798406047299e-06
4.316302798012649441e-06
4.291270986381743662e-06
4.267360776583081407e-06
4.244515888759523233e-06
4.222684187349252600e-06
4.201815444197927735e-06
4.181863181019716271e-06
4.162782484775399974e-06
4.144531850940702936e-06
4.127071046704374863e-06
4.110362951141863228e-06
4.094371462764065386e-06
4.079063333132096819e-06
4.064406116119445360e-06
4.050369991831079391e-06
4.036925755610071865e-06
4.024046629412872220e-06
4.011706289160579983e-06
3.999880660919420554e-06
3.988545985679308841e-06
3.977680597866285869e-06
3.967263027017110845e-06
3.957273756293282072e-06
3.947693360850580288e-06
3.938504244136870577e-06
3.929688813030613267e-06
3.921231189798077189e-06
3.913115424306695285e-06
3.905327179594878996e-06
3.897851981648574576e-06
3.890676876618347868e-06
3.883788718799176360e-06
3.877175797580094849e-06
3.870826164403970237e-06
3.864729227595209906e-06
3.858874119167492556e-06
3.853251255728283074e-06
3.847850746088324243e-06
3.842663916493375136e-06
3.837681760045176101e-06
3.832896424556324379e-06
3.828299704848931182e-06
3.823884491575541628e-06
3.819643307483361364e-06
3.815569715599203692e-06
3.811656900573247551e-06
3.807899034666846263e-06
3.804289905300026541e-06
3.800824237333254771e-06
3.797496367944486749e-06
3.794301523745716320e-06
3.791234544105183030e-06
3.788291111694336892e-06
3.785466525358816731e-06
3.782756882739397603e-06
3.780157903777876630e-06
3.777666064111247601e-06
3.775277470269174678e-06
3.772988942599315236e-06
3.770796943183403801e-06
3.768698607104964475e-06
3.766690724078458221e-06
3.764770716929511521e-06
3.762935677892763131e-06
3.761183293232895462e-06
3.759510935124757077e-06
3.757916531407077668e-06
3.756397713912190754e-06
3.754952632402308207e-06
3.753579160172679256e-06
3.752275651283951206e-06
3.751040204208975207e-06
3.749871361538828218e-06
3.748767432393490028e-06
3.747727133841955182e-06
3.746748972743246251e-06
3.745831828184541413e-06
3.744974393365068557e-06
3.744175698422019150e-06
3.743434612909771624e-06
3.742750308450191373e-06
3.742121822303681527e-06
3.741548459343696970e-06
3.741029417156571220e-06
3.740564126907390732e-06
3.740151940344574631e-06
3.739792409190867078e-06
3.739485034366942794e-06
3.739229483607195604e-06
3.739025403155643619e-06
3.738872573372598184e-06
3.738770783092935709e-06
3.738719923056778149e-06
