1.995746140097831578e-02
2.014291519584948675e-02
2.006875760807375064e-02
2.011645840132025853e-02
2.008110476086194529e-02
2.010925076747444029e-02
2.008584565937981958e-02
2.010589378177191078e-02
2.008834967279377048e-02
2.010395560494482314e-02
2.008989507521913298e-02
2.010269606497233630e-02
2.009094201938410595e-02
2.010181360474089240e-02
2.009169677377564689e-02
2.010116231161540590e-02
2.009226559640964194e-02
2.010066297982460171e-02
2.009270879691404943e-02
2.010026890259153376e-02
2.009306315217379568e-02
2.009995075670861775e-02
2.009335236708481576e-02
2.009968920558180550e-02
2.009359241187252954e-02
2.009947098309711189e-02
2.009379444294029371e-02
2.009928668640220684e-02
2.009396649427352965e-02
2.009912946658404254e-02
2.009411450394665843e-02
2.009899421820221521e-02
2.009424296223283335e-02
2.009887705925894608e-02
2.009435533506842564e-02
2.009877498714124355e-02
2.009445434925882790e-02
2.009868564484917908e-02
2.009454218997530628e-02
2.009860715860711800e-02
2.009462064118139324e-02
2.009853802289390812e-02
2.009469118828327572e-02
2.009847701781641849e-02
2.009475509544433880e-02
2.009842314924059625e-02
2.009481346602309815e-02
2.009837560537108825e-02
2.009486729202231148e-02
2.009833372581443234e-02
2.009491749714026332e-02
2.009829698066656345e-02
2.009496497716539709e-02
2.009826495856359418e-02
2.009501064133745185e-02
2.009823736362187363e-02
2.009505545886830502e-02
2.009821402273986868e-02
2.009510051579876944e-02
2.009819490653369511e-02
2.009514708991216869e-02
2.009818017021031133e-02
2.009519675548404605e-02
2.009817022586946056e-02
2.009525153733843217e-02
2.009816586574736386e-02
2.009531413692028368e-02
2.009816837745759255e-02
2.009538736619626009e-02
2.009817024317234191e-02
2.009536705207165541e-02
2.009684654994725594e-02
2.007766289246171176e-02
1.984235470889117448e-02
1.641324496723717274e-02
-1.270983662673080827e-02
-7.408219029565688007e-02
-1.277348100506759954e-01
-1.658171271878103037e-01
-1.910169203284497463e-01
-2.067979123140624154e-01
-2.161679099174873553e-01
-2.213064037094389647e-01
-2.237005082447107163e-01
-2.243002244823156521e-01
-2.237027646106095058e-01
-2.222712628480140729e-01
-2.202189658663525618e-01
-2.176682788014182579e-01
-2.146744348117624601e-01
-2.112591507193815887e-01
-2.074046141031395674e-01
-2.030806172146208954e-01
-1.982214208206222184e-01
-1.927539336009591597e-01
-1.865602516293700108e-01
-1.795090902098821772e-01
-1.714004939442125286e-01
-1.619982840641044086e-01
-1.509844734143986622e-01
-1.462732572812183163e-01
-1.612523028680752368e-01
-1.765898668184035514e-01
-1.910382962357373149e-01
-2.042184419699881459e-01
-2.159643804673339329e-01
-2.261785506759938502e-01
-2.349368995261205406e-01
-2.423194194861506834e-01
-2.485079241454754839e-01
-2.536349408544939510e-01
-2.578888666360040216e-01
-2.613870084444321895e-01
-2.642846917902458848e-01
-2.666645473001192368e-01
-2.686438559892532218e-01
-2.702729781240494344e-01
-2.716384146265654609e-01
-2.727663996694814630e-01
-2.737215593418949044e-01
-2.745136351351836201e-01
-2.751925891978977412e-01
-2.757573026299219299e-01
-2.762481782873913438e-01
-2.766570125814106773e-01
-2.770180716712129509e-01
-2.773184846078290411e-01
-2.775886328458962438e-01
-2.778124875524660697e-01
-2.780180282443042716e-01
-2.781869943495962616e-01
-2.783459529163432866e-01
-2.784749687635179050e-01
-2.785998722348984047e-01
-2.786993778389335596e-01
-2.787990555655619485e-01
-2.788764461788384996e-01
-2.789572085295957127e-01
-2.790177913370058271e-01
-2.790842102382548595e-01
-2.791318415696960042e-01
-2.791872737303793262e-01
-2.792247887204677981e-01
-2.792717307494221313e-01
-2.793012366347286668e-01
-2.793415690591709577e-01
-2.793646478323418836e-01
-2.793998048249921595e-01
-2.794176549216509375e-01
-2.794487437624641468e-01
-2.794622802580689624e-01
-2.794901663907460310e-01
-2.795000926357286142e-01
-2.795254609073831720e-01
-2.795323202789465888e-01
-2.795557195114458104e-01
-2.795599331719035852e-01
-2.795818089442942966e-01
-2.795837036469374093e-01
-2.796044226553847101e-01
-2.796042513993485801e-01
-2.796241197414673918e-01
-2.796220772375893060e-01
-2.796413542739630276e-01
-2.796375886088051654e-01
-2.796564975773651596e-01
-2.796511190657304247e-01
-2.796698552929422488e-01
-2.796629432317862540e-01
-2.796816805526295968e-01
-2.796732883940203918e-01
-2.796921842284065818e-01
-2.796823435500131461e-01
-2.797015429667055186e-01
-2.796902665187435688e-01
-2.797099055330490303e-01
-2.796971895680730458e-01
-2.797173978597785604e-01
-2.797032238987577912e-01
-2.797241270919519351e-01
-2.797084632407629279e-01
-2.797301848556716375e-01
-2.797129867563144523e-01
-2.797356499193592860e-01
-2.797168613984615804e-01
-2.797405903802954730e-01
-2.797201438386516803e-01
-2.797450654776505452e-01
-2.797228820515498815e-01
-2.797491271122293788e-01
-2.797251166243335807e-01
-2.797528211348250804e-01
-2.797268818432035453e-01
-2.797561884536578503e-01
-2.797282065960303710e-01
-2.797592659995944420e-01
-2.797291151225465011e-01
-2.797620875823606523e-01
-2.797296276322785991e-01
-2.797646846636605567e-01
-2.797297608073568420e-01
-2.797670870703940493e-01
-2.797295281970820224e-01
-2.797693236677522011e-01
-2.797289405097550530e-01
-2.797714230106955746e-01
-2.797280057981768597e-01
-2.797734139937014808e-01
-2.797267295315047919e-01
-2.797753265189290017e-01
-2.797251145382980697e-01
-2.797771922082396556e-01
-2.797231607983398649e-01
-2.797790451903933162e-01
-2.797208650481090020e-01
-2.797809230064969843e-01
-2.797182201531334123e-01
-2.797828676926244484e-01
-2.797152141749910670e-01
-2.797849271242664471e-01
-2.797118290326239265e-01
-2.797871567473180221e-01
-2.797080386087790749e-01
-2.797896218791102729e-01
-2.797038060730975828e-01
-2.797924008633593251e-01
-2.796990800757190865e-01
-2.797955895186721720e-01
-2.796937892612322285e-01
-2.797993075872999280e-01
-2.796878342019474273e-01
-2.798037083502529776e-01
-2.796810752445598180e-01
-2.798089934047530702e-01
-2.796733136307404388e-01
-2.798154361514422206e-01
-2.796642610890286984e-01
-2.798234206083382025e-01
-2.796534886978762624e-01
-2.798335085694770852e-01
-2.796403363170288370e-01
-2.798465625072292240e-01
-2.796237417009976300e-01
-2.798639866460264636e-01
-2.796018915391864090e-01
-2.798882437886893726e-01
-2.795714319702622408e-01
-2.799241020657062262e-01
-2.795254162629018380e-01
-2.799821837192853491e-01
-2.794467751041054826e-01
-2.800919777459665583e-01
-2.792793997353524293e-01
-2.803773134395047273e-01
-2.786678881590713974e-01
-2.829431292476965454e-01
