9.079210626776298199e+00
9.079445665968723489e+00
9.079915708957537746e+00
9.080620684955993838e+00
9.081560487797300851e+00
9.082734975950605971e+00
9.084143972542316092e+00
9.085787265382723632e+00
9.087664606997975625e+00
9.089775714667327478e+00
9.092120270465729348e+00
9.094697921311702515e+00
9.097508279020511068e+00
9.100550920362621810e+00
9.103825387127439939e+00
9.107331186192315187e+00
9.111067789596804190e+00
9.115034634622176668e+00
9.119231123876163636e+00
9.123656625382920993e+00
9.128310472678199616e+00
9.133191964909713079e+00
9.138300366942688768e+00
9.143634909470570449e+00
9.149194789130875805e+00
9.154979168626177000e+00
9.160987176850200697e+00
9.167217909019006683e+00
9.173670426807246869e+00
9.180343758489479811e+00
9.187236899086499875e+00
9.194348810516686399e+00
9.201678421752340853e+00
9.209224628980967609e+00
9.216986295771517845e+00
9.224962253245520216e+00
9.233151300253121363e+00
9.241552203553958122e+00
9.250163698002898727e+00
9.258984486740551745e+00
9.268013241388581847e+00
9.277248602249745346e+00
9.286689178512670395e+00
9.296333548461296559e+00
9.306180259688980883e+00
9.316227829317236697e+00
9.326474744219032331e+00
9.336919461246674601e+00
9.347560407464200694e+00
9.358395980384248247e+00
9.369424548209391190e+00
9.380644450077884500e+00
9.392053996313773467e+00
9.403651468681363923e+00
9.415435120643977029e+00
9.427403177626970887e+00
9.439553837284984539e+00
9.451885269773367071e+00
9.464395618023745627e+00
9.477082998023689697e+00
9.489945499100439719e+00
9.502981184208643128e+00
9.516188090222074791e+00
9.529564228229267187e+00
9.543107583833036145e+00
9.556816117453845294e+00
9.570687764636955919e+00
9.584720436363323159e+00
9.598912019364204795e+00
9.613260376439400900e+00
9.627763346779111941e+00
9.642418746289351361e+00
9.657224367920861141e+00
9.672177982001480601e+00
9.687277336571934683e+00
9.702520157724965344e+00
9.717904149947772297e+00
9.733426996467715142e+00
9.749086359601204066e+00
9.764879881105752446e+00
9.780805182535113218e+00
9.796859865597470574e+00
9.813041512516608833e+00
9.829347686396022965e+00
9.845775931585905028e+00
9.862323774052955017e+00
9.878988721752969937e+00
9.895768265006120501e+00
9.912659876874913678e+00
9.929661013544736292e+00
9.946769114706938808e+00
9.963981603944416676e+00
9.981295889119600417e+00
9.998709362764831354e+00
1.001621940247503240e+01
1.003382337130262592e+01
1.005151861815466141e+01
1.006930247819205171e+01
1.008717227323088750e+01
1.010512531214576804e+01
1.012315889127506807e+01
1.014127029482810194e+01
1.015945679529411727e+01
1.017771565385303667e+01
1.019604412078792244e+01
1.021443943589907377e+01
1.023289882891969427e+01
1.025141951993309775e+01
1.026999871979134049e+01
1.028863363053526392e+01
1.030732144581585352e+01
1.032605935131686969e+01
1.034484452517866337e+01
1.036367413842315166e+01
1.038254535537983969e+01
1.040145533411286927e+01
1.042040122684899472e+01
1.043938018040646298e+01
1.045838933662467696e+01
1.047742583279463169e+01
1.049648680209002549e+01
1.051556937399899461e+01
1.053467067475639851e+01
1.055378782777660618e+01
1.057291795408669088e+01
1.059205817275999451e+01
1.061120560134999025e+01
1.063035735632436030e+01
1.064951055349925113e+01
1.066866230847362296e+01
1.068780973706361692e+01
1.070694995573692054e+01
1.072608008204700525e+01
1.074519723506721292e+01
1.076429853582461682e+01
1.078338110773358594e+01
1.080244207702897974e+01
1.082147857319893447e+01
1.084048772941714844e+01
1.085946668297461670e+01
1.087841257571074394e+01
1.089732255444377174e+01
1.091619377140045977e+01
1.093502338464494805e+01
1.095380855850674351e+01
1.097254646400775790e+01
1.099123427928834751e+01
1.100986919003227094e+01
1.102844838989051368e+01
1.104696908090391716e+01
1.106542847392453766e+01
1.108382378903568899e+01
1.110215225597057476e+01
1.112041111452949416e+01
1.113859761499550949e+01
1.115670901854854513e+01
1.117474259767784517e+01
1.119269563659272393e+01
1.121056543163156149e+01
1.122834929166895002e+01
1.124604453852098551e+01
1.126364850734858081e+01
1.128115854705878007e+01
1.129857202070401101e+01
1.131588630587919653e+01
1.133309879511667262e+01
1.135020689627887513e+01
1.136720803294869775e+01
1.138409964481749093e+01
1.140087918807064327e+01
1.141754413577065641e+01
1.143409197823770818e+01
1.145052022342758846e+01
1.146682639730700259e+01
1.148300804422614085e+01
1.149906272728849821e+01
1.151498802871785898e+01
1.153078155022240736e+01
1.154644091335589806e+01
1.156196375987584091e+01
1.157734775209864608e+01
1.159259057325167674e+01
1.160768992782213083e+01
1.162264354190275206e+01
1.163744916353426007e+01
1.165210456304449949e+01
1.166660753338421053e+01
1.168095589045940663e+01
1.169514747346028827e+01
1.170918014518665728e+01
1.172305179236976613e+01
1.173676032599057528e+01
1.175030368159434424e+01
1.176367981960153664e+01
1.177688672561496830e+01
1.178992241072317348e+01
1.180278491179992173e+01
1.181547229179986580e+01
1.182798264005024436e+01
1.184031407253862689e+01
1.185246473219664054e+01
1.186443278917963440e+01
1.187621644114224750e+01
1.188781391350983796e+01
1.189922345974572870e+01
1.191044336161422024e+01
1.192147192943936496e+01
1.193230750235941251e+01
1.194294844857693683e+01
1.195339316560457910e+01
1.196364008050637473e+01
1.197368765013463054e+01
1.198353436136231664e+01
1.199317873131094281e+01
1.200261930757386608e+01
1.201185466843503136e+01
1.202088342308305968e+01
1.202970421182071270e+01
1.203831570626965330e+01
1.204671660957049184e+01
1.205490565657809121e+01
1.206288161405209536e+01
1.207064328084264382e+01
1.207818948807127235e+01
1.208551909930692503e+01
1.209263101073711155e+01
1.209952415133413162e+01
1.210619748301636456e+01
1.211265000080460652e+01
1.211888073297341073e+01
1.212488874119743443e+01
1.213067312069273740e+01
1.213623300035304098e+01
1.214156754288092266e+01
1.214667594491389835e+01
1.215155743714541359e+01
1.215621128444069043e+01
1.216063678594744779e+01
1.216483327520143654e+01
1.216880012022680901e+01
1.217253672363129624e+01
1.217604252269617149e+01
1.217931698946098962e+01
1.218235963080310036e+01
1.218516998851190891e+01
1.218774763935788386e+01
1.219009219515628573e+01
1.219220330282563758e+01
1.219408064444088780e+01
1.219572393728129711e+01
1.219713293387300546e+01
1.219830742202631235e+01
1.219924722486761759e+01
1.219995220086607368e+01
1.220042224385488794e+01
1.220065728304731323e+01
