3.183391863856475361e-06
3.187653987941298870e-06
3.196196724379836647e-06
3.209057678054186721e-06
3.226292913357634620e-06
3.247978864282683753e-06
3.274211000866512180e-06
3.305107097736897632e-06
3.340805184600789897e-06
3.381468306420000182e-06
3.427281696635923835e-06
3.478459227087236171e-06
3.535239718281540120e-06
3.597895355062059651e-06
3.666727020202378778e-06
3.742075048409854935e-06
3.824313436572969502e-06
3.913863431557328972e-06
4.011186431054650815e-06
4.116801060148454540e-06
4.231274529042391327e-06
4.355244063985844385e-06
4.489406429930193882e-06
4.634544863546727639e-06
4.791516397294176098e-06
4.961285825321377827e-06
5.144910377155960281e-06
5.343582774152403620e-06
5.558612692035925533e-06
5.791481699735398397e-06
6.043820815743452110e-06
6.317481158170517599e-06
6.614506735390448648e-06
6.937226121966624298e-06
7.288219424778264141e-06
7.670438461272536176e-06
8.087166605491850996e-06
8.542178143184730419e-06
9.039689430171288717e-06
9.584572916706572126e-06
1.018229775682252132e-05
1.083922139900582731e-05
1.156251750552063147e-05
1.236057964184383627e-05
1.324293417913529094e-05
1.422080935542492553e-05
1.530703090257851145e-05
1.651684078355083676e-05
1.786777391105004204e-05
1.938086386752408864e-05
2.108050082601023580e-05
2.299625525948517790e-05
2.516272117322064628e-05
2.762236057127276772e-05
3.042534644264120437e-05
3.363415702003879341e-05
3.732350037952505452e-05
4.158818719180662016e-05
4.654561914641722317e-05
5.236704614813702402e-05
5.941157864528236947e-05
6.848368161884700546e-05
8.056247397599184258e-05
9.651113508979152400e-05
1.173073159881823772e-04
1.441083711910288653e-04
1.783578748516511650e-04
2.218057269002337119e-04
2.766349228168420876e-04
3.454989971128775267e-04
4.316959423027572052e-04
5.392293712602375154e-04
6.730593162203943195e-04
8.391986524850518665e-04
1.045086893929195833e-03
1.299741714263909177e-03
1.614331720303259629e-03
2.002418908549131928e-03
2.480861760067384469e-03
3.070216541028813074e-03
3.796206882682993423e-03
4.690416837822488673e-03
5.792766790334668778e-03
7.152761927095285625e-03
8.833815305511839855e-03
1.091556003867681646e-02
1.350160875831339993e-02
1.672375675691289976e-02
2.075548458422358036e-02
2.579867809259996092e-02
3.038419985776864146e-02
3.196860600806381708e-02
3.328526354160187689e-02
3.452930838866854341e-02
3.568267081794181811e-02
3.674177935542975726e-02
3.769535811660560537e-02
3.854303635954453577e-02
3.928057876956653899e-02
3.991257840546318103e-02
4.044128699082819023e-02
4.087610009857149673e-02
4.122431700995261156e-02
4.149856001998707827e-02
4.170880957422935797e-02
4.186847745130127529e-02
4.198752198296612503e-02
4.207773956796493492e-02
4.214693060087355836e-02
4.220378862173402440e-02
4.225303246545863978e-02
4.230003290189727344e-02
4.234669808669389024e-02
4.239579742878271662e-02
4.244733841499279819e-02
4.250251051672850749e-02
4.256035954784467834e-02
4.262133611253479670e-02
4.268417667551769462e-02
4.274910242141776590e-02
4.281488087749241861e-02
4.288174090334390121e-02
4.294860922571670792e-02
4.301579884956971411e-02
4.308241435906234179e-02
4.314885532473968638e-02
4.321437970044046673e-02
4.327945083345954153e-02
4.334344565161413199e-02
4.340686540312528596e-02
4.346917496725819646e-02
4.353089232546861892e-02
4.359154627502978552e-02
4.365165650964749483e-02
4.371079844808845732e-02
4.376948377350930314e-02
4.382732256323042253e-02
4.388481269948800445e-02
4.394159081840178643e-02
4.399813790553111503e-02
4.405411172238605372e-02
4.410997501133753773e-02
4.416540301398511753e-02
4.422083996696109243e-02
4.427597612388177450e-02
4.433123759069015901e-02
4.438632792996666243e-02
4.444165583964022198e-02
4.449693698002721298e-02
4.455256352771338330e-02
4.460826234220034714e-02
4.466441001589759041e-02
4.472074390481629858e-02
4.477762593663603408e-02
4.483480338110580610e-02
4.489262436339763046e-02
4.495084555470282850e-02
4.500980206111965948e-02
4.506925948118300357e-02
4.512954059598598550e-02
4.519041947430790102e-02
4.525220717293972073e-02
4.531468577673688353e-02
4.537815512536007290e-02
4.544240485904248866e-02
4.550772401590783695e-02
4.557390931788015548e-02
4.564123932859986271e-02
4.570951736053822240e-02
4.577901174492223640e-02
4.584953187304247751e-02
4.592133600453059822e-02
4.599423907504850140e-02
4.606848935597129130e-02
4.614390676878636632e-02
4.622072960624828281e-02
4.629878219231535474e-02
4.637829278087283319e-02
4.645908949010076061e-02
4.654139040882474682e-02
4.662502681687458878e-02
4.671020645005070915e-02
4.679676309421985231e-02
4.688489388694223881e-02
4.697443444353569669e-02
4.706557100589135040e-02
4.715814032417084412e-02
4.725231740062975361e-02
4.734793941159684549e-02
4.744516973567255297e-02
4.754384525767083036e-02
4.764411731590506571e-02
4.774582178328366788e-02
4.784909751712560638e-02
4.795377866297894504e-02
4.805999114216812779e-02
4.816756667145142418e-02
4.827661777800162923e-02
4.838697307300807854e-02
4.849873124075326086e-02
4.861171714692964080e-02
4.872601520768905098e-02
4.884144595394131205e-02
4.895807914753229351e-02
4.907573046128019256e-02
4.919445467261377575e-02
4.931406215567729623e-02
4.943459244772099859e-02
4.955585028433886347e-02
4.967785980051623446e-02
4.980041987301272316e-02
4.992353918617627173e-02
5.004701067662643832e-02
5.017082766369087427e-02
5.029477722088093045e-02
5.041883754203214940e-02
5.054279009158475777e-02
5.066659835019508840e-02
5.079003862146453524e-02
5.091306027494740816e-02
5.103543511067111516e-02
5.115709919310167803e-02
5.127782069648712665e-02
5.139752340050715573e-02
5.151597295910426144e-02
5.163308210727144548e-02
5.174861531356152178e-02
5.186247572783888454e-02
5.197442819303743633e-02
5.208436794580752899e-02
5.219206197631186955e-02
5.229739947762807040e-02
5.240015155346260112e-02
5.250020339804017944e-02
5.259733236059151162e-02
5.269142182539487268e-02
5.278225764886279592e-02
5.286972369948982758e-02
5.295361668842905184e-02
5.303382332146608369e-02
5.311015354726377619e-02
5.318249926818983259e-02
5.325068603212399637e-02
5.331461324605531876e-02
5.337412433763126518e-02
5.342912841494621562e-02
5.347948892308192204e-02
5.352512669534101319e-02
5.356592712809431917e-02
5.360182457277062190e-02
5.363272804956088075e-02
5.365858693558320930e-02
5.367933523458415235e-02
5.369493852459149980e-02
5.370535679686161412e-02
5.371057263571127338e-02
