4.343452402071840197e+02
4.342107478978593917e+02
4.339414908084054332e+02
4.335369230256433752e+02
4.329962148488039020e+02
4.323182496832900483e+02
4.315016027605820454e+02
4.305445352988018044e+02
4.294449610454406638e+02
4.282004366279897454e+02
4.268081138998684878e+02
4.252647248164751659e+02
4.235665166211502424e+02
4.217092288954979722e+02
4.196880075774499232e+02
4.174973712800129420e+02
4.151310995230865046e+02
4.125821861812008819e+02
4.098426998968021735e+02
4.069037309165490228e+02
4.037552440741227429e+02
4.003860864967355155e+02
3.967840361063161367e+02
3.929364964192351408e+02
3.888327184408360040e+02
3.844705961787311139e+02
3.798696450751230032e+02
3.750746831004195769e+02
3.701312467667355008e+02
3.650661830699878578e+02
3.598932822978050581e+02
3.546213639591700257e+02
3.492580356766931118e+02
3.438106176254194679e+02
3.382865673234380779e+02
3.326934265790283689e+02
3.270389368635443930e+02
3.213309446731427670e+02
3.155774789462491867e+02
3.097866720683575750e+02
3.039668227642889065e+02
2.981263317745651307e+02
2.922737559540713050e+02
2.864177561510076657e+02
2.805671457523137065e+02
2.747308488815739906e+02
2.689179451025033813e+02
2.631376358094943839e+02
2.573992849965051732e+02
2.517123904291748602e+02
2.460866178418009440e+02
2.405317710049856714e+02
2.350578132108505542e+02
2.296748268341143557e+02
2.243930119402040191e+02
2.192226224676095114e+02
2.141739290326335095e+02
2.092571181306119854e+02
2.044822081541299497e+02
1.998589038802167295e+02
1.953964648258140357e+02
1.911035217440696954e+02
1.869879139862466957e+02
1.830564935118276537e+02
1.793149651239257878e+02
1.757677165490682398e+02
1.724177021810519079e+02
1.692663375292704586e+02
1.663134600724826271e+02
1.635573138011706931e+02
1.609946039354811944e+02
1.586205774349461137e+02
1.564291664117658343e+02
1.544131477364822160e+02
1.525643479692908500e+02
1.508738461201939458e+02
1.493321989612196035e+02
1.479296439948334125e+02
1.466563046568666380e+02
1.455023584406647217e+02
1.444581950102753751e+02
1.435145313737527317e+02
1.426625138622828786e+02
1.418937791397118531e+02
1.412005053079476511e+02
1.405754284818665951e+02
1.400118556201182685e+02
1.395036504341379384e+02
1.390452218046291648e+02
1.386314919827054837e+02
1.382578722173421397e+02
1.379202231639013405e+02
1.376148259487897292e+02
1.373383413083380162e+02
1.370877811420310195e+02
1.368604700926157420e+02
1.366540202349161461e+02
1.364662968299072929e+02
1.362953972089960644e+02
1.361396212045306697e+02
1.359974543573302412e+02
1.358675428474945477e+02
1.357486806731605782e+02
1.356397885869803304e+02
1.355399046951324920e+02
1.354481667994218981e+02
1.353638058250954259e+02
1.352861309771363665e+02
1.352145254448068385e+02
1.351484338423798874e+02
1.350873597110649769e+02
1.350308547944633517e+02
1.349785179392123950e+02
1.349299858357982203e+02
1.348849329953356460e+02
1.348430636587080755e+02
1.348041125931641488e+02
1.347678379341730306e+02
1.347340226006403441e+02
1.347024678841900140e+02
1.346729953263721313e+02
1.346454409104008221e+02
1.346196572790833557e+02
1.345955084158768784e+02
1.345728721099793290e+02
1.345516350384565385e+02
1.345316954064772688e+02
1.345129583616119930e+02
1.344953387538547247e+02
1.344787568281765857e+02
1.344631410618153780e+02
1.344484240927669134e+02
1.344345456017067306e+02
1.344214484430611947e+02
1.344090815465234243e+02
1.343973962242902758e+02
1.343863490729868886e+02
1.343758984360337081e+02
1.343660072912894918e+02
1.343566398517030223e+02
1.343477644274555871e+02
1.343393501513134254e+02
1.343313698067285884e+02
1.343237966668623073e+02
1.343166072821722992e+02
1.343097784240871135e+02
1.343032898272084594e+02
1.342971212302025492e+02
1.342912550689848104e+02
1.342856736086516776e+02
1.342803615849809376e+02
1.342753034222269264e+02
1.342704858210157397e+02
1.342658950576324912e+02
1.342615195169707931e+02
1.342573470695854780e+02
1.342533675488066933e+02
1.342495702023580293e+02
1.342459461130929697e+02
1.342424857224054904e+02
1.342391811943178652e+02
1.342360240082615519e+02
1.342330072664528871e+02
1.342301233539125747e+02
1.342273661892255063e+02
1.342247289499072735e+02
1.342222062667663351e+02
1.342197920129293038e+02
1.342174814421132965e+02
1.342152690397921049e+02
1.342131506057554873e+02
1.342111211660421191e+02
1.342091770002129465e+02
1.342073136127995383e+02
1.342055277057524449e+02
1.342038152082620286e+02
1.342021731948648835e+02
1.342005979725869054e+02
1.341990869452058064e+02
1.341976367567451121e+02
1.341962451023973699e+02
1.341949089274714879e+02
1.341936261854823442e+02
1.341923940917151015e+02
1.341912108289835146e+02
1.341900738550331482e+02
1.341889815564635740e+02
1.341879316092435772e+02
1.341869225812816353e+02
1.341859523453714758e+02
1.341850196308881777e+02
1.341841224885218651e+02
1.341832597915611700e+02
1.341824297518148512e+02
1.341816313709298925e+02
1.341808630069348567e+02
1.341801237760263632e+02
1.341794121691993382e+02
1.341787274049211760e+02
1.341780680953445426e+02
1.341774335502715019e+02
1.341768224924758783e+02
1.341762343133414390e+02
1.341756678368452356e+02
1.341751225272424790e+02
1.341745973012856439e+02
1.341740916883114778e+02
1.341736046902958037e+02
1.341731358946818204e+02
1.341726843818924522e+02
1.341722497912226970e+02
1.341718312754546503e+02
1.341714285201220491e+02
1.341710407448898366e+02
1.341706676764848680e+02
1.341703085965230571e+02
1.341699632683845209e+02
1.341696310311899936e+02
1.341693116808820605e+02
1.341690046100722498e+02
1.341687096435774151e+02
1.341684262238726433e+02
1.341681542013183446e+02
1.341678930649728443e+02
1.341676426877300514e+02
1.341674026022619728e+02
1.341671727012741542e+02
1.341669525583631639e+02
1.341667420835833582e+02
1.341665408890201263e+02
1.341663488998488276e+02
1.341661657644383183e+02
1.341659914210707996e+02
1.341658255524045273e+02
1.341656681080095836e+02
1.341655188030338195e+02
1.341653775966976241e+02
1.341652442350202534e+02
1.341651186854033426e+02
1.341650007232878750e+02
1.341648903229464338e+02
1.341647872879551073e+02
1.341646915982971677e+02
1.341646030845498387e+02
1.341645217313940464e+02
1.341644473954227408e+02
1.341643800651411595e+02
1.341643196223190841e+02
1.341642660585500835e+02
1.341642192800835005e+02
1.341641792810015374e+02
1.341641459914770564e+02
1.341641194076149475e+02
1.341640994830951570e+02
1.341640862157133256e+02
1.341640795823786618e+02
