0.000000000000000000e+00
0.000000000000000000e+00
1.966693443004721529e+22
5.900523790036715438e+22
1.180237421996272769e+23
1.967355933834292054e+23
2.951581386386549076e+23
4.133127587428490585e+23
5.512246766988111433e+23
7.089227021172268209e+23
8.864389573935130089e+23
1.083808528812607478e+24
1.301069104313938727e+24
1.538260524331957400e+24
1.795424323438786476e+24
2.072603172113157408e+24
2.369840312765361416e+24
2.687178881771545173e+24
3.024661228579892660e+24
3.382328105468691472e+24
3.760217856624012418e+24
4.158365461200914581e+24
4.576801577484588555e+24
5.015551422993259106e+24
5.474633657138006410e+24
5.954059080363191707e+24
6.453829337181711757e+24
6.973935414791897424e+24
7.514356147094436511e+24
8.075056491977649859e+24
8.655985816071586705e+24
9.257075929128224533e+24
9.878239129043950398e+24
1.051936597171085026e+25
1.118032305651910823e+25
1.186095051102948116e+25
1.256105949912121613e+25
1.328042940224478552e+25
1.401880503609150215e+25
1.477589351456391627e+25
1.555136116693944682e+25
1.634483007773534570e+25
1.715587470562926750e+25
1.798401810298164128e+25
1.882872825129648826e+25
1.968941397941983602e+25
2.056542104938406570e+25
2.145602781363761065e+25
2.236044111136325672e+25
2.327779173426461291e+25
2.420713022893022178e+25
2.514742227985748133e+25
2.609754456066972346e+25
2.705628019479643025e+25
2.802231486039990183e+25
2.899423255652715316e+25
2.997051224712115440e+25
3.094952424706292662e+25
3.192952779389446822e+25
3.290866847791936972e+25
3.388497726106289838e+25
3.485636951223302511e+25
3.582064615618746279e+25
3.677549504369112919e+25
3.771849511397992659e+25
3.864712103254958288e+25
3.955875149065772173e+25
4.045067828656470274e+25
4.132012015514926172e+25
4.216423776925093789e+25
4.298015473144480461e+25
4.376498044651430386e+25
4.451583972148245281e+25
4.522990667017762653e+25
4.590443529331686779e+25
4.653674344751269201e+25
4.712342329618068656e+25
4.765868973706619119e+25
4.813607223030442051e+25
4.855305278947913823e+25
4.891207180291906749e+25
4.921858021958972650e+25
4.947925383261568649e+25
4.970079484300175093e+25
4.988934842775897096e+25
5.005026763681901645e+25
5.018809528925223454e+25
5.030662541452692509e+25
5.040900543642467337e+25
5.049783545251074650e+25
5.057526363925193958e+25
5.064306508077754108e+25
5.070271043715709509e+25
5.075542037929205956e+25
5.080221170467386754e+25
5.084393350256987466e+25
5.088129756676394542e+25
5.091490230197369564e+25
5.094525276729340338e+25
5.097277665354123274e+25
5.099783778661308225e+25
5.102074037435513772e+25
5.104170452634953898e+25
5.106086971468957404e+25
5.107836213861858511e+25
5.109432136044980580e+25
5.110889172997735496e+25
5.112221821549684999e+25
5.113444095491738202e+25
5.114569232930232099e+25
5.115609452838835932e+25
5.116575877453949349e+25
5.117478502679969966e+25
5.118326255450268678e+25
5.119127066390441076e+25
5.119887976996914227e+25
5.120615240627868785e+25
5.121314431877050792e+25
5.121990541939565683e+25
5.122648072226243029e+25
5.123291113623747286e+25
5.123923421395920355e+25
5.124548478161699653e+25
5.125169552814280921e+25
5.125789750453897763e+25
5.126412059414834194e+25
5.127039391922267961e+25
5.127674623072504666e+25
5.128320625555908015e+25
5.128980303777703144e+25
5.129656625381615795e+25
5.130352653066001345e+25
5.131071575120217030e+25
5.131816737007432886e+25
5.132591672749233389e+25
5.133400138020555811e+25
5.134246143978664265e+25
5.135133993420999320e+25
5.136068318525286702e+25
5.137054121526429525e+25
5.138096817787241778e+25
5.139202282428350768e+25
5.140376900160025173e+25
5.141627619326612677e+25
5.142962009979300444e+25
5.144388326854738419e+25
5.145915577238812552e+25
5.147553594470600854e+25
5.149313117221663743e+25
5.151205875184276865e+25
5.153244681452130047e+25
5.155443532097609037e+25
5.157817713369073356e+25
5.160383916865387359e+25
5.163160363240271811e+25
5.166166934619833282e+25
5.169425316400749650e+25
5.172959148401216765e+25
5.176794186128178612e+25
5.180958471873344466e+25
5.185482516473066955e+25
5.190399491125075022e+25
5.195745430137810785e+25
5.201559443614102190e+25
5.207883940948005114e+25
5.214764863661872178e+25
5.222251928421414313e+25
5.230398878187075343e+25
5.239263742248584355e+25
5.248909102429443332e+25
5.259402366063675419e+25
5.270816042251583141e+25
5.283228021797792544e+25
5.296721856448891245e+25
5.311387037583747637e+25
5.327319268980168244e+25
5.344620733518722552e+25
5.363400347362704338e+25
5.383774001156878185e+25
5.405864780631147430e+25
5.429803165832155602e+25
5.455727200182143036e+25
5.483782628300860243e+25
5.514122992615536629e+25
5.546909687483702998e+25
5.582311959751485763e+25
5.620506854390726692e+25
5.661679093179071761e+25
5.706020885176442352e+25
5.753731656230354598e+25
5.805017696633053721e+25
5.860091713749047224e+25
5.919172289435479554e+25
5.982483229072465823e+25
6.050252803122776433e+25
6.122712868541100961e+25
6.200097872505180106e+25
6.282643726878705041e+25
6.370586557928365690e+25
6.464161321444802416e+25
6.563600290352803406e+25
6.669131407385389223e+25
6.780976512965049037e+25
6.899349443973678067e+25
7.024454017046869808e+25
7.156481895813859168e+25
7.295610359536860282e+25
7.441999976840831199e+25
7.595792205970354895e+25
7.757106929904568319e+25
7.926039951702024025e+25
8.102660463199755067e+25
8.287008516065628083e+25
8.479092513007252766e+25
8.678886751158861597e+25
8.886329039705458909e+25
9.101318425864081380e+25
9.323713054783471971e+25
9.553328198336548150e+25
9.789934480781676036e+25
1.003325633558312341e+26
1.028297072238539731e+26
1.053870613596752095e+26
1.080004193553870565e+26
1.106650802179730143e+26
1.133758488765524208e+26
1.161270406365383745e+26
1.189124897962271677e+26
1.217255625529930250e+26
1.245591743527956279e+26
1.274058117102047310e+26
1.302575585745735131e+26
1.331061271564070801e+26
1.359428931986466355e+26
1.387589354857028606e+26
1.415450794759357659e+26
1.442919447274200916e+26
1.469899959013708085e+26
1.496295968954136806e+26
1.522010677939329158e+26
1.546947440828540644e+26
1.571010377298902308e+26
1.594104994929371898e+26
1.616138819888351851e+26
1.637022028272347871e+26
1.656668072960620488e+26
1.674994298773712958e+26
1.691922540617519131e+26
1.707379697496322212e+26
1.721298277193356436e+26
1.733616904965501460e+26
1.744280791473359828e+26
1.753242154113513157e+26
1.760460587686123638e+26
1.765903379706808663e+26
1.769545767259575389e+26
