7.711508424103102470e+02
7.693616180567793208e+02
7.657952501221461716e+02
7.604762721118371473e+02
7.534403821159525023e+02
7.447355553236034211e+02
7.344195084970850758e+02
7.225615427313446162e+02
7.092388397725356981e+02
6.945390171872909377e+02
6.785553697512272038e+02
6.613901108197449048e+02
6.431486997966455874e+02
6.239437341884935222e+02
6.038885244530661112e+02
5.831015910847472696e+02
5.616996602330709720e+02
5.398027095305998273e+02
5.175265616581117456e+02
4.949884119904721729e+02
4.722991932330409668e+02
4.495695079569574091e+02
4.269019264924286290e+02
4.043972387449297798e+02
3.821468310263707622e+02
3.602391648599414680e+02
3.387523579094191177e+02
3.177607933688374828e+02
2.973280072436600108e+02
2.775133307976175274e+02
2.583651627204332044e+02
2.399275491768291602e+02
2.222338962647445442e+02
2.053133974603842944e+02
1.891852203727153494e+02
1.738646995586274215e+02
1.593580127509373199e+02
1.456680676851707119e+02
1.327896672366472899e+02
1.207150314578780552e+02
1.094294386173722131e+02
9.891633740018173171e+01
8.915344164676989180e+01
8.011740188962109244e+01
7.178032538690099784e+01
6.411399015135992840e+01
5.708675826074980364e+01
5.066732865279947617e+01
4.482201019324246971e+01
3.951802124901915647e+01
3.472108910395415649e+01
3.039831430717974570e+01
2.651606426862906929e+01
2.304242838479790478e+01
1.994537560105949936e+01
1.719483226019371003e+01
1.476107574277880907e+01
1.261647091129788301e+01
1.073407437606764070e+01
9.089067469077583894e+00
7.657548059111494609e+00
6.417698409241038959e+00
5.348743691084662188e+00
4.431892122809338197e+00
3.649441402948176094e+00
2.985526453158776405e+00
2.425357015440270381e+00
1.955805311539385194e+00
1.564760387900594907e+00
1.241583881766486819e+00
9.765705915881802701e-01
7.612934691601656034e-01
5.881700670929025376e-01
4.506855792689804519e-01
3.429992632573384270e-01
2.589742203311087843e-01
1.925788409261869616e-01
1.420823346458051639e-01
1.065368803752431009e-01
8.302107949967631184e-02
6.829877128812916753e-02
5.955274504688894133e-02
5.476011922659326098e-02
5.252194174037282115e-02
5.196380902198019514e-02
5.251552119694619797e-02
5.385193759689595183e-02
5.575907124826675471e-02
5.813860576589430229e-02
6.092129072271038059e-02
6.410572030035564806e-02
6.768713090392117215e-02
7.171670305165669945e-02
7.622917008965292285e-02
8.132186773694953519e-02
8.707027478900795925e-02
9.363592945705831450e-02
1.011578946804811974e-01
1.099122441097348801e-01
1.201383112500101075e-01
1.246953418900525468e-01
1.108364575263479229e-01
9.648128001620956407e-02
8.302538579241092176e-02
7.070678923338603872e-02
5.976137592130773696e-02
5.021723500751983787e-02
4.205533498665590258e-02
3.515658618718446593e-02
2.939055413339571737e-02
2.459819584315212776e-02
2.063615243013683376e-02
1.736479527706035961e-02
1.466753226267739421e-02
1.244036178066940980e-02
1.059955156615280912e-02
9.073367339622785341e-03
7.805033540902544392e-03
6.746781342252124516e-03
5.861054866788280998e-03
5.116452045294670424e-03
4.488308231991168344e-03
3.955990255236315964e-03
3.503257109547844392e-03
3.116462101909690287e-03
2.784823490607120974e-03
2.499219863848064268e-03
2.252413109863959061e-03
2.038228756786687572e-03
1.851745187066000404e-03
1.688725026030383439e-03
1.545776406410155753e-03
1.419950006411342062e-03
1.308876161205440539e-03
1.210472922127324999e-03
1.123062341327672265e-03
1.045154270819648136e-03
9.755449116357307274e-04
9.131532600781753486e-04
8.571047281375378116e-04
8.066048861464770970e-04
7.610106182164858230e-04
7.197307862693357950e-04
6.822870250171808809e-04
6.482341950883480650e-04
6.172125812069559478e-04
5.888831474465752464e-04
5.629725983607236162e-04
5.392198909166458654e-04
5.174153578317329050e-04
4.973559146239231454e-04
4.788792266275123093e-04
4.618257316026586805e-04
4.460686526701726669e-04
4.314814368753525694e-04
4.179642701749630208e-04
4.054158750917373076e-04
3.937570654219974681e-04
3.829060943436365504e-04
3.727996906951514021e-04
3.633713311127709103e-04
3.545701222622065591e-04
3.463415060630809904e-04
3.386442895532935926e-04
3.314333942300312793e-04
3.246752843715658638e-04
3.183324491638528137e-04
3.123774389398583317e-04
3.067788285234465282e-04
3.015140370878569421e-04
2.965565676262625736e-04
2.918877584774513161e-04
2.874851303315421923e-04
2.833331947280185738e-04
2.794127689312172970e-04
2.757109479250036024e-04
2.722112706156002001e-04
2.689029462726551852e-04
2.657717741520071886e-04
2.628087023626424473e-04
2.600014181353480620e-04
2.573423062482072714e-04
2.548206395459597594e-04
2.524299949470513202e-04
2.501609840137542450e-04
2.480081768816989863e-04
2.459633211315896662e-04
2.440218174774009033e-04
2.421763822384576353e-04
2.404231130923058907e-04
2.387555563579995199e-04
2.371703963997975428e-04
2.356618939189035727e-04
2.342272285501580120e-04
2.328612785874394726e-04
2.315616428376245225e-04
2.303237358074634042e-04
2.291455118769602139e-04
2.280228530600317456e-04
2.269540159586724490e-04
2.259352918626859538e-04
2.249651946848558949e-04
2.240403754568495872e-04
2.231595674729268939e-04
2.223197392275016505e-04
2.215198112679338173e-04
2.207570333511264403e-04
2.200304859892313536e-04
2.193376691173047806e-04
2.186777999789118023e-04
2.180486019267554925e-04
2.174494091131782419e-04
2.168781452174530183e-04
2.163342443579056743e-04
2.158158105759197325e-04
2.153223634533869846e-04
2.148521701036027755e-04
2.144048231447850700e-04
2.139787377676023305e-04
2.135735689696183237e-04
2.131878670019534295e-04
2.128213400990879175e-04
2.124726622646958365e-04
2.121415871270973205e-04
2.118269026161802857e-04
2.115284010282218589e-04
2.112449756809469498e-04
2.109764517753720840e-04
2.107218206013095909e-04
2.104809353321737502e-04
2.102528787951086424e-04
2.100375279217763305e-04
2.098340515011690220e-04
2.096423466305416625e-04
2.094616632397165170e-04
2.092919155372841814e-04
2.091324304369241978e-04
2.089831366712151587e-04
2.088434345667702430e-04
2.087132651981008576e-04
2.085920992527239709e-04
2.084798883174216768e-04
2.083761708497306831e-04
2.082809074261365693e-04
2.081937020950389440e-04
2.081145231686268489e-04
2.080430384768934516e-04
2.079792230497765743e-04
2.079228070244359451e-04
2.078737713396991915e-04
2.078319072714070734e-04
2.077972010456552920e-04
2.077695041914678009e-04
2.077488077706300380e-04
2.077350229451862672e-04
2.077281453185275434e-04
