4.320311634002904078e-01
4.321307071083395623e-01
4.323299533009293816e-01
4.326286643060773263e-01
4.330273180176225645e-01
4.335254405097169750e-01
4.341238335349145161e-01
4.348217898270337334e-01
4.356204430628031199e-01
4.365188572041860393e-01
4.375185094957577681e-01
4.386182416024877462e-01
4.398198899339750279e-01
4.411220825989310423e-01
4.425270352403251062e-01
4.440331739080143336e-01
4.456431187086558610e-01
4.473551085422451390e-01
4.491721992776539496e-01
4.510924618501686023e-01
4.531194264376732228e-01
4.552510206087075906e-01
4.574912961794610489e-01
4.598380688570833374e-01
4.622959702068168975e-01
4.648627444584380042e-01
4.675436744360147445e-01
4.703364847671885896e-01
4.732471978962018433e-01
4.762735856995958805e-01
4.794225200500779049e-01
4.826919065819375021e-01
4.860896040357001735e-01
4.896137643122177030e-01
4.932734065215257369e-01
4.970670760037173008e-01
5.010051734777816179e-01
5.050868314909868761e-01
5.093241178284397819e-01
5.137170091401856986e-01
5.182796137934011504e-01
5.230130954817400202e-01
5.279341004149452621e-01
5.330454395767679765e-01
5.383669742613466092e-01
5.439037798081354236e-01
5.496798853350577385e-01
5.557034311599581278e-01
5.620039852649851841e-01
5.685933342735319806e-01
5.755066379512948638e-01
5.827433102214181204e-01
5.902419258130049418e-01
5.974882760047133257e-01
6.035192208678521464e-01
6.077713587735683598e-01
6.103039802769931743e-01
6.113037120571639393e-01
6.110302214235068252e-01
6.096871547530866575e-01
6.074813034472579254e-01
6.045376877069520427e-01
6.009817405975490523e-01
5.968628372918394209e-01
5.922457242113583487e-01
5.871276336014497055e-01
5.815357218952295071e-01
5.754325715022570176e-01
5.688219114939661036e-01
5.616398502499542200e-01
5.538728714121594621e-01
5.454314303798757368e-01
5.362852795812854678e-01
5.263139262268480278e-01
5.154662395299773880e-01
5.035784897019820461e-01
4.905691279979932373e-01
4.762077588760816882e-01
4.603646951390569786e-01
4.426972193129518063e-01
4.229964887379503158e-01
4.007076218585753913e-01
3.755228863159984498e-01
3.506025106535475833e-01
3.782184377345567672e-01
4.253754743513236680e-01
4.729786568521174850e-01
5.209529226626623544e-01
5.692448587850629238e-01
6.179420392491482561e-01
6.670123648687489304e-01
7.165266827459468857e-01
7.664638607770644096e-01
8.168820584659084449e-01
8.677641987940203361e-01
9.191565723105301622e-01
9.710409177260116431e-01
1.023450734050245448e+00
1.076362113854858471e+00
1.129793946762541745e+00
1.183712687208411163e+00
1.238120412251702218e+00
1.292970383203960738e+00
1.348245661128460338e+00
1.403883335792516895e+00
1.459845671200217909e+00
1.516051563612351050e+00
1.572441779409145202e+00
1.628916702875843336e+00
1.685396962183727254e+00
1.741766809441885000e+00
1.797931107603304213e+00
1.853763678903299850e+00
1.909161160557450110e+00
1.963995452091569005e+00
2.018164486880562158e+00
2.071547759537529121e+00
2.124053832973857858e+00
2.175578028760872584e+00
2.226046570768413169e+00
2.275375850279871770e+00
2.323513364937674464e+00
2.370398342736954600e+00
2.415999864662421448e+00
2.460278879204873093e+00
2.503223983625286309e+00
2.544814940695578898e+00
2.585056549174015839e+00
2.623943743202706180e+00
2.661493878074763675e+00
2.697713424332051968e+00
2.732628889974341835e+00
2.766255061651392122e+00
2.798624705846494365e+00
2.829758273442180894e+00
2.859692472812088493e+00
2.888451339189384015e+00
2.916073744864827955e+00
2.942585733857574493e+00
2.968027020245136427e+00
2.992424494982954819e+00
3.015817756551093964e+00
3.038233705980281751e+00
3.059711150649175870e+00
3.080276413213141939e+00
3.099967047451018587e+00
3.118808395726502702e+00
3.136836454272146302e+00
3.154075321640756879e+00
3.170559249319606643e+00
3.186310930311333056e+00
3.201362769370245775e+00
3.215735966500282927e+00
3.229461039397986788e+00
3.242557661426157978e+00
3.255054467076673674e+00
3.266969608027423089e+00
3.278329870651396583e+00
3.289151917225788146e+00
3.299460742752717390e+00
3.309271571373713972e+00
3.318607678062257982e+00
3.327482912892330003e+00
3.335918911532979259e+00
3.343928222296275621e+00
3.351530927821066541e+00
3.358738351837134317e+00
3.365569112974645449e+00
3.372033389971600847e+00
3.378148427187303238e+00
3.383923338583198603e+00
3.389374083252026271e+00
3.394508789944738592e+00
3.399342219747859772e+00
3.403881594234167363e+00
3.408140561324412676e+00
3.412125511324514804e+00
3.415849060989077479e+00
3.419316842788595601e+00
3.422540521245482914e+00
3.425525041763374468e+00
3.428281192426787971e+00
3.430813299631543245e+00
3.433131347721632753e+00
3.435239109494115706e+00
3.437145835286045781e+00
3.438854807197064378e+00
3.440374608530775369e+00
3.441708091289782168e+00
3.442863236215834455e+00
3.443842523771060371e+00
3.444653394405043922e+00
3.445298013847712948e+00
3.445783342655604820e+00
3.446111287209912444e+00
3.446288387055368663e+00
3.446316343525272163e+00
3.446201332880670876e+00
3.445944904975509093e+00
3.445552929728229241e+00
3.445026858697282535e+00
3.444372311967861755e+00
3.443590695932597257e+00
3.442687437250425031e+00
3.441663950519927795e+00
3.440525525561627607e+00
3.439273639033631813e+00
3.437913500899106189e+00
3.436446704365134330e+00
3.434878437020305597e+00
3.433210463778169519e+00
3.431448007801286781e+00
3.429593061399132559e+00
3.427650941491245717e+00
3.425623923644554036e+00
3.423517476465089082e+00
3.421334214160452802e+00
3.419079813883572960e+00
3.416757282371642557e+00
3.414372559893479764e+00
3.411929096647239756e+00
3.409433146584759378e+00
3.406888649348860376e+00
3.404302216864990793e+00
3.401678316671359337e+00
3.399023953786637353e+00
3.396344151342807649e+00
3.393646329869413503e+00
3.390936081197851948e+00
3.388221246966424349e+00
3.385507981850687020e+00
3.382804532816851673e+00
3.380117587879499119e+00
3.377455757448073914e+00
3.374826205061275619e+00
3.372237832122631396e+00
3.369698187453093574e+00
3.367216356836307156e+00
3.364800148806299518e+00
3.362458690749748680e+00
3.360199889126379791e+00
3.358032734411131148e+00
3.355965034923877877e+00
3.354005433607962328e+00
3.352161415773292852e+00
3.350441041521438734e+00
3.348851228881138287e+00
3.347399206476140421e+00
3.346091074606979632e+00
3.344932983349390376e+00
3.343929974936241223e+00
3.343086892693960976e+00
3.342407508437790220e+00
3.341895167355846130e+00
3.341552203935573395e+00
3.341380327020969432e+00
