5.630683120602347103e+00
5.630541430296914562e+00
5.630257960843734644e+00
5.629832725227806201e+00
5.629265455895346548e+00
5.628556177561732099e+00
5.627704440856189372e+00
5.626710279680152915e+00
5.625573057585332215e+00
5.624292813753193343e+00
5.622868717111356496e+00
5.621300806741508893e+00
5.619588046923073676e+00
5.617730469626771139e+00
5.615726821721076512e+00
5.613577119212154187e+00
5.611279875712935628e+00
5.608835080294127806e+00
5.606240993944374473e+00
5.603497565357313803e+00
5.600602779439570078e+00
5.597556528144000509e+00
5.594356492030026828e+00
5.591002486448767073e+00
5.587491853625863314e+00
5.583824308218619414e+00
5.579996813244336273e+00
5.576008953403691848e+00
5.571857263246391412e+00
5.567541161874145494e+00
5.563056695791376960e+00
5.558403074913753628e+00
5.553575785284204258e+00
5.548573774058852770e+00
5.543391878247672544e+00
5.538028716002218133e+00
5.532478366157971728e+00
5.526739035381540432e+00
5.520803908670405491e+00
5.514670677713986890e+00
5.508331463347174051e+00
5.501783311309490720e+00
5.495017061978072270e+00
5.488028947832932047e+00
5.480808250527780423e+00
5.473350173373586536e+00
5.465642075967320324e+00
5.457677850762996385e+00
5.449442452797996772e+00
5.440928091831122693e+00
5.432116665094088859e+00
5.422998202464430761e+00
5.413550639787849228e+00
5.403761151763307069e+00
5.393602439179562502e+00
5.383057891412744489e+00
5.372093304602451269e+00
5.360687792892370851e+00
5.348806351369716161e+00
5.336485250992461182e+00
5.324104667297227422e+00
5.312785701084537848e+00
5.303352479919291262e+00
5.295755378465242913e+00
5.289702590382217906e+00
5.284844327790038321e+00
5.280879804259698496e+00
5.277549869714194486e+00
5.274662358926220485e+00
5.272067889728120349e+00
5.269662038343401633e+00
5.267366403599911706e+00
5.265126015823934580e+00
5.262899800399512884e+00
5.260656348140312133e+00
5.258372158961299725e+00
5.256025086067893426e+00
5.253598642542871566e+00
5.251072027887834004e+00
5.248429682636851723e+00
5.245646774676036905e+00
5.242703966992118936e+00
5.239566878406166417e+00
5.236206628554780806e+00
5.232570778244270748e+00
5.228610629628598794e+00
5.224238783122488350e+00
5.219363590334644698e+00
5.213823417426836748e+00
5.207417723545404442e+00
5.199970366171545066e+00
5.191970673217461751e+00
5.183866359240335342e+00
5.175618012017092262e+00
5.167286838752978007e+00
5.158868811539395693e+00
5.150416440417631136e+00
5.141946907824162416e+00
5.133516910816982026e+00
5.125159871507817932e+00
5.116939796650639138e+00
5.108902465707937601e+00
5.101116618005367975e+00
5.093632829945389240e+00
5.086516050729357197e+00
5.079809708306799010e+00
5.073562916173975701e+00
5.067799619694589808e+00
5.062543508291731165e+00
5.057792521287950649e+00
5.053543226838778324e+00
5.049770042431357631e+00
5.046449061383127876e+00
5.043540259969094386e+00
5.041009766827648342e+00
5.038813318112945083e+00
5.036916250870517864e+00
5.035277326860859048e+00
5.033866483486254317e+00
5.032648932421942334e+00
5.031601131808452365e+00
5.030695368554604308e+00
5.029914442069838287e+00
5.029236918708298809e+00
5.028650875015281407e+00
5.028139905226883144e+00
5.027696129996927610e+00
5.027306953785541488e+00
5.026967453139830511e+00
5.026667838219235129e+00
5.026405286199709721e+00
5.026172047261137088e+00
5.025966765985212525e+00
5.025783172591330228e+00
5.025620925211911505e+00
5.025474833146089892e+00
5.025345248387552033e+00
5.025227774860978158e+00
5.025123235143131417e+00
5.025027826334986791e+00
5.024942686146951942e+00
5.024864461738285826e+00
5.024794497729176079e+00
5.024729788998397062e+00
5.024671811604010330e+00
5.024617834319184517e+00
5.024569411884142411e+00
5.024524033152146352e+00
5.024483294585817994e+00
5.024444865432661445e+00
5.024410357946216266e+00
5.024377592133962622e+00
5.024348177845701535e+00
5.024320063428419303e+00
5.024294843589100168e+00
5.024270577820387551e+00
5.024248836813836050e+00
5.024227777838998321e+00
5.024208941452526389e+00
5.024190572160932788e+00
5.024174176234864397e+00
5.024158076992453204e+00
5.024143743679066354e+00
5.024129571597239163e+00
5.024116991242524755e+00
5.024104464295888306e+00
5.024093381508308198e+00
5.024082266276977293e+00
5.024072469137699670e+00
5.024062571279242384e+00
5.024053882926715175e+00
5.024045039718701311e+00
5.024037311740591427e+00
5.024029386204863279e+00
5.024022493415306378e+00
5.024015369658777708e+00
5.024009205944536482e+00
5.024002785441764374e+00
5.023997260438484602e+00
5.023991459047974395e+00
5.023986495465130986e+00
5.023981241020814892e+00
5.023976772476617114e+00
5.023972002832836736e+00
5.023967972092381551e+00
5.023963633528556016e+00
5.023959991062638686e+00
5.023956036974739803e+00
5.023952739775031873e+00
5.023949129597002461e+00
5.023946140197279142e+00
5.023942838507752917e+00
5.023940124171564214e+00
5.023937099950673613e+00
5.023934631994142919e+00
5.023931858002448791e+00
5.023929611227271330e+00
5.023927063484578071e+00
5.023925015701340868e+00
5.023922673047536591e+00
5.023920804673366547e+00
5.023918648396930919e+00
5.023916942114580841e+00
5.023914955637176050e+00
5.023913396105126772e+00
5.023911564712821409e+00
5.023910138317880580e+00
5.023908448931325488e+00
5.023907143576795242e+00
5.023905584554070103e+00
5.023904389477775290e+00
5.023902950444703919e+00
5.023901856062181537e+00
5.023900527765857049e+00
5.023899525534836208e+00
5.023898299716794469e+00
5.023897382019721469e+00
5.023896251305833616e+00
5.023895411347766959e+00
5.023894369152369421e+00
5.023893600872000320e+00
5.023892641314219532e+00
5.023891939306120769e+00
5.023891057136651739e+00
5.023890416583192575e+00
5.023889607120085365e+00
5.023889023731668679e+00
5.023888282803900651e+00
5.023887752766412973e+00
5.023887076664208529e+00
5.023886596592737952e+00
5.023885982023783114e+00
5.023885548921812827e+00
5.023884992972632801e+00
5.023884604196048542e+00
5.023884104297932751e+00
5.023883757523294413e+00
5.023883311422276066e+00
5.023883004618889814e+00
5.023882610349353683e+00
5.023882341754764447e+00
5.023881997616336470e+00
5.023881765714935277e+00
5.023881470252380410e+00
5.023881273756879651e+00
5.023881025742776174e+00
5.023880863578339628e+00
5.023880661998355812e+00
5.023880533289236894e+00
5.023880377329870583e+00
5.023880281388438895e+00
5.023880170427108105e+00
5.023880106745160390e+00
5.023880040342570297e+00
5.023880008584871604e+00
5.023879986479601989e+00
