1.213739859513831149e-01
1.213176112046798344e-01
1.212049287404363684e-01
1.210360885412950227e-01
1.208112910005501028e-01
1.205308346765589372e-01
1.201950512540051058e-01
1.198043850736686539e-01
1.193592956897337187e-01
1.188603690864308837e-01
1.183081879646965123e-01
1.177034745275891831e-01
1.170469286653744584e-01
1.163394021677955498e-01
1.155817050050773481e-01
1.147748108086792812e-01
1.139196314649732339e-01
1.130172536987435333e-01
1.120686822045690312e-01
1.110751071706826132e-01
1.100376161686460463e-01
1.089574924709285769e-01
1.078358959004548367e-01
1.066741918252164939e-01
1.054736011338032187e-01
1.042355598364163860e-01
1.029613382785515424e-01
1.016524313420232861e-01
1.003101469343267160e-01
9.893602686808999902e-02
9.753140456575208617e-02
9.609785680402697927e-02
9.463673044938246404e-02
9.314962538895060762e-02
9.163788995824467820e-02
9.010313554562959792e-02
8.854670018517490915e-02
8.697019552347597104e-02
8.537493782172739243e-02
8.376252821805442450e-02
8.213425010616433319e-02
8.049168392210387379e-02
7.883606953228750047e-02
7.716895713221037789e-02
7.549153287085434705e-02
7.380530788579539592e-02
7.211140489591254255e-02
7.041128793339308800e-02
6.870600702754395273e-02
6.699697185816003153e-02
6.528515089565188612e-02
6.357189303217965215e-02
6.185807658881711801e-02
6.014498403741751903e-02
5.843339506490653062e-02
5.672452086146879957e-02
5.501903384485769266e-02
5.331806977770115613e-02
5.162218465351859492e-02
4.993243529206548709e-02
4.824925105562520578e-02
4.657360681243442185e-02
4.490579326847984193e-02
4.324670064855231505e-02
4.159646606110973394e-02
3.995589236663404931e-02
3.832494371432362129e-02
3.670433199441341943e-02
3.509382301870255655e-02
3.349403015719435578e-02
3.190449092784492652e-02
3.032569239450245632e-02
2.875693002643352550e-02
2.719824600323224664e-02
2.564685118796907262e-02
2.407795284612258488e-02
2.243567602799299843e-02
2.073424436306995841e-02
1.904738174508334783e-02
1.743017612688881751e-02
1.591791809317869358e-02
1.452477402449845953e-02
1.325430238748127008e-02
1.210160653900499948e-02
1.105937586813487798e-02
1.011796251715602578e-02
9.268274677427797842e-03
8.500901734439134452e-03
7.807683758874256127e-03
7.180666661685139451e-03
6.613146732573549867e-03
6.098689438945988951e-03
5.631951881983928224e-03
5.207794858244959441e-03
4.822010303788680681e-03
4.470496869202670795e-03
4.149964438997825848e-03
3.857123528251322087e-03
3.589428168476907315e-03
3.344237259113143606e-03
3.118972145264052327e-03
2.908174033300983414e-03
2.709261412019276904e-03
2.523006509497278081e-03
2.349395277745615351e-03
2.188538540284548292e-03
2.040091139817361635e-03
1.903669799426741579e-03
1.778619466737572149e-03
1.664272005868347752e-03
1.559830760618320829e-03
1.464537252837880754e-03
1.377596691587624437e-03
1.298283183073754626e-03
1.225881923837746383e-03
1.159755498632724464e-03
1.099296426010765550e-03
1.043970104054763471e-03
9.932758561735823954e-04
9.467760782174940897e-04
9.040645797663237043e-04
8.647874381438645048e-04
8.286174250757730002e-04
7.952696816976248138e-04
7.644810702148268061e-04
7.360224522357978767e-04
7.096819513623825199e-04
6.852748874353426986e-04
6.626301171654319687e-04
6.415982730080951402e-04
6.220405217086362806e-04
6.038355270157219103e-04
5.868701125788283908e-04
5.710452324188699082e-04
5.562681418459202711e-04
5.424575764171412186e-04
5.295371254969086098e-04
5.174397669875786636e-04
5.061022076729235902e-04
4.954688851817409421e-04
4.854870920714371126e-04
4.761105315170136910e-04
4.672950821912710460e-04
4.590019761675105453e-04
4.511940921775007434e-04
4.438388108511854050e-04
4.369047472771127511e-04
4.303643285385230755e-04
4.241908944572542108e-04
4.183610345004095429e-04
4.128519994916130583e-04
4.076438287440099545e-04
4.027170263617826842e-04
3.980545044840801149e-04
3.936394863100898438e-04
3.894572873190629727e-04
3.854934138817028800e-04
3.817352010401211995e-04
3.781700809269417356e-04
3.747870929879555668e-04
3.715753007267758035e-04
3.685251880133808781e-04
3.656272061401091475e-04
3.628730679903221330e-04
3.602544102088750706e-04
3.577639954365498492e-04
3.553944767013294311e-04
3.531395166006731363e-04
3.509926429142666950e-04
3.489482924940352521e-04
3.470007486660620110e-04
3.451451166324851264e-04
3.433763345339990269e-04
3.416900863502104731e-04
3.400818795845423530e-04
3.385479009476142793e-04
3.370841545431003494e-04
3.356872650135062975e-04
3.343536708801681120e-04
3.330803793071810174e-04
3.318642099063655294e-04
3.307025048205865844e-04
3.295924188654486445e-04
3.285315882372206141e-04
3.275174633436274516e-04
3.265479390955900309e-04
3.256207271929501055e-04
3.247339506558925035e-04
3.238855526887380850e-04
3.230738578401329145e-04
3.222970148779971439e-04
3.215535267323428310e-04
3.208417250843545237e-04
3.201602710376214890e-04
3.195076593602989064e-04
3.188826916459823902e-04
3.182840083549056927e-04
3.177105360615506912e-04
3.171610456231131379e-04
3.166345749645508960e-04
3.161300118636057167e-04
3.156464935931035031e-04
3.151830129545802467e-04
3.147387959802746475e-04
3.143129299744721813e-04
3.139047203720929727e-04
3.135133396601937615e-04
3.131381643950049021e-04
3.127784439775274780e-04
3.124336187448996990e-04
3.121030076652452729e-04
3.117861083413550789e-04
3.114823027720994624e-04
3.111911400357217296e-04
3.109120593393679944e-04
3.106446560848518139e-04
3.103884214952557820e-04
3.101429927071533638e-04
3.099079083245049118e-04
3.096828431274927158e-04
3.094673789598523868e-04
3.092612245949328403e-04
3.090640014138567237e-04
3.088754489238932440e-04
3.086952247318322084e-04
3.085230961676391735e-04
3.083587541008548445e-04
3.082019910834675447e-04
3.080525285972362517e-04
3.079101820934722973e-04
3.077747012964284520e-04
3.076459224838316180e-04
3.075236215061422627e-04
3.074076536200436613e-04
3.072978189157976906e-04
3.071939899861121691e-04
3.070959894842595155e-04
3.070037058827075117e-04
3.069169829132767716e-04
3.068357236433743749e-04
3.067597915765907148e-04
3.066891032490878994e-04
3.066235407947899257e-04
3.065630332403425384e-04
3.065074803636116518e-04
3.064568228424991965e-04
3.064109772589916820e-04
3.063698952348096983e-04
3.063335094559343575e-04
3.063017819064267383e-04
3.062746608102963363e-04
3.062521180538672677e-04
3.062341169631501120e-04
3.062206389845404698e-04
3.062116622367635544e-04
3.062071774995165133e-04
