7.284391162530906350e+00
7.284830647210281285e+00
7.285709550211985075e+00
7.287027738525751808e+00
7.288785013120627987e+00
7.290981108055793136e+00
7.293615691746825114e+00
7.296688365481604599e+00
7.300198665323115677e+00
7.304146060026917908e+00
7.308529953584374184e+00
7.313349682537208629e+00
7.318604519166448164e+00
7.324293668197971563e+00
7.330416270643928200e+00
7.336971399891694112e+00
7.343958066206058177e+00
7.351375212192631459e+00
7.359221717970408250e+00
7.367496395999166836e+00
7.376197996933698597e+00
7.385325203802975302e+00
7.394876638559155779e+00
7.404850855594542480e+00
7.415246349000153003e+00
7.426061545404807340e+00
7.437294811959831442e+00
7.448944448482746061e+00
7.461008696186808287e+00
7.473485729109422770e+00
7.486373663607560403e+00
7.499670549048925494e+00
7.513374378096500550e+00
7.527483076638000092e+00
7.541994514885569600e+00
7.556906496516384131e+00
7.572216770616196690e+00
7.587923020001229979e+00
7.604022874037429602e+00
7.620513896110336027e+00
7.637393597355670138e+00
7.654659423240387284e+00
7.672308768243671473e+00
7.690338961508738080e+00
7.708747282517872890e+00
7.727530945769828463e+00
7.746687117497356390e+00
7.766212899320436236e+00
7.786105346060105958e+00
7.806361448312314266e+00
7.826978151417927521e+00
7.847952336895904324e+00
7.869280842636484863e+00
7.890960443125248247e+00
7.912987870934693468e+00
7.935359795662788152e+00
7.958072846807220380e+00
7.981123591333339817e+00
8.004508558025950293e+00
8.028224213591032665e+00
8.052266988592812424e+00
8.076633251981393258e+00
8.101319338737708264e+00
8.126321522705545419e+00
8.151636046084508536e+00
8.177259090428576016e+00
8.203186808148688058e+00
8.229415291520885134e+00
8.255940606386435121e+00
8.282758758989789527e+00
8.309865732097360791e+00
8.337257449457871061e+00
8.364929814604067815e+00
8.392878672693937503e+00
8.421099852317738055e+00
8.449589124434686127e+00
8.478342247592820513e+00
8.507354923611336162e+00
8.536622846761714456e+00
8.566141655729351712e+00
8.595906987589907899e+00
8.625914425273624175e+00
8.656159557994014264e+00
8.686637921981507304e+00
8.717345069136461788e+00
8.748276389228070826e+00
8.779426806032370578e+00
8.810791013891954293e+00
8.842363865043195048e+00
8.874140293677248437e+00
8.906115340208556219e+00
8.938284024051833754e+00
8.970641406809876983e+00
9.003182484207485459e+00
9.035902279987970687e+00
9.068795735183336149e+00
9.101857822133162301e+00
9.135083420038476731e+00
9.168467448778182316e+00
9.202004724678705117e+00
9.235690117282876699e+00
9.269518381001763174e+00
9.303484336616262951e+00
9.337582682094067721e+00
9.371808179275236128e+00
9.406155514255919670e+00
9.440619217552804088e+00
9.475196778785340612e+00
9.509893002475676482e+00
9.544706180969569687e+00
9.579627688400396579e+00
9.614650941964992370e+00
9.649768827474948907e+00
9.684975170431441072e+00
9.720263525494942769e+00
9.755628022626094520e+00
9.791062585971818777e+00
9.826561534510764417e+00
9.862119010279423392e+00
9.897729446107845774e+00
9.933387117390909182e+00
9.969086525190183679e+00
1.000482202924854214e+01
1.004058817181545571e+01
1.007637936804587575e+01
1.011219018569972938e+01
1.014801507820902593e+01
1.018384863012725283e+01
1.021968532317619172e+01
1.025551975428970586e+01
1.029134642793263410e+01
1.032715995170063827e+01
1.036295485007686779e+01
1.039872574130961702e+01
1.043446716900630733e+01
1.047017376315674575e+01
1.050584008680893611e+01
1.054146078349625348e+01
1.057703043683757116e+01
1.061254370617916187e+01
1.064799519739686851e+01
1.068337958822703548e+01
1.071869150887301458e+01
1.075392565824133584e+01
1.078907669320196483e+01
1.082413933674468076e+01
1.085910827493398223e+01
1.089397825784132579e+01
1.092874400338672380e+01
1.096340029177438957e+01
1.099794187553392710e+01
1.103236356808321439e+01
1.106666015937969050e+01
1.110082649914922293e+01
1.113485741763806836e+01
1.116874780397598599e+01
1.120249253158559810e+01
1.123608653208912322e+01
1.126952472498719970e+01
1.130280208746908599e+01
1.133591358801936622e+01
1.136885425244958547e+01
1.140161910113066135e+01
1.143420321152806451e+01
1.146660165879145765e+01
1.149880957504472079e+01
1.153082209309327055e+01
1.156263440269368914e+01
1.159424169716411157e+01
1.162563922683526663e+01
1.165682224837091141e+01
1.168778607558200733e+01
1.171852603128322023e+01
1.174903749563426558e+01
1.177931586037506584e+01
1.180935657484289614e+01
1.183915510244339941e+01
1.186870696447847529e+01
1.189800769872323727e+01
1.192705290118751016e+01
1.195583818668033693e+01
1.198435922861704306e+01
1.201261172146320888e+01
1.204059141868965987e+01
1.206829409699685129e+01
1.209571559251157602e+01
1.212285176670092746e+01
1.214969854089673440e+01
1.217625186381565783e+01
1.220250774449032605e+01
1.222846222131886584e+01
1.225411139347536604e+01
1.227945139141810671e+01
1.230447840684634464e+01
1.232918866460192575e+01
1.235357845123419196e+01
1.237764408823470852e+01
1.240138195926724407e+01
1.242478848467995967e+01
1.244786014745312919e+01
1.247059346893721887e+01
1.249298503356710199e+01
1.251503146577827863e+01
1.253672945353269164e+01
1.255807572636891045e+01
1.257906707778124478e+01
1.259970034436299180e+01
1.261997242707748512e+01
1.263988027145647663e+01
1.265942088779899422e+01
1.267859133238960645e+01
1.269738872665837448e+01
1.271581023938641586e+01
1.273385310485768862e+01
1.275151460602172726e+01
1.276879209166575180e+01
1.278568296050666575e+01
1.280218467740992416e+01
1.281829475838490850e+01
1.283401078587507804e+01
1.284933039463286164e+01
1.286425128610365576e+01
1.287877121515827028e+01
1.289288800359167908e+01
1.290659952769272678e+01
1.291990373087696042e+01
1.293279861207488501e+01
1.294528223751673401e+01
1.295735272992213716e+01
1.296900827945313495e+01
1.298024713368969429e+01
1.299106760776589553e+01
1.300146807511702463e+01
1.301144697681269236e+01
1.302100281306246110e+01
1.303013415175843015e+01
1.303883962072765890e+01
1.304711791549548927e+01
1.305496779227427595e+01
1.306238807495757825e+01
1.306937764883580755e+01
1.307593546683039243e+01
1.308206054392795181e+01
1.308775196266254248e+01
1.309300886826106058e+01
1.309783047338053130e+01
1.310221605395849487e+01
1.310616495321138153e+01
1.310967657818451926e+01
1.311275040301667794e+01
1.311538596618528274e+01
1.311758287304128068e+01
1.311934079374606021e+01
1.312065946507979675e+01
1.312153868906751519e+01
1.312197833406318281e+01
