7.752778666113315786e+00
7.751289148996758804e+00
7.748309522205383715e+00
7.743840239510987544e+00
7.737879516309713601e+00
7.730428256121939512e+00
7.721483461419281547e+00
7.711046477303153956e+00
7.699113058212292415e+00
7.685684978269718748e+00
7.670756694068163739e+00
7.654330391421575897e+00
7.636399163871466556e+00
7.616965586297701485e+00
7.596021307673704648e+00
7.573569263342974978e+00
7.549599558697815738e+00
7.524115454100548384e+00
7.497105393364584813e+00
7.468572918508492364e+00
7.438504672939993512e+00
7.406904427730767182e+00
7.373756863959820329e+00
7.339065918288182111e+00
7.302814121671235448e+00
7.265005500055572440e+00
7.225620217213786667e+00
7.184662296814638971e+00
7.142109284975904693e+00
7.097965093299532846e+00
7.052204361279535760e+00
7.004830756785681345e+00
6.955815678970293625e+00
6.905162393914663355e+00
6.852838674242929251e+00
6.798847194183434084e+00
6.743151651593485063e+00
6.685753899740078054e+00
6.626613039453149057e+00
6.565729826008989356e+00
6.503058151876930815e+00
6.438597338103653200e+00
6.372295349323875868e+00
6.304149662430880596e+00
6.234101462249216574e+00
6.162145879179235841e+00
6.088216302356348031e+00
6.012304896466160287e+00
5.934336034291981754e+00
5.854298146416329729e+00
5.772105110030937070e+00
5.687740660997353537e+00
5.601106371485521151e+00
5.512180071679639859e+00
5.420848792547330319e+00
5.327082917907835835e+00
5.230752142575479269e+00
5.131817423644701393e+00
5.030127582768920469e+00
4.925631575807549289e+00
4.818152813399697365e+00
4.707624860984696902e+00
4.593839807192298785e+00
4.476711302893845890e+00
4.355992283684589239e+00
4.231570352761690579e+00
4.103148719231383801e+00
3.970580480722048833e+00
3.833504534095492300e+00
3.691727584192759259e+00
3.544803596887232455e+00
3.392475825848789484e+00
3.234183326384937551e+00
3.069580870801671857e+00
2.897947562833559587e+00
2.718812146262596041e+00
2.531223456972455654e+00
2.334526958965974064e+00
2.127426377598585105e+00
1.908997428845031985e+00
1.677400938234042682e+00
1.431328645851852821e+00
1.168034419618086739e+00
8.858305451155521482e-01
5.808592449753500198e-01
2.628398906262923718e-01
-4.659920844179803179e-02
-3.369198611221215778e-01
-5.997721952842053339e-01
-8.254908853508520217e-01
-1.003731433421949593e+00
-1.129916793346160464e+00
-1.208294846434620817e+00
-1.250214995816574692e+00
-1.267840052837214238e+00
-1.270811893772745949e+00
-1.265281855398247890e+00
-1.254992682685690086e+00
-1.241967391619488881e+00
-1.227411123518624247e+00
-1.211914125281212673e+00
-1.195876850832584326e+00
-1.179457161075470495e+00
-1.162809743338309110e+00
-1.145963363158597925e+00
-1.128994161440161959e+00
-1.112046590405641133e+00
-1.132549497105215686e+00
-1.213087534955569868e+00
-1.291230794939501658e+00
-1.365969574408903542e+00
-1.437342169420658511e+00
-1.505456565437835126e+00
-1.570366811694870357e+00
-1.632188745474100866e+00
-1.690983712438150821e+00
-1.746869235691612232e+00
-1.799909636470575114e+00
-1.850220936317429787e+00
-1.897867932401089863e+00
-1.942963442404560759e+00
-1.985571267266583062e+00
-2.025800106725061500e+00
-2.063711879423695272e+00
-2.099410689146479658e+00
-2.132956032169848193e+00
-2.164447189439803854e+00
-2.193940908112533617e+00
-2.221531570083617790e+00
-2.247272984417088004e+00
-2.271254651881145836e+00
-2.293527347541597816e+00
-2.314175769978447317e+00
-2.333247629711159732e+00
-2.350822942789800418e+00
-2.366946371945469529e+00
-2.381693398008667639e+00
-2.395105687608322320e+00
-2.407254352467979253e+00
-2.418178140821791278e+00
-2.427943973910351882e+00
-2.436587778618254596e+00
-2.444172472174034993e+00
-2.450731271309752213e+00
-2.456323279983453567e+00
-2.460979126000155226e+00
-2.464754292251742918e+00
-2.467676945537048194e+00
-2.469799139113006969e+00
-2.471146710669903879e+00
-2.471768472696662222e+00
-2.471688067424750557e+00
-2.470951251445868468e+00
-2.469579605117070642e+00
-2.467616008873421141e+00
-2.465080113241181259e+00
-2.462012096225834057e+00
-2.458429807840694092e+00
-2.454370890705681596e+00
-2.449851519976201430e+00
-2.444906962760741376e+00
-2.439551840624286427e+00
-2.433819197537462120e+00
-2.427722217811427718e+00
-2.421291866954330629e+00
-2.414540003040587912e+00
-2.407495650007988264e+00
-2.400169445134397339e+00
-2.392588599905246749e+00
-2.384762630517930582e+00
-2.376717057437029545e+00
-2.368460369716484770e+00
-2.360016510696388181e+00
-2.351393030466129908e+00
-2.342612401805326705e+00
-2.333681318342375022e+00
-2.324620881771064074e+00
-2.315437006219486449e+00
-2.306149514954257018e+00
-2.296763614192260494e+00
-2.287297934911425301e+00
-2.277757041835798191e+00
-2.268158453583521528e+00
-2.258506154856338988e+00
-2.248816625951401083e+00
-2.239093328308583430e+00
-2.229351772376181984e+00
-2.219594948629922015e+00
-2.209837460897454253e+00
-2.200081876777361334e+00
-2.190341951779969154e+00
-2.180619874756055232e+00
-2.170928606589037191e+00
-2.161269997804373677e+00
-2.151656264039449429e+00
-2.142088954456054406e+00
-2.132579584809378481e+00
-2.123129436637781531e+00
-2.113749367441909666e+00
-2.104440421886743628e+00
-2.095212837377726789e+00
-2.086067449688215891e+00
-2.077013911074358621e+00
-2.068052873843207795e+00
-2.059193437075096611e+00
-2.050436092680962830e+00
-2.041789415793732854e+00
-2.033253758833604152e+00
-2.024837199683239053e+00
-2.016539970191966180e+00
-2.008369675358168571e+00
-2.000326443562924883e+00
-1.992417429142203877e+00
-1.984642672451463863e+00
-1.977008897416030697e+00
-1.969516070294963450e+00
-1.962170503045991721e+00
-1.954972100383470801e+00
-1.947926779081394999e+00
-1.941034393609153197e+00
-1.934300480819093337e+00
-1.927724855099128609e+00
-1.921312687246754081e+00
-1.915063760701432471e+00
-1.908982892792537189e+00
-1.903069844210305117e+00
-1.897329090227783066e+00
-1.891760376138824862e+00
-1.886367845491966344e+00
-1.881151234770013225e+00
-1.876114365134387674e+00
-1.871256970145355858e+00
-1.866582556996529085e+00
-1.862090861579958290e+00
-1.857785084690776634e+00
-1.853664969228392856e+00
-1.849733416368433803e+00
-1.845990180162876415e+00
-1.842437868208949725e+00
-1.839076249367924465e+00
-1.835907643007113954e+00
-1.832931836001296944e+00
-1.830150864182580106e+00
-1.827564535221400055e+00
-1.825174605488609325e+00
-1.822980905835834164e+00
-1.820984916653312080e+00
-1.819186493983813602e+00
-1.817586845147058483e+00
-1.816185853028247754e+00
-1.814984454234377820e+00
-1.813982559799174110e+00
-1.813180837436602078e+00
-1.812579227300024742e+00
-1.812178129502890922e+00
-1.811977513961593678e+00
