5.467742145780709606e+00
5.469504789365229769e+00
5.473030351048046249e+00
5.478320330807378902e+00
5.485375561281781387e+00
5.494199065347357802e+00
5.504792261304723766e+00
5.517159741332683609e+00
5.531303556115649833e+00
5.547229938180134212e+00
5.564941637779186046e+00
5.584446625269684716e+00
5.605748439990716925e+00
5.628856916572330782e+00
5.653776497836309645e+00
5.680519041452050999e+00
5.709090036343961394e+00
5.739503558678922701e+00
5.771766318631486037e+00
5.805894848605898773e+00
5.841897293182070072e+00
5.879792928122272500e+00
5.919591590514707846e+00
5.961315644970449412e+00
6.004976932910111920e+00
6.050601323032692491e+00
6.098203037723638253e+00
6.147811949176180235e+00
6.199445116206685036e+00
6.253137016383887747e+00
6.308908097004445992e+00
6.366798168648963419e+00
6.426831738165693864e+00
6.489054832138632101e+00
6.553496835297252687e+00
6.620211066075416539e+00
6.689232787787541490e+00
6.760623926412731244e+00
6.834426849474271926e+00
6.910713703460626967e+00
6.989535459305614040e+00
7.070976460471301017e+00
7.155098102262378745e+00
7.241999331045273713e+00
7.331754136527415255e+00
7.424478939865057470e+00
7.520262794945888452e+00
7.619242860285392105e+00
7.721525750687231238e+00
7.827272605648888160e+00
7.936609243153430526e+00
8.049722663741258444e+00
8.166756162162416288e+00
8.287919190903508593e+00
8.413360514625285447e+00
8.543292272766217721e+00
8.677828139131442242e+00
8.817119704752347076e+00
8.961165457466677253e+00
9.110167322385862576e+00
9.265714363102929951e+00
9.432192862606585848e+00
9.610708706367773857e+00
9.796652206386911033e+00
9.983848527026529140e+00
1.016604661541667198e+01
1.033802688674010462e+01
1.049608174025900986e+01
1.063846218134152011e+01
1.076519945824679780e+01
1.087765821850756254e+01
1.097787912711194735e+01
1.106800194098448031e+01
1.114995921274226376e+01
1.122526022750911245e+01
1.129506942258855240e+01
1.136014047554531103e+01
1.142102470033720962e+01
1.147797061050750145e+01
1.153116404432137188e+01
1.158054609946981373e+01
1.162608276229919113e+01
1.166749305965873518e+01
1.170456919426822395e+01
1.173679871139471764e+01
1.176376048469689550e+01
1.178459834581759402e+01
1.179851608372076477e+01
1.180402180274401935e+01
1.179977963252216888e+01
1.180874274174276373e+01
1.186191462916874961e+01
1.191948814033283455e+01
1.197814516834673171e+01
1.203859894517476725e+01
1.210071629565989149e+01
1.216502210424559749e+01
1.223154797377575065e+01
1.230075672559142319e+01
1.237276120022553627e+01
1.244798707995118470e+01
1.252657212279403254e+01
1.260887698978674720e+01
1.269498881915768962e+01
1.278513355313741329e+01
1.287925316213406646e+01
1.297735862625534153e+01
1.307917294596073532e+01
1.318445494127736062e+01
1.329270364711560148e+01
1.340346711342984065e+01
1.351609488995560504e+01
1.363002924817646644e+01
1.374458536872750614e+01
1.385921596166321734e+01
1.397330253363616137e+01
1.408638954233840757e+01
1.419798024065536701e+01
1.430774401817276953e+01
1.441531767190981661e+01
1.452049269918185814e+01
1.462302480870836341e+01
1.472280705584939042e+01
1.481968944109726394e+01
1.491364168582771477e+01
1.500458334936075389e+01
1.509253833988024951e+01
1.517747506821084258e+01
1.525945379287673909e+01
1.533847594711281204e+01
1.541462493746805507e+01
1.548792371693166814e+01
1.555846945634356082e+01
1.562629851276530957e+01
1.569151531825860957e+01
1.575416401001002065e+01
1.581435185346912853e+01
1.587212691601150460e+01
1.592759632725006469e+01
1.598080947677304664e+01
1.603187140145877976e+01
1.608083106804749107e+01
1.612779016234484786e+01
1.617279608141554803e+01
1.621594638272567934e+01
1.625728616185060105e+01
1.629690840178721345e+01
1.633485545322362853e+01
1.637121550633870370e+01
1.640602792425688961e+01
1.643937604228924698e+01
1.647129613298116624e+01
1.650186672132887722e+01
1.653112098314166190e+01
1.655913274949397973e+01
1.658593215993432679e+01
1.661158851537835801e+01
1.663612902472071653e+01
1.665961865252792862e+01
1.668208181238251697e+01
1.670357934404073674e+01
1.672413301976465760e+01
1.674379977498868399e+01
1.676259890528740115e+01
1.678058366495610088e+01
1.679777104236372054e+01
1.681421083210566891e+01
1.682991788549685808e+01
1.684493875401069118e+01
1.685928631973370884e+01
1.687300410058169575e+01
1.688610317279228923e+01
1.689862422183305313e+01
1.691057667555782018e+01
1.692199857872395441e+01
1.693289786137071928e+01
1.694331010938385873e+01
1.695324189804464154e+01
1.696272652606529618e+01
1.697176934916909730e+01
1.698040154042174876e+01
1.698862736319061995e+01
1.699647601637285632e+01
1.700395079019246580e+01
1.701107905103753737e+01
1.701786322732863965e+01
1.702432898509146497e+01
1.703047799460326317e+01
1.703633434451526441e+01
1.704189904318728921e+01
1.704719471610790649e+01
1.705222179878901656e+01
1.705700155938859197e+01
1.706153394277954405e+01
1.706583895763926861e+01
1.706991613385293505e+01
1.707378431087630233e+01
1.707744267300129337e+01
1.708090897350755455e+01
1.708418211452460866e+01
1.708727883934833969e+01
1.709019782569428614e+01
1.709295487655396428e+01
1.709554849756140271e+01
1.709799361488893155e+01
1.710028860925621430e+01
1.710244758760515893e+01
1.710446884797779532e+01
1.710636573005506378e+01
1.710813648672775145e+01
1.710979373702504347e+01
1.711133572170964001e+01
1.711277438065142320e+01
1.711410797120170812e+01
1.711534779067785195e+01
1.711649213762029476e+01
1.711755169873752536e+01
1.711852483443021811e+01
1.711942164829761737e+01
1.712024057953004075e+01
1.712099117189228537e+01
1.712167195674558329e+01
1.712229193729405452e+01
1.712284974710612317e+01
1.712335386433207773e+01
1.712380303165543438e+01
1.712420521415960550e+01
1.712455926765702685e+01
1.712487265289558636e+01
1.712514434019094622e+01
1.712538129171482382e+01
1.712558259129755811e+01
1.712575470562680380e+01
1.712589682899577070e+01
1.712601493335856873e+01
1.712610831867796080e+01
1.712618246092896968e+01
1.712623675955039815e+01
1.712627619165877135e+01
1.712630024893262259e+01
1.712631340549034320e+01
1.712631523733868733e+01
1.712630971057765805e+01
1.712629647732580906e+01
1.712627899014104216e+01
1.712625696909733364e+01
1.712623334754916016e+01
1.712620790577956242e+01
1.712618305248541262e+01
1.712615862114727960e+01
1.712613649087123946e+01
1.712611654234844139e+01
1.712610012095459666e+01
1.712608714987438674e+01
1.712607843762996040e+01
1.712607394664427929e+01
