0.000000000000000000e+00
0.000000000000000000e+00
8.466254588980057709e+22
2.540221873395596054e+23
5.081478011837085521e+23
8.471425387792261521e+23
1.271143154805073154e+24
1.780319894968088526e+24
2.374875365013478923e+24
3.055044344660568532e+24
3.821092178174111195e+24
4.673314493117061858e+24
5.612035086047563125e+24
6.637605517105397049e+24
7.750402456299263719e+24
8.950827117022760164e+24
1.023930201992002139e+25
1.161627022009029414e+25
1.308219143662121759e+25
1.463754101945445594e+25
1.628280538333510330e+25
1.801848065106501357e+25
1.984506732085981567e+25
2.176306851304998315e+25
2.377298378974242626e+25
2.587530692204092167e+25
2.807051877063258941e+25
3.035908448046811732e+25
3.274144532068901385e+25
3.521801520372390359e+25
3.778917137322838359e+25
4.045525013515853498e+25
4.321653627367144910e+25
4.607325787356476085e+25
4.902557433717099644e+25
5.207357017148308093e+25
5.521724147504994352e+25
5.845648856035928019e+25
6.179110078005920322e+25
6.522074785737609204e+25
6.874496292757176555e+25
7.236313245850705928e+25
7.607447739860757802e+25
7.987804158899152543e+25
8.377267093661314478e+25
8.775700025235887362e+25
9.182943041160586587e+25
9.598811360411469455e+25
1.002309285092108601e+26
1.045554640192204835e+26
1.089589925493592868e+26
1.134384524045342658e+26
1.179904194727997388e+26
1.226110885551637850e+26
1.272962438657951748e+26
1.320412398479169750e+26
1.368409711352320793e+26
1.416898536486928139e+26
1.465817949749767779e+26
1.515101768967639232e+26
1.564678275300057977e+26
1.614470069059929775e+26
1.664393826944901174e+26
1.714360210555592570e+26
1.764273683736200914e+26
1.814032503625982427e+26
1.863528629541321443e+26
1.912647836107624670e+26
1.961269753435037304e+26
2.009268154163477948e+26
2.056511173775476804e+26
2.102861839000734064e+26
2.148178525950140783e+26
2.192315817557764293e+26
2.235125263326859401e+26
2.276456681027591522e+26
2.316159279218604707e+26
2.354083560085002455e+26
2.390082838974020018e+26
2.424015981726974183e+26
2.455749257605065602e+26
2.485160332118332448e+26
2.512140043813812952e+26
2.536598738133593543e+26
2.558465895207796572e+26
2.577696493613663345e+26
2.594167160937432798e+26
2.607660099192615375e+26
2.618220146702861978e+26
2.626260693434395983e+26
2.632318916415340256e+26
2.636884884713233296e+26
2.640346582030360498e+26
2.642994441651631419e+26
2.645040355898849809e+26
2.646638244144485885e+26
2.647899852569780800e+26
2.648906894588060180e+26
2.649719445480099497e+26
2.650382102546697679e+26
2.650928196490908131e+26
2.651382888647735146e+26
2.651765304243475910e+26
2.652090123861951689e+26
2.652368691872057871e+26
2.652609858368594620e+26
2.652820571923407853e+26
2.653006339023506840e+26
2.653171546593436094e+26
2.653319710836224359e+26
2.653453670779434101e+26
2.653575755872635911e+26
2.653687891693365478e+26
2.653791680946600050e+26
2.653888464568475785e+26
2.653979374174449930e+26
2.654065370852887869e+26
2.654147279091900732e+26
2.654225811682518583e+26
2.654301592004814946e+26
2.654375170317700374e+26
2.654447038755767641e+26
2.654517642277280548e+26
2.654587389084442845e+26
2.654656658258893165e+26
2.654725807305178733e+26
2.654795177747385349e+26
2.654865100878058313e+26
2.654935902132379572e+26
2.655007905748995101e+26
2.655081438461532768e+26
2.655156833548727633e+26
2.655234434215833548e+26
2.655314597371843145e+26
2.655397696972924708e+26
2.655484127780137509e+26
2.655574308877987560e+26
2.655668687616196725e+26
2.655767743483476318e+26
2.655871992409005570e+26
2.655981991155152722e+26
2.656098342140488968e+26
2.656221698509476451e+26
2.656352769633972279e+26
2.656492327018876239e+26
2.656641210639651231e+26
2.656800335847711894e+26
2.656970700704817252e+26
2.657153394058284400e+26
2.657349604036935123e+26
2.657560627471930740e+26
2.657787879721089571e+26
2.658032905614135552e+26
2.658297390770403325e+26
2.658583174245247463e+26
2.658892261497935148e+26
2.659226838906278903e+26
2.659589288524114667e+26
2.659982204610968596e+26
2.660408410288825342e+26
2.660870976199577313e+26
2.661373239125405618e+26
2.661918822835331547e+26
2.662511658668877918e+26
2.663156008560540757e+26
2.663856487498798288e+26
2.664618088620060029e+26
2.665446207341058271e+26
2.666346668288422901e+26
2.667325750759012168e+26
2.668390217094946729e+26
2.669547338951412131e+26
2.670804926538112141e+26
2.672171354966760744e+26
2.673655593558451880e+26
2.675267231304678432e+26
2.677016505188251751e+26
2.678914323526001882e+26
2.680972291973656588e+26
2.683202733232362480e+26
2.685618709113840017e+26
2.688234034797247754e+26
2.691063295032475265e+26
2.694121850843594093e+26
2.697425847662234227e+26
2.700992212108375548e+26
2.704838649593775317e+26
2.708983628594038458e+26
2.713446365069767866e+26
2.718246791503607449e+26
2.723405525383565941e+26
2.728943820246010990e+26
2.734883515483379096e+26
2.741246966741468747e+26
2.748056974485098363e+26
2.755336691377538222e+26
2.763109527393611496e+26
2.771399032289595417e+26
2.780228775620183818e+26
2.789622203111168169e+26
2.799602490733155250e+26
2.810192374729417016e+26
2.821413979932287727e+26
2.833288624373878049e+26
2.845836623292626406e+26
2.859077070647286649e+26
2.873027621724944578e+26
2.887704255451313469e+26
2.903121040130791216e+26
2.919289882139629053e+26
2.936220281034803887e+26
2.953919071950351280e+26
2.972390178015212960e+26
2.991634355445981542e+26
3.011648952806144408e+26
3.032427669283240373e+26
3.053960331680719927e+26
3.076232677556025307e+26
3.099226161832413011e+26
3.122917777226168430e+26
3.147279902871849295e+26
3.172280174658675059e+26
3.197881388163916222e+26
3.224041431045882160e+26
3.250713251785586197e+26
3.277844865072206473e+26
3.305379396306696626e+26
3.333255168931421796e+26
3.361405832340278405e+26
3.389760537363665724e+26
3.418244152199486752e+26
3.446777528839893365e+26
3.475277807985157131e+26
3.503658775219428900e+26
3.531831251750090344e+26
3.559703534791383154e+26
3.587181866592001827e+26
3.614170948999860052e+26
3.640574478848309484e+26
3.666295722318906350e+26
3.691238100625137358e+26
3.715305805845882114e+26
3.738404417255935212e+26
3.760441537050401599e+26
3.781327414889615739e+26
3.800975579627434127e+26
3.819303447895088413e+26
3.836232926789987690e+26
3.851690981791383220e+26
3.865610185500371025e+26
3.877929220959535723e+26
3.888593353016187080e+26
3.897554845221865318e+26
3.904773333186665596e+26
3.910216136584681192e+26
3.913858517852657321e+26
