-3.798775755002482546e-01
-3.794020537151234773e-01
-3.784508902005998543e-01
-3.770240715412627175e-01
-3.751212360879787600e-01
-3.727423545624626855e-01
-3.698868181260075438e-01
-3.665545766932730154e-01
-3.627447649751489589e-01
-3.584573045377372202e-01
-3.536910604206375264e-01
-3.484459155474343706e-01
-3.427204478391332465e-01
-3.365144883145096411e-01
-3.298263057442821222e-01
-3.226556627272330613e-01
-3.150004918045590241e-01
-3.068604670227806364e-01
-2.982331519815743515e-01
-2.891181079670134824e-01
-2.795124905622926037e-01
-2.694157194366504360e-01
-2.588244958138908869e-01
-2.477380635310742207e-01
-2.361526147237078543e-01
-2.240671769407886760e-01
-2.114773687335903540e-01
-1.983819535720859895e-01
-1.847759004512041225e-01
-1.706576522732356771e-01
-1.560214389059658702e-01
-1.408653157944843859e-01
-1.251826678619103739e-01
-1.089710836656866549e-01
-9.222297779698231113e-02
-7.493537724930321442e-02
-5.709957712713391309e-02
-3.871192949475497913e-02
-1.976243170471657026e-02
-2.466244220429280329e-04
1.984700698631204629e-02
4.052389854141124487e-02
6.179733594731288276e-02
8.367393347090074096e-02
1.061690634480870338e-01
1.292907660557161553e-01
1.530568876743222118e-01
1.774772012641492591e-01
2.025725071010577583e-01
2.283546946877547390e-01
2.548481184070027772e-01
2.820672691008107580e-01
3.100408142508320752e-01
3.387864653433922957e-01
3.683381744296252980e-01
3.987176745641840547e-01
4.299654626745490482e-01
4.621083433942803076e-01
4.951950183291856100e-01
5.292587613083464815e-01
5.643587016544107104e-01
6.005364747430466110e-01
6.378646716926885674e-01
6.763959022510386276e-01
7.162204483091906271e-01
7.574055861223473185e-01
8.000653190907294210e-01
8.442869635678296181e-01
8.902170392616733929e-01
9.379710798744020916e-01
9.877410792674584661e-01
1.039684515697213651e+00
1.094057189330508439e+00
1.151101145252712232e+00
1.211312944241627720e+00
1.277152290106553290e+00
1.354862669807719744e+00
1.446541545537986195e+00
1.548679375094287769e+00
1.657824240358277912e+00
1.770888419206971154e+00
1.885868226716757690e+00
2.001245962755866525e+00
2.116190814858946112e+00
2.230049891928646666e+00
2.342536364729734366e+00
2.453363166749683355e+00
2.562459918105198131e+00
2.669683325985037214e+00
2.775046785966424512e+00
2.878461926377925195e+00
2.979975788659989799e+00
3.079517972244373514e+00
3.177150248299594804e+00
3.272800846634042582e+00
3.366538422899035599e+00
3.458272838341774236e+00
3.548074363867431913e+00
3.635810260082248391e+00
3.721531405874797471e+00
3.805432901722832550e+00
3.889960502845945634e+00
3.976525428733246770e+00
4.064375609547512092e+00
4.153107284068068061e+00
4.242038687334829028e+00
4.330697701821659251e+00
4.418526863670359184e+00
4.505149961838205819e+00
4.590175834390654686e+00
4.673363986891079236e+00
4.754475139968265651e+00
4.833385298779201200e+00
4.909968343175253658e+00
4.984182462416272053e+00
5.055976969267569565e+00
5.125362264950176439e+00
5.192334841827838332e+00
5.256936072863889642e+00
5.319190744505482904e+00
5.379157470094155791e+00
5.436877350571874601e+00
5.492417740705832330e+00
5.545828622328353497e+00
5.597180938597650091e+00
5.646528968948041793e+00
5.693944153569001188e+00
5.739482241623124814e+00
5.783213332729426170e+00
5.825192897613164611e+00
5.865488620000705033e+00
5.904154613604530866e+00
5.941255537643042040e+00
5.976843491220651394e+00
6.010979789247685723e+00
6.043714127707072059e+00
6.075104338275040483e+00
6.105197500291729362e+00
6.134047937795342520e+00
6.161700015635129368e+00
6.188204598870907347e+00
6.213603317520313141e+00
6.237943672994157751e+00
6.261264592541842866e+00
6.283610338776491666e+00
6.305017203754026411e+00
6.325526354286021835e+00
6.345171538693377578e+00
6.363990981420734272e+00
6.382015994219278454e+00
6.399282017719017723e+00
6.415818044112129748e+00
6.431656890149731076e+00
6.446825351051625574e+00
6.461353778356736299e+00
6.475266895327359329e+00
6.488592743791971706e+00
6.501354100160569693e+00
6.513576847534622516e+00
6.525281938927400383e+00
6.536493244223594345e+00
6.547230013556255557e+00
6.557514242974114005e+00
6.567363596363199996e+00
6.576798328759675627e+00
6.585834629876654134e+00
6.594491139751735176e+00
6.602782680975174401e+00
6.610726397676280897e+00
6.618335847049926279e+00
6.625626789476910972e+00
6.632611612995494177e+00
6.639304799544480495e+00
6.645717658693959251e+00
6.651863492536837619e+00
6.657752617334207201e+00
6.663397247411556812e+00
6.668806785436649953e+00
6.673992443758954174e+00
6.678962785860747431e+00
6.683728101877912664e+00
6.688296185380822934e+00
6.692676478302050036e+00
6.696876068640828628e+00
6.700903618673677009e+00
6.704765570457688284e+00
6.708469869992809365e+00
6.712022368545301987e+00
6.715430354347116548e+00
6.718699138788770675e+00
6.721835406266796653e+00
6.724843975219174652e+00
6.727730975853219775e+00
6.730500776829573262e+00
6.733158999808397382e+00
6.735709603340448659e+00
6.738157742449633503e+00
6.740507001971176138e+00
6.742762108734787319e+00
6.744926307208664262e+00
6.747003931252328002e+00
6.748997915488119226e+00
6.750912233049874089e+00
6.752749536617042025e+00
6.754513468088680916e+00
6.756206423684763429e+00
6.757831741020177141e+00
6.759391583107532853e+00
6.760889007888094326e+00
6.762325966365337671e+00
6.763705259265081260e+00
6.765028644892441712e+00
6.766298687238872844e+00
6.767516969490038115e+00
6.768685837569857533e+00
6.769806715536579311e+00
6.770881748250144661e+00
6.771912215180841521e+00
6.772900075604480818e+00
6.773846477614267947e+00
6.774753208986037833e+00
6.775621298432294104e+00
6.776452375034943465e+00
6.777247359011733252e+00
6.778007732385393780e+00
6.778734316749378763e+00
6.779428457627671101e+00
6.780090886929965421e+00
6.780722823255010745e+00
6.781324916916387835e+00
6.781898268252354534e+00
6.782443453283709012e+00
6.782961461913806112e+00
6.783452802450460339e+00
6.783918361409819298e+00
6.784358585296270228e+00
6.784774263562302288e+00
6.785165786194416349e+00
6.785533851227373070e+00
6.785878796831279480e+00
6.786201234631326962e+00
6.786501455132530225e+00
6.786779987954794535e+00
6.787037079567671327e+00
6.787273181414623657e+00
6.787488499061316460e+00
6.787683409051600059e+00
6.787858078700095277e+00
6.788012812394854656e+00
6.788147741389025214e+00
6.788263100140999207e+00
6.788358985580750016e+00
6.788435563957021301e+00
6.788492899172908324e+00
6.788531090490201869e+00
6.788550169645776400e+00
