8.784607267038694772e+03
8.765108475472865393e+03
8.726255920836603764e+03
8.668270337981897683e+03
8.591580636668533771e+03
8.496618200664743199e+03
8.384078317591956875e+03
8.254583213942976727e+03
8.109066497573014203e+03
7.948313110425640843e+03
7.773458012521576165e+03
7.585414092898210583e+03
7.385473901132781975e+03
7.174638924228291216e+03
6.954311174593002761e+03
6.725539070101219295e+03
6.489784168756621511e+03
6.248100133231531800e+03
6.001958898438469987e+03
5.752379841949507863e+03
5.500799194079753761e+03
5.248166583723106669e+03
4.995841539990477031e+03
4.744674079338475167e+03
4.495912669651643228e+03
4.250284533055301836e+03
4.008900394649118880e+03
3.772348778197800584e+03
3.541584174327639175e+03
3.317047897232698688e+03
3.099527902256010293e+03
2.889316849892794380e+03
2.687033595851199152e+03
2.492827072167394817e+03
2.307151378807000128e+03
2.130022032541077806e+03
1.961738526279961206e+03
1.802197495888986623e+03
1.651558507510700338e+03
1.509616818576455898e+03
1.376409940536322893e+03
1.251650975516334256e+03
1.135275130704812682e+03
1.026933133180282312e+03
9.264783046998413738e+02
8.335183156784401035e+02
7.478446409048135592e+02
6.690399170695699240e+02
5.968525795465494639e+02
5.308563319068575765e+02
4.707735115240078585e+02
4.161826502098828087e+02
3.667946420617464014e+02
3.222040505917158271e+02
2.821224737593971668e+02
2.461691088440858834e+02
2.140658504528257708e+02
1.854626314282749036e+02
1.600987767570894960e+02
1.376587678439462934e+02
1.179042372174496336e+02
1.005560261914833546e+02
8.540097053662074700e+01
7.219641153262280397e+01
6.075561837338304372e+01
5.087124629507672324e+01
4.238289202146201973e+01
3.511634964982964391e+01
2.893642247224219588e+01
2.369919060115553577e+01
1.929282420900197792e+01
1.560043271593385228e+01
1.253125572802288978e+01
9.992001108645997220e+00
7.910442575424836420e+00
6.213464397639543613e+00
4.844778666215049157e+00
3.748169614588661602e+00
2.880769289126842381e+00
2.200223310803889554e+00
1.674748672874110778e+00
1.273097467148167183e+00
9.725177835831997353e-01
7.503576182651354731e-01
5.909042481538762104e-01
4.738592287174384077e-01
3.916634171245528262e-01
3.418692003151412306e-01
3.146742362808535587e-01
3.006087062562617929e-01
2.934605590873915482e-01
2.898450550861323416e-01
2.880038366272903438e-01
2.870648551935907067e-01
2.865845530649243633e-01
2.863441570279499637e-01
2.862287786908290776e-01
2.861811940064302173e-01
2.861703145016978866e-01
2.861797567517215812e-01
2.862017253488717827e-01
2.862299715751932538e-01
2.862645677569971014e-01
2.863009264579007285e-01
2.863429262168087908e-01
2.863861083705205868e-01
2.864255859115470426e-01
2.858696564147117369e-01
2.846743911687623085e-01
2.837734224390390247e-01
2.830515273535705312e-01
2.824963362276778911e-01
2.820481900354089300e-01
2.816990773657232494e-01
2.814132614044659864e-01
2.811885459921495967e-01
2.810014505331941970e-01
2.808534167760720068e-01
2.807278072981344019e-01
2.806281124174157537e-01
2.805416972474148452e-01
2.804731625420365249e-01
2.804122964649286565e-01
2.803642891362053136e-01
2.803204358107438954e-01
2.802862364860285727e-01
2.802539417708737046e-01
2.802292178222317576e-01
2.802049254890152663e-01
2.801868289470247908e-01
2.801681748230168689e-01
2.801547991286580386e-01
2.801401821420641536e-01
2.801302288018666098e-01
2.801185453414282156e-01
2.801111156199181940e-01
2.801015920154447114e-01
2.800960544587650647e-01
2.800881394835896820e-01
2.800840442417056875e-01
2.800773389735552454e-01
2.800743614941142989e-01
2.800685728187353729e-01
2.800664762755895043e-01
2.800613855931603502e-01
2.800599954510950562e-01
2.800554373082301263e-01
2.800546238666015708e-01
2.800504711631355836e-01
2.800501374198589022e-01
2.800462910313070708e-01
2.800463641426454431e-01
2.800427455475349436e-01
2.800431707493762912e-01
2.800397167270246568e-01
2.800404529624372918e-01
2.800371117341020066e-01
2.800381284773471036e-01
2.800348568652014647e-01
2.800361317943598771e-01
2.800328931055380277e-01
2.800344103838748877e-01
2.800311728161726799e-01
2.800329218145355403e-01
2.800296572409357587e-01
2.800316315834097125e-01
2.800283146138199952e-01
2.800305114624752068e-01
2.800271187099159786e-01
2.800295382287502077e-01
2.800260477270190562e-01
2.800286926813020938e-01
2.800250834155081914e-01
2.800279588751966586e-01
2.800242103962387041e-01
2.800273235201990452e-01
2.800234156218082693e-01
2.800267755059526187e-01
2.800226879476929165e-01
2.800263055250564181e-01
2.800220177882158379e-01
2.800259057718115785e-01
2.800213968386279229e-01
2.800255697010547995e-01
2.800208178482103683e-01
2.800252918338581032e-01
2.800202744334873151e-01
2.800250676012306372e-01
2.800197609229655993e-01
2.800248932181617634e-01
2.800192722257786038e-01
2.800247655825653936e-01
2.800188037199108915e-01
2.800246821951576925e-01
2.800183511540501602e-01
2.800246410967104360e-01
2.800179105606939167e-01
2.800246408213602489e-01
2.800174781760254583e-01
2.800246803637535531e-01
2.800170503645456055e-01
2.800247591597125885e-01
2.800166235450608498e-01
2.800248770804605325e-01
2.800161941158060275e-01
2.800250344413073300e-01
2.800157583740793266e-01
2.800252320259341565e-01
2.800153124292385498e-01
2.800254711295130927e-01
2.800148521014660385e-01
2.800257536242908296e-01
2.800143728038696489e-01
2.800260820531805805e-01
2.800138693968501347e-01
2.800264597604621986e-01
2.800133360074918976e-01
2.800268910702162772e-01
2.800127657962001027e-01
2.800273815310155845e-01
2.800121506521170422e-01
2.800279382513082282e-01
2.800114807833404273e-01
2.800285703644464497e-01
2.800107441558122301e-01
2.800292896800709030e-01
2.800099257105193029e-01
2.800301116133698254e-01
2.800090062394391399e-01
2.800310565382904682e-01
2.800079607376443902e-01
2.800321518031054779e-01
2.800067559177684684e-01
2.800334348229501780e-01
2.800053463362110473e-01
2.800349579799957245e-01
2.800036681394449389e-01
2.800367967029379068e-01
2.800016285210516487e-01
2.800390634161538106e-01
2.799990870200264048e-01
2.800419330320592093e-01
2.799958201895125232e-01
2.800456929092339786e-01
2.799914494024499656e-01
2.800508499022817399e-01
2.799852774578140413e-01
2.800583885365094394e-01
2.799758637602485223e-01
2.800705058089447141e-01
2.799596726352447940e-01
2.800933055108491554e-01
2.799250874315906690e-01
2.801524258898908104e-01
2.797985413517338760e-01
2.806838223630435114e-01
