3.000965695101621145e-01
3.000965695101621145e-01
3.000965695101621145e-01
3.000965695101621145e-01
3.000965695101621145e-01
3.000965695101621145e-01
3.000965695101621145e-01
3.000965695101621145e-01
3.000965695101621145e-01
3.000965695101621145e-01
3.000965695101621145e-01
3.000965695101621145e-01
3.000965695101621145e-01
3.000965695101621145e-01
3.000965695101621145e-01
3.000965695101621145e-01
3.000965695101621145e-01
3.000965695101621145e-01
3.000965695101621145e-01
3.000965695101621145e-01
3.000965695101621145e-01
3.000965695101621145e-01
3.000965695101621145e-01
3.000965695101621145e-01
3.000965695101621145e-01
3.000965695101620589e-01
3.000965695101620589e-01
3.000965695101620589e-01
3.000965695101620034e-01
3.000965695101618369e-01
3.000965695101614483e-01
3.000965695101604491e-01
3.000965695101578401e-01
3.000965695101507347e-01
3.000965695101304176e-01
3.000965695100701880e-01
3.000965695098847252e-01
3.000965695092898122e-01
3.000965695073002371e-01
3.000965695003543487e-01
3.000965694749955781e-01
3.000965693780411891e-01
3.000965689890979782e-01
3.000965673493271590e-01
3.000965600685988055e-01
3.000965259643218475e-01
3.000963570756253196e-01
3.000954715177231447e-01
3.000905475363132568e-01
3.000615093891716434e-01
2.998804147612291193e-01
2.987085844409221314e-01
2.916387825106267484e-01
2.646146035247117223e-01
2.193937264877623139e-01
1.751887525983933658e-01
1.385628306129393916e-01
1.098445338696167062e-01
8.810399392350659609e-02
7.210994989840864566e-02
6.063960521636319739e-02
5.262659801555208405e-02
4.720210109061842574e-02
4.370139512167166285e-02
4.162419878772691262e-02
4.061462750107158737e-02
4.041408245117712739e-02
4.085271042189533158e-02
4.180973897375313275e-02
4.322115669014060108e-02
4.504443359034106947e-02
4.728097147656271093e-02
4.993958542252139449e-02
5.307437013733985048e-02
5.674159330661158324e-02
6.105844822710151942e-02
6.614772605064069000e-02
7.223217996290215437e-02
7.955995716039664101e-02
8.857322739919237797e-02
9.980544903618203401e-02
1.142462104950855706e-01
1.331894683726494166e-01
1.577646521456488871e-01
1.676517183792083365e-01
1.706701826417531265e-01
1.736729749480370455e-01
1.766061118489321013e-01
1.795417753728506816e-01
1.823716564500784398e-01
1.851381768864130417e-01
1.877448765629494976e-01
1.902127144226019306e-01
1.924502811425219673e-01
1.944625478188436729e-01
1.961601921994154951e-01
1.975361857201859139e-01
1.985028379936919218e-01
1.990449406822906719e-01
1.990779946491667007e-01
1.985832791126053987e-01
1.974834338455337401e-01
1.957630202606956693e-01
1.933591541540900238e-01
1.902697728287790491e-01
1.864574812325837661e-01
1.819461560656223942e-01
1.767357424694653845e-01
1.708863036578284755e-01
1.644412279795584575e-01
1.574976566971791891e-01
1.501366264822711072e-01
1.424804226220258430e-01
1.346300802102944894e-01
1.267121278083777336e-01
1.188249632406126743e-01
1.110781436719203291e-01
1.035487531676319989e-01
9.631567107253244386e-02
8.942565084841425094e-02
8.292361822099802993e-02
7.682681586192162404e-02
7.115116330600285144e-02
6.589129581422918658e-02
6.104280777698824212e-02
5.658631501331898989e-02
5.250570406063752998e-02
4.877496265163785288e-02
4.537290122393432962e-02
4.227201952976519100e-02
3.945033184088252848e-02
3.688185109315191695e-02
3.454614250532408309e-02
3.242015751282869424e-02
3.048604467408180807e-02
2.872413043076118069e-02
2.711939914936725357e-02
2.565544831027335645e-02
2.431994529641482577e-02
2.309940537946152811e-02
2.198385151627652370e-02
2.096228267290640296e-02
2.002670326438910769e-02
1.916816825318308840e-02
1.838030630775886257e-02
1.765584604461762491e-02
1.698972675086871109e-02
1.637602631480781015e-02
1.581073171375272854e-02
1.528900318366048852e-02
1.480766094267664708e-02
1.436273192975249385e-02
1.395169759320640315e-02
1.357127924678131273e-02
1.321948297786403742e-02
1.289358759247138074e-02
1.259201596878826816e-02
1.231249597920450710e-02
1.205378237463662454e-02
1.181396625361768281e-02
1.159206742713654419e-02
1.138647218882453752e-02
1.119641280823678586e-02
1.102051674033651361e-02
1.085818723283331864e-02
1.070824985861669291e-02
1.057024605753907262e-02
1.044316511143066582e-02
1.032666066629518188e-02
1.021985809879431481e-02
1.012250260071021792e-02
1.003383338958125162e-02
9.953670721641293129e-03
9.881349641854747512e-03
9.816752276282647571e-03
9.759294848884599721e-03
9.708910751638606673e-03
9.665085417393871545e-03
9.627794946145660365e-03
9.596584146932728154e-03
9.571464887533940452e-03
9.552033229439545192e-03
9.538331146640863234e-03
9.529999196544344103e-03
9.527104805853975344e-03
9.529327363466202211e-03
9.536755884939478525e-03
9.549103794293337458e-03
9.566478442748757582e-03
9.588623175879697202e-03
9.615660888509411711e-03
9.647361260810753333e-03
9.683860272220966986e-03
9.724950742286622360e-03
9.770779496148617252e-03
9.821159569379272342e-03
9.876246510843744025e-03
9.935870810725781072e-03
1.000019463902848682e-02
1.006906323688755434e-02
1.014264321688107713e-02
1.022079182346995359e-02
1.030367776143593581e-02
1.039116738525064365e-02
1.048342887161344238e-02
1.058033454279809667e-02
1.068204905606575002e-02
1.078844720537878825e-02
1.089968666248619135e-02
1.101564073746338565e-02
1.113645607194839460e-02
1.126199997431510599e-02
1.139240333374809747e-02
1.152752228295963154e-02
1.166746647184529855e-02
1.181207495197076317e-02
1.196142982023399789e-02
1.211534636726457198e-02
1.227387197510236387e-02
1.243679072841090763e-02
1.260410732639351099e-02
1.277556652315663815e-02
1.295112169399009749e-02
1.313046965046700369e-02
1.331350338593534355e-02
1.349986300183413958e-02
1.368937204759634700e-02
1.388160549501314331e-02
1.407630898357265306e-02
1.427298498440715373e-02
1.447129416163567793e-02
1.467066106751468979e-02
1.487065672959056277e-02
1.507062540076495490e-02
1.527004737450675040e-02
1.546818845996618570e-02
1.566444190486810523e-02
1.585800235609288386e-02
1.604818562402943530e-02
1.623412890314658921e-02
1.641508693802921567e-02
1.659016020158560201e-02
1.675856582532330580e-02
1.691939526113818773e-02
1.707185813248662115e-02
1.721507065082031329e-02
1.734827036021125909e-02
1.747063626982665874e-02
1.758147234393608177e-02
1.768005998871554144e-02
1.776580812813971857e-02
1.783813839238626575e-02
1.789659975645208415e-02
1.794078655668532654e-02
1.797041597302178814e-02
1.798527887030832231e-02
