-2.332853497960297678e-05
7.774657729914512407e-06
-4.676767809762806812e-06
3.329764989198419398e-06
-2.604733272740873265e-06
2.119014519808015435e-06
-1.808945276266619368e-06
1.554939535397292631e-06
-1.388591141612200982e-06
1.229074128042630082e-06
-1.129170258232476903e-06
1.017109941360043138e-06
-9.534606254165039474e-07
8.684029235955090903e-07
-8.268467644034594579e-07
7.584462560463648792e-07
-7.314985199757517069e-07
6.739338634328010507e-07
-6.572986093515864088e-07
6.070156556870967221e-07
-5.980807229263223163e-07
5.527590785953649781e-07
-5.498741155579898738e-07
5.079067433266670877e-07
-5.100080699839652815e-07
4.702185833756170577e-07
-4.766219626271424123e-07
4.381008361768164872e-07
-4.483818460171231631e-07
4.103857155571022297e-07
-4.243086543743427767e-07
3.861947551311669524e-07
-4.036701083790885191e-07
3.648507300021720993e-07
-3.859104829502449648e-07
3.458189642753274867e-07
-3.706038429931320061e-07
3.286669069674501064e-07
-3.574222493304721668e-07
3.130353217397409481e-07
-3.461140043342778860e-07
2.986170856727746825e-07
-3.364886938732166823e-07
2.851407501851693880e-07
-3.284072452802660755e-07
2.723572449120157730e-07
-3.217757042800674145e-07
2.600282348512573976e-07
-3.165421818280408519e-07
2.479151966545940527e-07
-3.126966268474583471e-07
2.357681760558746877e-07
-3.102735227084833472e-07
2.233132875217926423e-07
-3.093578836778865116e-07
2.102377657221653627e-07
-3.100954022397036545e-07
1.961710640408002113e-07
-3.127081087628917827e-07
1.806598558320884351e-07
-3.175177749233280359e-07
1.631338552625711216e-07
-3.249805610914445777e-07
1.428576936745344154e-07
-3.357385072666591517e-07
1.188614444592735367e-07
-3.506968906586046232e-07
8.983787925472926178e-08
-3.711423873944519707e-07
5.398660384699963649e-08
-3.989273924135519270e-07
8.771181076133645065e-09
-4.367648107744462266e-07
-4.947091741883630236e-08
-4.887139064930107833e-07
-1.261765700212808896e-07
-5.610097045609733547e-07
-2.296784115486463040e-07
-6.635407855767627464e-07
-3.732547226381264191e-07
-8.129641562750352870e-07
-5.856848429845426341e-07
-1.121662594244091218e-06
-1.197014545388333973e-06
-2.062006819804470999e-06
-2.497307847229367190e-06
-3.809262820286284342e-06
-4.834358954274869613e-06
-6.932443939155327358e-06
-8.982056767950577988e-06
-1.241884064953464039e-05
-1.622914510936212122e-05
-2.191043401261549779e-05
-2.871729931150448863e-05
-3.813485575673876410e-05
-5.003434146121274847e-05
-6.566986009318051239e-05
-8.632344472445682530e-05
-1.123746245646882079e-04
-1.485595268334475932e-04
-1.921817256191113280e-04
-2.579853503443507701e-04
-3.297461741844334888e-04
-4.661998420867129547e-04
-5.092513607037290994e-04
-1.944402534022287405e-04
-7.123409759138011601e-05
-1.055638881558634758e-04
-8.194396592074766768e-05
-8.936592946996862476e-05
-7.527582127704758987e-05
-7.567399067085317759e-05
-6.411207788981513407e-05
-6.156527873997387609e-05
-5.128364278108629552e-05
-4.763200296475368059e-05
-3.864182102344021111e-05
-3.507161862899634030e-05
-2.766511816003631427e-05
-2.494070414751791049e-05
-1.930521049606525563e-05
-1.777737092786433056e-05
-1.384383383521680183e-05
-1.349360982475455805e-05
-1.095709893549705814e-05
-1.152559179265221971e-05
-9.969643781314635166e-06
-1.112162939364851443e-05
-1.015256334879442249e-05
-1.160005276993228956e-05
-1.092509707736389478e-05
-1.247834880862983892e-05
-1.191841567455601614e-05
-1.348054458886468035e-05
-1.294527541117594337e-05
-1.448366816379063469e-05
-1.393826245769558398e-05
-1.545624803582671284e-05
-1.489524466174835047e-05
-1.641258275462673504e-05
-1.584360589591098236e-05
-1.738563424835207408e-05
-1.682088411309356541e-05
-1.841351776699631852e-05
-1.786599485089233256e-05
-1.953398505645704848e-05
-1.901620843836503017e-05
-2.078297288529785459e-05
-2.030686063416573857e-05
-2.219496055845394906e-05
-2.177217868715506968e-05
-2.380399590781521918e-05
-2.344645097427399243e-05
-2.564487481229659155e-05
-2.536521521857959646e-05
-2.775427351105080897e-05
-2.756635389501090489e-05
-3.017177675884120735e-05
-3.009107796999100547e-05
-3.294080300705132870e-05
-3.298481387954221942e-05
-3.610944672466237119e-05
-3.629801656775575675e-05
-3.973125919853188315e-05
-4.008692857935491048e-05
-4.386598444496696573e-05
-4.441429876350538896e-05
-4.858025968873323747e-05
-4.935006671194543657e-05
-5.394828300681274018e-05
-5.497201195064147351e-05
-6.005244340705921181e-05
-6.136636042496966341e-05
-6.698390261610991201e-05
-6.862833387135728572e-05
-7.484311125413818709e-05
-7.686262234346988667e-05
-8.374023617695460181e-05
-8.618375292726771809e-05
-9.379546972430195448e-05
-9.671632266722712541e-05
-1.051391852605012867e-04
-1.085950569539477289e-04
-1.179118975591805470e-04
-1.219646484865096896e-04
-1.322639808223164087e-04
-1.369793266806214826e-04
-1.483550909946114210e-04
-1.538021016326812770e-04
-1.663532348408002599e-04
-1.726036220263546463e-04
-1.864334240943641004e-04
-1.935605841065075839e-04
-2.087758503031135839e-04
-2.168536262604784856e-04
-2.335635171944716029e-04
-2.426646459504394789e-04
-2.609792688025777945e-04
-2.711734794697114796e-04
-2.912021591708555948e-04
-3.025538941019235767e-04
-3.244031207846440230e-04
-3.369688557010880477e-04
-3.607399046990814951e-04
-3.745650535420549476e-04
-4.003512903883415901e-04
-4.154666913667650762e-04
-4.433505913979450628e-04
-4.597685863990552831e-04
-4.898185225679133580e-04
-5.075286571819806383e-04
-5.397955398053268803e-04
-5.587599318472453438e-04
-5.932738157407122393e-04
-6.134222582111126167e-04
-6.501890739779365340e-04
-6.714139581905452904e-04
-7.104125695697260197e-04
-7.325637268538479291e-04
-7.737435654898520152e-04
-7.966231328421867876e-04
-8.399027221958037118e-04
-8.632601259295005769e-04
-9.085268730008730842e-04
-9.320539896156706215e-04
-9.791657033822777096e-04
-1.002492186945790889e-03
-1.051280892273020150e-03
-1.073969516385073946e-03
-1.124248284680330091e-03
-1.145789922899028822e-03
-1.197363681957791352e-03
-1.217171150255392294e-03
-1.269852850778277389e-03
-1.287252169061883647e-03
-1.340886423292494706e-03
-1.355102867680509646e-03
-1.409600593149139183e-03
-1.419734723346358692e-03
-1.475125145020887967e-03
-1.480109692717899170e-03
-1.536622010981644054e-03
-1.535141394798770131e-03
-1.593341925514832813e-03
-1.583674911048443259e-03
-1.644719053263680140e-03
-1.624409602462551254e-03
-1.690562369563091772e-03
-1.655655344317411622e-03
-1.731549812337608400e-03
-1.674497099983447571e-03
-1.770968103838345842e-03
-1.673005393425827702e-03
-1.824684229660515676e-03
-1.603945225278659292e-03
-2.169931284385513345e-03
