-5.001567603649818006e-01
-4.996901905664694055e-01
-4.987571636383356655e-01
-4.973573666685703332e-01
-4.954911370295484452e-01
-4.931578462170829735e-01
-4.903580543925408763e-01
-4.870908120554134912e-01
-4.833568989266837646e-01
-4.791550362925312556e-01
-4.744862188297863104e-01
-4.693488274452894959e-01
-4.637440657074608508e-01
-4.576699598412341530e-01
-4.511279146664064488e-01
-4.441155840430962010e-01
-4.366345646769331790e-01
-4.286821166924730253e-01
-4.202600174022024793e-01
-4.113651077562912040e-01
-4.019993322470714059e-01
-3.921590826786239825e-01
-3.818464548590561614e-01
-3.710573563769429262e-01
-3.597940156994692829e-01
-3.480518153490375632e-01
-3.358330945662667544e-01
-3.231326633480494648e-01
-3.099529460580981444e-01
-2.962881250977352776e-01
-2.821406798799639959e-01
-2.675041013126606138e-01
-2.523808885484790099e-01
-2.367637667926739131e-01
-2.206552133861564846e-01
-2.040471014943727734e-01
-1.869418376024068740e-01
-1.693303421336142811e-01
-1.512148926163321139e-01
-1.325853388926510612e-01
-1.134437604095191315e-01
-9.377879799371263703e-02
-7.359225037174921269e-02
-5.287138597969041898e-02
-3.161762349453629828e-02
-9.816665135888018312e-03
1.253057056924258665e-02
3.544017893714527384e-02
5.891188775252590576e-02
8.296386777343815744e-02
1.075966722385270913e-01
1.328308836994308573e-01
1.586681021126461477e-01
1.851317322637726082e-01
2.122246964194370034e-01
2.399737270114983001e-01
2.683834150294629461e-01
2.974844491847529748e-01
3.272835289905663414e-01
3.578160900563031044e-01
3.890915049239960233e-01
4.211509627364704578e-01
4.540072424069169776e-01
4.877085858766530002e-01
5.222721438887731882e-01
5.577549137575150695e-01
5.941797081675437298e-01
6.316145488573570166e-01
6.700896637098450181e-01
7.096871801719787376e-01
7.504471710654478933e-01
7.924701410582980499e-01
8.358094561161015790e-01
8.805900500028680522e-01
9.268836333365810809e-01
9.748483105772345336e-01
1.024581930180179068e+00
1.076288389999404016e+00
1.130105232568150209e+00
1.186298501727304222e+00
1.245088922925872366e+00
1.306956556778851253e+00
1.374591932468443245e+00
1.454995248682369402e+00
1.550049283453149407e+00
1.655422757240879283e+00
1.767187025556328450e+00
1.881957451842356077e+00
1.997618626171655087e+00
2.112623718893483993e+00
2.226153374806675522e+00
2.337590846763176966e+00
2.446672905059787961e+00
2.553155274035315170e+00
2.656978906820310016e+00
2.758038876883093238e+00
2.856341148546658548e+00
2.951826380777558878e+00
3.044504845483961830e+00
3.134314355804544316e+00
3.221222575812688227e+00
3.305112830746053998e+00
3.385819656123696397e+00
3.463058238639326269e+00
3.536191962560814694e+00
3.605384387446862071e+00
3.672915560350632269e+00
3.739878403096007720e+00
3.806207478062106908e+00
3.872009249463260527e+00
3.937330415680923679e+00
4.002255012801446021e+00
4.066862189587081566e+00
4.131237829242387249e+00
4.195475715205438938e+00
4.259661112303445130e+00
4.323886533073241445e+00
4.388222500764284995e+00
4.452738539535147311e+00
4.517467745239574839e+00
4.582430638789098509e+00
4.647598893216634330e+00
4.712923575698568790e+00
4.778302982958062550e+00
4.843617181562962060e+00
4.908702011363877737e+00
4.973388747826021472e+00
5.037482054151795730e+00
5.100800542867176546e+00
5.163154488212210680e+00
5.224383209308954612e+00
5.284329847207443365e+00
5.342874062263651247e+00
5.399903798884044370e+00
5.455344057740553865e+00
5.509127030753169230e+00
5.561218440444318567e+00
5.611587496458814606e+00
5.660231989521795626e+00
5.707148994091755689e+00
5.752359356753530051e+00
5.795879554293303926e+00
5.837745810560739379e+00
5.877987202549380008e+00
5.916649428201737670e+00
5.953769107196150934e+00
5.989397142091930526e+00
6.023574113536057872e+00
6.056353163298962450e+00
6.087776381683132065e+00
6.117897153024467904e+00
6.146757446893196253e+00
6.174409584916213944e+00
6.200894363817345045e+00
6.226262219184976132e+00
6.250552122778090691e+00
6.273812131924339397e+00
6.296079014755818548e+00
6.317398183294666403e+00
6.337804008658681987e+00
6.357339142276347665e+00
6.376035489244697096e+00
6.393932926286729490e+00
6.411060905959394596e+00
6.427456582570389543e+00
6.443147023303076537e+00
6.458166754833558620e+00
6.472540560011751154e+00
6.486300458711263595e+00
6.499469070725781172e+00
6.512076044685418452e+00
6.524141969461274115e+00
6.535694264958546107e+00
6.546751625682467157e+00
6.557339386982631524e+00
6.567474485596174638e+00
6.577180314546648532e+00
6.586472186495913483e+00
6.595371690046311741e+00
6.603892642636457033e+00
6.612054960492141475e+00
6.619871088617092170e+00
6.627359396110024115e+00
6.634531071546197367e+00
6.641403054841194198e+00
6.647985387004774260e+00
6.654293689197227302e+00
6.660336956472455050e+00
6.666129594146858572e+00
6.671679645740646869e+00
6.677000396267091631e+00
6.682099025134449199e+00
6.686987785467917611e+00
6.691673073253705972e+00
6.696166191328505768e+00
6.700472826535612825e+00
6.704603406558231171e+00
6.708562977317720666e+00
6.712361160387609438e+00
6.716002423298695234e+00
6.719495644850336902e+00
6.722844771398084340e+00
6.726057996977108822e+00
6.729138799037317931e+00
6.732094739909971537e+00
6.734928875824751415e+00
6.737648185883839069e+00
6.740255348546384084e+00
6.742756803924070397e+00
6.745154892252293699e+00
6.747455554986619752e+00
6.749660830097981012e+00
6.751776197129164103e+00
6.753803424455225191e+00
6.755747563152652901e+00
6.757610141655946201e+00
6.759395812998906017e+00
6.761105892575959508e+00
6.762744663033393167e+00
6.764313251109960845e+00
6.765815594185952797e+00
6.767252652432744320e+00
6.768628040767931786e+00
6.769942572788996138e+00
6.771199561632907482e+00
6.772399692405110194e+00
6.773545995201336822e+00
6.774639042971116076e+00
6.775681599727048976e+00
6.776674141002199114e+00
6.777619180047433467e+00
6.778517108255230461e+00
6.779370201928260009e+00
6.780178780248752091e+00
6.780944894990609484e+00
6.781668803814416613e+00
6.782352345090388646e+00
6.782995724494698564e+00
6.783600576911239521e+00
6.784167064495902899e+00
6.784696627430431448e+00
6.785189391807937120e+00
6.785646610822581692e+00
6.786068381012205109e+00
6.786455775281390324e+00
6.786808866217193703e+00
6.787128552160635486e+00
6.787414886487998622e+00
6.787668597766673528e+00
6.787889724068977948e+00
6.788078828071545168e+00
6.788235935640847707e+00
6.788361446560879919e+00
6.788455376800383689e+00
6.788517965380824748e+00
6.788549219904762566e+00
