-6.311934680214469573e+00
-6.311340808741572772e+00
-6.310153132685900168e+00
-6.308371406856359442e+00
-6.305995830870748442e+00
-6.303025911426389349e+00
-6.299461977693526116e+00
-6.295303282366732311e+00
-6.290550278818130003e+00
-6.285201956775964938e+00
-6.279258886198284983e+00
-6.272719781655031746e+00
-6.265585319678751652e+00
-6.257853924045879701e+00
-6.249526365282285667e+00
-6.240600757012970234e+00
-6.231077948381422260e+00
-6.220955719427831987e+00
-6.210234979460642180e+00
-6.198913146989935896e+00
-6.186991169608547558e+00
-6.174466071305232617e+00
-6.161338812217501903e+00
-6.147605983126102736e+00
-6.133268526585742286e+00
-6.118322555000101914e+00
-6.102768958179420444e+00
-6.086603317545281833e+00
-6.069826429176757188e+00
-6.052433282316005858e+00
-6.034424531530213187e+00
-6.015794502686150125e+00
-5.996543653073670654e+00
-5.976665562273026922e+00
-5.956160425077549725e+00
-5.935020978049545093e+00
-5.913247076992375284e+00
-5.890830502302633498e+00
-5.867770680757526058e+00
-5.844058303802418308e+00
-5.819692262766080759e+00
-5.794662003694463159e+00
-5.768965756070679518e+00
-5.742591535363755995e+00
-5.715536758276885010e+00
-5.687787789364318947e+00
-5.659341051231628228e+00
-5.630180993786288113e+00
-5.600302826277776092e+00
-5.569688766196943419e+00
-5.538332542377095713e+00
-5.506213754185170117e+00
-5.473324322178313217e+00
-5.439640755600722244e+00
-5.405152760750311813e+00
-5.369833173930491199e+00
-5.333668979708409807e+00
-5.296628614602568064e+00
-5.258695700560779507e+00
-5.219833357848084887e+00
-5.180021027229058106e+00
-5.139215343031562355e+00
-5.097390506275640831e+00
-5.054495152253008605e+00
-5.010496854374477671e+00
-4.965334262030602908e+00
-4.918966473343633794e+00
-4.871319498910632539e+00
-4.822341459006989517e+00
-4.771942116584146021e+00
-4.720055157226536124e+00
-4.666569083932832207e+00
-4.611398261230082340e+00
-4.554402810707328442e+00
-4.495470668665182856e+00
-4.434423222063148984e+00
-4.371111216908865948e+00
-4.305302035762148094e+00
-4.236791625521554749e+00
-4.165271656487720797e+00
-4.090440835771719463e+00
-4.011799139548348769e+00
-3.927395257392414241e+00
-3.832708996240072441e+00
-3.727081076171139262e+00
-3.614054138040700970e+00
-3.496759018267715735e+00
-3.377810104501438371e+00
-3.258845747769488987e+00
-3.141036385249402318e+00
-3.025006460943349573e+00
-2.911208674476214675e+00
-2.799835092950079485e+00
-2.691050855948262210e+00
-2.584886614544263939e+00
-2.481397252887425964e+00
-2.380557395598734693e+00
-2.282381004330844565e+00
-2.186830084982625877e+00
-2.093910118506129514e+00
-2.003599392491047571e+00
-1.915924218688620728e+00
-1.830930429090487088e+00
-1.748725863043817386e+00
-1.669621974612855775e+00
-1.593360810492435942e+00
-1.518319441927306945e+00
-1.443749114119541543e+00
-1.369686352600423929e+00
-1.296053265774763874e+00
-1.222814055454599425e+00
-1.149910611492795720e+00
-1.077291270415631219e+00
-1.004904065426768689e+00
-9.326963548766226131e-01
-8.606268602977660276e-01
-7.886553420425489458e-01
-7.167629285088581437e-01
-6.449378171046667996e-01
-5.731991026402156741e-01
-5.015797636264035519e-01
-4.301501783326490136e-01
-3.589973190036729878e-01
-2.882448142089260590e-01
-2.180274898376041159e-01
-1.485072113677144146e-01
-7.984426821094814386e-02
-1.221115725242790523e-02
5.423583329580773660e-02
1.193417935967641258e-01
1.829786164915842839e-01
2.450274656983491006e-01
3.054004857019687602e-01
3.640208727237785880e-01
4.208417306829641547e-01
4.758249813781850746e-01
5.289586062121137688e-01
5.802355406812105265e-01
6.296702037492961646e-01
6.772780543142936649e-01
7.230918556310674816e-01
7.671421637277381356e-01
8.094734627779163194e-01
8.501256199783429057e-01
8.891498755768333373e-01
9.265911980046727114e-01
9.625040611195425644e-01
9.969356066356428459e-01
1.029941138244997889e+00
1.061568003379437242e+00
1.091870748278916059e+00
1.120895645882903802e+00
1.148695473247658194e+00
1.175314627577116022e+00
1.200803502334801376e+00
1.225204146031342978e+00
1.248564224706156356e+00
1.270923187658992592e+00
1.292325812003836782e+00
1.312808846524207596e+00
1.332414139448888868e+00
1.351175736655805704e+00
1.369132597390700257e+00
1.386316126698756257e+00
1.402762486066072789e+00
1.418500542645225515e+00
1.433563783159347516e+00
1.447978664509532276e+00
1.461776140033888227e+00
1.474980397648935737e+00
1.487620007901854224e+00
1.499717037045019019e+00
1.511297826395624710e+00
1.522382468766976693e+00
1.532995228547643363e+00
1.543154370778120343e+00
1.552882231144954384e+00
1.562195387738952279e+00
1.571114389870678085e+00
1.579654263205578779e+00
1.587833905974310733e+00
1.595666918770826115e+00
1.603170676373854020e+00
1.610357474029815439e+00
1.617243282733588750e+00
1.623839204308862971e+00
1.630159917626180954e+00
1.636215435246155758e+00
1.642019247686338890e+00
1.647580374813168769e+00
1.652911214910707027e+00
1.658019884398912236e+00
1.662917778109255229e+00
1.667612191273446953e+00
1.672113597074689206e+00
1.676428545195011610e+00
1.680566662387498189e+00
1.684533822193888586e+00
1.688338873972699661e+00
1.691987078703805603e+00
1.695486571610250293e+00
1.698842059254415116e+00
1.702061020607241071e+00
1.705147660912870400e+00
1.708108855787481728e+00
1.710948357587499080e+00
1.713672486860723820e+00
1.716284587198079414e+00
1.718790468112012082e+00
1.721193104584388900e+00
1.723497835210576312e+00
1.725707302877421467e+00
1.727826411785032601e+00
1.729857505900181280e+00
1.731805088251284097e+00
1.733671234003742345e+00
1.735460075216720188e+00
1.737173445579649478e+00
1.738815133620661424e+00
1.740386756327849671e+00
1.741891783609003985e+00
1.743331638197916700e+00
1.744709493982151249e+00
1.746026599764621823e+00
1.747285853900346853e+00
1.748488349646665663e+00
1.749636728380744577e+00
1.750731944429369635e+00
1.751776398975639193e+00
1.752770922411266863e+00
1.753717690883231484e+00
1.754617424358633881e+00
1.755472087609660337e+00
1.756282302323470379e+00
1.757049834176158010e+00
1.757775217458662720e+00
1.758460029746956810e+00
1.759104727649743349e+00
1.759710710442823789e+00
1.760278365675894019e+00
1.760808923003024162e+00
1.761302708514421722e+00
1.761760789862905741e+00
1.762183438312108663e+00
1.762571566129042644e+00
1.762925395464409073e+00
1.763245688854291782e+00
1.763532624169656726e+00
1.763786818945728196e+00
1.764008410757959666e+00
1.764197875974861107e+00
1.764355315036288285e+00
1.764481066104417462e+00
1.764575194837899819e+00
1.764637903295825705e+00
1.764669223918009955e+00
