0.000000000000000000e+00
0.000000000000000000e+00
3.896729599029885167e+22
1.169198674650880708e+23
2.338936195291490403e+23
3.899423087300677028e+23
5.851373799458962502e+23
8.195678151409257236e+23
1.093339856616486146e+24
1.406576772826131685e+24
1.759418460563546898e+24
2.152021118925208170e+24
2.584556719872591499e+24
3.057212578246403421e+24
3.570190676839624035e+24
4.123707117004758509e+24
4.717991280866947213e+24
5.353285143485171236e+24
6.029842251084700586e+24
6.747926871900143575e+24
7.507812765280782879e+24
8.309782144235278271e+24
9.154124205940249465e+24
1.004113387460725056e+25
1.097111005929881118e+25
1.194435414105200100e+25
1.296116791898821687e+25
1.402185180068208619e+25
1.512670239238297005e+25
1.627601034647300336e+25
1.747005754627883090e+25
1.870911455922389565e+25
1.999343736133150451e+25
2.132326433951220097e+25
2.269881249564688483e+25
2.412027393660884848e+25
2.558781149306710111e+25
2.710155463168858547e+25
2.866159441993804438e+25
3.026797879194325783e+25
3.192070678818061460e+25
3.361972310541110402e+25
3.536491154003144859e+25
3.715608875424601664e+25
3.899299685510867062e+25
4.087529631495141800e+25
4.280255762617383455e+25
4.477425332557100567e+25
4.678974867962892837e+25
4.884829278197382690e+25
5.094900824774179266e+25
5.309088138375124056e+25
5.527275090658001952e+25
5.749329722989522078e+25
5.975103027319140294e+25
6.204427797465256747e+25
6.437117333112535699e+25
6.672964233380508050e+25
6.911739048120727620e+25
7.153189045619107504e+25
7.397036849013790081e+25
7.642979226237077435e+25
7.890685767470814507e+25
8.139797766914456594e+25
8.389927020831911426e+25
8.640654898736557575e+25
8.891531372006622347e+25
9.142074408095984167e+25
9.391769378272872965e+25
9.640068954106904607e+25
9.886393091065252173e+25
1.013012966328212166e+26
1.037063527909996692e+26
1.060723695858422341e+26
1.083923411007278632e+26
1.106590163176049901e+26
1.128649347313842663e+26
1.150024760588981823e+26
1.170639175608034706e+26
1.190415060591508078e+26
1.209275478273151579e+26
1.227144814618024636e+26
1.243948645615039257e+26
1.259589720283133252e+26
1.273896825726909646e+26
1.286678227005079676e+26
1.297862151198459547e+26
1.307520577439454330e+26
1.315807349990676684e+26
1.322906285806097086e+26
1.328998165481723910e+26
1.334245990597719516e+26
1.338789794111734572e+26
1.342747114887926510e+26
1.346215269879196791e+26
1.349274476612426822e+26
1.351990712005709896e+26
1.354418358554111842e+26
1.356602339119419655e+26
1.358579947060948821e+26
1.360382278914157292e+26
1.362035451020646905e+26
1.363561553316682431e+26
1.364979499784117510e+26
1.366305717016288220e+26
1.367554956756841272e+26
1.368740145279881176e+26
1.369870255068768266e+26
1.370950266919635736e+26
1.371983811469249837e+26
1.372974179983520994e+26
1.373924272398959813e+26
1.374836665497539942e+26
1.375713630701767889e+26
1.376557173761224512e+26
1.377369062373687137e+26
1.378150860779133304e+26
1.378903962197976569e+26
1.379629624367969681e+26
1.380329006105936086e+26
1.381003204646809256e+26
1.381653293439861152e+26
1.382280357175361045e+26
1.382885523859656376e+26
1.383469989614750973e+26
1.384035036800941722e+26
1.384582042237379956e+26
1.385112478064076377e+26
1.385627904187988505e+26
1.386129956527716155e+26
1.386620331302128296e+26
1.387100769670006256e+26
1.387573042749986519e+26
1.388038940158822193e+26
1.388500261197284455e+26
1.388958810504373765e+26
1.389416396660588256e+26
1.389874834738061079e+26
1.390335951142553635e+26
1.390801591412078347e+26
1.391273629516237981e+26
1.391753979243211307e+26
1.392244606527898202e+26
1.392747543302728244e+26
1.393264902020257512e+26
1.393798891413915977e+26
1.394351832889657932e+26
1.394926178069505643e+26
1.395524527073910350e+26
1.396149647991291884e+26
1.396804497280511491e+26
1.397492241461988776e+26
1.398216279980330595e+26
1.398980269486517934e+26
1.399788149547971321e+26
1.400644169913593532e+26
1.401552919462596135e+26
1.402519356829096884e+26
1.403548842951067566e+26
1.404647175383724181e+26
1.405820624747653297e+26
1.407075972979390328e+26
1.408420553880088950e+26
1.409862295432816479e+26
1.411409764514209846e+26
1.413072213244443758e+26
1.414859627736933322e+26
1.416782778231126779e+26
1.418853271511881612e+26
1.421083604299870232e+26
1.423487218665871144e+26
1.426078557812497656e+26
1.428873123434131568e+26
1.431887532613079071e+26
1.435139575630951886e+26
1.438648272221955888e+26
1.442433927828170207e+26
1.446518186907160369e+26
1.450924085049420780e+26
1.455676096437964701e+26
1.460800178625892681e+26
1.466323810610921837e+26
1.472276026427796538e+26
1.478687439658823742e+26
1.485590261362371821e+26
1.493018306229263449e+26
1.501006989787832681e+26
1.509593310883639582e+26
1.518815822626539848e+26
1.528714585475549115e+26
1.539331106086361583e+26
1.550708255090490682e+26
1.562890167931945220e+26
1.575922121511667119e+26
1.589850391342576306e+26
1.604722081659836192e+26
1.620584933845948837e+26
1.637487105453311118e+26
1.655476925919797579e+26
1.674602621270283420e+26
1.694912014707744246e+26
1.716452195593796130e+26
1.739269164587455083e+26
1.763407447863036080e+26
1.788909689073622004e+26
1.815816212624218398e+26
1.844164567815981844e+26
1.873989048287121023e+26
1.905320197157870967e+26
1.938184293367407981e+26
1.972602830350224817e+26
2.008591983770637205e+26
2.046162080031109823e+26
2.085317063625325063e+26
2.126053975375556198e+26
2.168362441038297418e+26
2.212224182322622348e+26
2.257612551207463697e+26
2.304492099216556329e+26
2.352818183850064303e+26
2.402536622992990617e+26
2.453583400642328048e+26
2.505884433435393276e+26
2.559355402218182221e+26
2.613901656276434258e+26
2.669418195053933152e+26
2.725789732605138917e+26
2.782890849833425889e+26
2.840586236910974864e+26
2.898731030774761278e+26
2.957171246846293571e+26
3.015744309331100836e+26
3.074279675715420883e+26
3.132599558928116386e+26
3.190519739122717632e+26
3.247850467371061721e+26
3.304397449606817200e+26
3.359962911731916223e+26
3.414346730850291944e+26
3.467347632068349571e+26
3.518764432898886793e+26
3.568397333258328200e+26
3.616049230807374231e+26
3.661527058320555947e+26
3.704643121362492380e+26
3.745216431908886501e+26
3.783074015667396139e+26
3.818052188039692493e+26
3.849997776991068750e+26
3.878769287488505735e+26
3.904237987343729820e+26
3.926288909287822428e+26
3.944821751702919899e+26
3.959751673440568915e+26
3.971009968654153420e+26
3.978544618067496326e+26
