8.080592478766174480e+00
8.079066366613314898e+00
8.076013944860481075e+00
8.071435142670482676e+00
8.065329363458747736e+00
8.057696459282732704e+00
8.048535421625878428e+00
8.037846012782155825e+00
8.025626790761434037e+00
8.011877408799156441e+00
7.996595960809690595e+00
7.979781964659263593e+00
7.961433009983532649e+00
7.941548445431112491e+00
7.920125305971111196e+00
7.897162728968263323e+00
7.872657133305515309e+00
7.846607393920248974e+00
7.819009240121026494e+00
7.789861223132274581e+00
7.759158295848308740e+00
7.726898613047515241e+00
7.693076249446298753e+00
7.657688877605613342e+00
7.620729575457062310e+00
7.582195432602633289e+00
7.542078392401113440e+00
7.500374843437577432e+00
7.457075434680362491e+00
7.412175715470658233e+00
7.365664855063205785e+00
7.317537401680563214e+00
7.267780829781566254e+00
7.216388496689615017e+00
7.163345932000641625e+00
7.108645079215620832e+00
7.052269231567207086e+00
6.994208656191061024e+00
6.934444069020802459e+00
6.872963750604223598e+00
6.809745439215777019e+00
6.744775060814768075e+00
6.678026903676940407e+00
6.609484100649608784e+00
6.539116929796139566e+00
6.466905205591834793e+00
6.392814527515589873e+00
6.316820758875935304e+00
6.238884017928501891e+00
6.158975449566111315e+00
6.077048720004198934e+00
5.993069318848588622e+00
5.906983276804372629e+00
5.818749275299724744e+00
5.728304254485054869e+00
5.635598656872688572e+00
5.540558526564501207e+00
5.443124275348392160e+00
5.343208788652873409e+00
5.240740181575348267e+00
5.135615315440133166e+00
5.027747113654974953e+00
4.917012744810959290e+00
4.803306203651337647e+00
4.686480217914414936e+00
4.566404983340031976e+00
4.442902581805531881e+00
4.315813017469847246e+00
4.184919567972677612e+00
4.050023651473078523e+00
3.910859050470022247e+00
3.767177754215670582e+00
3.618650431072044871e+00
3.464966503328394065e+00
3.305717907392281329e+00
3.140519012668921750e+00
2.968872129702686991e+00
2.790318728053600594e+00
2.604295603412595916e+00
2.410344571259823265e+00
2.208035401227411931e+00
1.997425364667624770e+00
1.781480604963800118e+00
1.570286342954839043e+00
1.373941919226807196e+00
1.198767675688338086e+00
1.050860114453672667e+00
9.346463342435527011e-01
8.517451543798637559e-01
7.998496456285849598e-01
7.738547305106134866e-01
7.675725775525462646e-01
7.754710720785922273e-01
7.932714917093027784e-01
8.180800508013298389e-01
8.480294303664789313e-01
8.820695102601987525e-01
9.196335601066343290e-01
9.605786229929562658e-01
1.004975932795869609e+00
1.053206800376628616e+00
1.105783046309501083e+00
1.163641923695468927e+00
1.227830273386651072e+00
1.299991850524055748e+00
1.329374879024215916e+00
1.311772163336626162e+00
1.292155201363584860e+00
1.271162461494941498e+00
1.248540171399362242e+00
1.224274453740111568e+00
1.198229549038209552e+00
1.170377279401891624e+00
1.140648435593360599e+00
1.109046583589996970e+00
1.075569259963359725e+00
1.040274496627255685e+00
1.003232805017198137e+00
9.645685476303895722e-01
9.244270341534457369e-01
8.829997352740099892e-01
8.404986501403535204e-01
7.971697347705014591e-01
7.532707004496248526e-01
7.090760902240970109e-01
6.648578542260477064e-01
6.208860317424764741e-01
5.774134668369115264e-01
5.346758456249215419e-01
4.928818563331400782e-01
4.522146711783077144e-01
4.128273926693241114e-01
3.748460961044665640e-01
3.383691516339062400e-01
3.034708953074408133e-01
2.702031596713035944e-01
2.385986126540594610e-01
2.086732550282907050e-01
1.804288797089865504e-01
1.538558457661714507e-01
1.289345053672677766e-01
1.056379605069342614e-01
8.393253390121883928e-02
6.378042641804497481e-02
4.513939689198858546e-02
2.796532618512906354e-02
1.221128099304123922e-02
-2.169984939722288068e-03
-1.522743038819971556e-02
-2.700925909020959054e-02
-3.756466054029618945e-02
-4.694135583389495714e-02
-5.518758579091739142e-02
-6.234965903895920564e-02
-6.847411651027662804e-02
-7.360527759061037678e-02
-7.778752758819319768e-02
-8.106286244804734864e-02
-8.347325887276051126e-02
-8.505822090824745330e-02
-8.585720205261977711e-02
-8.590715850099113482e-02
-8.524499971128479681e-02
-8.390515370754478286e-02
-8.192202787300179034e-02
-7.932759178568442315e-02
-7.615383398726342790e-02
-7.243036758775767137e-02
-6.818687177729551574e-02
-6.345072503521073659e-02
-5.824942246889637520e-02
-5.260824098827307505e-02
-4.655262535475979818e-02
-4.010588919068192038e-02
-3.329156403215510068e-02
-2.613113956630226317e-02
-1.864637109910675244e-02
-1.085706196787802023e-02
-2.783325727463188768e-03
5.556586720858147990e-03
1.414407320393845993e-02
2.296230625475302947e-02
3.199406984645725149e-02
4.122383662448259739e-02
5.063565722705558325e-02
6.021518720421384363e-02
6.994763046702741349e-02
7.981971457705078210e-02
8.981768955211269501e-02
9.992925042905023703e-02
1.101415923966029553e-01
1.204432797260189536e-01
1.308223579910697265e-01
1.412681686284959215e-01
1.517695188332060796e-01
1.623164411567428189e-01
1.728984215256933465e-01
1.835061034139653102e-01
1.941295743192003320e-01
2.047600141562211373e-01
2.153880404349496347e-01
2.260053006201556969e-01
2.366028761815479053e-01
2.471728187505248808e-01
2.577066131557622097e-01
2.681966572823316630e-01
2.786347841614348342e-01
2.890136855024770801e-01
2.993254928712330565e-01
3.095631449218262388e-01
3.197190276711823209e-01
3.297862855062645426e-01
3.397575205426744960e-01
3.496260475223074704e-01
3.593846522281394784e-01
3.690267904199800997e-01
3.785454052637227673e-01
3.879340704765581460e-01
3.971858667162163625e-01
4.062944691222660776e-01
4.152530825964201311e-01
4.240554739324768896e-01
4.326949659017063077e-01
4.411654141599266055e-01
4.494602600303057582e-01
4.575734523617775995e-01
4.654985588743952851e-01
4.732296331178886817e-01
4.807603842112370129e-01
4.880849890141515934e-01
4.951973200523046015e-01
5.020917029683071853e-01
5.087622023776627866e-01
5.152033246107158293e-01
5.214093611931709393e-01
5.273750368283987022e-01
5.330949101426302184e-01
5.385639667911297224e-01
5.437770770545995447e-01
5.487295338865696426e-01
5.534165668988973996e-01
5.578338251056011998e-01
5.619769467947646202e-01
5.658419866715977964e-01
5.694250410873502588e-01
5.727226192447406605e-01
5.757313232457199614e-01
5.784481630014290943e-01
5.808702905731011334e-01
5.829952584284736616e-01
5.848208075864324007e-01
5.863450688849252135e-01
5.875664045004643787e-01
5.884835519379767454e-01
5.890955185800981209e-01
5.894016681753911913e-01
