1.481373005363300344e+01
1.481271164023793219e+01
1.481067444721761817e+01
1.480761901633941946e+01
1.480354424556670523e+01
1.479845121651155715e+01
1.479233808124498495e+01
1.478520645732765715e+01
1.477705373396867472e+01
1.476788205870457205e+01
1.475768803378509553e+01
1.474647432851504192e+01
1.473423672660742945e+01
1.472097840847426831e+01
1.470669429976413589e+01
1.469138807859609663e+01
1.467505376447301835e+01
1.465769551671997561e+01
1.463930639130462197e+01
1.461989100870626324e+01
1.459944139372891492e+01
1.457796260384997211e+01
1.455544555370466853e+01
1.453189570883037973e+01
1.450730278192728839e+01
1.448167261204562273e+01
1.445499360374233078e+01
1.442727192841496198e+01
1.439849455978637316e+01
1.436866795258326945e+01
1.433777750803909967e+01
1.430582990582501779e+01
1.427280881103864019e+01
1.423872105867993021e+01
1.420354838836825095e+01
1.416729770727848070e+01
1.412994860995685187e+01
1.409150797618925921e+01
1.405195299996665703e+01
1.401129041411524412e+01
1.396949471368959905e+01
1.392657234044311210e+01
1.388249474042854636e+01
1.383726788990962753e+01
1.379085977309589417e+01
1.374327568866455174e+01
1.369447966924407289e+01
1.364447607662457074e+01
1.359322440707952317e+01
1.354072776660015442e+01
1.348694041176208813e+01
1.343186379791390905e+01
1.337544608916478062e+01
1.331768659775306496e+01
1.325852635219509601e+01
1.319796190237301836e+01
1.313592585274008862e+01
1.307241120513567267e+01
1.300734053124787337e+01
1.294070227807220874e+01
1.287240695206153696e+01
1.280243714098136820e+01
1.273068868429756328e+01
1.265713659987439321e+01
1.258165868094311080e+01
1.250422010114204419e+01
1.242467614692652411e+01
1.234297907698102037e+01
1.225895567657178198e+01
1.217254106888610288e+01
1.208352532117297784e+01
1.199182049476614331e+01
1.189716843360657528e+01
1.179944958051867765e+01
1.169834111085121542e+01
1.159367895596017028e+01
1.148505187154946761e+01
1.137223010092952435e+01
1.125468155955474181e+01
1.113206796055730408e+01
1.100374476441783855e+01
1.086955226545470410e+01
1.073540421372396381e+01
1.062114065421664044e+01
1.053654957183141327e+01
1.047532185708974595e+01
1.043107504542945740e+01
1.039764714558745951e+01
1.037122168636625474e+01
1.034878752798019264e+01
1.032878538083730646e+01
1.030990286475223705e+01
1.029157067891604527e+01
1.027315573470572296e+01
1.025443086575369556e+01
1.023499573300125931e+01
1.021469504800025163e+01
1.019316577570433324e+01
1.017018613856980735e+01
1.014530248932249457e+01
1.011808244126699030e+01
1.008780309031450173e+01
1.005350737655057003e+01
1.001377950830225316e+01
9.966018192226465899e+00
9.909468278351489801e+00
9.849386713060619414e+00
9.788526832561499802e+00
9.726657340137348839e+00
9.664006816741300909e+00
9.600662463921288747e+00
9.536831689191034300e+00
9.472734374858804429e+00
9.408641852190353205e+00
9.344883255493598995e+00
9.281810475646794956e+00
9.219841695763426159e+00
9.159390129022250804e+00
9.100917547955614140e+00
9.044841477875426250e+00
8.991589914161117747e+00
8.941499267231373338e+00
8.894873852455038588e+00
8.851889072173010575e+00
8.812664066041630662e+00
8.777180476689840916e+00
8.745370823132859073e+00
8.717052386070893277e+00
8.692024371408054506e+00
8.670008251760677354e+00
8.650743437376068101e+00
8.633925746909854482e+00
8.619295307330565592e+00
8.606570104119231956e+00
8.595525311297819826e+00
8.585923089836974498e+00
8.577585368694746748e+00
8.570322341057936555e+00
8.564000981017100500e+00
8.558474213056802782e+00
8.553646703816806252e+00
8.549405819361632908e+00
8.545685477099690175e+00
8.542399355405402517e+00
8.539503115836339475e+00
8.536929968368927035e+00
8.534651342616207614e+00
8.532614750040425022e+00
8.530802895268820407e+00
8.529173721266662511e+00
8.527717932801515133e+00
8.526401102919443531e+00
8.525219588185549924e+00
8.524144584758937881e+00
8.523176429638503748e+00
8.522290508811089182e+00
8.521489952582570027e+00
8.520753311611713343e+00
8.520085665163742661e+00
8.519467991912900828e+00
8.518906717456776079e+00
8.518384715548236841e+00
8.517909326005334236e+00
8.517464928922210632e+00
8.517059466871641504e+00
8.516678540099913874e+00
8.516330468230790984e+00
8.516001858854854945e+00
8.515701244256108637e+00
8.515416079451867404e+00
8.515154989105617744e+00
8.514906154167146468e+00
8.514678203340471541e+00
8.514459950161024082e+00
8.514259962317009212e+00
8.514067613381540056e+00
8.513891362050655331e+00
8.513721084892793556e+00
8.513565096242171393e+00
8.513413730284128178e+00
8.513275130979749861e+00
8.513140053607230584e+00
8.513016452726466454e+00
8.512895474968157572e+00
8.512784871697943956e+00
8.512676156404397787e+00
8.512576867405474701e+00
8.512478864647498256e+00
8.512389466521263159e+00
8.512300862256926948e+00
8.512220145688177197e+00
8.512139820721401406e+00
8.512066753706401201e+00
8.511993750679177850e+00
8.511927448867634638e+00
8.511860945561911862e+00
8.511800648202969555e+00
8.511739935827760561e+00
8.511684986156383914e+00
8.511629451596224527e+00
8.511579280757798571e+00
8.511528391986455944e+00
8.511482505796047704e+00
8.511435799832684168e+00
8.511393767817022393e+00
8.511350840735119050e+00
8.511312287022024137e+00
8.511272785623539505e+00
8.511237381333568663e+00
8.511200996180342315e+00
8.511168453045447890e+00
8.511134912601578506e+00
8.511104977590155940e+00
8.511074043277453427e+00
8.511046494048052580e+00
8.511017956054734768e+00
8.510992597094592327e+00
8.510966270807582390e+00
8.510942930138961415e+00
8.510918653093995090e+00
8.510897179452692640e+00
8.510874808715724882e+00
8.510855069123348215e+00
8.510834479032098443e+00
8.510816356697588958e+00
8.510797436904660174e+00
8.510780829401841885e+00
8.510763483171071897e+00
8.510748300848380410e+00
8.510732443564560157e+00
8.510718608150719788e+00
8.510704166009878335e+00
8.510691609385904854e+00
8.510678518239357615e+00
8.510667181352713939e+00
8.510655385683133289e+00
8.510645217584562161e+00
8.510634669596743862e+00
8.510625626584428005e+00
8.510616285397176739e+00
8.510608330256365761e+00
8.510600161185227108e+00
8.510593262514509760e+00
8.510586236437873708e+00
8.510580368055885359e+00
8.510574460859382739e+00
8.510569601287850006e+00
8.510564793383840865e+00
8.510560925404666577e+00
8.510557201325251953e+00
8.510554311610578182e+00
8.510551659673581071e+00
8.510549738488805360e+00
8.510548150536978440e+00
8.510547191517096266e+00
8.510546662731126588e+00
