2.672470765041240416e-07
2.675630705583458688e-07
2.681961301993011052e-07
2.691487583423992443e-07
2.704241981959333753e-07
2.720275190039673249e-07
2.739642226208763302e-07
2.762420739165516872e-07
2.788689821992174059e-07
2.818556082237374137e-07
2.852124854108385202e-07
2.889534495903805027e-07
2.930919516965039917e-07
2.976453720668939130e-07
3.026304615773431448e-07
3.080686200588745622e-07
3.139803861929995081e-07
3.203917800606425005e-07
3.273277429831480400e-07
3.348196681852392133e-07
3.428976694511460479e-07
3.515994523677364118e-07
3.609612643303511115e-07
3.710282930917144606e-07
3.818441192566210683e-07
3.934628705055559150e-07
4.059369599568721307e-07
4.193312755360939844e-07
4.337089418114493649e-07
4.491478872445113398e-07
4.657243112236310828e-07
4.835320509168130180e-07
5.026633665523704708e-07
5.232316290255569831e-07
5.453489515445467907e-07
5.691528453543103164e-07
5.947801201872027465e-07
6.223983170406698610e-07
6.521751675840622500e-07
6.843158216017730326e-07
7.190269889162011083e-07
7.565612511280397549e-07
7.971747985607231302e-07
8.411804740309657159e-07
8.888977483147053066e-07
9.407166200930357598e-07
9.970381284821855475e-07
1.058351874327808758e-06
1.125164923294764252e-06
1.198096586834498466e-06
1.277792991702259300e-06
1.365043964186184068e-06
1.460679787865205929e-06
1.565716722724845044e-06
1.681231483310976348e-06
1.808544326469682088e-06
1.949065477209398111e-06
2.104528197437228279e-06
2.276799660892674037e-06
2.468181551226661389e-06
2.681175602496784888e-06
2.918877022179427829e-06
3.184681899092361174e-06
3.482810715175235383e-06
3.817940889274148033e-06
4.195916629322042775e-06
4.623284882828415440e-06
5.108278815707030884e-06
5.660229471711693496e-06
6.290962604227975393e-06
7.014052312088093246e-06
7.846862888427903518e-06
8.809608031279286583e-06
9.928437089896517313e-06
1.123427569962163515e-05
1.276767374421461550e-05
1.457747188859219998e-05
1.672874197665329474e-05
1.930163764334123173e-05
2.240481596821134456e-05
2.617727769904106645e-05
3.081913141511976407e-05
3.678927014013708293e-05
4.525482128562367373e-05
5.762710385703189076e-05
7.522806853622071729e-05
9.979205301060015078e-05
1.335007356606312818e-04
1.792758336065691696e-04
2.408556266847585272e-04
3.232017922420868860e-04
4.326789996413669503e-04
5.776986524527608427e-04
7.690933994394337763e-04
1.021218854587765956e-03
1.352736632658532116e-03
1.788647608561967943e-03
2.362007905920087379e-03
3.118040309547734975e-03
4.118177913541340440e-03
5.449419479053497876e-03
7.234780709069699341e-03
9.658281722448841533e-03
1.299458598469969799e-02
1.767575460425298284e-02
2.164032580231474087e-02
2.370609136449574120e-02
2.581695283505508476e-02
2.799016436307525876e-02
3.019878256547414361e-02
3.242518784241130853e-02
3.464259169769873942e-02
3.682983328769126596e-02
3.896157217161619335e-02
4.101849653775067883e-02
4.298048329685900948e-02
4.483449716681987829e-02
4.656879554459394249e-02
4.817906897770041913e-02
4.966283809800629834e-02
5.102414133034793853e-02
5.226793488217824218e-02
5.340380857558900407e-02
5.444064410488127365e-02
5.538994445244996984e-02
5.626108931011469111e-02
5.706468469897797713e-02
5.780853038012395001e-02
5.850107546895844807e-02
5.914795841463998255e-02
5.975544895915926857e-02
6.032733957336034597e-02
6.086824062339094704e-02
6.138066588317901001e-02
6.186812307215262124e-02
6.233232460063541785e-02
6.277607742528966417e-02
6.320060133980248684e-02
6.360824545111262718e-02
6.399991268859082927e-02
6.437763051761581645e-02
6.474208110149255735e-02
6.509504733440815705e-02
6.543704537547227751e-02
6.576966095303309057e-02
6.609327898358303977e-02
6.640932095596402407e-02
6.671806557727492926e-02
6.702079552122418293e-02
6.731770307741435921e-02
6.760995301091253518e-02
6.789766759755552772e-02
6.818191134267898024e-02
6.846275030720083699e-02
6.874116371983833573e-02
6.901717301726598142e-02
6.929168482834698051e-02
6.956468562224234209e-02
6.983702008333685096e-02
7.010864767399319075e-02
7.038036002477084108e-02
7.065209607712284734e-02
7.092460176944732908e-02
7.119780073694120803e-02
7.147239927064767684e-02
7.174830982460943252e-02
7.202620395599325376e-02
7.230598613033269173e-02
7.258829711107554761e-02
7.287303576755560508e-02
7.316081516782597938e-02
7.345153028547199425e-02
7.374576885686391636e-02
7.404342305559692694e-02
7.434505700126452232e-02
7.465056062707980944e-02
7.496047556935880873e-02
7.527468959711719476e-02
7.559372246734676060e-02
7.591745941714699020e-02
7.624639843762122393e-02
7.658042145107792076e-02
7.692000433425587314e-02
7.726502451681825645e-02
7.761593497118439433e-02
7.797260707519598766e-02
7.833546967981112885e-02
7.870438617961643402e-02
7.907975966994039430e-02
7.946144326479001596e-02
7.984981226065496207e-02
8.024470683335871435e-02
8.064647203614537518e-02
8.105493209566058677e-02
8.147039898616439957e-02
8.189267763109976672e-02
8.232204371293704026e-02
8.275827917112418830e-02
8.320161982767264319e-02
8.365182065529191968e-02
8.410907372201024967e-02
8.457310278539667547e-02
8.504405198498161955e-02
8.552160940000179401e-02
8.600586684596109310e-02
8.649647211454226936e-02
8.699346016010695015e-02
8.749643382142424652e-02
8.800536661518817971e-02
8.851981181992134295e-02
8.903967702655549155e-02
8.956446154513401925e-02
9.009400279705875869e-02
9.062774208458310166e-02
9.116544284537818343e-02
9.170648490266321284e-02
9.225055454017259959e-02
9.279696742621884598e-02
9.334533040575375418e-02
9.389489336363954219e-02
9.444518257008299722e-02
9.499538181549972704e-02
9.554493708596542567e-02
9.609296736278902240e-02
9.663884034550457303e-02
9.718161336188607669e-02
9.772057979731471611e-02
9.825474060375312402e-02
9.878332103600850900e-02
9.930527327948014682e-02
9.981976303618313173e-02
1.003257038094746562e-01
1.008222128263417255e-01
1.013081775217970770e-01
1.017826802299784811e-01
1.022445974011218922e-01
1.026929924441622038e-01
1.031267481855415724e-01
1.035449272025603662e-01
1.039464379969805563e-01
1.043303621243170803e-01
1.046956545083534557e-01
1.050414366501969676e-01
1.053667314554115747e-01
1.056707218015252164e-01
1.059525201908424474e-01
1.062113919696438397e-01
1.064465600604832113e-01
1.066573921632879562e-01
1.068432407644750171e-01
1.070035937111729479e-01
1.071379496435724832e-01
1.072459314187239471e-01
1.073271970687508098e-01
1.073815156585570807e-01
1.074087138363123139e-01
