2.616999880254987712e-02
2.616906202940807308e-02
2.616718794018696795e-02
2.616437478636420705e-02
2.616062093616251805e-02
2.615592288671043583e-02
2.615027790849096603e-02
2.614368073262067840e-02
2.613612751698399586e-02
2.612761120917453384e-02
2.611812683362177076e-02
2.610766553101681597e-02
2.609622116543550488e-02
2.608378304139709336e-02
2.607034382962469810e-02
2.605589096329173973e-02
2.604041588060911766e-02
2.602390410232007650e-02
2.600634578874827171e-02
2.598772450122559599e-02
2.596802907055345555e-02
2.594724104582040586e-02
2.592534787039223881e-02
2.590232902252487604e-02
2.587817049397425975e-02
2.585284962798011649e-02
2.582635089433428163e-02
2.579864943173770450e-02
2.576972811165169699e-02
2.573955979376413988e-02
2.570812566911526501e-02
2.567539623951781494e-02
2.564135092823439932e-02
2.560595779675255493e-02
2.556919440862528634e-02
2.553102630009082205e-02
2.549142907948589651e-02
2.545036567193749433e-02
2.540780963290777475e-02
2.536372119170381134e-02
2.531807175309169072e-02
2.527081876983493236e-02
2.522193140076446974e-02
2.517136424917720133e-02
2.511908413907557383e-02
2.506504276429029343e-02
2.500920453657636336e-02
2.495151820009554669e-02
2.489194569537451357e-02
2.483043280571335318e-02
2.476693896931526570e-02
2.470140703879871585e-02
2.463379395963982699e-02
2.456403974194839787e-02
2.449209890614517660e-02
2.441790878840252241e-02
2.434142163347345622e-02
2.426257238287740994e-02
2.418131126906593667e-02
2.409757127010143246e-02
2.401130102768264316e-02
2.392243219581366778e-02
2.383091246604292571e-02
2.373667309330633468e-02
2.363966176298873748e-02
2.353981064867680106e-02
2.343706879460623685e-02
2.333137115297509098e-02
2.322267007833084609e-02
2.311090591422470045e-02
2.299603709813891061e-02
2.287801303005073880e-02
2.275680216062721598e-02
2.263236809503282876e-02
2.250469487284638068e-02
2.237376756738634898e-02
2.223959374370411066e-02
2.210219026284565916e-02
2.196159956131024313e-02
2.181788513322793430e-02
2.167114001015538194e-02
2.152148979233123663e-02
2.136898350789126835e-02
2.121308060685023200e-02
2.105237546018058972e-02
2.088532443180827688e-02
2.071050234475074400e-02
2.052665619991264623e-02
2.033258370482253496e-02
2.012716398133283097e-02
1.990918498306648229e-02
1.967744108265281205e-02
1.943050674784631976e-02
1.916692046777367445e-02
1.888485426480763368e-02
1.858241490819421277e-02
1.825712536362860544e-02
1.790641403736707368e-02
1.752674696997667814e-02
1.711446632273664128e-02
1.666419691147099855e-02
1.617047450291562299e-02
1.562428691421244124e-02
1.501730611209885213e-02
1.433066802059350907e-02
1.358707266938709995e-02
1.287614718497425911e-02
1.223094237328430436e-02
1.164240872140486806e-02
1.110798263476962117e-02
1.062257084181569833e-02
1.018301249078461083e-02
9.785330632000771231e-03
9.426519332304858501e-03
9.103215353325954870e-03
8.812659501196048670e-03
8.551916193785341624e-03
8.318477807615756725e-03
8.109752969924239469e-03
7.923486169018037831e-03
7.757396556674893418e-03
7.609489210387890799e-03
7.477784856792468043e-03
7.360560669167922829e-03
7.256137176688813931e-03
7.163069122483303221e-03
7.079969345048166447e-03
7.005662319105961447e-03
6.939033161545797405e-03
6.879153072497264099e-03
6.825147071911128252e-03
6.776298778307319678e-03
6.731933578747164616e-03
6.691508581740297952e-03
6.654509230609375638e-03
6.620528609180487828e-03
6.589175853065871481e-03
6.560147543886851035e-03
6.533146327127933341e-03
6.507946096226498688e-03
6.484319302993203984e-03
6.462096993165343875e-03
6.441103454006665702e-03
6.421211803409163435e-03
6.402284822260511689e-03
6.384226605384540031e-03
6.366928630475285691e-03
6.350317872488926881e-03
6.334307341860193757e-03
6.318840999813005871e-03
6.303848148101540497e-03
6.289285438681377176e-03
6.275094616338040658e-03
6.261241881936643362e-03
6.247678582588908971e-03
6.234378158842772757e-03
6.221299449735402144e-03
6.208421428986975708e-03
6.195708849078617603e-03
6.183144949039174297e-03
6.170699206361881552e-03
6.158358178973716117e-03
6.146095169279879901e-03
6.133899345157029642e-03
6.121747148881886286e-03
6.109629826294716778e-03
6.097526436459070956e-03
6.085429904303323034e-03
6.073321505785235323e-03
6.061195547142590040e-03
6.049035216004401347e-03
6.036835979676731176e-03
6.024582705733415831e-03
6.012271862354088767e-03
5.999889822956349338e-03
5.987433943328747919e-03
5.974891974229321751e-03
5.962262082772755087e-03
5.949533304923189034e-03
5.936704572174135441e-03
5.923766142745839035e-03
5.910717688927411874e-03
5.897550651741738370e-03
5.884265439303108282e-03
5.870854654885586735e-03
5.857319452205437746e-03
5.843653591343631916e-03
5.829858992915117576e-03
5.815930580254666769e-03
5.801871070921795458e-03
5.787676567041316091e-03
5.773350619461793502e-03
5.758890531215075416e-03
5.744300726849199679e-03
5.729579736693355893e-03
5.714732901382310951e-03
5.699760007031428287e-03
5.684667352725459970e-03
5.669456008863372511e-03
5.654133273367657059e-03
5.638701527385875725e-03
5.623169104163071308e-03
5.607539718015315533e-03
5.591822768172989393e-03
5.576023318499953238e-03
5.560151857138893004e-03
5.544214805859928701e-03
5.528223755004791837e-03
5.512186482631195941e-03
5.496115683045201331e-03
5.480020477082458118e-03
5.463914651422011222e-03
5.447808642429964425e-03
5.431717302453817169e-03
5.415652340662581443e-03
5.399629631616957061e-03
5.383662097487653363e-03
5.367766573374853183e-03
5.351957116186235180e-03
5.336251440429877653e-03
5.320664639898110317e-03
5.305215206973933062e-03
5.289919154106038392e-03
5.274795629043228622e-03
5.259861423909076468e-03
5.245136198204061739e-03
5.230637364103483261e-03
5.216384928535181160e-03
5.202396744137118868e-03
5.188692981221817296e-03
5.175291734644603230e-03
5.162213135994630185e-03
5.149475307441895439e-03
5.137098124040122456e-03
5.125099506439136435e-03
5.113498842734294850e-03
5.102313612748533150e-03
5.091562478403797477e-03
5.081262233086966847e-03
5.071430569039304427e-03
5.062083346113986637e-03
5.053237044165645453e-03
5.044906346277156298e-03
5.037106283568398325e-03
5.029850128706143605e-03
5.023151239929316871e-03
5.017021261348942468e-03
5.011471672296471946e-03
5.006512291563659789e-03
5.002152537415917484e-03
4.998400233510800171e-03
4.995262584077466393e-03
4.992745279787395331e-03
4.990853191687735085e-03
4.989589775781458174e-03
4.988957488327523844e-03
