4.922689845328733327e+02
4.920446529621962668e+02
4.915963217028125882e+02
4.909245108518990719e+02
4.900302129594314238e+02
4.889144625147956731e+02
4.875789034943519482e+02
4.860250734549973686e+02
4.842552525499647231e+02
4.822714646279128488e+02
4.800766049879145498e+02
4.776731617922566215e+02
4.750646189836966187e+02
4.722539021810389386e+02
4.692450523856194877e+02
4.660414013282662040e+02
4.626475108587708291e+02
4.590670834397620297e+02
4.553051614531092355e+02
4.513657791799225265e+02
4.472544156805702187e+02
4.429753951517544692e+02
4.385345865502229685e+02
4.339365596693381235e+02
4.291875242879700068e+02
4.242922496536971266e+02
4.192572356535301878e+02
4.140874036232062281e+02
4.087894918607074146e+02
4.033685257963487629e+02
3.978314301078951303e+02
3.921832862802069712e+02
3.864311536364108406e+02
3.805801221849374656e+02
3.746373350587050481e+02
3.686078442877358725e+02
3.624988274421907022e+02
3.563152535758012505e+02
3.500642873044550925e+02
3.437507716336456269e+02
3.373818132795494762e+02
3.309620884143791955e+02
3.244986037614482370e+02
3.179958304548357546e+02
3.114606363274278920e+02
3.048972520696012225e+02
2.983123711991702862e+02
2.917099514956266262e+02
2.850964804196776186e+02
2.784756133637936273e+02
2.718536038137481228e+02
2.652337782491804887e+02
2.586221321612883912e+02
2.520216393982033480e+02
2.454380173429634624e+02
2.388738660427205787e+02
2.323346085086051573e+02
2.258224519759789928e+02
2.193425125522980181e+02
2.128965872591089408e+02
2.064894763232144328e+02
2.001225500092770631e+02
1.938002870062684053e+02
1.875236141259796057e+02
1.812966858881890744e+02
1.751199674340440993e+02
1.689972891467016041e+02
1.629286328887158106e+02
1.569175071406184259e+02
1.509633829188989012e+02
1.450694505607752376e+02
1.392346332150296462e+02
1.334618070610433733e+02
1.277492965440909103e+02
1.220996643304261511e+02
1.165105684428886690e+02
1.109842417902530514e+02
1.055176051250046640e+02
1.001124574978171182e+02
9.476503615073764308e+01
8.947558071057106588e+01
8.423462115574778863e+01
7.895070266157097194e+01
7.341653990924407935e+01
6.769936666688353455e+01
6.207388964568179546e+01
5.672971301327822147e+01
5.177986915017282854e+01
4.726135436770981357e+01
4.317540057083705562e+01
3.949660203655646029e+01
3.619321299413650195e+01
3.322787832157415266e+01
3.056618230989122509e+01
2.817429896044238546e+01
2.602295823719532919e+01
2.408481856150907419e+01
2.233664362583068197e+01
2.075714450593580906e+01
1.932832798575428512e+01
1.803394377318475250e+01
1.686031380015044689e+01
1.579553681714619628e+01
1.482971716393294592e+01
1.395612675814976988e+01
1.316268588165071662e+01
1.242598221728378149e+01
1.173475297519606109e+01
1.108629331302157262e+01
1.047712203211046500e+01
9.904417350264019149e+00
9.365431339604906924e+00
8.857707548619039528e+00
8.379001514688395602e+00
7.927258714371009596e+00
7.500666694114438648e+00
7.097564715940865021e+00
6.716534088788963075e+00
6.356287310020807269e+00
6.015761565343519024e+00
5.694000509375081620e+00
5.390234257874140233e+00
5.103757370630592760e+00
4.833991159838602947e+00
4.580364890697340208e+00
4.342368253395195943e+00
4.119447792110626949e+00
3.911061389631561358e+00
3.716598403650352989e+00
3.535441449275546155e+00
3.366908972209894380e+00
3.210320745261721065e+00
3.064954877742890549e+00
2.930110213152747001e+00
2.805069785307559016e+00
2.689155524975066491e+00
2.581693680672199509e+00
2.482060711722874569e+00
2.389649353598374493e+00
2.303906742181697886e+00
2.224301366087183318e+00
2.150355145863247941e+00
2.081611888310725966e+00
2.017664907134156582e+00
1.958127448411564275e+00
1.902657049094073072e+00
1.850928148298264020e+00
1.802654006905600959e+00
1.757561515085781068e+00
1.715411218618335898e+00
1.675974208583940417e+00
1.639050615271322009e+00
1.604448405712153303e+00
1.572000589610454080e+00
1.541545731405771447e+00
1.512944040875740193e+00
1.486059410441143758e+00
1.460774518732495864e+00
1.436974218998182451e+00
1.414559755887100589e+00
1.393433350144962501e+00
1.373511610413997275e+00
1.354711179197982007e+00
1.336961408673810636e+00
1.320190951390741718e+00
1.304339759664360665e+00
1.289346520934560036e+00
1.275160032982340486e+00
1.261727398145550350e+00
1.249004820630280177e+00
1.236946485982339361e+00
1.225514821736547022e+00
1.214669998885278934e+00
1.204379692772322707e+00
1.194609152039085798e+00
1.185330492873313490e+00
1.176513288290767401e+00
1.168133425495509359e+00
1.160164174588207198e+00
1.152584635815924852e+00
1.145371252076406554e+00
1.138505870181141022e+00
1.131967666006984841e+00
1.125740841527139491e+00
1.119806935280105886e+00
1.114152174806254392e+00
1.108760148369088983e+00
1.103618830542020923e+00
1.098713593919259601e+00
1.094033923903303229e+00
1.089566751556922508e+00
1.085302872125222695e+00
1.081230582267824536e+00
1.077341815490350019e+00
1.073626068808159806e+00
1.070076267043324592e+00
1.066682965550165063e+00
1.063439954239819629e+00
1.060338724378582675e+00
1.057373822219012549e+00
1.054537569093666027e+00
1.051825173647245260e+00
1.049229695515258465e+00
1.046746924354887254e+00
1.044370578340962030e+00
1.042096957474061281e+00
1.039920368962337305e+00
1.037837561635472916e+00
1.035843371024651960e+00
1.033934941122652607e+00
1.032107582638083665e+00
1.030358787808287158e+00
1.028684295898707690e+00
1.027081906289904367e+00
1.025547745827362967e+00
1.024079884962293852e+00
1.022674802038775477e+00
1.021330806864542362e+00
1.020044697458405203e+00
1.018814995058110906e+00
1.017638789246505526e+00
1.016514788064972530e+00
1.015440347797296861e+00
1.014414341545537557e+00
1.013434370280028585e+00
1.012499452947307255e+00
1.011607415696921697e+00
1.010757406324970464e+00
1.009947458866875980e+00
1.009176834933192879e+00
1.008443761114902637e+00
1.007747599538102001e+00
1.007086755767192976e+00
1.006460680690112852e+00
1.005867946827343706e+00
1.005308083457499668e+00
1.004779819448426981e+00
1.004282753342827794e+00
1.003815761023374220e+00
1.003378502298086561e+00
1.002969991896343727e+00
1.002589943922768567e+00
1.002237504855875150e+00
1.001912437076293960e+00
1.001614012706894874e+00
1.001342037264307372e+00
1.001095903339239923e+00
1.000875455269727876e+00
1.000680201813975989e+00
1.000510022597700388e+00
1.000364539080582871e+00
1.000243663388158399e+00
1.000147127017540605e+00
1.000074872525383629e+00
1.000026739559930045e+00
1.000002699740163647e+00
