2.011989804514169311e-02
2.008879485243214580e-02
2.010124627797182928e-02
2.009323974517290834e-02
2.009917424343482528e-02
2.009445049564229091e-02
2.009837845543838153e-02
2.009501457062667917e-02
2.009795810130371452e-02
2.009534043603405928e-02
2.009769868042032837e-02
2.009555240022070643e-02
2.009752297078748473e-02
2.009570110723851721e-02
2.009739635692647797e-02
2.009581106390606609e-02
2.009730100868206693e-02
2.009589557629865020e-02
2.009722680877146228e-02
2.009596249450640304e-02
2.009716759088503446e-02
2.009601675108346752e-02
2.009711938427766187e-02
2.009606160341875780e-02
2.009707951823208605e-02
2.009609929157873953e-02
2.009704613212470736e-02
2.009613140932592357e-02
2.009701789200812883e-02
2.009615912444651098e-02
2.009699381881646651e-02
2.009618331540696801e-02
2.009697318027048318e-02
2.009620465943207090e-02
2.009695542064504625e-02
2.009622369119778984e-02
2.009694011400509073e-02
2.009624084325511983e-02
2.009692693241144079e-02
2.009625647484036826e-02
2.009691562416643373e-02
2.009627089307641779e-02
2.009690599885594064e-02
2.009628436941190976e-02
2.009689791740737475e-02
2.009629715291716412e-02
2.009689128586639173e-02
2.009630948192725475e-02
2.009688605234394299e-02
2.009632159496543835e-02
2.009688220678895743e-02
2.009633374198604994e-02
2.009687978368479566e-02
2.009634619687455936e-02
2.009687886804578660e-02
2.009635927239639130e-02
2.009687960556433284e-02
2.009637333909802814e-02
2.009688221827082844e-02
2.009638885030623490e-02
2.009688702793699377e-02
2.009640637630683013e-02
2.009689449072316059e-02
2.009642665246841320e-02
2.009690524866936112e-02
2.009645064871762310e-02
2.009692020705272641e-02
2.009647967228278542e-02
2.009694065254929995e-02
2.009651552355712356e-02
2.009696843754649187e-02
2.009656073891880057e-02
2.009700627445709653e-02
2.009661897649711593e-02
2.009705818027562874e-02
2.009669523388091239e-02
2.009712543106184635e-02
2.009673663896599516e-02
2.009638894811677234e-02
2.008438047911165203e-02
1.989210806592894842e-02
1.662219899860839512e-02
-1.540178503906569629e-02
-8.268775204613090790e-02
-1.397200591653267321e-01
-1.795958857973052880e-01
-2.057131384490757942e-01
-2.219846443110712331e-01
-2.316787256491661395e-01
-2.370817053243754469e-01
-2.397158679495996203e-01
-2.405179936545467634e-01
-2.400654371229029582e-01
-2.386790358739077633e-01
-2.365334920507636829e-01
-2.336840444126971617e-01
-2.301147126444334501e-01
-2.257261648584667768e-01
-2.203510786452463066e-01
-2.137108974680095863e-01
-2.053929429905900217e-01
-1.947425454849319726e-01
-1.807251108152314045e-01
-1.615822489866720058e-01
-1.343062521536228515e-01
-1.154302660696533700e-01
-1.118925419316212366e-01
-1.087043725609999623e-01
-1.057869221600345744e-01
-1.032349908758435353e-01
-1.011505523217082758e-01
-9.963263957313336916e-02
-9.880091127226175995e-02
-9.875528690981164037e-02
-9.961240503838800220e-02
-1.014539136540710262e-01
-1.043647996975897718e-01
-1.083771158168166104e-01
-1.135080466524772125e-01
-1.197058997974010663e-01
-1.268919432584678375e-01
-1.349172259127498774e-01
-1.436128226706417932e-01
-1.527608916233966774e-01
-1.621503569614773377e-01
-1.715559561896300433e-01
-1.807894955798135528e-01
-1.896770609567237642e-01
-1.980980063690077064e-01
-2.059558527270370920e-01
-2.132051064335739043e-01
-2.198184543666184265e-01
-2.258067539545644820e-01
-2.311871753394126872e-01
-2.360012998452884758e-01
-2.402867662510538849e-01
-2.440957411104875963e-01
-2.474702220243285011e-01
-2.504612369532669414e-01
-2.531068570492942538e-01
-2.554518226476352183e-01
-2.575272099624990596e-01
-2.593701828534588083e-01
-2.610045108570038797e-01
-2.624603174452942445e-01
-2.637549185617593106e-01
-2.649125816239666364e-01
-2.659453452275555851e-01
-2.668728834305965081e-01
-2.677030815496674321e-01
-2.684521338313692884e-01
-2.691247128358855711e-01
-2.697344367589354919e-01
-2.702835024698866384e-01
-2.707836558940446281e-01
-2.712351750180484466e-01
-2.716484706182530906e-01
-2.720223130715216375e-01
-2.723661848769053373e-01
-2.726776478824510797e-01
-2.729655648506247867e-01
-2.732265037342534453e-01
-2.734689433143910331e-01
-2.736886094275671200e-01
-2.738937793768203566e-01
-2.740794420240503237e-01
-2.742538170287179833e-01
-2.744112267223491886e-01
-2.745599490430405965e-01
-2.746936842302888926e-01
-2.748208644100045284e-01
-2.749345924473768354e-01
-2.750435363568444203e-01
-2.751402111533998163e-01
-2.752335925177148424e-01
-2.753156051935558568e-01
-2.753955975730443817e-01
-2.754648920830828907e-01
-2.755332705433392593e-01
-2.755914330371661558e-01
-2.756496530392661404e-01
-2.756979814281690366e-01
-2.757472405110858449e-01
-2.757867990435309835e-01
-2.758280854469761789e-01
-2.758597478771407929e-01
-2.758938792132737405e-01
-2.759183632576818201e-01
-2.759460175771538126e-01
-2.759639126989332225e-01
-2.759856537347291083e-01
-2.759974438096168270e-01
-2.760137417638312551e-01
-2.760198238213284472e-01
-2.760310727477781612e-01
-2.760317727071942562e-01
-2.760383053073537929e-01
-2.760338914223399720e-01
-2.760359918916753807e-01
-2.760266864561193301e-01
-2.760246018783317767e-01
-2.760105916200351617e-01
-2.760045422965566320e-01
-2.759859877834682784e-01
-2.759761767958431311e-01
-2.759532210920507267e-01
-2.759398433206944889e-01
-2.759126200560607090e-01
-2.758958708131687976e-01
-2.758645117618189202e-01
-2.758445951410733454e-01
-2.758092373378455697e-01
-2.757863743305131732e-01
-2.757471666934547816e-01
-2.757216030758704028e-01
-2.756787124374787123e-01
-2.756507263932502227e-01
-2.756043427781455502e-01
-2.755742521877121987e-01
-2.755245931086733879e-01
-2.754927624172033296e-01
-2.754400758880335975e-01
-2.754069224624141610e-01
-2.753514883491304244e-01
-2.753174882611512109e-01
-2.752596175058663608e-01
-2.752253107433613177e-01
-2.751653418817833763e-01
-2.751313371288654497e-01
-2.750696293697741934e-01
-2.750366087232834489e-01
-2.749735306208505037e-01
-2.749422550160470213e-01
-2.748781673583580720e-01
-2.748494841528405508e-01
-2.747847149632641761e-01
-2.747595703264431033e-01
-2.746943784715662473e-01
-2.746738394303999686e-01
-2.746083605251713466e-01
-2.745936558334528543e-01
-2.745278181988065058e-01
-2.745204163366707362e-01
-2.744538012848782293e-01
-2.744555651603586832e-01
-2.743871523511721144e-01
-2.744006657655344572e-01
-2.743283100094840998e-01
-2.743576393384781209e-01
-2.742768096139549527e-01
-2.743295952591879860e-01
-2.742295387341500690e-01
-2.743246162350440609e-01
-2.741707616497375821e-01
-2.743900457783827740e-01
-2.738233303662567231e-01
