0.000000000000000000e+00
0.000000000000000000e+00
5.374829354631093565e+02
1.614546657428689286e+03
3.235400059666459583e+03
5.406389345764025165e+03
8.136038048558109040e+03
1.143510044721757004e+04
1.531662976573226115e+04
1.979606054196030527e+04
2.489130731901373656e+04
3.062287876129504366e+04
3.701401021060599305e+04
4.409081345253060135e+04
5.188244770691749727e+04
6.042131021820261958e+04
6.974325163847435033e+04
7.988781410162887187e+04
9.089849859639482747e+04
1.028230589507814875e+05
1.157138307537784131e+05
1.296280918007310247e+05
1.446284644926453766e+05
1.607833558687840996e+05
1.781674482975015999e+05
1.968622353644013347e+05
2.169566191982972668e+05
2.385475623327364738e+05
2.617408143449355266e+05
2.866517045387242688e+05
3.134060259100414696e+05
3.421409993234846042e+05
3.730063493975402089e+05
4.061654780263707507e+05
4.417967748989816755e+05
4.800950470721894526e+05
5.212731168643942801e+05
5.655635651034737239e+05
6.132206815102708060e+05
6.645225926950100111e+05
7.197736454017896904e+05
7.793070068677410018e+05
8.434875800734962104e+05
9.127151843661890598e+05
9.874281248964527622e+05
1.068107086189896101e+06
1.155279506098326761e+06
1.249524345111729112e+06
1.351477449341513449e+06
1.461837394652361516e+06
1.581372064381342381e+06
1.710925810618871590e+06
1.851427521399165504e+06
2.003899392185182776e+06
2.169466814650537912e+06
2.349369109510862269e+06
2.544971634487152565e+06
2.757778893701675348e+06
2.989449334158843849e+06
3.241811313251942862e+06
3.516881126440033782e+06
3.816882374993784353e+06
4.144267832644183654e+06
4.501742795004546642e+06
4.892291430886930786e+06
5.319204684204464778e+06
5.786111731628463604e+06
6.297012895711870864e+06
6.856316682373535819e+06
7.468877859390080906e+06
8.140040164954617620e+06
8.875679048549430445e+06
9.682249332175929099e+06
1.056683082087461278e+07
1.153717861833169125e+07
1.260176740531959385e+07
1.376983913356370851e+07
1.505143743191702664e+07
1.645744173952795006e+07
1.799957608239917085e+07
1.969040676197281852e+07
2.154331132096605003e+07
2.357251052394045889e+07
2.579519379991951957e+07
2.823948262974195555e+07
3.094987153270946443e+07
3.398211484414349496e+07
3.739887360584320128e+07
4.127014797087143362e+07
4.567488027412866801e+07
5.070341734019444883e+07
5.646043974872082472e+07
6.306850590783928335e+07
7.067229157636603713e+07
7.944379766857075691e+07
8.958889110850751400e+07
1.013555983373038024e+08
1.150449441002948731e+08
1.310251144849350452e+08
1.497507097138626873e+08
1.717887812206056416e+08
1.978560237932253778e+08
2.288712577584808469e+08
2.660360291626417339e+08
3.109536059196723104e+08
3.658055372309315801e+08
4.295136730929819942e+08
4.962013597895830870e+08
5.622505055890493393e+08
6.275618439742988348e+08
6.920686983548672199e+08
7.556934481989439726e+08
8.183537612473574877e+08
8.799626314003404379e+08
9.404322549562369585e+08
9.996761838016571999e+08
1.057612991459423780e+09
1.114169142542736530e+09
1.169282405716989040e+09
1.222904589778044701e+09
1.275004202815156937e+09
1.325568314291773796e+09
1.374603911325445175e+09
1.422138345538408995e+09
1.468219080320417166e+09
1.512912600844038010e+09
1.556302733661098957e+09
1.598488446268113852e+09
1.639581405608604908e+09
1.679703453340467215e+09
1.718984224854634762e+09
1.757559034755985975e+09
1.795567142204492092e+09
1.833150434406404257e+09
1.870452537291195869e+09
1.907618328711668968e+09
1.944793807941919565e+09
1.982126275712181568e+09
2.019764767157075405e+09
2.057860698631125927e+09
2.096568681462344408e+09
2.136047479524094582e+09
2.176461079830976963e+09
2.217979867583865166e+09
2.260781888997621536e+09
2.305054203198178768e+09
2.350994316978535175e+09
2.398811709094968319e+09
2.448729445291246891e+09
2.500985892838957310e+09
2.555836541179831982e+09
2.613555937347872257e+09
2.674439747012244701e+09
2.738806948186862946e+09
2.807002172106867313e+09
2.879398195515590191e+09
2.956398602220878601e+09
3.038440614293759823e+09
3.125998113950332642e+09
3.219584851487833023e+09
3.319757863336004257e+09
3.427121089290580273e+09
3.542329215795936584e+09
3.666091726496731758e+09
3.799177189423730373e+09
3.942417752359369755e+09
4.096713877822626591e+09
4.263039277410020828e+09
4.442446078460692406e+09
4.636070168530107498e+09
4.845136751510615349e+09
5.070966043900244713e+09
5.314979145187762260e+09
5.578703990904006004e+09
5.863781421666667938e+09
6.171971253696801186e+09
6.505158382770852089e+09
6.865358780866463661e+09
7.254725415538514137e+09
7.675553922055500031e+09
8.130288056140788078e+09
8.621524725470455170e+09
9.152018625787797928e+09
9.724686245878932953e+09
1.034260926616644287e+10
1.100903708015709686e+10
1.172738846417435646e+10
1.250125208977046394e+10
1.333438590782302666e+10
1.423071506566277504e+10
1.519432839405352783e+10
1.622947309609196472e+10
1.734054768842925644e+10
1.853209280366280365e+10
1.980877992528435898e+10
2.117539764940332794e+10
2.263683557467103958e+10
2.419806541123847961e+10
2.586411945079585648e+10
2.764006599900184631e+10
2.953098196477478027e+10
3.154192223446942139e+10
3.367788609035163116e+10
3.594378034622673798e+10
3.834437953707086182e+10
4.088428289958122253e+10
4.356786856943195343e+10
4.639924481549236298e+10
4.938219883503958893e+10
5.252014303157078552e+10
5.581605940322242737e+10
5.927244207992521667e+10
6.289123874193995667e+10
6.667379108505072784e+10
7.062077516379840088e+10
7.473214190949938965e+10
7.900705873933576965e+10
8.344385268111216736e+10
8.803995599202586365e+10
9.279185481098188782e+10
9.769504185243315125e+10
1.027439737731334534e+11
1.079320342074890747e+11
1.132515031613331757e+11
1.186935336970068970e+11
1.242481366149562378e+11
1.299041739447325592e+11
1.356493619150207214e+11
1.414702840346122742e+11
1.473524148622518921e+11
1.532801548555325012e+11
1.592368767275446777e+11
1.652049834039217529e+11
1.711659778055302124e+11
1.771005442063728333e+11
1.829886411427120361e+11
1.888096052501475830e+11
1.945422657233080750e+11
2.001650683931133118e+11
2.056562088212705688e+11
2.109937730411047974e+11
2.161558850579396667e+11
2.211208594153435669e+11
2.258673576867494507e+11
2.303745469464817200e+11
2.346222588826406250e+11
2.385911474490580444e+11
2.422628435997229004e+11
2.456201049612370605e+11
2.486469589618274841e+11
2.513288373580984497e+11
2.536527007560616150e+11
2.556071512830210266e+11
2.571825321875488892e+11
2.583710128610713806e+11
2.591666583318984070e+11
