3.000965695101621145e-01
3.000965695101621145e-01
3.000965695101621145e-01
3.000965695101621145e-01
3.000965695101621145e-01
3.000965695101621145e-01
3.000965695101621145e-01
3.000965695101621145e-01
3.000965695101621145e-01
3.000965695101621145e-01
3.000965695101621145e-01
3.000965695101621145e-01
3.000965695101621145e-01
3.000965695101621145e-01
3.000965695101621145e-01
3.000965695101621145e-01
3.000965695101621145e-01
3.000965695101621145e-01
3.000965695101621145e-01
3.000965695101621145e-01
3.000965695101621145e-01
3.000965695101621145e-01
3.000965695101621145e-01
3.000965695101621145e-01
3.000965695101621145e-01
3.000965695101621145e-01
3.000965695101621145e-01
3.000965695101621145e-01
3.000965695101621145e-01
3.000965695101621145e-01
3.000965695101621145e-01
3.000965695101621145e-01
3.000965695101621145e-01
3.000965695101621145e-01
3.000965695101621145e-01
3.000965695101621145e-01
3.000965695101621145e-01
3.000965695101621145e-01
3.000965695101621145e-01
3.000965695101621145e-01
3.000965695101621145e-01
3.000965695101621145e-01
3.000965695101621145e-01
3.000965695101621145e-01
3.000965695101621145e-01
3.000965695101621145e-01
3.000965695101621145e-01
3.000965695101621145e-01
3.000965695101621145e-01
3.000965695101621145e-01
3.000965695101621145e-01
3.000965695101621145e-01
3.000965695101621145e-01
3.000965695101621145e-01
3.000965695101621145e-01
3.000965695101621145e-01
3.000965695101621145e-01
3.000965695101621145e-01
3.000965695101621145e-01
3.000965695101621145e-01
3.000965695101621145e-01
3.000965695101621145e-01
3.000965695101621145e-01
3.000965695101621145e-01
3.000965695101621145e-01
3.000965695101621145e-01
3.000965695101621145e-01
3.000965695101620589e-01
3.000965695101619479e-01
3.000965695101610042e-01
3.000965695101541209e-01
3.000965695100998865e-01
3.000965695096463604e-01
3.000965695055797244e-01
3.000965694663691452e-01
3.000965690573109135e-01
3.000965644213572925e-01
3.000965069605544544e-01
3.000957254073312042e-01
3.000840072243890488e-01
2.998912951017727035e-01
2.966216133137654642e-01
2.645970932983400803e-01
1.973110509393237177e-01
1.402778788278535027e-01
1.004016168948475146e-01
7.428305228810395955e-02
5.801052132997450844e-02
4.831434190689472274e-02
4.290931261885662373e-02
4.027171320975087704e-02
3.946577720034389475e-02
3.991265244308445787e-02
4.129224682678076658e-02
4.342837309347961916e-02
4.626592124584164717e-02
4.981961749547338808e-02
5.418751169680879887e-02
5.953654673018903692e-02
6.614054300515700979e-02
7.441487528379088501e-02
8.499946916472371494e-02
9.894514301058418559e-02
1.179515511712413006e-01
1.451844964856734421e-01
1.643752936769444228e-01
1.680362239707874072e-01
1.711900635508442070e-01
1.741311338740446912e-01
1.766756431946865102e-01
1.787741718570146909e-01
1.802916864361958083e-01
1.811349766498484559e-01
1.811831478114484251e-01
1.803363113188309330e-01
1.784984543429642412e-01
1.755965584813868052e-01
1.715878125645544094e-01
1.664642882293627668e-01
1.602691594984514412e-01
1.530887515310361269e-01
1.450649967163222809e-01
1.363733334955230247e-01
1.272256147667785997e-01
1.178386859395871983e-01
1.084325182185773284e-01
9.920053477640514150e-02
9.031181741388261131e-02
8.189184106764350879e-02
7.403254722019302070e-02
6.678396846934875342e-02
6.016906728457296211e-02
5.418132762976098776e-02
4.879934411599849003e-02
4.398575487930037053e-02
3.969875008078235790e-02
3.589032062705473786e-02
3.251432172763570744e-02
2.952386780207131786e-02
2.687673036795113976e-02
2.453233374646892131e-02
2.245540440325261358e-02
2.061299626242810504e-02
1.897707562522916655e-02
1.752181655985489417e-02
1.622554745318425737e-02
1.506840216759504358e-02
1.403387179955912882e-02
1.310680970876934234e-02
1.227472348977415480e-02
1.152609398994359699e-02
1.085148316820663296e-02
1.024211679009025613e-02
9.690852655301092702e-03
9.190978890736818327e-03
8.737070708440507205e-03
8.323963027851918883e-03
7.947515151719521109e-03
7.603724045124684444e-03
7.289411314541894248e-03
7.001450335495712149e-03
6.737386819021919451e-03
6.494758669041244062e-03
6.271659313234390423e-03
6.066133694600292676e-03
5.876691991504723669e-03
5.701768672518524664e-03
5.540193017962108044e-03
5.390700890247474703e-03
5.252367486704328722e-03
5.124163578044859529e-03
5.005355109216130458e-03
4.895097282730656758e-03
4.792804943984116037e-03
4.697779148413855008e-03
4.609551695190005315e-03
4.527539804612157846e-03
4.451367680740208471e-03
4.380545703733490330e-03
4.314771493109578575e-03
4.253630638066680653e-03
4.196879386570512294e-03
4.144164431960251950e-03
4.095289058909875463e-03
4.049949904537341466e-03
4.007988142036941759e-03
3.969141460045656766e-03
3.933281651323600366e-03
3.900180321213512439e-03
3.869734066225990077e-03
3.841742643244555697e-03
3.816122766288851300e-03
3.792697652062253406e-03
3.771400328368473744e-03
3.752073625961398033e-03
3.734663775611296588e-03
3.719030046695798609e-03
3.705129308857493982e-03
3.692834628854920701e-03
3.682111384709855183e-03
3.672844227566308874e-03
3.665005259180230488e-03
3.658488847742320024e-03
3.653272311832659030e-03
3.649258150614835983e-03
3.646427617560966169e-03
3.644689987938745570e-03
3.644029352541370247e-03
3.644360600432195417e-03
3.645669715613183547e-03
3.647876201744690815e-03
3.650967122349112800e-03
3.654865737639595869e-03
3.659559490804557315e-03
3.664974665918515739e-03
3.671098488543398687e-03
3.677859648559283871e-03
3.685244652284732584e-03
3.693184085433973661e-03
3.701663325836781603e-03
3.710614449954492602e-03
3.720021389770642849e-03
3.729817411656353391e-03
3.739984777868739056e-03
3.750457749233127806e-03
3.761216790751363212e-03
3.772197069692919975e-03
3.783377225943611571e-03
3.794693354749516245e-03
3.806122345545503993e-03
3.817601353817529422e-03
3.829105697191708627e-03
3.840573833697632535e-03
3.851979790863681134e-03
3.863263678097590258e-03
3.874398613443376209e-03
3.885326805876421728e-03
3.896020935284618888e-03
3.906425846253717971e-03
3.916514329807808080e-03
3.926234473829272494e-03
3.935559790211862891e-03
3.944442268530528803e-03
3.952856789606978144e-03
3.960759928592910359e-03
3.968128595564239004e-03
3.974924632003023171e-03
3.981127620952859547e-03
3.986705317204484143e-03
3.991640573707464640e-03
3.995907640828574164e-03
3.999493162011624400e-03
4.002378371530159948e-03
4.004554120601915186e-03
4.006008996338618518e-03
4.006738349357765946e-03
