9.079210234786897260e+00
9.079442138152659325e+00
9.079905909960391597e+00
9.080601480367761269e+00
9.081528744624428384e+00
9.082687563087803895e+00
9.084077761244090610e+00
9.085699129734559065e+00
9.087551424387077859e+00
9.089634366252887787e+00
9.091947641648603806e+00
9.094490902203460791e+00
9.097263764911774686e+00
9.100265812190619030e+00
9.103496591942716876e+00
9.106955617624523214e+00
9.110642368319492590e+00
9.114556288816528351e+00
9.118696789693604643e+00
9.123063247406516751e+00
9.127655004382795312e+00
9.132471369120727545e+00
9.137511616293503280e+00
9.142774986858434261e+00
9.148260688171275135e+00
9.153967894105587533e+00
9.159895745177148996e+00
9.166043348673390767e+00
9.172409778787843138e+00
9.178994076759545706e+00
9.185795251017443874e+00
9.192812277329709403e+00
9.200044098957992134e+00
9.207489626816554917e+00
9.215147739636288193e+00
9.223017284133572247e+00
9.231097075183949840e+00
9.239385896000610998e+00
9.247882498317627764e+00
9.256585602577944272e+00
9.265493898126072381e+00
9.274606043405468014e+00
9.283920666160570434e+00
9.293436363643456488e+00
9.303151702825083191e+00
9.313065220611106199e+00
9.323175424062213779e+00
9.333480790618953193e+00
9.343979768331028168e+00
9.354670776091012385e+00
9.365552203872461234e+00
9.376622412972377418e+00
9.387879736257989549e+00
9.399322478417817095e+00
9.410948916216982596e+00
9.422757298756717859e+00
9.434745847738046365e+00
9.446912757729588606e+00
9.459256196439456588e+00
9.471774304991178894e+00
9.484465198203656300e+00
9.497326964875050237e+00
9.510357668070609449e+00
9.523555345414363771e+00
9.536918009384649508e+00
9.550443647613423792e+00
9.564130223189321711e+00
9.577975674964404718e+00
9.591977917864564773e+00
9.606134843203522067e+00
9.620444319000394984e+00
9.634904190300762394e+00
9.649512279501195167e+00
9.664266386677192955e+00
9.679164289914483632e+00
9.694203745643639181e+00
9.709382488977945869e+00
9.724698234054489632e+00
9.740148674378398042e+00
9.755731483170189122e+00
9.771444313716175500e+00
9.787284799721874151e+00
9.803250555668359567e+00
9.819339177171514166e+00
9.835548241344113762e+00
9.851875307160719686e+00
9.868317915825272735e+00
9.884873591141390747e+00
9.901539839885266758e+00
9.918314152181142873e+00
9.935194001879288805e+00
9.952176846936430010e+00
9.969260129798565018e+00
9.986441277786136439e+00
1.000371770348145084e+01
1.002108680511834926e+01
1.003854596697401291e+01
1.005609255976288452e+01
1.007372394103263424e+01
1.009143745556209382e+01
1.010923043576113045e+01
1.012710020207237527e+01
1.014504406337475295e+01
1.016305931738875046e+01
1.018114325108338214e+01
1.019929314108475005e+01
1.021750625408617985e+01
1.023577984725984891e+01
1.025411116866983718e+01
1.027249745768657263e+01
1.029093594540255552e+01
1.030942385504935999e+01
1.032795840241579732e+01
1.034653679626720724e+01
1.036515623876581493e+01
1.038381392589206698e+01
1.040250704786691038e+01
1.042123278957493504e+01
1.043998833098831724e+01
1.045877084759151110e+01
1.047757751080659894e+01
1.049640548841928123e+01
1.051525194500538163e+01
1.053411404235786364e+01
1.055298893991424336e+01
1.057187379518437886e+01
1.059076576417852777e+01
1.060966200183565000e+01
1.062855966245186146e+01
1.064745590010898546e+01
1.066634786910313437e+01
1.068523272437326987e+01
1.070410762192964960e+01
1.072296971928212983e+01
1.074181617586823201e+01
1.076064415348091252e+01
1.077945081669600214e+01
1.079823333329919421e+01
1.081698887471257642e+01
1.083571461642060108e+01
1.085440773839544448e+01
1.087306542552169653e+01
1.089168486802030422e+01
1.091026326187171591e+01
1.092879780923815325e+01
1.094728571888495594e+01
1.096572420660094060e+01
1.098411049561767427e+01
1.100244181702766433e+01
1.102071541020133161e+01
1.103892852320276319e+01
1.105707841320412932e+01
1.107516234689876100e+01
1.109317760091276028e+01
1.111112146221513619e+01
1.112899122852638101e+01
1.114678420872541942e+01
1.116449772325487899e+01
1.118212910452462694e+01
1.119967569731350032e+01
1.121713485916916220e+01
1.123450396080606062e+01
1.125178038650137680e+01
1.126896153448894644e+01
1.128604481735108322e+01
1.130302766240822265e+01
1.131990751210637036e+01
1.133668182440224648e+01
1.135334807314612249e+01
1.136990374846223872e+01
1.138634635712679355e+01
1.140267342294339947e+01
1.141888248711599907e+01
1.143497110861915189e+01
1.145093686456563731e+01
1.146677735057133773e+01
1.148249018111732411e+01
1.149807298990911519e+01
1.151352343023302183e+01
1.152883917530956559e+01
1.154401791864387228e+01
1.155905737437302960e+01
1.157395527761032028e+01
1.158870938478631629e+01
1.160331747398675084e+01
1.161777734528711825e+01
1.163208682108399117e+01
1.164624374642294846e+01
1.166024598932310674e+01
1.167409144109818975e+01
1.168777801667408944e+01
1.170130365490286373e+01
1.171466631887314946e+01
1.172786399621690379e+01
1.174089469941246300e+01
1.175375646608385694e+01
1.176644735929633256e+01
1.177896546784805665e+01
1.179130890655792285e+01
1.180347581654946687e+01
1.181546436553079538e+01
1.182727274807053064e+01
1.183889918586969614e+01
1.185034192802952369e+01
1.186159925131513582e+01
1.187266946041505022e+01
1.188355088819650085e+01
1.189424189595648329e+01
1.190474087366855827e+01
1.191504624022529768e+01
1.192515644367640526e+01
1.193506996146243004e+01
1.194478530064405675e+01
1.195430099812694102e+01
1.196361562088204522e+01
1.197272776616144085e+01
1.198163606170956896e+01
1.199033916596988547e+01
1.199883576828690046e+01
1.200712458910356162e+01
1.201520438015394099e+01
1.202307392465122327e+01
1.203073203747095832e+01
1.203817756532952110e+01
1.204540938695780383e+01
1.205242641327006936e+01
1.205922758752796753e+01
1.206581188549967010e+01
1.207217831561412069e+01
1.207832591911036424e+01
1.208425377018192570e+01
1.208996097611623632e+01
1.209544667742907897e+01
1.210071004799400995e+01
1.210575029516678391e+01
1.211056665990471792e+01
1.211515841688099648e+01
1.211952487459390859e+01
1.212366537547098311e+01
1.212757929596802065e+01
1.213126604666299002e+01
1.213472507234479458e+01
1.213795585209689420e+01
1.214095789937573855e+01
1.214373076208405244e+01
1.214627402263890943e+01
1.214858729803462545e+01
1.215067023990043538e+01
1.215252253455295417e+01
1.215414390304342263e+01
1.215553410119970934e+01
1.215669291966308485e+01
1.215762018391975019e+01
1.215831575432712164e+01
1.215877952613485213e+01
1.215901142950061598e+01
