9.079210930826899784e+00
9.079448402355453140e+00
9.079923309650219210e+00
9.080635581191909722e+00
9.081585109715046400e+00
9.082771752224127582e+00
9.084195330015157666e+00
9.085855628702557141e+00
9.087752398251449648e+00
9.089885353015318969e+00
9.092254171779023508e+00
9.094858497807170039e+00
9.097697938897837844e+00
9.100772067441644353e+00
9.104080420486138081e+00
9.107622499805517080e+00
9.111397771975667581e+00
9.115405668454485522e+00
9.119645585667505827e+00
9.124116885098787932e+00
9.128818893387087741e+00
9.133750902427252072e+00
9.138912169476858693e+00
9.144301917268075286e+00
9.149919334124710701e+00
9.155763574084449630e+00
9.161833757026247582e+00
9.168128968802882639e+00
9.174648261378619551e+00
9.181390652971973765e+00
9.188355128203571809e+00
9.195540638249060095e+00
9.202946100997058565e+00
9.210570401212116565e+00
9.218412390702665604e+00
9.226470888493933487e+00
9.234744681005793154e+00
9.243232522235526716e+00
9.251933133945465570e+00
9.260845205855490647e+00
9.269967395840351898e+00
9.279298330131791062e+00
9.288836603525428615e+00
9.298580779592374057e+00
9.308529390895552424e+00
9.318680939210699066e+00
9.329033895751974725e+00
9.339586701402206259e+00
9.350337766947678375e+00
9.361285473317467520e+00
9.372428171827261068e+00
9.383764184427652921e+00
9.395291803956837384e+00
9.407009294397719046e+00
9.418914891139337442e+00
9.431006801242613591e+00
9.443283203710365115e+00
9.455742249761536655e+00
9.468382063109620717e+00
9.481200740245219194e+00
9.494196350722706512e+00
9.507366937450946409e+00
9.520710516988023286e+00
9.534225079839940165e+00
9.547908590763242387e+00
9.561758989071515558e+00
9.575774188945722187e+00
9.589952079748311320e+00
9.604290526341078049e+00
9.618787369406708976e+00
9.633440425773960314e+00
9.648247488746442002e+00
9.663206328434934989e+00
9.678314692093204386e+00
9.693570304457256981e+00
9.708970868087984485e+00
9.724514063717151657e+00
9.740197550596670695e+00
9.756018966851105034e+00
9.771975929833361718e+00
9.788066036483511922e+00
9.804286863690675702e+00
9.820635968657940751e+00
9.837110889270238800e+00
9.853709144465122804e+00
9.870428234606414719e+00
9.887265641860635057e+00
9.904218830576185795e+00
9.921285247665203144e+00
9.938462322988051767e+00
9.955747469740368061e+00
9.973138084842631201e+00
9.990631549332174899e+00
1.000822522875759368e+01
1.002591647357547799e+01
1.004370261954943544e+01
1.006158098815130408e+01
1.007954888696453111e+01
1.009760361008965113e+01
1.011574243855176825e+01
1.013396264071003650e+01
1.015226147266903212e+01
1.017063617869196790e+01
1.018908399161570699e+01
1.020760213326747667e+01
1.022618781488326078e+01
1.024483823752777134e+01
1.026355059251596025e+01
1.028232206183599473e+01
1.030114981857364320e+01
1.032003102733799338e+01
1.033896284468845650e+01
1.035794241956297768e+01
1.037696689370739200e+01
1.039603340210586957e+01
1.041513907341238010e+01
1.043428103038309906e+01
1.045345639030971796e+01
1.047266226545356105e+01
1.049189576348048192e+01
1.051115398789642086e+01
1.053043403848361592e+01
1.054973301173736999e+01
1.056904800130329747e+01
1.058837609841501504e+01
1.060771439233219304e+01
1.062705997077889819e+01
1.064640992038217604e+01
1.066576132711078984e+01
1.068511127671406591e+01
1.070445685516077106e+01
1.072379514907794906e+01
1.074312324618966663e+01
1.076243823575559411e+01
1.078173720900934818e+01
1.080101725959654502e+01
1.082027548401248218e+01
1.083950898203940305e+01
1.085871485718324791e+01
1.087789021710986503e+01
1.089703217408058400e+01
1.091613784538709453e+01
1.093520435378557387e+01
1.095422882792998642e+01
1.097320840280450760e+01
1.099214022015497072e+01
1.101102142891932090e+01
1.102984918565696937e+01
1.104862065497700385e+01
1.106733300996519276e+01
1.108598343260970331e+01
1.110456911422548743e+01
1.112308725587725711e+01
1.114153506880099620e+01
1.115990977482393198e+01
1.117820860678292760e+01
1.119642880894119585e+01
1.121456763740331297e+01
1.123262236052843299e+01
1.125059025934166179e+01
1.126846862794352866e+01
1.128625477391748611e+01
1.130394601873537042e+01
1.132153969816078920e+01
1.133903316265033290e+01
1.135642377775259604e+01
1.137370892450491233e+01
1.139088599982776095e+01
1.140795241691677830e+01
1.142490560563232904e+01
1.144174301288654938e+01
1.145846210302784129e+01
1.147506035822272530e+01
1.149153527883502335e+01
1.150788438380228840e+01
1.152410521100945395e+01
1.154019531765960238e+01
1.155615228064185906e+01
1.157197369689629340e+01
1.158765718377581244e+01
1.160320037940498139e+01
1.161860094303570889e+01
1.163385655539975971e+01
1.164896491905802911e+01
1.166392375874652210e+01
1.167873082171900379e+01
1.169338387808625512e+01
1.170788072115188605e+01
1.172221916774465456e+01
1.173639705854724191e+01
1.175041225842144854e+01
1.176426265672972171e+01
1.177794616765302393e+01
1.179146073050494081e+01
1.180480431004201769e+01
1.181797489677025759e+01
1.183097050724774668e+01
1.184378918438334516e+01
1.185642899773142744e+01
1.186888804378259898e+01
1.188116444625035051e+01
1.189325635635362666e+01
1.190516195309524505e+01
1.191687944353612671e+01
1.192840706306531295e+01
1.193974307566570303e+01
1.195088577417549658e+01
1.196183348054528572e+01
1.197258454609075784e+01
1.198313735174098937e+01
1.199349030828226681e+01
1.200364185659741167e+01
1.201359046790059004e+01
1.202333464396753726e+01
1.203287291736117304e+01
1.204220385165261398e+01
1.205132604163747523e+01
1.206023811354749853e+01
1.206893872525743738e+01
1.207742656648717272e+01
1.208570035899903239e+01
1.209375885679029849e+01
1.210160084628084753e+01
1.210922514649590376e+01
1.211663060924390400e+01
1.212381611928939407e+01
1.213078059452099033e+01
1.213752298611434455e+01
1.214404227869008146e+01
1.215033749046671652e+01
1.215640767340851625e+01
1.216225191336825340e+01
1.216786933022488881e+01
1.217325907801610541e+01
1.217842034506571203e+01
1.218335235410587636e+01
1.218805436239417617e+01
1.219252566182545827e+01
1.219676557903847858e+01
1.220077347551729652e+01
1.220454874768744880e+01
1.220809082700682779e+01
1.221139918005131975e+01
1.221447330859512626e+01
1.221731274968579406e+01
1.221991707571394059e+01
1.222228589447764513e+01
1.222441884924151445e+01
1.222631561879040696e+01
1.222797591747780643e+01
1.222939949526883652e+01
1.223058613777791948e+01
1.223153566630105615e+01
1.223224793784274489e+01
1.223272284513751096e+01
1.223296031666606432e+01
