2.541369155997245666e-01
2.541304172492206970e-01
2.541174167328009714e-01
2.540979046820717735e-01
2.540718696307503466e-01
2.540392928007036977e-01
2.540001550145181142e-01
2.539544280013676381e-01
2.539020847718385099e-01
2.538430874373162061e-01
2.537774010542508396e-01
2.537049779481899137e-01
2.536257750370746189e-01
2.535397346484687398e-01
2.534468053339095084e-01
2.533469191652591435e-01
2.532400160545670298e-01
2.531260175128101642e-01
2.530048544922143261e-01
2.528764375878946868e-01
2.527406884220885219e-01
2.525975062664427839e-01
2.524468029901331123e-01
2.522884660776575361e-01
2.521223971654148466e-01
2.519484714269140668e-01
2.517665797249929449e-01
2.515765843332912199e-01
2.513783647339735139e-01
2.511717696411551737e-01
2.509566664766980648e-01
2.507328896579867905e-01
2.505002937871589341e-01
2.502586981621852669e-01
2.500079437177211150e-01
2.497478337148687499e-01
2.494781944747221925e-01
2.491988121984118343e-01
2.489094975373600527e-01
2.486100184912361233e-01
2.483001688619392577e-01
2.479796971728788213e-01
2.476483790567541587e-01
2.473059421350893017e-01
2.469521423929540715e-01
2.465866849529124161e-01
2.462093044929337671e-01
2.458196818437675124e-01
2.454175285093868064e-01
2.450024990112601442e-01
2.445742795737403108e-01
2.441324961326656884e-01
2.436768072510833161e-01
2.432068077030263009e-01
2.427221256878039357e-01
2.422223218925167454e-01
2.417069910757710938e-01
2.411756565044038403e-01
2.406278759797570721e-01
2.400631315350172379e-01
2.394809399789660787e-01
2.388807377300490586e-01
2.382619959536090570e-01
2.376241003970046839e-01
2.369664711964044601e-01
2.362884375636035150e-01
2.355893623371388412e-01
2.348685113553542481e-01
2.341251828233035515e-01
2.333585711874342217e-01
2.325679013836921827e-01
2.317522870059305629e-01
2.309108694907348880e-01
2.300426703429686304e-01
2.291467352975117278e-01
2.282219803293596971e-01
2.272673408094118275e-01
2.262816109805029507e-01
2.252635980903032742e-01
2.242119549546031654e-01
2.231253390003615500e-01
2.220022374575864321e-01
2.208411311722345283e-01
2.196403118591837844e-01
2.183980504367619424e-01
2.171124056219315979e-01
2.157813963781669842e-01
2.144028009185613981e-01
2.129743326192150843e-01
2.114934281829702334e-01
2.099574260090363020e-01
2.083633418095839629e-01
2.067080478847547753e-01
2.049880338184472683e-01
2.031995843416128378e-01
2.013385218714270897e-01
1.994003797855407045e-01
1.973801229015854641e-01
1.952723128993182899e-01
1.930708040640375656e-01
1.907689012689827712e-01
1.883590362443295363e-01
1.858329329934163276e-01
1.831812935972444434e-01
1.803940209653570326e-01
1.774599898101502926e-01
1.743674303624334343e-01
1.711039101393440898e-01
1.676570082203120704e-01
1.640146086730141783e-01
1.601658910092138011e-01
1.561018387231805082e-01
1.518162953721906017e-01
1.473062979727883526e-01
1.425727379981862608e-01
1.376201194582033771e-01
1.324566274147755129e-01
1.270934268713145854e-01
1.215445685262105946e-01
1.158264646210262760e-01
1.099582644937386888e-01
1.039619354491358033e-01
9.786318434716588521e-02
9.169187018442154224e-02
8.548294602573487666e-02
7.927663439363052955e-02
7.311897418287280348e-02
6.706174135054351892e-02
6.116324481962485266e-02
5.548982232204689030e-02
5.012054435679369480e-02
4.515652591889397077e-02
4.073858425843403241e-02
3.707280250283408185e-02
3.444962723305584895e-02
3.320581847733777153e-02
3.357507117846812023e-02
3.551259895778959702e-02
3.868291439726720404e-02
4.258178909857712052e-02
4.663504516566627928e-02
5.029107698775398677e-02
5.316286017107127448e-02
5.513508666436071209e-02
5.632664980671807375e-02
5.695657617445794296e-02
5.723125272472530389e-02
5.730019521125841175e-02
5.725667930513554660e-02
5.715392608399251506e-02
5.702029518322688367e-02
5.687031318804711133e-02
5.671100938491181048e-02
5.654575990242176331e-02
5.637602615064162687e-02
5.620249251568690263e-02
5.602537373944585508e-02
5.584478504979263624e-02
5.566069807521659835e-02
5.547311948633588258e-02
5.528198107245988618e-02
5.508726926978008143e-02
5.488891220897976209e-02
5.468689149638220753e-02
5.448113718087098378e-02
5.427162877548104281e-02
5.405829890683156586e-02
5.384112573375850197e-02
5.362004446148822129e-02
5.339503232414185424e-02
5.316602706873127526e-02
5.293300537230925806e-02
5.269590752463163691e-02
5.245470999160375264e-02
5.220935564872800777e-02
5.195982108694200546e-02
5.170605185007832311e-02
5.144802498832425075e-02
5.118568883442416867e-02
5.091902123693419630e-02
5.064797347602971456e-02
5.037252454933157514e-02
5.009262888236221817e-02
4.980826699098606786e-02
4.951939668636275854e-02
4.922600039776538206e-02
4.892803960925783818e-02
4.862549909314735352e-02
4.831834434706787362e-02
4.800656296029977288e-02
4.769012484663893991e-02
4.736902094229508003e-02
4.704322605278044717e-02
4.671273506131773390e-02
4.637752822772788636e-02
4.603760506964679755e-02
4.569295196863452924e-02
4.534357387256212485e-02
4.498946407939622555e-02
4.463063389753332139e-02
4.426708449136318446e-02
4.389883462684136817e-02
4.352589447537166117e-02
4.314829156434301510e-02
4.276604644743749184e-02
4.237919697409969766e-02
4.198777574538482132e-02
4.159183281233083673e-02
4.119141484720779955e-02
4.078658637852088098e-02
4.037741061830095457e-02
3.996396934100340109e-02
3.954634531856519170e-02
3.912464095183018631e-02
3.869896227670972799e-02
3.826943645997697013e-02
3.783619735214430874e-02
3.739940196442800846e-02
3.695921755684871551e-02
3.651583721953025746e-02
3.606946849760676171e-02
3.562034820696363679e-02
3.516873260969299170e-02
3.471491160017568106e-02
3.425920045376060208e-02
3.380195352044879781e-02
3.334355757084198069e-02
3.288444512575367656e-02
3.242508940968068243e-02
3.196601741548762976e-02
3.150780643410638210e-02
3.105109688810340357e-02
3.059659031741955235e-02
3.014506189030620800e-02
2.969735956062523330e-02
2.925441594708838230e-02
2.881724810266670517e-02
2.838696810679271557e-02
2.796478246797868064e-02
2.755200027314932618e-02
2.715003067252801106e-02
2.676038679676830817e-02
2.638467911544917568e-02
2.602461269763987894e-02
2.568197370931799006e-02
2.535861727793966430e-02
2.505644443641878369e-02
2.477737840153153293e-02
2.452333050014390489e-02
2.429616469961200231e-02
2.409765395705810651e-02
2.392943655016014498e-02
2.379296860102817282e-02
2.368948023613133211e-02
2.361993411872907733e-02
2.358499243023490927e-02
