5.832465722864935032e+00
5.851101835590528211e+00
5.866410179134301295e+00
5.855405817090287179e+00
5.862019198252952812e+00
5.854680913316536284e+00
5.858283315438050920e+00
5.852152424111040752e+00
5.854042833253824796e+00
5.848339561388081975e+00
5.849028625348085875e+00
5.843406778985628769e+00
5.843150290378051892e+00
5.837427745665516809e+00
5.836374211321793126e+00
5.830445263173997361e+00
5.828690472841444148e+00
5.822490211892187517e+00
5.820101323537354432e+00
5.813588904429932036e+00
5.810616444313119189e+00
5.803766374240178827e+00
5.800250767421553100e+00
5.793048000443978829e+00
5.789023367834479572e+00
5.781460361104975298e+00
5.776956839032982849e+00
5.769031686553164562e+00
5.764076894422561104e+00
5.755792082242633612e+00
5.750412071308420359e+00
5.741773605117396428e+00
5.735993475898446547e+00
5.727010238615175552e+00
5.720854538006213019e+00
5.711537793042640310e+00
5.705030759923510608e+00
5.695393748905066111e+00
5.688559452812388173e+00
5.678617056067219337e+00
5.671479458975893451e+00
5.661247899095177338e+00
5.653830861374732564e+00
5.643327437540513358e+00
5.635654683383560126e+00
5.624897528916079636e+00
5.616992582642870602e+00
5.606000441174498583e+00
5.597886543140720761e+00
5.586678560727479592e+00
5.578378569569897749e+00
5.566974101208708170e+00
5.558510387695403843e+00
5.546928817396381994e+00
5.538323153954851641e+00
5.526583727908012555e+00
5.517857176986860068e+00
5.505978849499382655e+00
5.497151653133241389e+00
5.485152945087001797e+00
5.476244417393042241e+00
5.464143286911954611e+00
5.455171710718466294e+00
5.442985435652976989e+00
5.433967964008073359e+00
5.421713035756075882e+00
5.412665598703764402e+00
5.400357626752943396e+00
5.391294843464503828e+00
5.378948469985406433e+00
5.369883566126629759e+00
5.357512389893634541e+00
5.348457120101445916e+00
5.336073629246825156e+00
5.327038205124434711e+00
5.314653719328974901e+00
5.305646745974658351e+00
5.293271373049011075e+00
5.284299807144212657e+00
5.271942435171736996e+00
5.263011614521265535e+00
5.250680019023407752e+00
5.241793945185112769e+00
5.229495294978491415e+00
5.220657810013950240e+00
5.208400552785136917e+00
5.199619613342646218e+00
5.187420040979817237e+00
5.178722466205442743e+00
5.166626755548787031e+00
5.158107458575177162e+00
5.146263416902161048e+00
5.138244621881622010e+00
5.127127172813453093e+00
5.120652460429138131e+00
5.111735054871252792e+00
5.109990252794782251e+00
5.107524861049810738e+00
5.119220985836041571e+00
5.133635637937676854e+00
5.177290556274610545e+00
5.225981550842550227e+00
5.323140850770452737e+00
5.415658225672962622e+00
5.561632083248992942e+00
5.677337217165802308e+00
5.826678404047472171e+00
5.924705630416497115e+00
6.027111282296595540e+00
6.083721170392995425e+00
6.128450971969320094e+00
6.151515126275458378e+00
6.159406088989548778e+00
6.165715277447712417e+00
6.156462874412025776e+00
6.156193503667988232e+00
6.139652050175753217e+00
6.137110639507639576e+00
6.117244173893213954e+00
6.114044117252366739e+00
6.092345862647489341e+00
6.089073230361281119e+00
6.066103147742808233e+00
6.062971212578375457e+00
6.038944901379711183e+00
6.036031942880331513e+00
6.011037361071331908e+00
6.008371891530206454e+00
5.982449080785396056e+00
5.980040657574726914e+00
5.953211455149163278e+00
5.951062013067615730e+00
5.923341305341291552e+00
5.921449414710318493e+00
5.892849456886974480e+00
5.891211966925419041e+00
5.861744045798152669e+00
5.860356744619238611e+00
5.830031802239071581e+00
5.828889701745363361e+00
5.797718544753387881e+00
5.796816021639398464e+00
5.764809362309391894e+00
5.764140244990128004e+00
5.731308672387896763e+00
5.730866309338940923e+00
5.697220230778065719e+00
5.696997554561564314e+00
5.662547123347859923e+00
5.662536716226176381e+00
5.627291751831226208e+00
5.627485915296676744e+00
5.591455817823929308e+00
5.591846646974578228e+00
5.555040305715436055e+00
5.555619768593467178e+00
5.518045463599599465e+00
5.518805485378655895e+00
5.480470780460063196e+00
5.481403332003786488e+00
5.442314957212166071e+00
5.443412147433228654e+00
5.403575868998157894e+00
5.404830040262675439e+00
5.364250515665368368e+00
5.365654341417617879e+00
5.324334957326418483e+00
5.325881540931884039e+00
5.283824231523183812e+00
5.285507205446132950e+00
5.242712248520976281e+00
5.244525872749369988e+00
5.200991661032316138e+00
5.202930919884676264e+00
5.158653704584433619e+00
5.160714401031267329e+00
5.115688004581675941e+00
5.117866851448924059e+00
5.072082345955436722e+00
5.074377053539906868e+00
5.027822401102128858e+00
5.030231761070482754e+00
4.982891411205837784e+00
4.985415377013719507e+00
4.937269815998444500e+00
4.939909580358660790e+00
4.890934825628240112e+00
4.893692896262688663e+00
4.843859927906896345e+00
4.846740203047012585e+00
4.796014322330730550e+00
4.799022168351253725e+00
4.747362270570701703e+00
4.750504604537593600e+00
4.697862350701994316e+00
4.701147731592089762e+00
4.647466598789936398e+00
4.650905331970982992e+00
4.596119517641285235e+00
4.599723778227692073e+00
4.543756926343325730e+00
4.547540908560580242e+00
4.490304617311281277e+00
4.494284718416057700e+00
4.435676777635807255e+00
4.439871827433621299e+00
4.379774118871608835e+00
4.384205668499726372e+00
4.322481642522409295e+00
4.327174330368719346e+00
4.263665945694286918e+00
4.268647963558464653e+00
4.203171940489292879e+00
4.208475630873254048e+00
4.140818818374993882e+00
4.146481444549191764e+00
4.076395031220179987e+00
4.082459777741020091e+00
4.009651977137230539e+00
4.016169261567185345e+00
3.940295958210127569e+00
3.947325170114598603e+00
3.867977800133782118e+00
3.875589637477277805e+00
3.792279259201297048e+00
3.800558917515920676e+00
3.712694937223325109e+00
3.721746545271948481e+00
3.628607791914063796e+00
3.638560718661199012e+00
3.539255311026161088e+00
3.550273369674434409e+00
3.443681728512339113e+00
3.455977026710234323e+00
3.340668756629316061e+00
3.354523312592577078e+00
3.228632112038971602e+00
3.244433101006665598e+00
3.105461367433859809e+00
3.123761741416913651e+00
2.968261320420296112e+00
2.989891201411175370e+00
2.812911999061324053e+00
2.839201366490846201e+00
2.633269520937935315e+00
2.666545686937586535e+00
2.419585698964884291e+00
2.464469789201884087e+00
2.154996616858235292e+00
2.222665124077115362e+00
1.806249279821388720e+00
1.935543556713660740e+00
1.290598577869415564e+00
1.920467738428986992e+00
1.687054404114429473e-01
-4.594820751712440643e-01
