1.906910866383886884e-03
1.905733727764956538e-03
1.903382552216229678e-03
1.899863526371086374e-03
1.895185889868748101e-03
1.889361885675183142e-03
1.882406697278892057e-03
1.874338367719150401e-03
1.865177708011350700e-03
1.854948187534676517e-03
1.843675816708829820e-03
1.831389012283478161e-03
1.818118458076725934e-03
1.803896949439683269e-03
1.788759236484400213e-03
1.772741852539376104e-03
1.755882944716950561e-03
1.738222091510401024e-03
1.719800125764900725e-03
1.700658946686545853e-03
1.680841340285648376e-03
1.660390790976376714e-03
1.639351304366069070e-03
1.617767223336330972e-03
1.595683057676672116e-03
1.573143309078592084e-03
1.550192311584960890e-03
1.526874069329735425e-03
1.503232111130769913e-03
1.479309344107337726e-03
1.455147925021709138e-03
1.430789132144589994e-03
1.406273255190235681e-03
1.381639487016097850e-03
1.356925833235364314e-03
1.332169024569661211e-03
1.307404446496592161e-03
1.282666072355704342e-03
1.257986412726307558e-03
1.233396468744160125e-03
1.208925700328990563e-03
1.184601998622188384e-03
1.160451671709227580e-03
1.136499434649211821e-03
1.112768410973311462e-03
1.089280138449981493e-03
1.066054584387343294e-03
1.043110165062331946e-03
1.020463772708059529e-03
9.981308064235783727e-04
9.761252086774400158e-04
9.544595054962357484e-04
9.331448503497621850e-04
9.121910714772130590e-04
8.916067211226724005e-04
8.713991279820324388e-04
8.515744499144470769e-04
8.321377296650303741e-04
8.130929493725800759e-04
7.944430879275525374e-04
7.761901758145740068e-04
7.583353526881551118e-04
7.408789213170457024e-04
7.238204041896671064e-04
7.071585955556545372e-04
6.908916160987476577e-04
6.750169622901349082e-04
6.595315583809420543e-04
6.444318024856562650e-04
6.297136153436412283e-04
6.153724827345068713e-04
6.014035006345097882e-04
5.878014137265830412e-04
5.745606567309207314e-04
5.616753889094667834e-04
5.491395314797742821e-04
5.369467981270540898e-04
5.250907285171230133e-04
5.135647149196791118e-04
5.023620319210713760e-04
4.914758593320808690e-04
4.808993082661929723e-04
4.706254405560003867e-04
4.606472914097999461e-04
4.509578855952573232e-04
4.415502569189733184e-04
4.324174614565618629e-04
4.235525941187606442e-04
4.149487992161123430e-04
4.065992843835585869e-04
3.984973287678244235e-04
3.906362945824542196e-04
3.830096331991737768e-04
3.756108945990946899e-04
3.684337316386271117e-04
3.614719076518250465e-04
3.547192991514119516e-04
3.481699018221561838e-04
3.418178319160772153e-04
3.356573308489133175e-04
3.296827655605557368e-04
3.238886318442264485e-04
3.182695539295368270e-04
3.128202864921147031e-04
3.075357136344783904e-04
3.024108495393512197e-04
2.974408370563951702e-04
2.926209473605700375e-04
2.879465783286584788e-04
2.834132535813877049e-04
2.790166206540605214e-04
2.747524495891823584e-04
2.706166308883222143e-04
2.666051737481671662e-04
2.627142038258370059e-04
2.589399611981990190e-04
2.552787979918554875e-04
2.517271761372916932e-04
2.482816649147181641e-04
2.449389385650929869e-04
2.416957737966223950e-04
2.385490473051114703e-04
2.354957332783554427e-04
2.325329008694448267e-04
2.296577117291439098e-04
2.268674174679231946e-04
2.241593572400887543e-04
2.215309552234781445e-04
2.189797182736996650e-04
2.165032334445050161e-04
2.140991657258836298e-04
2.117652556231044059e-04
2.094993169885303759e-04
2.072992346730661445e-04
2.051629624583464989e-04
2.030885207907070860e-04
2.010739948177769475e-04
1.991175322121104940e-04
1.972173413140322596e-04
1.953716890495992898e-04
1.935788991798340476e-04
1.918373503156362947e-04
1.901454742721614367e-04
1.885017541816833757e-04
1.869047229507915693e-04
1.853529614708890262e-04
1.838450971750741117e-04
1.823798023449063718e-04
1.809557927632490402e-04
1.795718261151372141e-04
1.782267007324276199e-04
1.769192540859844214e-04
1.756483616177121568e-04
1.744129353208348444e-04
1.732119226547207923e-04
1.720443052097192819e-04
1.709090977001206848e-04
1.698053467098107141e-04
1.687321297587205022e-04
1.676885541254483645e-04
1.666737559826244231e-04
1.656868992926019326e-04
1.647271750072757442e-04
1.637938000329647033e-04
1.628860164903758766e-04
1.620030907448489728e-04
1.611443127223323511e-04
1.603089950012617326e-04
1.594964721805952883e-04
1.587061000297219405e-04
1.579372549048073339e-04
1.571893329532504625e-04
1.564617495748094945e-04
1.557539386772778447e-04
1.550653521790510520e-04
1.543954593128626343e-04
1.537437461666592709e-04
1.531097150323924676e-04
1.524928839822733701e-04
1.518927862597793047e-04
1.513089698885541629e-04
1.507409971029484495e-04
1.501884439870256039e-04
1.496508999421083887e-04
1.491279673535299451e-04
1.486192610928184076e-04
1.481244082099937413e-04
1.476430474681823617e-04
1.471748290594238387e-04
1.467194141696383800e-04
1.462764747160658616e-04
1.458456929406504675e-04
1.454267611673718214e-04
1.450193814222476021e-04
1.446232652089496373e-04
1.442381331537385611e-04
1.438637147978939041e-04
1.434997482660191901e-04
1.431459800739187085e-04
1.428021648188167495e-04
1.424680650014365304e-04
1.421434507367936033e-04
1.418280995893043169e-04
1.415217963029136118e-04
1.412243326481853797e-04
1.409355071705973130e-04
1.406551250486413104e-04
1.403829978592243527e-04
1.401189434458846778e-04
1.398627857003074243e-04
1.396143544398524767e-04
1.393734852042684551e-04
1.391400191417825323e-04
1.389138028201795873e-04
1.386946881207760691e-04
1.384825320630889199e-04
1.382771967060737565e-04
1.380785489856782621e-04
1.378864606227760744e-04
1.377008079729573787e-04
1.375214719406492260e-04
1.373483378405472317e-04
1.371812953174544371e-04
1.370202382188166746e-04
1.368650645198599255e-04
1.367156762067322183e-04
1.365719792065638060e-04
1.364338832807679848e-04
1.363013019596801283e-04
1.361741524456160817e-04
1.360523555517815706e-04
1.359358356147230378e-04
1.358245204372339639e-04
1.357183412098716946e-04
1.356172324576173228e-04
1.355211319701634136e-04
1.354299807521116379e-04
1.353437229617680424e-04
1.352623058646994334e-04
1.351856797807907541e-04
1.351137980410037419e-04
1.350466169424859432e-04
1.349840957083982859e-04
1.349261964508833406e-04
1.348728841338537405e-04
1.348241265436466232e-04
1.347798942546977628e-04
1.347401606077018620e-04
1.347049016781511467e-04
1.346740962617953743e-04
1.346477258460945738e-04
1.346257746026907523e-04
1.346082293620358026e-04
1.345950796120578532e-04
1.345863174771372869e-04
1.345819377181667244e-04
