1.985488749255891888e-02
1.983760498638758793e-02
1.980249295232717338e-02
1.975090752722363785e-02
1.968120528297104266e-02
1.959609578025718266e-02
1.949283217988280123e-02
1.937547219226746359e-02
1.924015416834470166e-02
1.909227642809573078e-02
1.892684711699028216e-02
1.875059577960603088e-02
1.855738148808591670e-02
1.835525430538672426e-02
1.813690251300455886e-02
1.791168526130690331e-02
1.767109616151871926e-02
1.742579193241932875e-02
1.716604618801507651e-02
1.690380225152445307e-02
1.662808767154377171e-02
1.635212258337262817e-02
1.606366232341232408e-02
1.577719577886096958e-02
1.547918043752945227e-02
1.518536809058746578e-02
1.488089374241885129e-02
1.458276883407962597e-02
1.427478262973158087e-02
1.397520583247633882e-02
1.366646034028009063e-02
1.336807875670065378e-02
1.306109574624706067e-02
1.276631152910463751e-02
1.246335543672406031e-02
1.217430405294228114e-02
1.187736494618381843e-02
1.159590271141979628e-02
1.130668820516863779e-02
1.103438838583339736e-02
1.075432367046380219e-02
1.049248019699292912e-02
1.022271512619674083e-02
9.972352789052837257e-03
9.713774842710184293e-03
9.475664749110147139e-03
9.228916630211933189e-03
9.003595678089769752e-03
8.769096313489552555e-03
8.556889479250142858e-03
8.334857260163213225e-03
8.135901585704692282e-03
7.926378792131261175e-03
7.740648080873371514e-03
7.543525571007127575e-03
7.370854949051386558e-03
7.185896347521832268e-03
7.026006002562311045e-03
6.852870778916281790e-03
6.705388345944422908e-03
6.543653327944264596e-03
6.408134539111431938e-03
6.257313547326378254e-03
6.133260897745865248e-03
5.992822313818734967e-03
5.879701611928173262e-03
5.749083800097045359e-03
5.646338568642855771e-03
5.524963157595654331e-03
5.432026929057658451e-03
5.319310029313789080e-03
5.235616638530716377e-03
5.130978120617067997e-03
5.055970139159167605e-03
4.958841131777625560e-03
4.891976615288709009e-03
4.801805402571238633e-03
4.742563135733774034e-03
4.658819640133771318e-03
4.606703064507029245e-03
4.528882096151919459e-03
4.483422088893534822e-03
4.411045514531958429e-03
4.371802127378475976e-03
4.304420026681438083e-03
4.270983108674410514e-03
4.208173718580278562e-03
4.180161742611258023e-03
4.121529135751737620e-03
4.098583585849750049e-03
4.043749310009469612e-03
4.025515719327488542e-03
3.974092204088014099e-03
3.960159667078228148e-03
3.911668486369447410e-03
3.901384702732429034e-03
3.855019144719955965e-03
3.846973976793159871e-03
3.801005627101544833e-03
3.791915389478238158e-03
3.742792424707795836e-03
3.726714951163495517e-03
3.669871854813591336e-03
3.641999935942410310e-03
3.576817540095055849e-03
3.539679440015288097e-03
3.470712951169315982e-03
3.430550087377392740e-03
3.362116899844005795e-03
3.322984085543841722e-03
3.257079797811538151e-03
3.220587262502502823e-03
3.157815255864313258e-03
3.124413555472614883e-03
3.064829234519101005e-03
3.034542504525894902e-03
2.978017787348158796e-03
2.950730519649634887e-03
2.897084333240128491e-03
2.872642304901336721e-03
2.821684762735428720e-03
2.799929479052415838e-03
2.751476401279988066e-03
2.732256571107205979e-03
2.686133926602656419e-03
2.669309000274913257e-03
2.625353905330289443e-03
2.610794849549712311e-03
2.568855389456085533e-03
2.556444505402545933e-03
2.516379166354685681e-03
2.506009593985720433e-03
2.467686584095007789e-03
2.459261726171413712e-03
2.422558285706062544e-03
2.415991237784442455e-03
2.380792974514643959e-03
2.376005992939735252e-03
2.342206254771244354e-03
2.339130274323526597e-03
2.306629562426359102e-03
2.305203767501142094e-03
2.273909189643435677e-03
2.274080639888081262e-03
2.243905402286962454e-03
2.245628712594065299e-03
2.216491648031391256e-03
2.219728722552650763e-03
2.191553852284524803e-03
2.196273672265697859e-03
2.168989799183059647e-03
2.175168264745968097e-03
2.148708595240201788e-03
2.156328421685707510e-03
2.130630213697582744e-03
2.139680883453785529e-03
2.114685118222197052e-03
2.125162890209401738e-03
2.100813965271524589e-03
2.112721944208435527e-03
2.088967385234842891e-03
2.102315654288232968e-03
2.079105843353822036e-03
2.093911664554635229e-03
2.071199582447515262e-03
2.087487670497608239e-03
2.065228650646316021e-03
2.083031527152899402e-03
2.061183018704552949e-03
2.080541455561165168e-03
2.059062793057691090e-03
2.080026355700443069e-03
2.058878532677098708e-03
2.081506236362334981e-03
2.060651680013653175e-03
2.085012775193234493e-03
2.064415119011392321e-03
2.090590025452370489e-03
2.070213876419682922e-03
2.098295290094445882e-03
2.078105986589469205e-03
2.108200188763118162e-03
2.088163544787617881e-03
2.120391949445092974e-03
2.100473980060452769e-03
2.134974964190997429e-03
2.115141586127479087e-03
2.152072657934627018e-03
2.132289358126296299e-03
2.171829731573866711e-03
2.152061194811808863e-03
2.194414855929172591e-03
2.174624540778615032e-03
2.220023912996197963e-03
2.200173562452674859e-03
2.248883906486062560e-03
2.228932976321568605e-03
2.281257696977301037e-03
2.261162680058672290e-03
2.317449760766434295e-03
2.297163379398801074e-03
2.357813229548349782e-03
2.337283459497840714e-03
2.402758545712745889e-03
2.381927424173012516e-03
2.452764173052821711e-03
2.431566327167709179e-03
2.508389946188567792e-03
2.486750757049596000e-03
2.570293840405920172e-03
2.548127126968644657e-03
2.639253221339202000e-03
2.616458285360690264e-03
2.716192027907917382e-03
2.692649838456715166e-03
2.802215908945028013e-03
2.777784113370229593e-03
2.898658162968042844e-03
2.873164474531620261e-03
3.007140563395735607e-03
2.980373868166943854e-03
3.129655019599425231e-03
3.101353223252306234e-03
3.268674913531964977e-03
3.238508037892919456e-03
3.427309523222019441e-03
3.394855731183235494e-03
3.609522362300798728e-03
3.574233198025682234e-03
3.820446645002844449e-03
3.781595370594125274e-03
4.066852413914280595e-03
4.023455011238142795e-03
4.357857953409948783e-03
4.308548301504735827e-03
4.706048972049383695e-03
4.648873912595077179e-03
5.129307269385615861e-03
5.061374514804635981e-03
5.653935563737485202e-03
5.570774815656902822e-03
6.320292078601848912e-03
6.214615534549308186e-03
7.193638813353489189e-03
7.052726486109230607e-03
8.386794260878918661e-03
8.186354098155273692e-03
1.011248030703928991e-02
9.800053065355394250e-03
1.281982890349840122e-02
1.226079267988060620e-02
1.758085257075504490e-02
1.634062716529925338e-02
2.666908406312332169e-02
2.297582074073963726e-02
5.897816202201086599e-02
