6.823200484513395168e+02
6.823116855341488645e+02
6.822949934639118510e+02
6.822700199986367124e+02
6.822368655747641242e+02
6.821956240997054692e+02
6.821464601522258135e+02
6.820895106468497033e+02
6.820250002123359536e+02
6.819531042394664837e+02
6.818741019305687132e+02
6.817882014394874659e+02
6.816957299155143346e+02
6.815969216346563826e+02
6.814921441917899756e+02
6.813816507041774457e+02
6.812658411368065572e+02
6.811449798312644361e+02
6.810194907819985701e+02
6.808896419052418878e+02
6.807558729195931164e+02
6.806184479200982196e+02
6.804778143565943083e+02
6.803342256169643179e+02
6.801881294427962530e+02
6.800397623531174531e+02
6.798895656908485989e+02
6.797377538340358569e+02
6.795847559300777903e+02
6.794307599457255264e+02
6.792761780207672473e+02
6.791211685010359815e+02
6.789661227305964530e+02
6.788111672938368883e+02
6.786566699663849249e+02
6.785027244632027532e+02
6.783496731843313228e+02
6.781975768258216704e+02
6.780467514874895869e+02
6.778972255525538912e+02
6.777492886710540461e+02
6.776029383522414946e+02
6.774584382990241238e+02
6.773157571845059692e+02
6.771751337893286973e+02
6.770365104503483735e+02
6.769001024433536031e+02
6.767658285978571939e+02
6.766338823714673936e+02
6.765041621204359217e+02
6.763768413278554590e+02
6.762518010053568105e+02
6.761291965640831449e+02
6.760088947993527881e+02
6.758910349296943423e+02
6.757754725841475647e+02
6.756623325791209709e+02
6.755514622882471940e+02
6.754429737779579455e+02
6.753367088935940501e+02
6.752327684308081643e+02
6.751309912203139447e+02
6.750314680718544196e+02
6.749340370851342641e+02
6.748387801643483499e+02
6.747455367262689379e+02
6.746543806442674622e+02
6.745651544682978056e+02
6.744779247157817963e+02
6.743925386647321147e+02
6.743090559623138915e+02
6.742273300043796098e+02
6.741474138780405383e+02
6.740691683017828382e+02
6.739926399524076714e+02
6.739176979137846502e+02
6.738443824565575824e+02
6.737725719357132448e+02
6.737023000876214383e+02
6.736334553339073636e+02
6.735660646266974254e+02
6.735000271684452855e+02
6.734353627612671289e+02
6.733719820535437748e+02
6.733098972158184097e+02
6.732490309972733940e+02
6.731893873316259942e+02
6.731309017669549348e+02
6.730735692545835036e+02
6.730173389708475042e+02
6.729621959787972401e+02
6.729081042183765931e+02
6.728550378053151917e+02
6.728029772811474913e+02
6.727518847525997217e+02
6.727017608499528478e+02
6.726525552598473041e+02
6.726042959308898617e+02
6.725569222766480380e+02
6.725105034766100971e+02
6.724649759925338230e+02
6.724204660180236033e+02
6.723769127600340880e+02
6.723344848394249311e+02
6.722931071587408951e+02
6.722529338972868800e+02
6.722138575414234083e+02
6.721759896894222948e+02
6.721392020905005893e+02
6.721035769425786839e+02
6.720689813121553016e+02
6.720354838297882907e+02
6.720029539610575284e+02
6.719714548585114926e+02
6.719408602665105263e+02
6.719112312304588386e+02
6.718824459482739258e+02
6.718545646878866364e+02
6.718274698804647187e+02
6.718012215095263855e+02
6.717757059929281240e+02
6.717509831680528123e+02
6.717269432444738868e+02
6.717036458919351389e+02
6.716809849704449107e+02
6.716590198846585054e+02
6.716376480448867596e+02
6.716169284563420661e+02
6.715967620086122452e+02
6.715772071559330243e+02
6.715581682163375490e+02
6.715397029350606317e+02
6.715217190218190808e+02
6.715042733544208886e+02
6.714872770074661048e+02
6.714707858360574164e+02
6.714547142600955567e+02
6.714391169619116226e+02
6.714239116924994732e+02
6.714091518177067428e+02
6.713947584095576531e+02
6.713807833806092731e+02
6.713671511171708062e+02
6.713539119487733160e+02
6.713409935720335397e+02
6.713284446107034000e+02
6.713161960701380622e+02
6.713042947522795885e+02
6.712926749718382098e+02
6.712813815992666377e+02
6.712703522613011273e+02
6.712596297931347635e+02
6.712491551381947374e+02
6.712389689980675485e+02
6.712290156395181384e+02
6.712193335370924387e+02
6.712098702895498263e+02
6.712006620553507901e+02
6.711916597759732213e+02
6.711828972086112799e+02
6.711743286503334502e+02
6.711659853752280469e+02
6.711578250510763155e+02
6.711498763898441666e+02
6.711421004475180325e+02
6.711345232972388430e+02
6.711271094031990287e+02
6.711198821248228796e+02
6.711128093571721820e+02
6.711059116723783973e+02
6.710991604218716020e+02
6.710925733177384700e+02
6.710861251963032146e+02
6.710798308371926169e+02
6.710736685933894705e+02
6.710676502394934460e+02
6.710617576803825841e+02
6.710559996124191002e+02
6.710503615313446062e+02
6.710448489809294870e+02
6.710394510907678978e+02
6.710341701760282831e+02
6.710289990474841488e+02
6.710239367135078510e+02
6.710189797180745472e+02
6.710141236818284369e+02
6.710093689390608915e+02
6.710047076384354341e+02
6.710001439672150809e+02
6.709956665138878407e+02
6.709912833873844420e+02
6.709869795232146998e+02
6.709827670272804880e+02
6.709786270839782674e+02
6.709745758787330487e+02
6.709705907405681273e+02
6.709666920249600253e+02
6.709628530942990210e+02
6.709590985734488413e+02
6.709553977389346073e+02
6.709517795940978431e+02
6.709482092013033707e+02
6.709447200623091021e+02
6.709412728867255282e+02
6.709379058067738697e+02
6.709345750290145816e+02
6.709313234617462740e+02
6.709281026448747980e+02
6.709249604236566711e+02
6.709218434925742258e+02
6.709188048119777932e+02
6.709157860348393569e+02
6.709128454343349404e+02
6.709099194060057698e+02
6.709070717559454806e+02
6.709042333835509453e+02
6.709014738735797891e+02
6.708987183642756236e+02
6.708960424943971930e+02
6.708933653455607100e+02
6.708907689202005713e+02
6.708881659123695727e+02
6.708856450379421403e+02
6.708831122309841248e+02
6.708806633176934611e+02
6.708781970509415942e+02
6.708758168198861540e+02
6.708734137173308909e+02
6.708710992144781358e+02
6.708687561966879684e+02
6.708665048160520428e+02
6.708642191214087234e+02
6.708620286409886830e+02
6.708597978603759202e+02
6.708576664964205065e+02
6.708554886282076950e+02
6.708534151168071276e+02
6.708512886539621149e+02
6.708492723751337508e+02
6.708471964460344452e+02
6.708452376171227343e+02
6.708432122220593783e+02
6.708413122108603375e+02
6.708393386429936527e+02
6.708375005028500482e+02
6.708355821623830479e+02
6.708338116189331686e+02
6.708319557875390728e+02
6.708302632753361650e+02
6.708284857435538697e+02
6.708268914959675158e+02
6.708252325922152295e+02
6.708237858871868866e+02
6.708223867593800378e+02
6.708213005086474823e+02
6.708205523028709649e+02
