2.153429939111617397e+00
2.153690127951285671e+00
2.154210327158372795e+00
2.154990161258204306e+00
2.156029095078467961e+00
2.157326378253459520e+00
2.158881119680584160e+00
2.160692195342277522e+00
2.162758359607295233e+00
2.165078116838964561e+00
2.167649869079097069e+00
2.170471752091529538e+00
2.173541818809563875e+00
2.176857840637356212e+00
2.180417525883015628e+00
2.184218287305859096e+00
2.188257494597218411e+00
2.192532209317886505e+00
2.197039470327882604e+00
2.201775997404940899e+00
2.206738508364398665e+00
2.211923392785760889e+00
2.217327059406021039e+00
2.222945581507316248e+00
2.228775073013181451e+00
2.234811307206037156e+00
2.241050119808343233e+00
2.247487002804466005e+00
2.254117532649313471e+00
2.260936941065467387e+00
2.267940566392759649e+00
2.275123403318629833e+00
2.282480575265041001e+00
2.290006865088225929e+00
2.297697206295829631e+00
2.305546196821635085e+00
2.313548606777097838e+00
2.321698877467381905e+00
2.329991643308212623e+00
2.338421218301545590e+00
2.346982129691320029e+00
2.355668594160281515e+00
2.364475060756538127e+00
2.373395679107241918e+00
2.382424849121761667e+00
2.391556683542748640e+00
2.400785561920325772e+00
2.410105589836712081e+00
2.419511154648061435e+00
2.428996383725068320e+00
2.438555699474073357e+00
2.448183278933024454e+00
2.457873605609710577e+00
2.467620932760532515e+00
2.477419829619816216e+00
2.487264650668608912e+00
2.497150073873425136e+00
2.507070578224328550e+00
2.517020971652808026e+00
2.526995879083649310e+00
2.536990257758167555e+00
2.546998898004153578e+00
2.557016923750631499e+00
2.567039308175867340e+00
2.577061357261462238e+00
2.587078242431708475e+00
2.597085465056158338e+00
2.607078408146412674e+00
2.617052779775304483e+00
2.627004185851856910e+00
2.636928550479231692e+00
2.646821711787832765e+00
2.656679817300460655e+00
2.666498944770583357e+00
2.676275470658192379e+00
2.686005717899072387e+00
2.695686295614317274e+00
2.705313775732273385e+00
2.714885002052726204e+00
2.724396797662682168e+00
2.733846241445362146e+00
2.743230408283535482e+00
2.752546611032329338e+00
2.761792175603328126e+00
2.770964646292337186e+00
2.780061598005246104e+00
2.789080802620857114e+00
2.798020080891455930e+00
2.806877427182367324e+00
2.815650904020755352e+00
2.824338722008710612e+00
2.832939180727106265e+00
2.841450699722331663e+00
2.849871810744214251e+00
2.858201134191820980e+00
2.866437429945229542e+00
2.874579511079244476e+00
2.882626364509242034e+00
2.890576989613246273e+00
2.898430605066402155e+00
2.906186394502679793e+00
2.913843814257350839e+00
2.921402227989744471e+00
2.928861305824847605e+00
2.936220565182916076e+00
2.943479825500737057e+00
2.950638731341642895e+00
2.957697215225972176e+00
2.964655051253743068e+00
2.971512288582751182e+00
2.978268837034703687e+00
2.984924868131864084e+00
2.991480424580121422e+00
2.997935798325337409e+00
3.004291157006698576e+00
3.010546906507111320e+00
3.016703329879276030e+00
3.022760938613861192e+00
3.028720121444987701e+00
3.034581486533588279e+00
3.040345518765481092e+00
3.046012913941586575e+00
3.051584243890739678e+00
3.057060283158257175e+00
3.062441681665228899e+00
3.067729284053196004e+00
3.072923809858972177e+00
3.078026165483088938e+00
3.083037131987125701e+00
3.087957669543833550e+00
3.092788613043545354e+00
3.097530968820966901e+00
3.102185618301540604e+00
3.106753606765315201e+00
3.111235855286760277e+00
3.115633441278887528e+00
3.119947318989293894e+00
3.124178591561285412e+00
3.128328240349810940e+00
3.132397388236722424e+00
3.136387038026038354e+00
3.140298326754955571e+00
3.144132273420718438e+00
3.147890024035802536e+00
3.151572608929944064e+00
3.155181178305983991e+00
3.158716769351252562e+00
3.162180532058996629e+00
3.165573506374036672e+00
3.168896838053048004e+00
3.172151566060501526e+00
3.175338828248972955e+00
3.178459659213300537e+00
3.181515185579161908e+00
3.184506434516281459e+00
3.187434518429733021e+00
3.190300454326928214e+00
3.193105337711363845e+00
3.195850172993193627e+00
3.198536036389228343e+00
3.201163917563255801e+00
3.203734871339032786e+00
3.206249870754096509e+00
3.208709947394288609e+00
3.211116056043599176e+00
3.213469203449362155e+00
3.215770324750830245e+00
3.218020400483449173e+00
3.220220344970328608e+00
3.222371111372141161e+00
3.224473592228318086e+00
3.226528712355933415e+00
3.228537341731579247e+00
3.230500376038055510e+00
3.232418662083343719e+00
3.234293065788065302e+00
3.236124410344794811e+00
3.237913531431986680e+00
3.239661228325219522e+00
3.241368306114538633e+00
3.243035539989035154e+00
3.244663704224278078e+00
3.246253549873045152e+00
3.247805820277649858e+00
3.249321242412751332e+00
3.250800528663662092e+00
3.252244382082151830e+00
3.253653484156296294e+00
3.255028514257022110e+00
3.256370123107490411e+00
3.257678966717203917e+00
3.258955665239060107e+00
3.260200851709137648e+00
3.261415115957345012e+00
3.262599068494981047e+00
3.263753269119795686e+00
3.264878306320246004e+00
3.265974710187783181e+00
3.267043047736685413e+00
3.268083819704947324e+00
3.269097572222191328e+00
3.270084777045168423e+00
3.271045960044025591e+00
3.271981564378696028e+00
3.272892096316150745e+00
3.273777970809287563e+00
3.274639675205544442e+00
3.275477596639283284e+00
3.276292204246223694e+00
3.277083857723118054e+00
3.277853008723471628e+00
3.278599989873481668e+00
3.279325236093971530e+00
3.280029053287488061e+00
3.280711860410792102e+00
3.281373936963219773e+00
3.282015686725058945e+00
3.282637363079863757e+00
3.283239355438826390e+00
3.283821891317225017e+00
3.284385346586204513e+00
3.284929923092885673e+00
3.285455984022171094e+00
3.285963705697530823e+00
3.286453439500779172e+00
3.286925336311367740e+00
3.287379736626805382e+00
3.287816765886715231e+00
3.288236754667242412e+00
3.288639802884568031e+00
3.289026232211778478e+00
3.289396116855769492e+00
3.289749770674823104e+00
3.290087241861453293e+00
3.290408837636161543e+00
3.290714579733093004e+00
3.291004770024554826e+00
3.291279403181702978e+00
3.291538777160232687e+00
3.291782858782261290e+00
3.292011943694155285e+00
3.292225969891336312e+00
3.292425232525441281e+00
3.292609639625310614e+00
3.292779487875059807e+00
3.292934654194218602e+00
3.293075438935025190e+00
3.293201687358809249e+00
3.293313705219090171e+00
3.293411308424706974e+00
3.293494807393850365e+00
3.293564004016843683e+00
3.293619202670365453e+00
3.293660271853573462e+00
3.293687490460467604e+00
3.293700897075103384e+00
