-3.491466580016849798e-04
-3.463037233964982018e-04
-3.479881408812959169e-04
-3.478815137930835709e-04
-3.493816149264932511e-04
-3.500587982917582061e-04
-3.518246884065842715e-04
-3.531024126242347967e-04
-3.552427421594428134e-04
-3.570695912875159720e-04
-3.596342375465315508e-04
-3.619949442276346966e-04
-3.650166616093103770e-04
-3.679113758951661306e-04
-3.714173612915550211e-04
-3.748549726168447422e-04
-3.788712168735694215e-04
-3.828667211586676573e-04
-3.874200164779515723e-04
-3.919933712973874070e-04
-3.971124082779127007e-04
-4.022880389159782903e-04
-4.080041111255494147e-04
-4.138107456834732179e-04
-4.201582789941633411e-04
-4.266289750689928012e-04
-4.336459850247039198e-04
-4.408182858510629196e-04
-4.485468186850207883e-04
-4.564630112072872109e-04
-4.649496029723882025e-04
-4.736570680855541711e-04
-4.829532469886824316e-04
-4.925049026015245000e-04
-5.026677561234962162e-04
-5.131226008689117801e-04
-5.242154289238949586e-04
-5.356392002142752523e-04
-5.477322774460464906e-04
-5.601982432222473883e-04
-5.733697169837954737e-04
-5.869596265612124887e-04
-6.012965822024072399e-04
-6.161018086159257123e-04
-6.317015404167461044e-04
-6.478244551063391940e-04
-6.647959899534054175e-04
-6.823516209934470805e-04
-7.008175531190286153e-04
-7.199355912498634109e-04
-7.400343007138693698e-04
-7.608615339113894297e-04
-7.827498800026401037e-04
-8.054531585059715058e-04
-8.293097630966908421e-04
-8.540796240696688730e-04
-8.801088910231312512e-04
-9.071640076491128057e-04
-9.356010650143043676e-04
-9.651937315451971809e-04
-9.963105370241547801e-04
-1.028733463280820382e-03
-1.062846384982898962e-03
-1.098441156722310824e-03
-1.135920437436304959e-03
-1.175088110930588414e-03
-1.216369754720622934e-03
-1.259584206658188399e-03
-1.305185005625675212e-03
-1.353009869949114551e-03
-1.403546537195777969e-03
-1.456656853912665587e-03
-1.512870576678616678e-03
-1.572080691618121069e-03
-1.634868912393141549e-03
-1.701168758029190931e-03
-1.771626701624975020e-03
-1.846229445196457186e-03
-1.925704945419566723e-03
-2.010110248507088020e-03
-2.100276961963790188e-03
-2.196355973703990362e-03
-2.299312377584149247e-03
-2.409423436513873171e-03
-2.527828547762098893e-03
-2.654976983062913055e-03
-2.792239272011852892e-03
-2.940301671948588550e-03
-3.100846485014540233e-03
-3.274891067337116612e-03
-3.464546309577028280e-03
-3.671299619503143059e-03
-3.897863485518022163e-03
-4.146404797248034318e-03
-4.420499666991528458e-03
-4.723316350855670011e-03
-5.059698749875943084e-03
-5.434316941411824163e-03
-5.853908334448803402e-03
-6.325413829427807902e-03
-6.858402284382471119e-03
-7.463192563174513537e-03
-8.153441220623423163e-03
-8.944161316294538255e-03
-9.854295998727412298e-03
-1.090430151792277057e-02
-1.211818222742426336e-02
-1.351986986225983157e-02
-1.513371765263839784e-02
-1.697850988189434848e-02
-1.906527285172305436e-02
-2.138812756830772710e-02
-2.391943020528374333e-02
-2.659881859914892815e-02
-2.932879417613152087e-02
-3.196702334970649706e-02
-3.432898138773974456e-02
-3.619069314810224175e-02
-3.730449801565898643e-02
-3.741527105653504048e-02
-3.628766304946828142e-02
-3.372882808389304071e-02
-2.961540174263035952e-02
-2.390825730397095825e-02
-1.666460738915637868e-02
-8.032778555786908650e-03
1.762043564866697500e-03
1.246803814920734860e-02
2.390582543672422136e-02
3.611349420746762934e-02
4.950793737856917093e-02
6.507242244495542449e-02
8.436020739215585595e-02
1.082938074053646921e-01
1.329306970085334660e-01
1.445285634808893549e-01
1.293181586653233961e-01
9.396098871705022004e-02
5.812608084249483442e-02
3.265045303355557788e-02
1.753165642140818575e-02
9.268404388398010854e-03
4.884360474746793010e-03
2.542218573086259606e-03
1.280775513806876658e-03
5.868810613523790494e-04
2.111463521049206874e-04
2.814788344246390234e-06
-1.064037171301487932e-04
-1.690404994372850071e-04
-2.009506304151045374e-04
-2.231727615174324702e-04
-2.352259765575539098e-04
-2.477749397233927186e-04
-2.558499834929745561e-04
-2.668031271579671257e-04
-2.748284275895405081e-04
-2.861394977655584053e-04
-2.950328400701678110e-04
-3.072094824250537004e-04
-3.172348810198834094e-04
-3.304920796467336998e-04
-3.418020724654217296e-04
-3.563132311885482606e-04
-3.690596995130239260e-04
-3.850073547993875509e-04
-3.993633432806707262e-04
-4.169510656040963602e-04
-4.331169377354569306e-04
-4.525749016195285157e-04
-4.707826211633339242e-04
-4.923727148199406878e-04
-5.128906175442332020e-04
-5.369121678525519111e-04
-5.600506873503410116e-04
-5.868471267391839677e-04
-6.129656902639065092e-04
-6.429324129635225664e-04
-6.724477340440074974e-04
-7.060414179964859737e-04
-7.394374666680706299e-04
-7.771871927730704399e-04
-8.150271945369873912e-04
-8.575477679350917721e-04
-9.004886693182499822e-04
-9.484966405776133671e-04
-9.973065865133984992e-04
-1.051639588042784000e-03
-1.107219090262293515e-03
-1.168859251362953412e-03
-1.232266894133139364e-03
-1.302369284214370190e-03
-1.374853023435636127e-03
-1.454780306450398179e-03
-1.537815680101151930e-03
-1.629180456267919101e-03
-1.724517352040237953e-03
-1.829234028462345873e-03
-1.938954062557553867e-03
-2.059302548953272863e-03
-2.185889615439497863e-03
-2.324593702233168548e-03
-2.471020872558376668e-03
-2.631344832198436335e-03
-2.801181534900353855e-03
-2.987049307444570971e-03
-3.184593606300108962e-03
-3.400735886066001603e-03
-3.631177691447140185e-03
-3.883313298556697376e-03
-4.152935442704458989e-03
-4.447994463325635056e-03
-4.764419627872785654e-03
-5.110816764711429393e-03
-5.483309018029729198e-03
-5.891276060339570124e-03
-6.331105761566763711e-03
-6.813091408172239349e-03
-7.333970587587420979e-03
-7.905112870520982285e-03
-8.523703361018790045e-03
-9.202372603599425979e-03
-9.938858558674065410e-03
-1.074725379951747654e-02
-1.162594949559294343e-02
-1.259070320338242545e-02
-1.364062944938153332e-02
-1.479332586594474773e-02
-1.604862392126641529e-02
-1.742605371137256887e-02
-1.892600085662530379e-02
-2.056984411898098858e-02
-2.235807471728382817e-02
-2.431351195875791280e-02
-2.643582224653119941e-02
-2.874831753028022491e-02
-3.124815563500296656e-02
-3.395737690766594680e-02
-3.686786832236921968e-02
-3.999753743583849691e-02
-4.332887314950727153e-02
-4.687156722235035627e-02
-5.059318728503525014e-02
-5.449025303888790916e-02
-5.850908376958669638e-02
-6.262848934951413538e-02
-6.676803410685244744e-02
-7.088736133326115074e-02
-7.487728231396398315e-02
-7.868385395897561918e-02
-8.217321687718717738e-02
-8.529480535242145445e-02
-8.789902345481574730e-02
-8.997241338921542486e-02
-9.134511308380771633e-02
-9.215294527733756957e-02
