5.395072632968811455e+00
5.395069727557720185e+00
5.395063923202656930e+00
5.395055230154264692e+00
5.395043667671125753e+00
5.395029255967788373e+00
5.395012026671958338e+00
5.394992009400475297e+00
5.394969247465875917e+00
5.394943779073830825e+00
5.394915658303623296e+00
5.394884930917306143e+00
5.394851660646139635e+00
5.394815899597857900e+00
5.394777719888150358e+00
5.394737178627824647e+00
5.394694354944943093e+00
5.394649309528264602e+00
5.394602127091668642e+00
5.394552870444068837e+00
5.394501628453324038e+00
5.394448464605832605e+00
5.394393470532353518e+00
5.394336709012787168e+00
5.394278273131329016e+00
5.394218223673600043e+00
5.394156653983496419e+00
5.394093621690934981e+00
5.394029219347826754e+00
5.393963500415344114e+00
5.393896555761795497e+00
5.393828433828610436e+00
5.393759223078675724e+00
5.393688966250256733e+00
5.393617748850726201e+00
5.393545607397406627e+00
5.393472624058749609e+00
5.393398828770616937e+00
5.393324300134924698e+00
5.393249061289174584e+00
5.393173187181466766e+00
5.393096694060086627e+00
5.393019653253685597e+00
5.392942074136337638e+00
5.392864024552633140e+00
5.392785507101756970e+00
5.392706586359287790e+00
5.392627258311343930e+00
5.392547584538111671e+00
5.392467554615814507e+00
5.392387227441417075e+00
5.392306586405946511e+00
5.392225688055535926e+00
5.392144509824230880e+00
5.392063106243628390e+00
5.391981449006577165e+00
5.391899590956253263e+00
5.391817498233829831e+00
5.391735222298049024e+00
5.391652723889838406e+00
5.391570053355450476e+00
5.391487166138785980e+00
5.391404111705246471e+00
5.391320840247946222e+00
5.391237400535763058e+00
5.391153737492334841e+00
5.391069899320735992e+00
5.390985825583783253e+00
5.390901563989672240e+00
5.390817048568171899e+00
5.390732326536875618e+00
5.390647326129851535e+00
5.390562094003341187e+00
5.390476552230706098e+00
5.390390746750080453e+00
5.390304592991207677e+00
5.390218135916350128e+00
5.390131283689957975e+00
5.390044079918816067e+00
5.389956424713218119e+00
5.389868359793801744e+00
5.389779776221543806e+00
5.389690713107950337e+00
5.389601051208893878e+00
5.389510826052871018e+00
5.389419906498005730e+00
5.389328323181087121e+00
5.389235931024717097e+00
5.389142754008834579e+00
5.389048630481550362e+00
5.388953575365576398e+00
5.388857406965392727e+00
5.388760127843377212e+00
5.388661531618311962e+00
5.388561603878131656e+00
5.388460107216398676e+00
5.388357003685360525e+00
5.388252015996761735e+00
5.388145073150580444e+00
5.388035845304838034e+00
5.387924214329895989e+00
5.387809779296744317e+00
5.387692353805805467e+00
5.387571438347553254e+00
5.387446746401786335e+00
5.387317639171673278e+00
5.387183682854351119e+00
5.387044040696086000e+00
5.386898064914456441e+00
5.386744641080249529e+00
5.386582820417215700e+00
5.386411112459613904e+00
5.386228167018265012e+00
5.386032012567912197e+00
5.385820801586032047e+00
5.385591993394672095e+00
5.385343181508271293e+00
5.385071220581679974e+00
5.384773160746571641e+00
5.384445319629383775e+00
5.384084357523125419e+00
5.383686298480605537e+00
5.383247802315357156e+00
5.382765187055113643e+00
5.382236130155509279e+00
5.381659172664011948e+00
5.381036854686201742e+00
5.380376248451929300e+00
5.379690691887404341e+00
5.378993711569448166e+00
5.378296329276007093e+00
5.377604014235517482e+00
5.376920662686246466e+00
5.376248174309465888e+00
5.375592869083940073e+00
5.374990464487509279e+00
5.374532843308846175e+00
5.374253648805694006e+00
5.374100873216976382e+00
5.374022240912617931e+00
5.373979717967916514e+00
5.373955345760095703e+00
5.373938896550375155e+00
5.373926952139806090e+00
5.373916757921367804e+00
5.373907969311598087e+00
5.373899526120746728e+00
5.373891684867246887e+00
5.373883857840974443e+00
5.373876399423727079e+00
5.373868891009456306e+00
5.373861672161513781e+00
5.373854402275487274e+00
5.373847385364971529e+00
5.373840327627172009e+00
5.373833499017251825e+00
5.373826639496885882e+00
5.373819990303244865e+00
5.373813318050656207e+00
5.373806840178115607e+00
5.373800345208669782e+00
5.373794030681207090e+00
5.373787703533032811e+00
5.373781544431055934e+00
5.373775376035452744e+00
5.373769364518068414e+00
5.373763346137045538e+00
5.373757474464587958e+00
5.373751597648828593e+00
5.373745858196864233e+00
5.373740114753487340e+00
5.373734500019884841e+00
5.373728881986215455e+00
5.373723384593334984e+00
5.373717884214693541e+00
5.373712496908137126e+00
5.373707106618401674e+00
5.373701822263325489e+00
5.373696534667462110e+00
5.373691346243131939e+00
5.373686154101172896e+00
5.373681054694260162e+00
5.373675950906399379e+00
5.373670933703423636e+00
5.373665911296046538e+00
5.373660969575285939e+00
5.373656021687862605e+00
5.373651148811058320e+00
5.373646268683931915e+00
5.373641458088116885e+00
5.373636639051325936e+00
5.373631884241133250e+00
5.373627119704508459e+00
5.373622414245417644e+00
5.373617697690324491e+00
5.373613035203390176e+00
5.373608360176646670e+00
5.373603734335406834e+00
5.373599094446104729e+00
5.373594498976588696e+00
5.373589887896800477e+00
5.373585316581812599e+00
5.373580728052501421e+00
5.373576174741748979e+00
5.373571602585633933e+00
5.373567061213750051e+00
5.373562499357462663e+00
5.373557963972629636e+00
5.373553406481244465e+00
5.373548871288002182e+00
5.373544312416039581e+00
5.373539771836984613e+00
5.373535206101279549e+00
5.373530654863880152e+00
5.373526077145440283e+00
5.373521510402135881e+00
5.373516916086328976e+00
5.373512329578604252e+00
5.373507714745876740e+00
5.373503105026222748e+00
5.373498466709144772e+00
5.373493831438807433e+00
5.373489167965651347e+00
5.373484506310889586e+00
5.373479817761131372e+00
5.373475130916171238e+00
5.373470419718939795e+00
5.373465711589407334e+00
5.373460983301153071e+00
5.373456261386251320e+00
5.373451525687001684e+00
5.373446802199545402e+00
5.373442074144619163e+00
5.373437367400699216e+00
5.373432668950621327e+00
5.373428005037414579e+00
5.373423366853481653e+00
5.373418781532866895e+00
5.373414244955499797e+00
5.373409785667266014e+00
5.373405404672818797e+00
5.373401132349003184e+00
5.373396975096389916e+00
5.373392965283857237e+00
5.373389114624862906e+00
5.373385457167106694e+00
5.373382009263435677e+00
5.373378805612223807e+00
5.373375865719230760e+00
5.373373223017237521e+00
5.373370897778483091e+00
5.373368919405280053e+00
5.373367305852160491e+00
5.373366079267302808e+00
5.373365252086533594e+00
5.373364836268612166e+00
