2.273696643664824268e+00
2.273934748395682881e+00
2.274410784422853826e+00
2.275124397184867142e+00
2.276075066973191507e+00
2.277262085850357387e+00
2.278684589633742874e+00
2.280341519409566420e+00
2.282231669568087540e+00
2.284353633887814539e+00
2.286705869691890047e+00
2.289286628464089368e+00
2.292094036216666630e+00
2.295126008584722044e+00
2.298380347514431765e+00
2.301854640764540605e+00
2.305546375040540497e+00
2.309452819811471436e+00
2.313571157030144043e+00
2.317898349150106174e+00
2.322431285584831695e+00
2.327166634783665256e+00
2.332101007594475917e+00
2.337230793229092551e+00
2.342552339704689235e+00
2.348061773499074079e+00
2.353755197256786058e+00
2.359628492903021346e+00
2.365677536811788162e+00
2.371897986114764656e+00
2.378285511541485153e+00
2.384835566626554826e+00
2.391543638446414821e+00
2.398404999395284509e+00
2.405414976060240129e+00
2.412568683203366593e+00
2.419861311037029949e+00
2.427287841017092163e+00
2.434843351803795297e+00
2.442522716438493280e+00
2.450320927302791940e+00
2.458232774218848782e+00
2.466253188750442860e+00
2.474376902734328976e+00
2.482598812301883839e+00
2.490913616315677093e+00
2.499316200529348997e+00
2.507801255369133120e+00
2.516363680692657034e+00
2.524998182318905382e+00
2.533699697893790681e+00
2.542462971533498095e+00
2.551283001355983515e+00
2.560154591560928505e+00
2.569072822242067122e+00
2.578032578181492784e+00
2.587029041617970204e+00
2.596057196983286630e+00
2.605112347366929093e+00
2.614189594366703950e+00
2.623284379060760507e+00
2.632391936082969508e+00
2.641507859989827178e+00
2.650627532602122471e+00
2.659746715737514311e+00
2.668860950782781849e+00
2.677966178853667056e+00
2.687058111475273847e+00
2.696132879330206400e+00
2.705186372827078412e+00
2.714214920707361589e+00
2.723214599171795314e+00
2.732181941737077846e+00
2.741113215465450725e+00
2.750005163596173308e+00
2.758854247282246153e+00
2.767657422670513512e+00
2.776411346388638623e+00
2.785113188914015936e+00
2.793759801870142390e+00
2.802348569710921833e+00
2.810876536674217885e+00
2.819341299017576130e+00
2.827740089232337439e+00
2.836070711302643321e+00
2.844330579498800304e+00
2.852517699397062234e+00
2.860629658236434114e+00
2.868664654735441744e+00
2.876620437598910396e+00
2.884495387502240327e+00
2.892287399855277386e+00
2.899995022694551672e+00
2.907616279222700051e+00
2.915149865749697256e+00
2.922593908787242789e+00
2.929947227596880310e+00
2.937208019667077785e+00
2.944375192831661714e+00
2.951446971706517708e+00
2.958422304702011285e+00
2.965299382352669877e+00
2.972077124870284859e+00
2.978753601244966465e+00
2.985327603462192503e+00
2.991796953035167572e+00
2.998160169262334307e+00
3.004414648225075979e+00
3.010558435719551174e+00
3.016588263924051994e+00
3.022501446334726616e+00
3.028293760049091787e+00
3.033961490576646103e+00
3.039499151995611381e+00
3.044901722497153518e+00
3.050162198172142958e+00
3.055274074583643973e+00
3.060228732340212421e+00
3.065018238603471001e+00
3.069632566087860504e+00
3.074062814503629948e+00
3.078298273174309596e+00
3.082330228091202606e+00
3.086149021753516575e+00
3.089749136971521537e+00
3.093127681643114801e+00
3.096293735084750587e+00
3.099269851468001491e+00
3.102097135664063199e+00
3.104816949450181163e+00
3.107462876832619791e+00
3.110051691939987872e+00
3.112595382312782988e+00
3.115099922677565747e+00
3.117584510162256350e+00
3.120156232452293565e+00
3.123089397536543466e+00
3.126482259036103883e+00
3.130176623595697816e+00
3.134014721211683341e+00
3.137882466702327733e+00
3.141726562521606425e+00
3.145517177073312354e+00
3.149245039141760127e+00
3.152902927175934344e+00
3.156490880661858789e+00
3.160006805179734535e+00
3.163452564499241060e+00
3.166827491023723073e+00
3.170133744542394272e+00
3.173371163101741388e+00
3.176541857300459348e+00
3.179645892317595202e+00
3.182685263289574795e+00
3.185660165446738468e+00
3.188572479858109432e+00
3.191422489859710776e+00
3.194211975852576657e+00
3.196941285479594885e+00
3.199612110930889930e+00
3.202224847757899617e+00
3.204781109610126411e+00
3.207281327566478879e+00
3.209727044053958700e+00
3.212118715957149817e+00
3.214457820085617534e+00
3.216744831340437205e+00
3.218981165298540947e+00
3.221167308555786590e+00
3.223304618966821078e+00
3.225393589645155767e+00
3.227435523599956113e+00
3.229430916196441625e+00
3.231381018011412198e+00
3.233286323133448548e+00
3.235148031777727695e+00
3.236966633833423757e+00
3.238743280970047156e+00
3.240478456457604572e+00
3.242173265044907993e+00
3.243828181384949438e+00
3.245444264786506494e+00
3.247021979644368450e+00
3.248562341197994474e+00
3.250065802246177693e+00
3.251533335245057721e+00
3.252965380319040367e+00
3.254362868360772154e+00
3.255726225964470366e+00
3.257056343626523631e+00
3.258353633746707612e+00
3.259618947549694390e+00
3.260852682741696817e+00
3.262055652364671321e+00
3.263228239074739800e+00
3.264371218789767326e+00
3.265484958882462152e+00
3.266570199178570277e+00
3.267627291640653020e+00
3.268656941010393169e+00
3.269659483805802846e+00
3.270635590670754045e+00
3.271585582724516605e+00
3.272510097479385927e+00
3.273409440771735568e+00
3.274284217930261143e+00
3.275134719685994789e+00
3.275961520115751036e+00
3.276764895077989959e+00
3.277545388315605379e+00
3.278303261097859522e+00
3.279039027741248447e+00
3.279752935257242541e+00
3.280445469437550887e+00
3.281116863414907936e+00
3.281767575358068623e+00
3.282397824949984777e+00
3.283008043646736596e+00
3.283598438165598488e+00
3.284169414179614943e+00
3.284721165988440550e+00
3.285254074445352224e+00
3.285768322057253332e+00
3.286264265872716361e+00
3.286742077325045308e+00
3.287202090747449734e+00
3.287644467335144594e+00
3.288069519896148929e+00
3.288477400365396264e+00
3.288868401345818260e+00
3.289242666659277337e+00
3.289600470181235359e+00
3.289941948959411278e+00
3.290267359794502688e+00
3.290576834496445002e+00
3.290870614610839517e+00
3.291148828412373994e+00
3.291411704118320181e+00
3.291659368236200756e+00
3.291892037538726612e+00
3.292109838385867349e+00
3.292312977658115702e+00
3.292501582663216908e+00
3.292675851141420029e+00
3.292835911354744294e+00
3.292981951206167324e+00
3.293114098120907940e+00
3.293232527296525269e+00
3.293337361064757385e+00
3.293428756357966947e+00
3.293506823429710462e+00
3.293571692812069962e+00
3.293623453571327797e+00
3.293662200294643849e+00
3.293687991366000212e+00
3.293700876710156322e+00
