2.615220789308619898e-01
2.614755501743059041e-01
2.615333881460424337e-01
2.615653826680863214e-01
2.616423883452232979e-01
2.617122603829986627e-01
2.618165524830197155e-01
2.619192418809827005e-01
2.620514721268278335e-01
2.621841265703310775e-01
2.623432856686146453e-01
2.625033510816745519e-01
2.626876665634986785e-01
2.628725163472338533e-01
2.630797444812150720e-01
2.632866022879462586e-01
2.635141783658447312e-01
2.637401277273022648e-01
2.639852715479260037e-01
2.642272976001566742e-01
2.644871008215315955e-01
2.647421444862808615e-01
2.650136479122685573e-01
2.652786635507973223e-01
2.655589264785495618e-01
2.658309380399080379e-01
2.661170997579741515e-01
2.663932523070577929e-01
2.666825852153110188e-01
2.669601898089583591e-01
2.672501435935021319e-01
2.675267142359501471e-01
2.678149507416540676e-01
2.680882327572956525e-01
2.683726515083419972e-01
2.686406411755594137e-01
2.689193958207273805e-01
2.691803515309584283e-01
2.694518577915849811e-01
2.697043033358679232e-01
2.699672392831929946e-01
2.702099601229841497e-01
2.704632597959344409e-01
2.706952933473226186e-01
2.709381348353168129e-01
2.711587558905771411e-01
2.713905450533591890e-01
2.715992474884158514e-01
2.718195984700182422e-01
2.720160743528619585e-01
2.722247879826618089e-01
2.724089051166606046e-01
2.726059461877984869e-01
2.727777250096662387e-01
2.729631992956118580e-01
2.731227899124183955e-01
2.732969216390868095e-01
2.734445816436708032e-01
2.736076919866670121e-01
2.737437655451484542e-01
2.738962525785113566e-01
2.740211511461294602e-01
2.741634715354249185e-01
2.742776564318507582e-01
2.744103090473747897e-01
2.745142760138910010e-01
2.746377875384591882e-01
2.747320533092302286e-01
2.748469658337422961e-01
2.749320566809674848e-01
2.750389172162067686e-01
2.751153593748396631e-01
2.752147111609918317e-01
2.752830230003576739e-01
2.753753984630123441e-01
2.754360842487388328e-01
2.755219994303192421e-01
2.755755445092759048e-01
2.756554947957368107e-01
2.757023620385476992e-01
2.757768190031207323e-01
2.758174463587011460e-01
2.758868555646881160e-01
2.759216546426316863e-01
2.759864343141937293e-01
2.760157900949238852e-01
2.760763307893165930e-01
2.761006031394883653e-01
2.761572692909100013e-01
2.761767988063967838e-01
2.762299353993485918e-01
2.762450619110693451e-01
2.762950170234437230e-01
2.763061368045826027e-01
2.763533329583514053e-01
2.763610705923791877e-01
2.764062158909651457e-01
2.764118990526905906e-01
2.764565249720959961e-01
2.764632050065596869e-01
2.765105205533033850e-01
2.765237006453502011e-01
2.765779837958570186e-01
2.766021622128364554e-01
2.766642542667850369e-01
2.766971098631967885e-01
2.767629661052680157e-01
2.767986180858810208e-01
2.768642130906220356e-01
2.768988129998006809e-01
2.769622342038385310e-01
2.769942539997552466e-01
2.770549037173996587e-01
2.770839177545067478e-01
2.771417273155502570e-01
2.771677127247696992e-01
2.772227950316850653e-01
2.772458588341467078e-01
2.772983818623010466e-01
2.773186656394528993e-01
2.773688088150806919e-01
2.773864565766601120e-01
2.774343960532691944e-01
2.774495437489933880e-01
2.774954476789645574e-01
2.775082200892011186e-01
2.775522473976738125e-01
2.775627575365793298e-01
2.776050579421767139e-01
2.776134072962092580e-01
2.776541217768499492e-01
2.776604007936457341e-01
2.776996622044233809e-01
2.777039508256679001e-01
2.777418845582065865e-01
2.777442527238110359e-01
2.777809773649466685e-01
2.777814854631415198e-01
2.778171134372012796e-01
2.778158126922810611e-01
2.778504508810245577e-01
2.778473836769885241e-01
2.778811340169858868e-01
2.778763341558281308e-01
2.779092942148821410e-01
2.779027871098300739e-01
2.779350506448840519e-01
2.779268534478269714e-01
2.779585109481568783e-01
2.779486326101135996e-01
2.779797718296009856e-01
2.779682130926333650e-01
2.779989195756554232e-01
2.779856728928460918e-01
2.780160304991041165e-01
2.780010798794750881e-01
2.780311713124599127e-01
2.780144920856610913e-01
2.780443994317013945e-01
2.780259579261457614e-01
2.780557632101323673e-01
2.780355163369581661e-01
2.780653021024838134e-01
2.780431968358585415e-01
2.780730467584119903e-01
2.780490195000952514e-01
2.780790190432126385e-01
2.780529948571891508e-01
2.780832319826633259e-01
2.780551236827858985e-01
2.780856896279380042e-01
2.780553966973123847e-01
2.780863868354321311e-01
2.780537941513785416e-01
2.780853089532422939e-01
2.780502852875922359e-01
2.780824314059563984e-01
2.780448276627227600e-01
2.780777191656168545e-01
2.780373663095720982e-01
2.780711260955913144e-01
2.780278327150423889e-01
2.780625941479432095e-01
2.780161435833449213e-01
2.780520523946615197e-01
2.780021993462049590e-01
2.780394158641185665e-01
2.779858823728392214e-01
2.780245841510253224e-01
2.779670548219582149e-01
2.780074397601450253e-01
2.779455560592812291e-01
2.779878461312736970e-01
2.779211995507614441e-01
2.779656452877819484e-01
2.778937691117819297e-01
2.779406550286191435e-01
2.778630143624596927e-01
2.779126655718763828e-01
2.778286451975227056e-01
2.778814355286768900e-01
2.777903250219784792e-01
2.778466870594635263e-01
2.777476624276669082e-01
2.778081000251760857e-01
2.777002008868607041e-01
2.777653048925388113e-01
2.776474058960647917e-01
2.777178740927246370e-01
2.775886488129211682e-01
2.776653114438629721e-01
2.775231863605518989e-01
2.776070391386664116e-01
2.774501343852822099e-01
2.775423816595740112e-01
2.773684339112618691e-01
2.774705457947237996e-01
2.772768067213847165e-01
2.773905956959748509e-01
2.771736965041493028e-01
2.773014216315209945e-01
2.770571897881466961e-01
2.772017007407431288e-01
2.769249080887314363e-01
2.770898477469003196e-01
2.767738582683585413e-01
2.769639533353274174e-01
2.766002209549880964e-01
2.768217081095728505e-01
2.763990449649476044e-01
2.766603115007479907e-01
2.761637952803717155e-01
2.764763699241221118e-01
2.758856659914413756e-01
2.762658022275329417e-01
2.755525030214525661e-01
2.760238074751257820e-01
2.751470534663860712e-01
2.757450497546218848e-01
2.746439999425679401e-01
2.754244923188765015e-01
2.740046871026324826e-01
2.750601327575122879e-01
2.731671983852103636e-01
2.746615210315658251e-01
2.720264333444852300e-01
2.742774220829941600e-01
2.703913297736197929e-01
2.740961375408373923e-01
2.678902939617663903e-01
2.748872524592317901e-01
2.638381163249077233e-01
2.807484461908298368e-01
2.593766476139274246e-01
3.386623234947133132e-01
1.225555344981474892e+00
