1.133595252894965100e+01
1.133593123694127947e+01
1.133588873810783859e+01
1.133582515249304734e+01
1.133574073352239786e+01
1.133563571728930874e+01
1.133551051918039754e+01
1.133536548353277063e+01
1.133520117752748568e+01
1.133501804248031419e+01
1.133481678374787016e+01
1.133459792540312705e+01
1.133436229447720223e+01
1.133411048124451170e+01
1.133384341570056719e+01
1.133356173613649531e+01
1.133326645533068699e+01
1.133295824052561507e+01
1.133263816639089150e+01
1.133230690992471956e+01
1.133196558683076383e+01
1.133161486525046335e+01
1.133125588178982568e+01
1.133088927834616122e+01
1.133051619362751694e+01
1.133013722766762221e+01
1.132975350430472972e+01
1.132936556828129504e+01
1.132897451379509413e+01
1.132858081935538230e+01
1.132818553719163290e+01
1.132778907128562906e+01
1.132739242212610975e+01
1.132699591355643420e+01
1.132660048710009271e+01
1.132620638345632713e+01
1.132581448039451466e+01
1.132542493489523139e+01
1.132503855842273488e+01
1.132465542584624707e+01
1.132427628175005907e+01
1.132390112237912305e+01
1.132353062653559483e+01
1.132316471687406789e+01
1.132280400886095784e+01
1.132244835779784076e+01
1.132209831928438959e+01
1.132175368837365248e+01
1.132141496497815858e+01
1.132108189155912648e+01
1.132075491694625136e+01
1.132043373893474225e+01
1.132011876004919948e+01
1.131980964136949019e+01
1.131950674385456779e+01
1.131920969964252599e+01
1.131891883265760690e+01
1.131863375353364631e+01
1.131835475335308239e+01
1.131808142822946550e+01
1.131781404016680703e+01
1.131755217720941076e+01
1.131729607555907791e+01
1.131704532106329886e+01
1.131680012688200243e+01
1.131656008194276097e+01
1.131632537860279974e+01
1.131609561355783633e+01
1.131587096009322657e+01
1.131565102679744328e+01
1.131543596913213179e+01
1.131522541117941039e+01
1.131501949137642349e+01
1.131481785242635318e+01
1.131462061612961101e+01
1.131442744652223986e+01
1.131423844878156793e+01
1.131405331063621844e+01
1.131387212031351197e+01
1.131369459131066968e+01
1.131352079426375035e+01
1.131335047030481178e+01
1.131318367153825299e+01
1.131302016847021719e+01
1.131285999343352699e+01
1.131270294802074616e+01
1.131254904323306576e+01
1.131239811357270320e+01
1.131225014678589424e+01
1.131210501244597211e+01
1.131196267270585842e+01
1.131182303516099275e+01
1.131168603363593661e+01
1.131155161851350499e+01
1.131141969254704982e+01
1.131129025793211973e+01
1.131116318528819953e+01
1.131103854731898473e+01
1.131091618805778154e+01
1.131079628668593173e+01
1.131067867957476203e+01
1.131056369320818433e+01
1.131045117104003594e+01
1.131034154923229629e+01
1.131023463428581088e+01
1.131013082511765155e+01
1.131002984444148574e+01
1.130993198116654241e+01
1.130983690434944933e+01
1.130974482690396243e+01
1.130965540569812156e+01
1.130956881854887186e+01
1.130948472843908803e+01
1.130940329899327246e+01
1.130932420417543938e+01
1.130924760213308566e+01
1.130917317827226931e+01
1.130910108870455311e+01
1.130903102971717011e+01
1.130896315666430318e+01
1.130889717608472189e+01
1.130883324293623815e+01
1.130877107351201261e+01
1.130871082232091318e+01
1.130865221505136731e+01
1.130859540551387887e+01
1.130854012853871637e+01
1.130848653689272787e+01
1.130843437436925747e+01
1.130838379230139168e+01
1.130833454331846788e+01
1.130828677691255990e+01
1.130824025445784820e+01
1.130819512319681230e+01
1.130815115318266351e+01
1.130810848900758891e+01
1.130806690935633085e+01
1.130802655578333571e+01
1.130798721557096798e+01
1.130794902686473513e+01
1.130791178552114218e+01
1.130787562592326623e+01
1.130784035248660579e+01
1.130780609549646698e+01
1.130777266791913327e+01
1.130774019562475097e+01
1.130770850012821782e+01
1.130767770258441907e+01
1.130764763306016896e+01
1.130761840771136129e+01
1.130758986516517695e+01
1.130756211630999886e+01
1.130753500834686243e+01
1.130750864664209665e+01
1.130748288698906734e+01
1.130745782899017726e+01
1.130743333705469844e+01
1.130740950479055407e+01
1.130738620525174376e+01
1.130736352583111959e+01
1.130734134826169957e+01
1.130731975350930796e+01
1.130729863202601493e+01
1.130727805814592735e+01
1.130725793108627286e+01
1.130723831835073945e+01
1.130721912797422668e+01
1.130720042043597218e+01
1.130718211264790973e+01
1.130716425787418800e+01
1.130714678197042211e+01
1.130712973079715233e+01
1.130711303922811162e+01
1.130709674553258637e+01
1.130708079368520380e+01
1.130706521417594956e+01
1.130704996017206554e+01
1.130703505419452704e+01
1.130702045870454775e+01
1.130700618806140412e+01
1.130699221413201627e+01
1.130697854291699578e+01
1.130696515581190020e+01
1.130695205025605787e+01
1.130693921730872553e+01
1.130692664563823158e+01
1.130691433611576535e+01
1.130690226842034640e+01
1.130689045339764753e+01
1.130687886150886001e+01
1.130686751375231758e+01
1.130685637113093733e+01
1.130684546499097998e+01
1.130683474662283672e+01
1.130682425793470891e+01
1.130681394023435438e+01
1.130680384622658075e+01
1.130679390694826836e+01
1.130678418615828740e+01
1.130677460431376247e+01
1.130676523651032994e+01
1.130675599229301120e+01
1.130674695840498778e+01
1.130673803312017256e+01
1.130672931517141855e+01
1.130672069117220957e+01
1.130671227222232922e+01
1.130670393285104858e+01
1.130669579694186488e+01
1.130668772647679532e+01
1.130667985858450386e+01
1.130667204219185606e+01
1.130666442818488626e+01
1.130665685187605618e+01
1.130664947847886559e+01
1.130664212907309185e+01
1.130663498383623278e+01
1.130662784892900419e+01
1.130662092020605414e+01
1.130661398814377705e+01
1.130660726507603719e+01
1.130660052493780299e+01
1.130659399744804894e+01
1.130658743903577346e+01
1.130658109783297682e+01
1.130657471167180717e+01
1.130656854826957769e+01
1.130656232562137653e+01
1.130655633237419799e+01
1.130655026526845752e+01
1.130654443543175169e+01
1.130653851672062338e+01
1.130653284454385421e+01
1.130652706799201646e+01
1.130652154885925142e+01
1.130651590928633254e+01
1.130651053992757049e+01
1.130650503343377089e+01
1.130649981224631695e+01
1.130649443657709163e+01
1.130648936412642591e+01
1.130648411928497765e+01
1.130647919911567101e+01
1.130647408845311297e+01
1.130646932847458075e+01
1.130646436079839212e+01
1.130645977584027406e+01
1.130645497000948119e+01
1.130645058709582607e+01
1.130644598400435896e+01
1.130644185553478209e+01
1.130643755962092811e+01
1.130643381321036500e+01
1.130643018999880844e+01
1.130642737701526102e+01
1.130642543943921119e+01
