-1.393755101927791173e+00
-1.393774122113822012e+00
-1.393739993567835178e+00
-1.393797103908400725e+00
-1.393728924269075797e+00
-1.393824273116127221e+00
-1.393722195282955045e+00
-1.393856026617256605e+00
-1.393720275015653876e+00
-1.393892923695388530e+00
-1.393723788616646919e+00
-1.393935674030323479e+00
-1.393733504483007923e+00
-1.393985122889446870e+00
-1.393750318272588329e+00
-1.394042234161948057e+00
-1.393775235112147959e+00
-1.394108071953862105e+00
-1.393809350740178088e+00
-1.394183781495419217e+00
-1.393853832337474064e+00
-1.394270570105474505e+00
-1.393909899772356020e+00
-1.394369688913178473e+00
-1.393978807925775554e+00
-1.394482415960054844e+00
-1.394061830670803914e+00
-1.394610041202793749e+00
-1.394160246968274564e+00
-1.394753853816978362e+00
-1.394275329414898845e+00
-1.394915132073010211e+00
-1.394408335450018521e+00
-1.395095135926497809e+00
-1.394560501301139510e+00
-1.395295102343819149e+00
-1.394733038632895550e+00
-1.395516243275806811e+00
-1.394927133765263116e+00
-1.395759746103241383e+00
-1.395143949247786397e+00
-1.396026776309688300e+00
-1.395384627519605569e+00
-1.396318482091356783e+00
-1.395650296350137598e+00
-1.396636000589295268e+00
-1.395942075741054555e+00
-1.396980465424609408e+00
-1.396261085974355165e+00
-1.397353015229514828e+00
-1.396608456510559204e+00
-1.397754802892497539e+00
-1.396985335471971013e+00
-1.398187005271265493e+00
-1.397392899484748430e+00
-1.398650833168589624e+00
-1.397832363697032454e+00
-1.399147541410939777e+00
-1.398304991835614963e+00
-1.399678438914904621e+00
-1.398812106208222605e+00
-1.400244898670006455e+00
-1.399355097600680553e+00
-1.400848367606984723e+00
-1.399935435056911759e+00
-1.401490376357280798e+00
-1.400554675564129603e+00
-1.402172548941441832e+00
-1.401214473695400642e+00
-1.402896612451428604e+00
-1.401916591286046065e+00
-1.403664406811864662e+00
-1.402662907235412870e+00
-1.404477894710505215e+00
-1.403455427515689191e+00
-1.405339171744728333e+00
-1.404296295373177239e+00
-1.406250476613431832e+00
-1.405187801297087535e+00
-1.407214200329432785e+00
-1.406132390780903130e+00
-1.408232890283074967e+00
-1.407132662302796211e+00
-1.409309233785438042e+00
-1.408191328304152723e+00
-1.410445966854201760e+00
-1.409311044773119859e+00
-1.411645522614265458e+00
-1.410493791366664418e+00
-1.412908801353378152e+00
-1.411738759950204702e+00
-1.414231064172812857e+00
-1.413035442649599904e+00
-1.415588719191906097e+00
-1.414341859046578165e+00
-1.416898692508297808e+00
-1.415519795959033766e+00
-1.417903706814486187e+00
-1.416164877554471069e+00
-1.417912252183104460e+00
-1.415296386998522893e+00
-1.415535691809051366e+00
-1.411345435421794914e+00
-1.409357376538079132e+00
-1.403460336539714248e+00
-1.399620853835398915e+00
-1.392679916562195697e+00
-1.387953684660679921e+00
-1.380640444233717679e+00
-1.375688028839402888e+00
-1.368345654607280304e+00
-1.363460296695505836e+00
-1.356223411903832998e+00
-1.351516341584020120e+00
-1.344432868976435325e+00
-1.339944377158124533e+00
-1.333030344581903393e+00
-1.328774759805530836e+00
-1.322034643036478441e+00
-1.318016749791046216e+00
-1.311450679331526814e+00
-1.307671607280696646e+00
-1.301277931189568360e+00
-1.297737300938897498e+00
-1.291513523266355490e+00
-1.288210257698033656e+00
-1.282153402102695239e+00
-1.279086054070225131e+00
-1.273192819715635471e+00
-1.270359720409965032e+00
-1.264626560632459373e+00
-1.262025899560726083e+00
-1.256449070612859709e+00
-1.254078948511236913e+00
-1.248654545884757994e+00
-1.246513016309643174e+00
-1.241237005250181769e+00
-1.239322110997912896e+00
-1.234190353762162129e+00
-1.232500160595677130e+00
-1.227508441458891042e+00
-1.226041070189693549e+00
-1.221185118615410570e+00
-1.219938776025386362e+00
-1.215214288176509116e+00
-1.214187297042351066e+00
-1.209589955721136700e+00
-1.208780784119799501e+00
-1.204306277188407215e+00
-1.203713567234446113e+00
-1.199357604553412227e+00
-1.198980200715322741e+00
-1.194738529631294011e+00
-1.194575506780893415e+00
-1.190443926191435908e+00
-1.190494617552622536e+00
-1.186468990572933091e+00
-1.186733015751865183e+00
-1.182809281004531421e+00
-1.183286574301699368e+00
-1.179460755846347464e+00
-1.180151595072823190e+00
-1.176419810987047176e+00
-1.177324847032501287e+00
-1.173683316649196007e+00
-1.174803604079491581e+00
-1.171248653878549595e+00
-1.172585682876376545e+00
-1.169113751020625092e+00
-1.170669481025794711e+00
-1.167277120522016265e+00
-1.169054015979669625e+00
-1.165737896435806054e+00
-1.167738965123480188e+00
-1.164495873062060260e+00
-1.166724707542332595e+00
-1.163551545217998751e+00
-1.166012368055694859e+00
-1.162906150711017883e+00
-1.165603864206073981e+00
-1.162561715683925634e+00
-1.165501957007967881e+00
-1.162521103620420826e+00
-1.165710306412770514e+00
-1.162788068944445419e+00
-1.166233532628875524e+00
-1.163367316326108014e+00
-1.167077284663459391e+00
-1.164264567027814445e+00
-1.168248317733570296e+00
-1.165486633897367286e+00
-1.169754581543976490e+00
-1.167041506953583330e+00
-1.171605321866653115e+00
-1.168938451933367206e+00
-1.173811198406556899e+00
-1.171188124699711786e+00
-1.176384422634590088e+00
-1.173802705081271380e+00
-1.179338920156160597e+00
-1.176796054567788241e+00
-1.182690523324860132e+00
-1.180183903381361699e+00
-1.186457201290336716e+00
-1.183984073861236386e+00
-1.190659336605868646e+00
-1.188216748951656854e+00
-1.195320060080631963e+00
-1.192904797024481045e+00
-1.200465658980955030e+00
-1.198074167522564348e+00
-1.206126078303765947e+00
-1.203754376294905004e+00
-1.212335541161751351e+00
-1.209979105472257288e+00
-1.219133323068958941e+00
-1.216786950984923843e+00
-1.226564727206753913e+00
-1.224222362374417949e+00
-1.234682325281269533e+00
-1.232336835953821375e+00
-1.243547554007906175e+00
-1.241190446042325979e+00
-1.253232794807272121e+00
-1.250853833757981759e+00
-1.263824120877349744e+00
-1.261410824877937653e+00
-1.275424982986417710e+00
-1.272961927802010340e+00
-1.288161243041291204e+00
-1.285629087086692879e+00
-1.302188188182958672e+00
-1.299562267817136574e+00
-1.317700533231299653e+00
-1.314948776320659096e+00
-1.334947071358887793e+00
-1.332026786532858997e+00
-1.354252814883213807e+00
-1.351105539628654650e+00
-1.376053718108584789e+00
-1.372596526024518537e+00
-1.400953613238373308e+00
-1.397063514352605562e+00
-1.429822813318816888e+00
-1.425306505159972037e+00
-1.463981027378375099e+00
-1.458510053190930522e+00
-1.505568454858382532e+00
-1.498520106562951648e+00
-1.558396861855489313e+00
-1.548380938311894939e+00
-1.630293615038311827e+00
-1.613249409949431445e+00
-1.742103641623228727e+00
-1.697455092414185129e+00
-2.070714842607070061e+00
