5.084376286632183550e+00
5.084559430304773642e+00
5.084925681024197175e+00
5.085474962570852853e+00
5.086207165039035694e+00
5.087122135929543987e+00
5.088219691970976122e+00
5.089499604263657773e+00
5.090961616026121739e+00
5.092605421774718977e+00
5.094430691012722612e+00
5.096437041423626191e+00
5.098624068526221187e+00
5.100991312853142112e+00
5.103538295601286023e+00
5.106264479760414865e+00
5.109169311794437895e+00
5.112252176678172333e+00
5.115512445651070550e+00
5.118949425113308749e+00
5.122562410499923224e+00
5.126350628979983171e+00
5.130313299505764313e+00
5.134449569251197332e+00
5.138758579897209522e+00
5.143239397737947805e+00
5.147891086270275807e+00
5.152712629887919782e+00
5.157703012850319624e+00
5.162861136475991763e+00
5.168185904573401324e+00
5.173676134035652296e+00
5.179330646823628648e+00
5.185148173854268627e+00
5.191127453634232225e+00
5.197267129323531520e+00
5.203565854126276591e+00
5.210022181400158381e+00
5.216634676919405855e+00
5.223401801888528873e+00
5.230322032201647708e+00
5.237393734205682883e+00
5.244615291089518294e+00
5.251984971227638965e+00
5.259501061842243530e+00
5.267161729742566578e+00
5.274965162413204567e+00
5.282909420947127899e+00
5.290992588723708145e+00
5.299212616314409985e+00
5.307567477924600929e+00
5.316055008029691997e+00
5.324673065765414215e+00
5.333419363028303550e+00
5.342291637009995320e+00
5.351287469468949176e+00
5.360404467614595880e+00
5.369640074226711413e+00
5.378991757105090699e+00
5.388456809677684589e+00
5.398032549240283196e+00
5.407716107653744331e+00
5.417504638605199929e+00
5.427395097946840608e+00
5.437384460214537363e+00
5.447469488104030866e+00
5.457646958482939681e+00
5.467913420432400251e+00
5.478265430982462547e+00
5.488699301064746905e+00
5.499211341186181379e+00
5.509797594536746779e+00
5.520454092788032341e+00
5.531176575473223167e+00
5.541960756048984749e+00
5.552802026503439237e+00
5.563695733743045935e+00
5.574636868175652182e+00
5.585620350364605358e+00
5.596640702058772732e+00
5.607692342873103364e+00
5.618769241867794584e+00
5.629865223735536439e+00
5.640973598524263721e+00
5.652087476386133957e+00
5.663199372325800063e+00
5.674301527914503041e+00
5.685385486923210330e+00
5.696442421400160327e+00
5.707462672552355620e+00
5.718436077034218634e+00
5.729351465244076458e+00
5.740196981351352257e+00
5.750959528113015473e+00
5.761625071157912004e+00
5.772178016171006121e+00
5.782601486239805411e+00
5.792876618372522657e+00
5.802982811688197629e+00
5.812896953390204402e+00
5.822593686117524925e+00
5.832044668691701794e+00
5.841219077612434418e+00
5.850083275283552098e+00
5.858602159276270704e+00
5.866740151418680327e+00
5.874464664754474263e+00
5.881749995736267778e+00
5.888584658995159593e+00
5.894979739764306892e+00
5.900980936137493416e+00
5.906680795401656248e+00
5.912232855605097370e+00
5.917862782092911722e+00
5.923877570432709128e+00
5.930667539701674151e+00
5.938703317748515786e+00
5.948524084525396383e+00
5.960721912853038873e+00
5.975920389577882297e+00
5.994754184788640750e+00
6.017847814557974573e+00
6.045800033367466852e+00
6.079170438902335327e+00
6.118473765080430837e+00
6.164177011903431591e+00
6.216705198895816409e+00
6.276451684660726116e+00
6.343803282411956346e+00
6.419185301120419851e+00
6.503156912914751508e+00
6.596597598816069663e+00
6.701065481324453010e+00
6.819366312331173852e+00
6.956046318150487906e+00
7.116547917964179959e+00
7.303423602491866617e+00
7.511752719032221748e+00
7.729193346822282429e+00
7.940078185962431867e+00
8.129219312477809822e+00
8.285201239716236898e+00
8.403464769532440926e+00
8.487017837508595619e+00
8.543675997654814225e+00
8.582130251647857477e+00
8.609440768821665202e+00
8.630405296552284611e+00
8.647934090341259150e+00
8.663663909902387772e+00
8.678464190282207724e+00
8.692777340053671864e+00
8.706818631765779415e+00
8.720689327738234908e+00
8.734433994493347342e+00
8.748071397971825647e+00
8.761607623749400275e+00
8.775043972248443680e+00
8.788378902431025708e+00
8.801610422028574021e+00
8.814735658746482017e+00
8.827752049057261630e+00
8.840656523338303430e+00
8.853446412963496215e+00
8.866118631172975384e+00
8.878670477365490754e+00
8.891098871701476725e+00
8.903401093294791124e+00
8.915574070641756776e+00
8.927615065308630804e+00
8.939521012746999062e+00
8.951289158250233413e+00
8.962916442649410342e+00
8.974400095788059417e+00
8.985737062378369444e+00
8.996924557349537110e+00
9.007959527875886607e+00
9.018839174279250415e+00
9.029560444841981948e+00
9.040120525403645857e+00
9.050516364062126229e+00
9.060745132165706650e+00
9.070803776408594032e+00
9.080689453559086743e+00
9.090399107790554822e+00
9.099929881188653980e+00
9.109278714440002034e+00
9.118442734913932313e+00
9.127418879069901791e+00
9.136204259703244901e+00
9.144795808637679713e+00
9.153190624552893340e+00
9.161385634707535530e+00
9.169377924624413367e+00
9.177164417748223002e+00
9.184742188147776432e+00
9.192108157156706483e+00
9.199259390159374661e+00
9.206192809396730681e+00
9.212905475832164015e+00
9.219394317433160069e+00
9.225656397065373326e+00
9.231688655688918388e+00
9.237488167204300993e+00
9.243051896135233036e+00
9.248376940351612063e+00
9.253460302954877648e+00
9.258299123834726529e+00
9.262890465635459591e+00
9.267231535170637358e+00
9.271319483538432493e+00
9.275151618529337227e+00
9.278725219185872675e+00
9.282037740502916634e+00
9.285086643004236251e+00
9.287869591264657387e+00
9.290384299416547975e+00
9.292628725330732919e+00
9.294600933383431851e+00
9.296299286529341899e+00
9.297722328163400718e+00
9.298868974808858212e+00
9.299738419495852781e+00
9.300330328356217535e+00
9.300644768583602229e+00
9.300682412823064737e+00
9.300444495393445976e+00
9.299933028859280526e+00
9.299150792604415017e+00
9.298101566120486439e+00
9.296790153869787687e+00
9.295222639144180121e+00
9.293406447818925997e+00
9.291350624318962304e+00
9.289065933322209645e+00
9.286565154160372870e+00
9.283863212284160227e+00
9.280977478614174103e+00
9.277927909790571803e+00
9.274737322763400016e+00
9.271431503006711594e+00
9.268039401221827234e+00
9.264593142373165335e+00
9.261128063500722263e+00
9.257682529491718881e+00
9.254297708677519552e+00
9.251017088723024528e+00
9.247885890280860721e+00
9.244950203227269014e+00
9.242255995386551959e+00
9.239847880604049379e+00
9.237767805641867724e+00
9.236053616434370284e+00
9.234737675738506013e+00
9.233845555979637965e+00
9.233394967036085532e+00
