3.288735553771861687e-04
3.290707404889338882e-04
3.294653450811937945e-04
3.300578365445367953e-04
3.308489184202673692e-04
3.318395263465719644e-04
3.330308343396813295e-04
3.344242479941967878e-04
3.360214139635747774e-04
3.378242103496126433e-04
3.398347594541782147e-04
3.420554152667072689e-04
3.444887795853251132e-04
3.471376864849054543e-04
3.500052219340678782e-04
3.530947050999528485e-04
3.564097116185197217e-04
3.599540515655590633e-04
3.637317965719954896e-04
3.677472542639701500e-04
3.720049994530161145e-04
3.765098448213674543e-04
3.812668764597163863e-04
3.862814205472415454e-04
3.915590835582469470e-04
3.971057146597319737e-04
4.029274509632448011e-04
4.090306753366494555e-04
4.154220671400098413e-04
4.221085551225697971e-04
4.290973741526905752e-04
4.363960128460632167e-04
4.440122768810213423e-04
4.519542309801102180e-04
4.602302694948665301e-04
4.688490523403551096e-04
4.778195836394380351e-04
4.871511411893852820e-04
4.968533640768495142e-04
5.069361752376230637e-04
5.174098790921689926e-04
5.282850767451787626e-04
5.395727748505139282e-04
5.512842929873191687e-04
5.634313851460912145e-04
5.760261388146551819e-04
5.890811106878117605e-04
6.026092170017330329e-04
6.166238853141227470e-04
6.311389356425770340e-04
6.461687504468602771e-04
6.617281461604771582e-04
6.778325638408990578e-04
6.944979307400854550e-04
7.117408744835492527e-04
7.295785744141621097e-04
7.480290026329765090e-04
7.671107649834772724e-04
7.868433728564148662e-04
8.072470738770343504e-04
8.283431590709554575e-04
8.501537835994535299e-04
8.727023147415043916e-04
8.960131434276711899e-04
9.201120795669111676e-04
9.450261557081352567e-04
9.707840776017356193e-04
9.974160221413639303e-04
1.024954152800311479e-03
1.053432415178744879e-03
1.082887129237497699e-03
1.113356787448910572e-03
1.144882738771123114e-03
1.177508996796980314e-03
1.211283034469790802e-03
1.246255613076515268e-03
1.282481712244067139e-03
1.320020395631612848e-03
1.358935908429379381e-03
1.399297602940425319e-03
1.441181246647300386e-03
1.484669041735743210e-03
1.529851202380728753e-03
1.576826118560340287e-03
1.625702284057340286e-03
1.676598679728621109e-03
1.729647167910733450e-03
1.784993208761621181e-03
1.842798889091874000e-03
1.903244146108491958e-03
1.966530680668254587e-03
2.032883960461807828e-03
2.102558398792314306e-03
2.175840568637249332e-03
2.253056239781380324e-03
2.334575493584959555e-03
2.420822545270254287e-03
2.512283843485308213e-03
2.609522076357526608e-03
2.713188826699345756e-03
2.824044605681588598e-03
2.942977820960644350e-03
3.071032328856017520e-03
3.209433005731213064e-03
3.359619018730566464e-03
3.523270097641465880e-03
3.702333574949365821e-03
3.899030264554898765e-03
4.115842876270908897e-03
4.355455602036499042e-03
4.620645758153974977e-03
4.914090393105535401e-03
5.238096578295159400e-03
5.594227176169089960e-03
5.982860502410801765e-03
6.402685173595911057e-03
6.850217624782019114e-03
7.319376209545498842e-03
7.801236578975561525e-03
8.283994744514021000e-03
8.753246817641989821e-03
9.192536355102072163e-03
9.584211967414567324e-03
9.910434787364679615e-03
1.015432254514725581e-02
1.030098984271197136e-02
1.033847070400728541e-02
1.025815108477149545e-02
1.005444515978918055e-02
9.723011945513532206e-03
9.257563317410545667e-03
8.644858475055710104e-03
7.858821727835646129e-03
6.859773010272706729e-03
5.620436670622810243e-03
4.203202638340824276e-03
2.822201917118198535e-03
1.725917814547539434e-03
1.004265758937635021e-03
5.871966647792560643e-04
3.628109736113372535e-04
2.456929933132090751e-04
1.850968049073607789e-04
1.539273997113231953e-04
1.382149192564575231e-04
1.307207928305362168e-04
1.276160433994788274e-04
1.268424106595513433e-04
1.272903085173004479e-04
1.283684425958654630e-04
1.297680453883291577e-04
1.313324154108903743e-04
1.329843237180581368e-04
1.346872405947949344e-04
1.364245310267487850e-04
1.381892911602178580e-04
1.399789687311869227e-04
1.417931661756040144e-04
1.436322905954075290e-04
1.454972743357584757e-04
1.473891496565102148e-04
1.493091626320020796e-04
1.512585424545433415e-04
1.532386781715125575e-04
1.552509320493723397e-04
1.572968178165939793e-04
1.593778296808991948e-04
1.614956131259541667e-04
1.636518039029914392e-04
1.658481911696732601e-04
1.680865647042036081e-04
1.703688713032383594e-04
1.726970692243081197e-04
1.750732787575057486e-04
1.774996431504778508e-04
1.799784741483512684e-04
1.825121188054857572e-04
1.851031006821013479e-04
1.877539920615904591e-04
1.904675514102029707e-04
1.932466006121914912e-04
1.960941592361508594e-04
1.990133264785929126e-04
2.020074127328522684e-04
2.050798259986225743e-04
2.082342012132048560e-04
2.114742909424539277e-04
2.148040929067983557e-04
2.182277448194554431e-04
2.217496505183720059e-04
2.253743788609709707e-04
2.291067888553239976e-04
2.329519325566098008e-04
2.369151795731177731e-04
2.410021239363124195e-04
2.452187083355601379e-04
2.495711349477072781e-04
2.540659897228735769e-04
2.587101571550579505e-04
2.635109448914488869e-04
2.684760023936474233e-04
2.736134460624504018e-04
2.789317816655942340e-04
2.844400300407511984e-04
2.901476530290992596e-04
2.960646796143760230e-04
3.022016348701895032e-04
3.085696660731735244e-04
3.151804737987846309e-04
3.220464370538867198e-04
3.291805450717930287e-04
3.365965197603698221e-04
3.443087458519789035e-04
3.523323878362067947e-04
3.606833147708224602e-04
3.693782071920877186e-04
3.784344708866013880e-04
3.878703268079582026e-04
3.977047051694143696e-04
4.079573078222682421e-04
4.186484697899651563e-04
4.297991784693546064e-04
4.414308837379234238e-04
4.535654512420784915e-04
4.662248939812838034e-04
4.794312273822447039e-04
4.932060844140480653e-04
5.075704278924947051e-04
5.225439977787467655e-04
5.381448217450785073e-04
5.543884285980554350e-04
5.712870838437397519e-04
5.888486909120007858e-04
6.070756700667483954e-04
6.259634677769144225e-04
6.454990067834433893e-04
6.656587498170812162e-04
6.864066972256358153e-04
7.076920309839505397e-04
7.294467558833628686e-04
7.515831190130439982e-04
7.739912170429721601e-04
7.965366751578196580e-04
8.190588908659658532e-04
8.413698495490647914e-04
8.632540818783266410e-04
8.844698608303411778e-04
9.047522007436146433e-04
9.238177162502532892e-04
9.413717002114621460e-04
9.571172069401321899e-04
9.707660401063922424e-04
9.820509461861419605e-04
9.907383264267399271e-04
9.966403252887972262e-04
9.996252602836950673e-04
