-5.553657738698087876e+00
-5.553920589038803257e+00
-5.554446100600070935e+00
-5.555233882901752018e+00
-5.556283369093347524e+00
-5.557593779297476999e+00
-5.559164170488216428e+00
-5.560993375605866262e+00
-5.563080078121545036e+00
-5.565422727234114575e+00
-5.568019636815804141e+00
-5.570868877121333718e+00
-5.573968397705110434e+00
-5.577315896186994415e+00
-5.580908964625649560e+00
-5.584744935994007342e+00
-5.588821053386095805e+00
-5.593134294957403441e+00
-5.597681565234243983e+00
-5.602459499369580875e+00
-5.607464675715786662e+00
-5.612693400334694438e+00
-5.618141939887538072e+00
-5.623806287419300887e+00
-5.629682414515000843e+00
-5.635766019452852937e+00
-5.642052797475526127e+00
-5.648538172474587782e+00
-5.655217584130216579e+00
-5.662086204351346019e+00
-5.669139239949112508e+00
-5.676371635113245162e+00
-5.683778388204603793e+00
-5.691354241599010599e+00
-5.699094011113663427e+00
-5.706992264594953568e+00
-5.715043662433151539e+00
-5.723242626310860004e+00
-5.731583689210761001e+00
-5.740061155776169599e+00
-5.748669460177977086e+00
-5.757402819568321561e+00
-5.766255598145028749e+00
-5.775221955203439173e+00
-5.784296213719607671e+00
-5.793472504523501598e+00
-5.802745137715271007e+00
-5.812108244495516551e+00
-5.821556149731313745e+00
-5.831083012985717851e+00
-5.840683200561343824e+00
-5.850350927271752433e+00
-5.860080626309144058e+00
-5.869866593294947421e+00
-5.879703352343610412e+00
-5.889585303918926762e+00
-5.899507085496871639e+00
-5.909463224738289888e+00
-5.919448493189354288e+00
-5.929457566260667001e+00
-5.939485368443031987e+00
-5.949526741558712750e+00
-5.959576780011497377e+00
-5.969630508748725362e+00
-5.979683207106998744e+00
-5.989730097894670813e+00
-5.999766658436631594e+00
-6.009788322157526785e+00
-6.019790775469511246e+00
-6.029769673208057235e+00
-6.039720920043612828e+00
-6.049640401096324283e+00
-6.059524246584342855e+00
-6.069368578923245217e+00
-6.079169759347964330e+00
-6.088924152789786604e+00
-6.098628355222633246e+00
-6.108278977608778249e+00
-6.117872852719587584e+00
-6.127406839454920373e+00
-6.136878007868483031e+00
-6.146283465201544338e+00
-6.155620517796176472e+00
-6.164886520250700386e+00
-6.174079012819314372e+00
-6.183195595208840878e+00
-6.192234037922931478e+00
-6.201192182401095820e+00
-6.210068024540377429e+00
-6.218859643171275486e+00
-6.227565253626764274e+00
-6.236183167038287678e+00
-6.244711811224163966e+00
-6.253149724136370935e+00
-6.261495538329803878e+00
-6.269748013410097798e+00
-6.277905978624621852e+00
-6.285968411800790356e+00
-6.293934331812463867e+00
-6.301802934937118295e+00
-6.309573425262311019e+00
-6.317245218312820931e+00
-6.324817697316249543e+00
-6.332290477877333679e+00
-6.339663101603728812e+00
-6.346935338067581256e+00
-6.354106866493021144e+00
-6.361177583286728776e+00
-6.368147303916649626e+00
-6.375016050926352484e+00
-6.381783777029047755e+00
-6.388450631519873468e+00
-6.395016699231865331e+00
-6.401482251657816036e+00
-6.407847497191418107e+00
-6.414112821947131948e+00
-6.420278548301910249e+00
-6.426345168232466598e+00
-6.432313108437027083e+00
-6.438182957657242689e+00
-6.443955237461593377e+00
-6.449630624281265767e+00
-6.455209725408456833e+00
-6.460693296074866865e+00
-6.466082020490541815e+00
-6.471376724070700526e+00
-6.476578159498381559e+00
-6.481687214078251102e+00
-6.486704700897730547e+00
-6.491631561212926727e+00
-6.496468660835512665e+00
-6.501216987413676485e+00
-6.505877452201097810e+00
-6.510451082072505891e+00
-6.514938826845727782e+00
-6.519341745859742687e+00
-6.523660821026564527e+00
-6.527897137795183546e+00
-6.532051704110262591e+00
-6.536125625585456511e+00
-6.540119930542728888e+00
-6.544035739221383707e+00
-6.547874095066736011e+00
-6.551636127805589460e+00
-6.555322891146905029e+00
-6.558935519559744520e+00
-6.562475072542087062e+00
-6.565942684942807972e+00
-6.569339417948385496e+00
-6.572666402796000007e+00
-6.575924698621733455e+00
-6.579115429417103478e+00
-6.582239648876829108e+00
-6.585298470455787978e+00
-6.588292939349542188e+00
-6.591224155512856342e+00
-6.594093152901992383e+00
-6.596901015319446948e+00
-6.599648763043633792e+00
-6.602337461367247862e+00
-6.604968114737458151e+00
-6.607541767857284754e+00
-6.610059407457765879e+00
-6.612522055832968704e+00
-6.614930680364741633e+00
-6.617286279362446955e+00
-6.619589799460984914e+00
-6.621842213635885876e+00
-6.624044446596277780e+00
-6.626197444844805773e+00
-6.628302110188958984e+00
-6.630359361713233035e+00
-6.632370077535013841e+00
-6.634335148553430095e+00
-6.636255428579646676e+00
-6.638131779723024373e+00
-6.639965031030244269e+00
-6.641756015364628674e+00
-6.643505536694112479e+00
-6.645214398313824766e+00
-6.646883378929499209e+00
-6.648513252066619472e+00
-6.650104771103527490e+00
-6.651658679702612709e+00
-6.653175705956134500e+00
-6.654656563665857227e+00
-6.656101955774659018e+00
-6.657512566310730406e+00
-6.658889073289297578e+00
-6.660232131125863653e+00
-6.661542393205148294e+00
-6.662820484554677236e+00
-6.664067034292252778e+00
-6.665282638336478271e+00
-6.666467901960133169e+00
-6.667623392297492124e+00
-6.668749691248916811e+00
-6.669847337526243258e+00
-6.670916890173896441e+00
-6.671958859872723302e+00
-6.672973783365399925e+00
-6.673962143715541195e+00
-6.674924455950404401e+00
-6.675861175945676074e+00
-6.676772797626727929e+00
-6.677659750119765647e+00
-6.678522506884760901e+00
-6.679361470739909379e+00
-6.680177095335499970e+00
-6.680969757620528249e+00
-6.681739892107420253e+00
-6.682487850306511490e+00
-6.683214048277875463e+00
-6.683918812509994645e+00
-6.684602541307950396e+00
-6.685265536536099340e+00
-6.685908179452549227e+00
-6.686530747670756725e+00
-6.687133606120090334e+00
-6.687717008506273153e+00
-6.688281304158723017e+00
-6.688826723182683232e+00
-6.689353600048190351e+00
-6.689862141525083850e+00
-6.690352667978683776e+00
-6.690825363059418329e+00
-6.691280533800137320e+00
-6.691718340891071648e+00
-6.692139078827498366e+00
-6.692542885433041100e+00
-6.692930043489842440e+00
-6.693300667972724050e+00
-6.693655030813875584e+00
-6.693993224069486381e+00
-6.694315509735790926e+00
-6.694621956779338134e+00
-6.694912818240646324e+00
-6.695188139709520314e+00
-6.695448166336483098e+00
-6.695692919917165753e+00
-6.695922638885393852e+00
-6.696137320687756578e+00
-6.696337198343027097e+00
-6.696522244275715963e+00
-6.696692687522784126e+00
-6.696848474801466722e+00
-6.696989832662040065e+00
-6.697116681814675232e+00
-6.697229247539164376e+00
-6.697327426131216122e+00
-6.697411441159059287e+00
-6.697481174771286128e+00
-6.697536841726131840e+00
-6.697578363810781532e+00
-6.697605934040616660e+00
-6.697619582852258446e+00
