1.017142673832096778e+00
1.017130207131211161e+00
1.017105324062054228e+00
1.017068095818061790e+00
1.017018672121039025e+00
1.016957192959889955e+00
1.016883903674152156e+00
1.016799008363948209e+00
1.016702841886061082e+00
1.016595665697631379e+00
1.016477896008914694e+00
1.016349843117342555e+00
1.016211994708284605e+00
1.016064700019792433e+00
1.015908507029953833e+00
1.015743793063705436e+00
1.015571154353647865e+00
1.015390984956953568e+00
1.015203916927226668e+00
1.015010349650406818e+00
1.014810938620278824e+00
1.014606077526493344e+00
1.014396433387884766e+00
1.014182383932807241e+00
1.013964596615012370e+00
1.013743424016248618e+00
1.013519524051697429e+00
1.013293216297281640e+00
1.013065140488171423e+00
1.012835576828655659e+00
1.012605139700456069e+00
1.012374065151603553e+00
1.012142936563385831e+00
1.011911942636667394e+00
1.011681631618984278e+00
1.011452143212353771e+00
1.011223987836620708e+00
1.010997255972115427e+00
1.010772418832622144e+00
1.010549518729345175e+00
1.010328987447070004e+00
1.010110821272807380e+00
1.009895413311643120e+00
1.009682716864197971e+00
1.009473087883635767e+00
1.009266440410817145e+00
1.009063095359939988e+00
1.008862931729186618e+00
1.008666237908131702e+00
1.008472862375221935e+00
1.008283063743782515e+00
1.008096664636425555e+00
1.007913896726404746e+00
1.007734561443904608e+00
1.007558866323654101e+00
1.007386596150132929e+00
1.007217936988656692e+00
1.007052661317270781e+00
1.006890936194747788e+00
1.006732525858041960e+00
1.006577580564440577e+00
1.006425860056957111e+00
1.006277499706763612e+00
1.006132258167149462e+00
1.005990257533679655e+00
1.005851258423012151e+00
1.005715370959066934e+00
1.005582360429173150e+00
1.005452325991649021e+00
1.005325039981997515e+00
1.005200591316962377e+00
1.005078761451984271e+00
1.004959629524655673e+00
1.004842987906355178e+00
1.004728906178749437e+00
1.004617189183593773e+00
1.004507896952819612e+00
1.004400848148747860e+00
1.004296093062589268e+00
1.004193465363123261e+00
1.004093005228207991e+00
1.003994562397732437e+00
1.003898166390949198e+00
1.003803684010328157e+00
1.003711133398644151e+00
1.003620399397177509e+00
1.003531487869967487e+00
1.003444302737762861e+00
1.003358836474440796e+00
1.003275013316555553e+00
1.003192810997417528e+00
1.003112175761868619e+00
1.003033069023917090e+00
1.002955461776594781e+00
1.002879297531944713e+00
1.002804577229534200e+00
1.002731225866634768e+00
1.002659285106569875e+00
1.002588664632418247e+00
1.002519467570872402e+00
1.002451599204713162e+00
1.002385247652258560e+00
1.002320322288587917e+00
1.002257074478837273e+00
1.002195392274330077e+00
1.002135505512004032e+00
1.002077253919988253e+00
1.002020803859164033e+00
1.001965964144551968e+00
1.001912857309577465e+00
1.001861285188676565e+00
1.001811350090244801e+00
1.001762857425057440e+00
1.001715901335375358e+00
1.001670293610403162e+00
1.001626125251257049e+00
1.001583214686112333e+00
1.001541651757096085e+00
1.001501261202941029e+00
1.001462132441796493e+00
1.001424096155399956e+00
1.001387241544055451e+00
1.001351404941857703e+00
1.001316675299209535e+00
1.001282894391952949e+00
1.001250150775319536e+00
1.001218291517630199e+00
1.001187404578662399e+00
1.001157342213336632e+00
1.001128191560082925e+00
1.001099809984646205e+00
1.001072283568540389e+00
1.001045474733534002e+00
1.001019468268057100e+00
1.000994131609950433e+00
1.000969548023084910e+00
1.000945589932180635e+00
1.000922338852844318e+00
1.000899672175496358e+00
1.000877669453245744e+00
1.000856213027212949e+00
1.000835380284068821e+00
1.000815058505578392e+00
1.000795322718576852e+00
1.000776065139544091e+00
1.000757358252490015e+00
1.000739099206270577e+00
1.000721357769101649e+00
1.000704036023134513e+00
1.000687200857291126e+00
1.000670759290999356e+00
1.000654775179194989e+00
1.000639160485537138e+00
1.000623975884368466e+00
1.000609138293487854e+00
1.000594705067362034e+00
1.000580598090833107e+00
1.000566871265752056e+00
1.000553451459991416e+00
1.000540388995805774e+00
1.000527615743286747e+00
1.000515178323093002e+00
1.000503013630078541e+00
1.000491164465515004e+00
1.000479572775094805e+00
1.000468277426361574e+00
1.000457225445660736e+00
1.000446451655166547e+00
1.000435908195662638e+00
1.000425625734271629e+00
1.000415561564227396e+00
1.000405742089149896e+00
1.000396129797245459e+00
1.000386746720681508e+00
1.000377560589989612e+00
1.000368588957706750e+00
1.000359804849217937e+00
1.000351221228294341e+00
1.000342816473264174e+00
1.000334598848292567e+00
1.000326552148734782e+00
1.000318679825840773e+00
1.000310971162543972e+00
1.000303424680613507e+00
1.000296035228111391e+00
1.000288796276679770e+00
1.000281708324650687e+00
1.000274759667942659e+00
1.000267956548558823e+00
1.000261281955221682e+00
1.000254747976011327e+00
1.000248332154111575e+00
1.000242052535935677e+00
1.000235881072837785e+00
1.000229841892625204e+00
1.000223901199400744e+00
1.000218089337317595e+00
1.000212366597371672e+00
1.000206769688142483e+00
1.000201252809777674e+00
1.000195859197905879e+00
1.000190536770576122e+00
1.000185335469260028e+00
1.000180196723303050e+00
1.000175177376864788e+00
1.000170212146539672e+00
1.000165364996242756e+00
1.000160563685930981e+00
1.000155879539101456e+00
1.000151233092580583e+00
1.000146703294996886e+00
1.000142203167736499e+00
1.000137819579321574e+00
1.000133457713822782e+00
1.000129212687748792e+00
1.000124981492002352e+00
1.000120867857415607e+00
1.000116760186671172e+00
1.000112771235373010e+00
1.000108780377516826e+00
1.000104909855114466e+00
1.000101029520143570e+00
1.000097271622421902e+00
1.000093495936734023e+00
1.000089845312341463e+00
1.000086168818936194e+00
1.000082620579974657e+00
1.000079038246194374e+00
1.000075587989052606e+00
1.000072095224351587e+00
1.000068739064254864e+00
1.000065331751855968e+00
1.000062066376441017e+00
1.000058740925045653e+00
1.000055563675252834e+00
1.000052317101006283e+00
1.000049226092710519e+00
1.000046056149061613e+00
1.000043050458047089e+00
1.000039955845658746e+00
1.000037035795923623e+00
1.000034016515228164e+00
1.000031184145762309e+00
1.000028242124490152e+00
1.000025501986947951e+00
1.000022642293822539e+00
1.000020002923481810e+00
1.000017236413380584e+00
1.000014713365154906e+00
1.000012063577223165e+00
1.000009687013239335e+00
1.000007214065533834e+00
1.000005057445009227e+00
1.000002971748419123e+00
1.000001352461433290e+00
1.000000237102115053e+00
