-1.393755100080197096e+00
-1.393774120238048253e+00
-1.393739991747428464e+00
-1.393797102003468069e+00
-1.393728922474849918e+00
-1.393824271181078878e+00
-1.393722193513886376e+00
-1.393856024651151770e+00
-1.393720273270706356e+00
-1.393892921697306830e+00
-1.393723786894774053e+00
-1.393935671999364301e+00
-1.393733502783148559e+00
-1.393985120824729806e+00
-1.393750316593674876e+00
-1.394042232062620457e+00
-1.393775233453103057e+00
-1.394108069819086637e+00
-1.393809349099911721e+00
-1.394183779324390304e+00
-1.393853830714895770e+00
-1.394270567897404112e+00
-1.393909898166365124e+00
-1.394369686667311869e+00
-1.393978806335268272e+00
-1.394482413675658838e+00
-1.394061829094671134e+00
-1.394610038879167346e+00
-1.394160245405407172e+00
-1.394753851453443660e+00
-1.394275327864179514e+00
-1.394915129668921061e+00
-1.394408333910339248e+00
-1.395095133481237371e+00
-1.394560499771382744e+00
-1.395295099856798782e+00
-1.394733037111947960e+00
-1.395516240746469849e+00
-1.394927132252012925e+00
-1.395759743531061803e+00
-1.395143947741120938e+00
-1.396026773694171386e+00
-1.395384626018418395e+00
-1.396318479432042681e+00
-1.395650294853326479e+00
-1.396635997885750546e+00
-1.395942074247520148e+00
-1.396980462676435497e+00
-1.396261084482999237e+00
-1.397353012436340691e+00
-1.396608455020292849e+00
-1.397754800053991886e+00
-1.396985333981711763e+00
-1.398187002387129230e+00
-1.397392897993422700e+00
-1.398650830238552745e+00
-1.397832362203568657e+00
-1.399147538434766025e+00
-1.398304990338950393e+00
-1.399678435892392159e+00
-1.398812104707302773e+00
-1.400244895600978534e+00
-1.399355096094455186e+00
-1.400848364491301901e+00
-1.399935433544336361e+00
-1.401490373194822503e+00
-1.400554674044172998e+00
-1.402172545732139231e+00
-1.401214472167044089e+00
-1.402896609195225963e+00
-1.401916589748265274e+00
-1.403664403508739111e+00
-1.402662905687195538e+00
-1.404477891360451203e+00
-1.403455425956027014e+00
-1.405339168347778944e+00
-1.404296293801070794e+00
-1.406250473169636361e+00
-1.405187799711533847e+00
-1.407214196838859399e+00
-1.406132389180905440e+00
-1.408232886745808488e+00
-1.407132660687351544e+00
-1.409309230201591712e+00
-1.408191326672270316e+00
-1.410445963223925459e+00
-1.409311043123820273e+00
-1.411645518937807653e+00
-1.410493789699026834e+00
-1.412908797631307944e+00
-1.411738758263557436e+00
-1.414231060406819562e+00
-1.413035440944116816e+00
-1.415588715387341878e+00
-1.414341857325191132e+00
-1.416898688682167506e+00
-1.415519794233239370e+00
-1.417903703017601602e+00
-1.416164875858844541e+00
-1.417912248544667797e+00
-1.415296385411543900e+00
-1.415535688549450999e+00
-1.411345434041785030e+00
-1.409357373790433687e+00
-1.403460335377089363e+00
-1.399620851473662109e+00
-1.392679915531568779e+00
-1.387953682483942019e+00
-1.380640443257442618e+00
-1.375688026728287383e+00
-1.368345653646733107e+00
-1.363460294599652789e+00
-1.356223410943553143e+00
-1.351516339484716500e+00
-1.344432868010632331e+00
-1.339944375048861769e+00
-1.333030343608444523e+00
-1.328774757684308305e+00
-1.322034642054581433e+00
-1.318016747657541732e+00
-1.311450678340921883e+00
-1.307671605135219073e+00
-1.301277930190193333e+00
-1.297737298782004611e+00
-1.291513522258229463e+00
-1.288210255530396697e+00
-1.282153401085878164e+00
-1.279086051892569964e+00
-1.273192818690213723e+00
-1.270359718223038614e+00
-1.264626559598536204e+00
-1.262025897365310678e+00
-1.256449069570553467e+00
-1.254078946308122999e+00
-1.248654544834202351e+00
-1.246513014099640992e+00
-1.241237004191512172e+00
-1.239322108781839793e+00
-1.234190352695531789e+00
-1.232500158374360000e+00
-1.227508440384465160e+00
-1.226041067963967057e+00
-1.221185117533359676e+00
-1.219938773796097831e+00
-1.215214287087020617e+00
-1.214187294810346263e+00
-1.209589954624403330e+00
-1.208780781885924416e+00
-1.204306276084633254e+00
-1.203713564999552954e+00
-1.199357603442809506e+00
-1.198980198480257719e+00
-1.194738528514079245e+00
-1.194575504546495193e+00
-1.190443925067833586e+00
-1.190494615319730665e+00
-1.186468989443167477e+00
-1.186733013521307001e+00
-1.182809279868834773e+00
-1.183286572074298215e+00
-1.179460754704950487e+00
-1.180151592849391085e+00
-1.176419809840173247e+00
-1.177324844813835369e+00
-1.173683315497060509e+00
-1.174803601866375002e+00
-1.171248652721367467e+00
-1.172585680669588459e+00
-1.169113749858591955e+00
-1.170669478826091625e+00
-1.167277119355319526e+00
-1.169054013787792057e+00
-1.165737895264619128e+00
-1.167738962940150893e+00
-1.164495871886526368e+00
-1.166724705368245241e+00
-1.163551544038251118e+00
-1.166012365891523350e+00
-1.162906149527162425e+00
-1.165603862052455142e+00
-1.162561714496043841e+00
-1.165501954865508116e+00
-1.162521102428571984e+00
-1.165710304282032705e+00
-1.162788067748659504e+00
-1.166233530510371263e+00
-1.163367315126379253e+00
-1.167077282557645646e+00
-1.164264565824117970e+00
-1.168248315640844526e+00
-1.165486632689628932e+00
-1.169754579464669542e+00
-1.167041505741709395e+00
-1.171605319801017453e+00
-1.168938450717210031e+00
-1.173811196354760167e+00
-1.171188123479080190e+00
-1.176384420596720437e+00
-1.173802703855927998e+00
-1.179338918132199598e+00
-1.176796053337427095e+00
-1.182690521314696319e+00
-1.180183902145621078e+00
-1.186457199293743825e+00
-1.183984072619668648e+00
-1.190659334622482968e+00
-1.188216747703725318e+00
-1.195320058109963446e+00
-1.192904795769543114e+00
-1.200465657022355526e+00
-1.198074166259845974e+00
-1.206126076356394572e+00
-1.203754375023490919e+00
-1.212335539224553171e+00
-1.209979104191051702e+00
-1.219133321140604576e+00
-1.216786949692613584e+00
-1.226564725285577806e+00
-1.224222361069420728e+00
-1.234682323365184464e+00
-1.232336834634219613e+00
-1.243547552094267816e+00
-1.241190444705762230e+00
-1.253232792892706726e+00
-1.250853832401536136e+00
-1.263824118957519893e+00
-1.261410823497925771e+00
-1.275424981055652607e+00
-1.272961926393704424e+00
-1.288161241092074860e+00
-1.285629085643904101e+00
-1.302188186205138098e+00
-1.299562266331585780e+00
-1.317700531210869830e+00
-1.314948774780986041e+00
-1.334947069276023246e+00
-1.332026784923072249e+00
-1.354252812708973686e+00
-1.351105537925533895e+00
-1.376053715799155031e+00
-1.372596524193263390e+00
-1.400953610724465337e+00
-1.397063512339257407e+00
-1.429822810485103624e+00
-1.425306502878291415e+00
-1.463981024021384636e+00
-1.458510050501903521e+00
-1.505568450598469665e+00
-1.498520103265425396e+00
-1.558396855989552687e+00
-1.548380934382863394e+00
-1.630293607110381515e+00
-1.613249408944670060e+00
-1.742103659123048320e+00
-1.697455096338850167e+00
-2.070714841897540293e+00
