2.406141530808325601e+00
2.405656152526606029e+00
2.404686038734252573e+00
2.403232496198623114e+00
2.401297446836933247e+00
2.398883491247193689e+00
2.395993811364358184e+00
2.392632275865581803e+00
2.388803295025060613e+00
2.384511967282672895e+00
2.379763887336623363e+00
2.374565332896889647e+00
2.368923027391057534e+00
2.362844365671691094e+00
2.356337133037218923e+00
2.349409768428411649e+00
2.342071041778844176e+00
2.334330353021835336e+00
2.326197370080064886e+00
2.317682361811365777e+00
2.308795799219386158e+00
2.299548720295098381e+00
2.289952297275480220e+00
2.280018231186408340e+00
2.269758288189796858e+00
2.259184721501980686e+00
2.248309780047384354e+00
2.237146155313447071e+00
2.225706465667492751e+00
2.214003725613729046e+00
2.202050809227392936e+00
2.189860939200328094e+00
2.177447132902030180e+00
2.164822708537208040e+00
2.152000717357261728e+00
2.138994464206088075e+00
2.125816929379430675e+00
2.112481300804055273e+00
2.099000388979228582e+00
2.085387168019678050e+00
2.071654187016944260e+00
2.057814117178614399e+00
2.043879162822041184e+00
2.029861611861882409e+00
2.015773249499265507e+00
2.001625909346867349e+00
1.987430892708602848e+00
1.973199517686065496e+00
1.958942546762109771e+00
1.944670731304173783e+00
1.930394249974523246e+00
1.916123246133935254e+00
1.901867279406192601e+00
1.887635853588404133e+00
1.873437883501837486e+00
1.859282211130716789e+00
1.845177089698984751e+00
1.831130685885935083e+00
1.817150582881808640e+00
1.803244266663259321e+00
1.789418649602543265e+00
1.775680538925979768e+00
1.762036182283545527e+00
1.748491716656446648e+00
1.735052737138013557e+00
1.721724724698991738e+00
1.708512639288251256e+00
1.695421325003626967e+00
1.682455128493086427e+00
1.669618280211968564e+00
1.656914538993236263e+00
1.644347548195495889e+00
1.631920507216321647e+00
1.619636501446312549e+00
1.607498201423522621e+00
1.595508165603856776e+00
1.583668567799625837e+00
1.571981471851550793e+00
1.560448587963405354e+00
1.549071518411257564e+00
1.537851543383092157e+00
1.526789836880299234e+00
1.515887282702906624e+00
1.505144659677487118e+00
1.494562488505237097e+00
1.484141185375474681e+00
1.473880940532263484e+00
1.463781839179554511e+00
1.453843772851601157e+00
1.444066526241374326e+00
1.434449722833377905e+00
1.424992875807773673e+00
1.415695370009447895e+00
1.406556474230870712e+00
1.397575362627897277e+00
1.388751084152184179e+00
1.380082628279344359e+00
1.371568844715311153e+00
1.363208561117481565e+00
1.355000442838340646e+00
1.346943173951584249e+00
1.339035248218477525e+00
1.331275224429745219e+00
1.323661456330829544e+00
1.316192408593104712e+00
1.308866350942945900e+00
1.301681682115238381e+00
1.294636621241167740e+00
1.287729507783597294e+00
1.280958515576652967e+00
1.274321928346486388e+00
1.267817877941995297e+00
1.261444601189840808e+00
1.255200195547661712e+00
1.249082862145630468e+00
1.243090673622770259e+00
1.237221806558267190e+00
1.231474318513450017e+00
1.225846371765671128e+00
1.220336017960309549e+00
1.214941414247468154e+00
1.209660614692887437e+00
1.204491779442433019e+00
1.199432972440750422e+00
1.194482363974739503e+00
1.189638034469068240e+00
1.184898170600900524e+00
1.180260875066066362e+00
1.175724356363931022e+00
1.171286744499659305e+00
1.166946274482949519e+00
1.162701107973006742e+00
1.158549510502359325e+00
1.154489679094302890e+00
1.150519913204255840e+00
1.146638448351689599e+00
1.142843620761071932e+00
1.139133707056027012e+00
1.135507082576532323e+00
1.131962067184824727e+00
1.128497077233311829e+00
1.125110477531081621e+00
1.121800726936530879e+00
1.118566236531591596e+00
1.115405508813408719e+00
1.112317002121113063e+00
1.109299263401669622e+00
1.106350798931593937e+00
1.103470200632874709e+00
1.100656023129813477e+00
1.097906903591522765e+00
1.095221445162258167e+00
1.092598330307145815e+00
1.090036210653097415e+00
1.087533813814181460e+00
1.085089839679440837e+00
1.082703060693615216e+00
1.080372224628012301e+00
1.078096148291010525e+00
1.075873626818628637e+00
1.073703520787443910e+00
1.071584672062584565e+00
1.069515984283343490e+00
1.067496345308042383e+00
1.065524701039757272e+00
1.063599984509811192e+00
1.061721183007575453e+00
1.059887273847329725e+00
1.058097284762133494e+00
1.056350236402306964e+00
1.054645195948859637e+00
1.052981226396023207e+00
1.051357433334655589e+00
1.049772921075989185e+00
1.048226832549810306e+00
1.046718312332030276e+00
1.045246539596158764e+00
1.043810698113355251e+00
1.042410002188908447e+00
1.041043673710132289e+00
1.039710960992061839e+00
1.038411122956001131e+00
1.037143440800474270e+00
1.035907209401400797e+00
1.034701741715406520e+00
1.033526367501633958e+00
1.032380430354750578e+00
1.031263293858274865e+00
1.030174331134028787e+00
1.029112938547653178e+00
1.028078517649650747e+00
1.027070496565700042e+00
1.026088304191713041e+00
1.025131399414613176e+00
1.024199237409932683e+00
1.023291306853117089e+00
1.022407088152891053e+00
1.021546098829018367e+00
1.020707843497813627e+00
1.019891867609838298e+00
1.019097698985351519e+00
1.018324910124851934e+00
1.017573051071590129e+00
1.016841720529550575e+00
1.016130489807227422e+00
1.015438983001679230e+00
1.014766791752211184e+00
1.014113564776178977e+00
1.013478913132428438e+00
1.012862509424947488e+00
1.012263983243608223e+00
1.011683030386019366e+00
1.011119298106552655e+00
1.010572504745657740e+00
1.010042314376627282e+00
1.009528467275932817e+00
1.009030643509727154e+00
1.008548604729551545e+00
1.008082046186092873e+00
1.007630750393056163e+00
1.007194426992806813e+00
1.006772878898909429e+00
1.006365829365225784e+00
1.005973101296499639e+00
1.005594430787126958e+00
1.005229660381600665e+00
1.004878538248823006e+00
1.004540926283281177e+00
1.004216583961976550e+00
1.003905392306679634e+00
1.003607121329075147e+00
1.003321671029095974e+00
1.003048821164429505e+00
1.002788490645559305e+00
1.002540468161840392e+00
1.002304691557587724e+00
1.002080957601001465e+00
1.001869223194866487e+00
1.001669292279254053e+00
1.001481141051534296e+00
1.001304579644717307e+00
1.001139603903062891e+00
1.000986029084972362e+00
1.000843871134627694e+00
1.000712949276521657e+00
1.000593300026595855e+00
1.000484745377277385e+00
1.000387342601323670e+00
1.000300915483110620e+00
1.000225540793447276e+00
1.000161044412280376e+00
1.000107514699968503e+00
1.000064785052311889e+00
1.000032914117817251e+00
1.000011752711834623e+00
1.000001276793514915e+00
