-3.223625790204419417e+00
-3.223362939863684939e+00
-3.222837428302389284e+00
-3.222049646000653578e+00
-3.221000159809002117e+00
-3.219689749604783824e+00
-3.218119358413960018e+00
-3.216290153296187615e+00
-3.214203450780390714e+00
-3.211860801667666632e+00
-3.209263892085830960e+00
-3.206414651780114422e+00
-3.203315131196162291e+00
-3.199967632714058041e+00
-3.196374564275199059e+00
-3.192538592906588590e+00
-3.188462475514273198e+00
-3.184149233942677792e+00
-3.179601963665585895e+00
-3.174824029529929703e+00
-3.169818853183446805e+00
-3.164590128564193083e+00
-3.159141589011043472e+00
-3.153477241478909843e+00
-3.147601114382881260e+00
-3.141517509444627709e+00
-3.135230731421606354e+00
-3.128745356422116597e+00
-3.122065944766117429e+00
-3.115197324544537238e+00
-3.108144288946379064e+00
-3.100911893781774342e+00
-3.093505140690006261e+00
-3.085929287295107848e+00
-3.078189517780025586e+00
-3.070291264298226519e+00
-3.062239866459582682e+00
-3.054040902581348860e+00
-3.045699839680988230e+00
-3.037222373115036955e+00
-3.028614068712759178e+00
-3.019880709321860923e+00
-3.011027930744668790e+00
-3.002061573685693929e+00
-2.992987315169033380e+00
-2.983811024364568354e+00
-2.974538391172293572e+00
-2.965175284391469823e+00
-2.955727379155164147e+00
-2.946200515900174288e+00
-2.936600328324036280e+00
-2.926932601613037921e+00
-2.917202902575133816e+00
-2.907416935588734042e+00
-2.897580176539558128e+00
-2.887698224963651139e+00
-2.877776443385186678e+00
-2.867820304143184007e+00
-2.857835035691602243e+00
-2.847825962619704665e+00
-2.837798160436824091e+00
-2.827756787320565124e+00
-2.817706748867267130e+00
-2.807653020129467158e+00
-2.797600321770683962e+00
-2.787553430982445679e+00
-2.777516870439984853e+00
-2.767495206718531886e+00
-2.757492753406050934e+00
-2.747513855666960048e+00
-2.737562608830915956e+00
-2.727643127777669818e+00
-2.717759282289168077e+00
-2.707914949949743466e+00
-2.698113769524549177e+00
-2.688359376082218422e+00
-2.678655173648905485e+00
-2.669004551262264435e+00
-2.659410676150997688e+00
-2.649876689415183062e+00
-2.640405521001175426e+00
-2.631000063667642941e+00
-2.621663011072579152e+00
-2.612397008617596939e+00
-2.603204516048558403e+00
-2.594087933658591361e+00
-2.585049490944086870e+00
-2.576091346465497978e+00
-2.567215504325812248e+00
-2.558423885694502076e+00
-2.549718275238622933e+00
-2.541100361826701182e+00
-2.532571717640444309e+00
-2.524133804727858532e+00
-2.515787990534053886e+00
-2.507535515453393593e+00
-2.499377550238509826e+00
-2.491315117061992712e+00
-2.483349197049976809e+00
-2.475480593924992867e+00
-2.467710103599474625e+00
-2.460038310548667173e+00
-2.452465831544937469e+00
-2.444993050983589988e+00
-2.437620427256926625e+00
-2.430348190792841034e+00
-2.423176662367152900e+00
-2.416105945573236990e+00
-2.409136224943087878e+00
-2.402267477933194506e+00
-2.395499751830281632e+00
-2.388832897339278727e+00
-2.382266829627079918e+00
-2.375801277200967121e+00
-2.369436031667167875e+00
-2.363170706911303043e+00
-2.357004980556337781e+00
-2.350938360625639767e+00
-2.344970420420903867e+00
-2.339100571200556367e+00
-2.333328291396034260e+00
-2.327652904576244186e+00
-2.322073803448888363e+00
-2.316590232782365533e+00
-2.311201508366536927e+00
-2.305906804786276076e+00
-2.300705369358444941e+00
-2.295596314778482583e+00
-2.290578827958859254e+00
-2.285651967643577365e+00
-2.280814868020853758e+00
-2.276066541442610447e+00
-2.271406076655056783e+00
-2.266832446783576760e+00
-2.262344702010231412e+00
-2.257941782996147673e+00
-2.253622707829205485e+00
-2.249386391060527846e+00
-2.245231824745330673e+00
-2.241157903270084351e+00
-2.237163598312700064e+00
-2.233247789633994174e+00
-2.229409433788533956e+00
-2.225647401049636098e+00
-2.221960637708217057e+00
-2.218348009295338041e+00
-2.214808456312895579e+00
-2.211340843912136922e+00
-2.207944110906466140e+00
-2.204617126058818766e+00
-2.201358830232995167e+00
-2.198168099437594947e+00
-2.195043879977782275e+00
-2.191985058398795871e+00
-2.188990589504959949e+00
-2.186059373341619594e+00
-2.183190375952402729e+00
-2.180382513534926847e+00
-2.177634765810661843e+00
-2.174946067487029566e+00
-2.172315414116744670e+00
-2.169741760996902080e+00
-2.167224121396349013e+00
-2.164761473021130644e+00
-2.162352848489285773e+00
-2.159997249491568017e+00
-2.157693729392964777e+00
-2.155441315218053600e+00
-2.153239082257595527e+00
-2.151086084009060428e+00
-2.148981418664841936e+00
-2.146924167140560780e+00
-2.144913451318722686e+00
-2.142948380300299771e+00
-2.141028100274022794e+00
-2.139151749130639768e+00
-2.137318497823364360e+00
-2.135527513488977291e+00
-2.133777992159437531e+00
-2.132069130539721691e+00
-2.130400149923995734e+00
-2.128770276786873250e+00
-2.127178757749915050e+00
-2.125624849150828943e+00
-2.124107822897257858e+00
-2.122626965187536019e+00
-2.121181573078683602e+00
-2.119770962542613990e+00
-2.118394455564001966e+00
-2.117051397727435891e+00
-2.115741135648103732e+00
-2.114463044298581007e+00
-2.113216494560961500e+00
-2.112000890516740004e+00
-2.110815626893043806e+00
-2.109660136555685295e+00
-2.108533837604220196e+00
-2.107436191326897745e+00
-2.106366638679205927e+00
-2.105324668980379066e+00
-2.104309745487664252e+00
-2.103321385137527866e+00
-2.102359072902626913e+00
-2.101422352907363233e+00
-2.100510731226271410e+00
-2.099623778733238577e+00
-2.098761021968209128e+00
-2.097922058113063315e+00
-2.097106433517442081e+00
-2.096313771232417356e+00
-2.095543636745490712e+00
-2.094795678546406581e+00
-2.094069480575009301e+00
-2.093364716342894560e+00
-2.092680987544906834e+00
-2.092017992316762331e+00
-2.091375349400283579e+00
-2.090752781182079190e+00
-2.090149922732718490e+00
-2.089566520346537004e+00
-2.089002224694062715e+00
-2.088456805670105609e+00
-2.087929928804571844e+00
-2.087421387327677902e+00
-2.086930860874054883e+00
-2.086458165793321218e+00
-2.086002995052579578e+00
-2.085565187961644806e+00
-2.085144450025195884e+00
-2.084740643419654482e+00
-2.084353485362829161e+00
-2.083982860879947996e+00
-2.083628498038775145e+00
-2.083290304783163904e+00
-2.082968019116835379e+00
-2.082661572073288170e+00
-2.082370710611959996e+00
-2.082095389143082453e+00
-2.081835362516102350e+00
-2.081590608935414810e+00
-2.081360889967167616e+00
-2.081146208164800449e+00
-2.080946330509509501e+00
-2.080761284576814418e+00
-2.080590841329725826e+00
-2.080435054051032573e+00
-2.080293696190437913e+00
-2.080166847037792088e+00
-2.080054281313276299e+00
-2.079956102721210343e+00
-2.079872087693333871e+00
-2.079802354081091043e+00
-2.079746687126211135e+00
-2.079705165041591641e+00
-2.079677594811785379e+00
-2.079663946000146701e+00
