1.408577522386084482e-02
1.408293377447505240e-02
1.407725463854489316e-02
1.406874546600743459e-02
1.405741750794393605e-02
1.404328598849585372e-02
1.402636953500491744e-02
1.400669079506525715e-02
1.398427558683021377e-02
1.395915375703872877e-02
1.393135805757191210e-02
1.390092523872500999e-02
1.386789466006540725e-02
1.383230961174444773e-02
1.379421566961970720e-02
1.375366223603152922e-02
1.371070065098277391e-02
1.366538594255310539e-02
1.361777470765671710e-02
1.356792706113780188e-02
1.351590430122087509e-02
1.346177104532671198e-02
1.340559269676464167e-02
1.334743775442314047e-02
1.328737509850308647e-02
1.322547646046700817e-02
1.316181354665219537e-02
1.309646065420079150e-02
1.302949165220301277e-02
1.296098272877106022e-02
1.289100924993294081e-02
1.281964862255055050e-02
1.274697705150974400e-02
1.267307250281356559e-02
1.259801137969568559e-02
1.252187156994371414e-02
1.244472906141033675e-02
1.236666105743946219e-02
1.228774255187948042e-02
1.220804949639883903e-02
1.212765535454090986e-02
1.204663430472770365e-02
1.196505779216257975e-02
1.188299775143526749e-02
1.180052317420395187e-02
1.171770333553251789e-02
1.163460439430008542e-02
1.155129260772093727e-02
1.146783098036583369e-02
1.138428245173486210e-02
1.130070660865901966e-02
1.121716283131112511e-02
1.113370708261359789e-02
1.105039499867434619e-02
1.096727876768219430e-02
1.088441015143116336e-02
1.080183746505809957e-02
1.071960851705946322e-02
1.063776770013279138e-02
1.055635883787828591e-02
1.047542239596291856e-02
1.039499822451960855e-02
1.031512289786957852e-02
1.023583234246881746e-02
1.015715931251154683e-02
1.007913589410780290e-02
1.000179112325734476e-02
9.925153357757246497e-03
9.849248043287017751e-03
9.774099945323766817e-03
9.699731068423559852e-03
9.626162741144894328e-03
9.553413693057290559e-03
9.481501986322886030e-03
9.410443254518624165e-03
9.340252475082173531e-03
9.270942373711997878e-03
9.202525032322699666e-03
9.135010462605459847e-03
9.068408044432683252e-03
9.002725272143317914e-03
8.937969018450160272e-03
8.874144457200380462e-03
8.811256147716816159e-03
8.749307138232466710e-03
8.688299865158120514e-03
8.628235442200132138e-03
8.569114368150318461e-03
8.510936008040162482e-03
8.453699101442384289e-03
8.397401444200423490e-03
8.342040186425885365e-03
8.287611726943802312e-03
8.234111785197614081e-03
8.181535526619262283e-03
8.129877383683717373e-03
8.079131440687687543e-03
8.029290963703241898e-03
7.980349089728272852e-03
7.932298005612700362e-03
7.885130007802143223e-03
7.838836278635637200e-03
7.793408381140688387e-03
7.748836677990749745e-03
7.705112181229939114e-03
7.662224761676312765e-03
7.620165045375680568e-03
7.578922606957172112e-03
7.538487725482699922e-03
7.498849710408212431e-03
7.459998514507750443e-03
7.421923201451852137e-03
7.384613449460602358e-03
7.348058120874924846e-03
7.312246684944353516e-03
7.277167858719343213e-03
7.242810967725678804e-03
7.209164640747595283e-03
7.176218119586622556e-03
7.143959998394477408e-03
7.112379488957294195e-03
7.081465199595813297e-03
7.051206359633637941e-03
7.021591635223535001e-03
6.992610315055661045e-03
6.964251161758357005e-03
6.936503559971906631e-03
6.909356402702091469e-03
6.882799202338383236e-03
6.856821011757934826e-03
6.831411498544162457e-03
6.806559900879901280e-03
6.782256065032040045e-03
6.758489436208072604e-03
6.735250059262624239e-03
6.712527604763367239e-03
6.690312332814344135e-03
6.668594154610742522e-03
6.647363559242417883e-03
6.626610711027397342e-03
6.606326339146100998e-03
6.586500871039582816e-03
6.567125284722257102e-03
6.548190278520687156e-03
6.529687085914559486e-03
6.511606681878453519e-03
6.493940560105417904e-03
6.476679976199916852e-03
6.459816687142949480e-03
6.443342231571396947e-03
6.427248631347108263e-03
6.411527709147267148e-03
6.396171752000778463e-03
6.381172866406779713e-03
6.366523603700264058e-03
6.352216352911352858e-03
6.338243927817939147e-03
6.324598997757352285e-03
6.311274636216331752e-03
6.298263789809611934e-03
6.285559788247018463e-03
6.273155851699816453e-03
6.261045561970953952e-03
6.249222408480110437e-03
6.237680220446330248e-03
6.226412751736224230e-03
6.215414073848038630e-03
6.204678199884913238e-03
6.194199438106187672e-03
6.183972055308193175e-03
6.173990590682219143e-03
6.164249558909774482e-03
6.154743724036958706e-03
6.145467842618824485e-03
6.136416897287012492e-03
6.127585880309736194e-03
6.118969986492747010e-03
6.110564437556865493e-03
6.102364633972531469e-03
6.094366020596063416e-03
6.086564196994101623e-03
6.078954824823368588e-03
6.071533696153498180e-03
6.064296683122856295e-03
6.057239763715941035e-03
6.050359014280740598e-03
6.043650592159681770e-03
6.037110771711779594e-03
6.030735883134157559e-03
6.024522392695405744e-03
6.018466797016779057e-03
6.012565748293070833e-03
6.006815903228085625e-03
6.001214094095794899e-03
5.995757131443335379e-03
5.990442021929438636e-03
5.985265723818690778e-03
5.980225412627128249e-03
5.975318188332808846e-03
5.970541389961247537e-03
5.965892253328539986e-03
5.961368275813033746e-03
5.956966823326273648e-03
5.952685546644244721e-03
5.948521936167190660e-03
5.944473791324502050e-03
5.940538721534873931e-03
5.936714670357194287e-03
5.932999360893946236e-03
5.929390876538575758e-03
5.925887048875906268e-03
5.922486097076988185e-03
5.919185956136261730e-03
5.915984977192650582e-03
5.912881193700118485e-03
5.909873085213090439e-03
5.906958778809214515e-03
5.904136879174549934e-03
5.901405602278413098e-03
5.898763674935904484e-03
5.896209397366555804e-03
5.893741615808131135e-03
5.891358710163126407e-03
5.889059643699518475e-03
5.886842871489473238e-03
5.884707471773882419e-03
5.882651970310190728e-03
5.880675558615940969e-03
5.878776828647238988e-03
5.876955083894517748e-03
5.875208977984893409e-03
5.873537925508716395e-03
5.871940637147105013e-03
5.870416638194521364e-03
5.868964691618896654e-03
5.867584433555094077e-03
5.866274674265347863e-03
5.865035161454573882e-03
5.863864747369799610e-03
5.862763292668228196e-03
5.861729685850927685e-03
5.860763902589809921e-03
5.859864861390459180e-03
5.859032655591588958e-03
5.858266226916649527e-03
5.857565789133344948e-03
5.856930300168865233e-03
5.856360095303234613e-03
5.855854142953877649e-03
5.855412892544219032e-03
5.855035324759350242e-03
5.854721956868987921e-03
5.854471813556727175e-03
5.854285238156352149e-03
5.854161357327118502e-03
5.854100030331666968e-03
