5.377055729255339145e+00
5.377053067754293814e+00
5.377047755400115037e+00
5.377039807198271681e+00
5.377029254826942939e+00
5.377016127797816125e+00
5.377000478034206665e+00
5.376982348578264848e+00
5.376961810327610003e+00
5.376938918446729332e+00
5.376913761105181599e+00
5.376886403812108028e+00
5.376856949946376751e+00
5.376825473292313085e+00
5.376792090099330679e+00
5.376756880153848783e+00
5.376719970053135178e+00
5.376681443202531163e+00
5.376641433935705372e+00
5.376600026877468075e+00
5.376557361490740483e+00
5.376513521293240672e+00
5.376468648360679836e+00
5.376422822930263301e+00
5.376376187340453860e+00
5.376328816595512095e+00
5.376280851175174291e+00
5.376232359172293584e+00
5.376183477361544227e+00
5.376134265556632208e+00
5.376084855286192621e+00
5.376035297047998540e+00
5.375985715903089712e+00
5.375936152331939333e+00
5.375886724024931063e+00
5.375837461069522760e+00
5.375788473186833727e+00
5.375739779999489265e+00
5.375691482940466059e+00
5.375643591368474361e+00
5.375596198356493716e+00
5.375549303435198212e+00
5.375502991454802704e+00
5.375457252747187553e+00
5.375412164245596536e+00
5.375367707862784172e+00
5.375323953048654069e+00
5.375280874184891644e+00
5.375238533760509085e+00
5.375196899583212229e+00
5.375156027756658794e+00
5.375115880505305199e+00
5.375076508144671195e+00
5.375037868309793687e+00
5.375000006120489893e+00
5.374962875594073708e+00
5.374926517221021882e+00
5.374890882330617181e+00
5.374856007308112638e+00
5.374821841667752231e+00
5.374788418159988090e+00
5.374755685290406149e+00
5.374723672584185152e+00
5.374692328272306696e+00
5.374661678999717473e+00
5.374631673382406660e+00
5.374602335464986780e+00
5.374573614834461388e+00
5.374545533151461107e+00
5.374518041489584341e+00
5.374491159281498120e+00
5.374464839537504091e+00
5.374439099562211553e+00
5.374413894693548244e+00
5.374389240156537184e+00
5.374365093955711714e+00
5.374341469238210323e+00
5.374318326970137782e+00
5.374295678179883851e+00
5.374273487054624709e+00
5.374251762423845058e+00
5.374230471929072550e+00
5.374209622083339966e+00
5.374189184199929414e+00
5.374169162320431070e+00
5.374149531643928057e+00
5.374130293545555936e+00
5.374111427338103653e+00
5.374092931489841796e+00
5.374074789697444565e+00
5.374056997230019839e+00
5.374039542537003555e+00
5.374022417346461467e+00
5.374005615456248108e+00
5.373989124710531584e+00
5.373972945383754585e+00
5.373957061303355154e+00
5.373941481557289457e+00
5.373926186649728542e+00
5.373911198978330361e+00
5.373896498089520080e+00
5.373882124793772697e+00
5.373868059522832752e+00
5.373854356796930354e+00
5.373840992428689844e+00
5.373828016282724107e+00
5.373815393698267329e+00
5.373803160788947153e+00
5.373791276186871357e+00
5.373779766506229016e+00
5.373768588855556416e+00
5.373757765461940394e+00
5.373747254198272927e+00
5.373737075517582618e+00
5.373727188665407439e+00
5.373717613410147642e+00
5.373708310427597112e+00
5.373699299231665449e+00
5.373690541858292313e+00
5.373682057726713701e+00
5.373673810154315333e+00
5.373665818510781733e+00
5.373658047332800614e+00
5.373650515933938721e+00
5.373643190025291894e+00
5.373636088833128710e+00
5.373629179211278029e+00
5.373622480255551004e+00
5.373615959940160280e+00
5.373609637181697707e+00
5.373603481058873754e+00
5.373597510258153243e+00
5.373591694951354469e+00
5.373586053543742302e+00
5.373580557292013005e+00
5.373575224270143558e+00
5.373570026813774270e+00
5.373564982617164532e+00
5.373560065090654980e+00
5.373555291502388975e+00
5.373550636334475605e+00
5.373546116384752658e+00
5.373541707205204965e+00
5.373537425081448049e+00
5.373533246634314864e+00
5.373529187597526402e+00
5.373525225660491955e+00
5.373521375967525771e+00
5.373517617277026481e+00
5.373513964108433072e+00
5.373510396290191338e+00
5.373506927683300738e+00
5.373503539187938216e+00
5.373500243974848267e+00
5.373497024018248247e+00
5.373493891768392317e+00
5.373490830276486108e+00
5.373487851243472058e+00
5.373484938801148303e+00
5.373482103873573834e+00
5.373479331677422977e+00
5.373476632333377800e+00
5.373473992147991929e+00
5.373471420412983868e+00
5.373468904530551704e+00
5.373466452938611582e+00
5.373464054141572355e+00
5.373461715699292540e+00
5.373459427225808049e+00
5.373457195379094387e+00
5.373455010891146522e+00
5.373452879494488243e+00
5.373450793048380802e+00
5.373448756336440368e+00
5.373446762355539086e+00
5.373444814916882528e+00
5.373442908166418341e+00
5.373441044919225362e+00
5.373439220482998380e+00
5.373437436652605648e+00
5.373435689911451263e+00
5.373433981009573479e+00
5.373432307621455628e+00
5.373430669426974227e+00
5.373429065308577002e+00
5.373427493849764147e+00
5.373425955159474299e+00
5.373424446697545598e+00
5.373422969819725559e+00
5.373421520833625564e+00
5.373420102364074857e+00
5.373418709536401217e+00
5.373417346268922756e+00
5.373416006472903739e+00
5.373414695386903972e+00
5.373413405674357435e+00
5.373412143923401274e+00
5.373410901513611115e+00
5.373409686414878372e+00
5.373408488684311202e+00
5.373407317708896791e+00
5.373406162181729506e+00
5.373405032945741233e+00
5.373403917285137332e+00
5.373402827541557514e+00
5.373401749541653949e+00
5.373400697172932894e+00
5.373399654751520593e+00
5.373398637762885954e+00
5.373397628954750260e+00
5.373396645468226929e+00
5.373395668419144400e+00
5.373394716668284943e+00
5.373393769629680072e+00
5.373392847955043017e+00
5.373391929279319967e+00
5.373391036124723463e+00
5.373390144261319001e+00
5.373389278170961347e+00
5.373388411663174935e+00
5.373387571279718777e+00
5.373386728762437947e+00
5.373385912826229571e+00
5.373385093024694470e+00
5.373384300374354439e+00
5.373383502104207565e+00
5.373382731678938207e+00
5.373381953847912840e+00
5.373381204692025293e+00
5.373380446303807290e+00
5.373379717574227499e+00
5.373378977735336903e+00
5.373378268713249639e+00
5.373377546644269920e+00
5.373376856752682507e+00
5.373376151806068535e+00
5.373375480636231494e+00
5.373374792324507432e+00
5.373374139676084127e+00
5.373373467717431851e+00
5.373372833661107073e+00
5.373372178055928039e+00
5.373371563034773146e+00
5.373370924201955390e+00
5.373370329204647966e+00
5.373369708245127718e+00
5.373369135125371621e+00
5.373368534396527174e+00
5.373367986532331386e+00
5.373367411145903993e+00
5.373366895087220207e+00
5.373366358097994677e+00
5.373365889796689387e+00
5.373365436895231717e+00
5.373365085272276964e+00
5.373364843075269626e+00
