2.192673360599950091e-03
2.192618627919125027e-03
2.192691371009654940e-03
2.192527141687344687e-03
2.192672611297453306e-03
2.192398791421652955e-03
2.192616954288992975e-03
2.192233387098373783e-03
2.192524193028733137e-03
2.192030658551580649e-03
2.192394040059315527e-03
2.191790254609850015e-03
2.192226126440392688e-03
2.191511741974107742e-03
2.192020000509980332e-03
2.191194603839763388e-03
2.191775126391561253e-03
2.190838238266576681e-03
2.191490882250269733e-03
2.190441956299242921e-03
2.191166558300853065e-03
2.190004979841302015e-03
2.190801354569492290e-03
2.189526439283748065e-03
2.190394378410300078e-03
2.189005370888670414e-03
2.189944641775829620e-03
2.188440713926359266e-03
2.189451058239283866e-03
2.187831307562638009e-03
2.188912439763897495e-03
2.187175887490886740e-03
2.188327493212926991e-03
2.186473082301141138e-03
2.187694816591321482e-03
2.185721409576025717e-03
2.187012895007480352e-03
2.184919271700925657e-03
2.186280096341196820e-03
2.184064951373115588e-03
2.185494666601019240e-03
2.183156606791911755e-03
2.184654724951609877e-03
2.182192266509047369e-03
2.183758258388799126e-03
2.181169823915706223e-03
2.182803116036905432e-03
2.180087031339195385e-03
2.181787003039655903e-03
2.178941493719192043e-03
2.180707474012453465e-03
2.177730661829459409e-03
2.179561926019684976e-03
2.176451825006829165e-03
2.178347591036166372e-03
2.175102103344371193e-03
2.177061527846706982e-03
2.173678439300102006e-03
2.175700613331598646e-03
2.172177588666281481e-03
2.174261533078967069e-03
2.170596110836709933e-03
2.172740771256672504e-03
2.168930358300793018e-03
2.171134599666816115e-03
2.167176465282996851e-03
2.169439065894783122e-03
2.165330335434155744e-03
2.167649980451604244e-03
2.163387628467648271e-03
2.165762902792985230e-03
2.161343745616474410e-03
2.163773126080204782e-03
2.159193813769068413e-03
2.161675660527231056e-03
2.156932668119284149e-03
2.159465215153741346e-03
2.154554833141780323e-03
2.157136177736464037e-03
2.152054501678110111e-03
2.154682592724671206e-03
2.149425511901903625e-03
2.152098136876316563e-03
2.146661321956216690e-03
2.149376092442761062e-03
2.143754982252480193e-03
2.146509318120374231e-03
2.140699106246823653e-03
2.143490219542415129e-03
2.137485843569968819e-03
2.140310726741204411e-03
2.134106870113637588e-03
2.136962305615991344e-03
2.130553445827140270e-03
2.133436095613058976e-03
2.126816707211177330e-03
2.129723469712064849e-03
2.122888703184126237e-03
2.125817867973413093e-03
2.118765467231872868e-03
2.121719700554506541e-03
2.114453900656585415e-03
2.117444839319295932e-03
2.109979248283235225e-03
2.113027087206171932e-03
2.105378907444864240e-03
2.108502328893183900e-03
2.100682577920548640e-03
2.103891990497232939e-03
2.095903821150067736e-03
2.099203341283335366e-03
2.091045330053783492e-03
2.094436149829733990e-03
2.086104834984595004e-03
2.089587004819758263e-03
2.081078028751033333e-03
2.084651164342944066e-03
2.075959707097856880e-03
2.079623246346110673e-03
2.070744179739245853e-03
2.074497473768982612e-03
2.065425412124775786e-03
2.069267756643404683e-03
2.059997069135613944e-03
2.063927714023725251e-03
2.054452522108138855e-03
2.058470672744476190e-03
2.048784841249248322e-03
2.052889656443083501e-03
2.042986781489546360e-03
2.047177369813241946e-03
2.037050764759663901e-03
2.041326179957454311e-03
2.030968859814953793e-03
2.035328095553680730e-03
2.024732760037676466e-03
2.029174744115481380e-03
2.018333759384161648e-03
2.022857347460687259e-03
2.011762726548039018e-03
2.016366695446272523e-03
2.005010077380709257e-03
2.009693118012600022e-03
1.998065745607262821e-03
2.002826455584622630e-03
1.990919151885630223e-03
1.995756027891180690e-03
1.983559171272186727e-03
1.988470601281536708e-03
1.975974099175764522e-03
1.980958354638703931e-03
1.968151615902036852e-03
1.973206844010900584e-03
1.960078749910687014e-03
1.965202966104033673e-03
1.951741839927336559e-03
1.956932920798447242e-03
1.943126496069348891e-03
1.948382172871123905e-03
1.934217560158599854e-03
1.939535413118381561e-03
1.924999065402573702e-03
1.930376519082302672e-03
1.915454195626806666e-03
1.920888515584960946e-03
1.905565244233696108e-03
1.911053535265446130e-03
1.895313573043991631e-03
1.900852779294373140e-03
1.884679571144071706e-03
1.890266478405258155e-03
1.873642613812576954e-03
1.879273854330749905e-03
1.862181021531033763e-03
1.867853081659820447e-03
1.850272018990898291e-03
1.855981250038004878e-03
1.837891693891329512e-03
1.843634326512016454e-03
1.825014955172975890e-03
1.830787117669699891e-03
1.811615490149213678e-03
1.817413231041323804e-03
1.797665719771554581e-03
1.803485035003999119e-03
1.783136750994371994e-03
1.788973616161440138e-03
1.767998324876875627e-03
1.773848732848319534e-03
1.752218758667850379e-03
1.758078763023429320e-03
1.735764879647063840e-03
1.741630644355318756e-03
1.718601947930023695e-03
1.724469803753195685e-03
1.700693564756321436e-03
1.706560072931753496e-03
1.682001561945975238e-03
1.687863585794378450e-03
1.662485867182181536e-03
1.668340652434780608e-03
1.642104338505593480e-03
1.647949603341423812e-03
1.620812559810413424e-03
1.626646595871221327e-03
1.598563587108445738e-03
1.604385373139408533e-03
1.575307632729446494e-03
1.581116963018952591e-03
1.550991671248351652e-03
1.556789301762997449e-03
1.525558946480800628e-03
1.531346762593726067e-03
1.498948352949743814e-03
1.504729564058795337e-03
1.471093657190807339e-03
1.476873025494172386e-03
1.441922513232637591e-03
1.447706626745865919e-03
1.411355211218937944e-03
1.417152815201249902e-03
1.379303076375059398e-03
1.385125483363732792e-03
1.345666404171029463e-03
1.351528011911850256e-03
1.310331771516216881e-03
1.316250732097728722e-03
1.273168494868752833e-03
1.279167600568439488e-03
1.234023900437050550e-03
1.240131788000352038e-03
1.192716905396469084e-03
1.198969741565935644e-03
1.149029139894534738e-03
1.155473058138239192e-03
1.102692389302150364e-03
1.109387144094552136e-03
1.053370353613341170e-03
1.060395037872074835e-03
1.000631299463061860e-03
1.008093749410723201e-03
9.439054594497557843e-04
9.519586922405205839e-04
8.824154852555725955e-04
8.912886788933406957e-04
8.150560224852369633e-04
8.251188396609669597e-04
7.401685934790934842e-04
7.520831992353639540e-04
6.550740269102964296e-04
6.702267709324080842e-04
5.549307970700326177e-04
5.770678649112720611e-04
4.288749350841620524e-04
4.752819336409800440e-04
2.012230232390322207e-04
