2.400187645840284034e+01
2.400173568605641350e+01
2.400145407766409278e+01
2.400103135387471909e+01
2.400046732293347773e+01
2.399976142466472950e+01
2.399891333727896026e+01
2.399792221680853288e+01
2.399678760809654676e+01
2.399550837887927557e+01
2.399408393589503774e+01
2.399251285247834176e+01
2.399079439104649936e+01
2.398892682273599064e+01
2.398690925784964634e+01
2.398473965572318534e+01
2.398241696504853948e+01
2.397993882180607983e+01
2.397730400172125087e+01
2.397450980373330154e+01
2.397155481719477521e+01
2.396843598796892039e+01
2.396515170334599887e+01
2.396169853746580714e+01
2.395807465730382546e+01
2.395427624369978759e+01
2.395030122216208213e+01
2.394614535534487842e+01
2.394180630283267774e+01
2.393727938044429848e+01
2.393256195359319705e+01
2.392764885830202104e+01
2.392253713319097130e+01
2.391722109655707484e+01
2.391169742252482777e+01
2.390595986797460881e+01
2.390000469889906753e+01
2.389382506034960940e+01
2.388741675958106114e+01
2.388077227151554993e+01
2.387388688583008545e+01
2.386675233970528964e+01
2.385936333661656406e+01
2.385171079733089172e+01
2.384378875880475235e+01
2.383558723350191144e+01
2.382709949748137035e+01
2.381831454711728568e+01
2.380922478617724281e+01
2.379981806791238697e+01
2.379008579167865278e+01
2.378001451710492731e+01
2.376959448159191979e+01
2.375881077182689438e+01
2.374765227429636383e+01
2.373610238775392034e+01
2.372414841968661037e+01
2.371177182140037587e+01
2.369895804415595819e+01
2.368568627623618994e+01
2.367193977316725295e+01
2.365769507336481681e+01
2.364293281740315322e+01
2.362762641544781417e+01
2.361175337080446468e+01
2.359528336811005289e+01
2.357819011618549609e+01
2.356043882054126826e+01
2.354199855955042509e+01
2.352282909771890829e+01
2.350289380685888929e+01
2.348214576698187273e+01
2.346054123960880844e+01
2.343802498978311633e+01
2.341454431041655226e+01
2.339003347967348034e+01
2.336442832076867049e+01
2.333764968028396325e+01
2.330961848272993464e+01
2.328023807131605238e+01
2.324940967377247247e+01
2.321701337896122652e+01
2.318292386098286073e+01
2.314698966531015500e+01
2.310904894218694849e+01
2.306890660195435316e+01
2.302634973961845333e+01
2.298112220679989548e+01
2.293293958226679052e+01
2.288146114349984117e+01
2.282630513660867422e+01
2.276701956647197633e+01
2.270310056550237832e+01
2.263396576319784970e+01
2.255898059250196752e+01
2.247743851539982174e+01
2.238859775119980000e+01
2.229166623382766588e+01
2.218584107951932438e+01
2.207028455295147040e+01
2.194415030713743420e+01
2.180653710123262456e+01
2.165649843048447920e+01
2.149298394650320532e+01
2.131485571390745193e+01
2.112084800053638389e+01
2.090962080549466862e+01
2.067976409841661223e+01
2.042991112016247968e+01
2.015882207662945547e+01
1.986563308950211137e+01
1.955021286537408187e+01
1.921400221438093681e+01
1.886172143240414556e+01
1.850514040415734485e+01
1.817042783344605539e+01
1.790807063349285499e+01
1.779045522078531860e+01
1.786885178214910042e+01
1.812035692147222576e+01
1.846592741338019650e+01
1.882459771396169401e+01
1.913625913641178045e+01
1.936767043807796895e+01
1.951511166603338054e+01
1.959648990654610046e+01
1.963549577809057567e+01
1.965103052112334936e+01
1.965478657141154528e+01
1.965305325087399169e+01
1.964886577682306879e+01
1.964362091676076005e+01
1.963789730102465114e+01
1.963194627401650649e+01
1.962584990145213482e+01
1.961965176817554024e+01
1.961335492584803220e+01
1.960697147035260812e+01
1.960049517734852387e+01
1.959393347443036859e+01
1.958728017587222681e+01
1.958054153811971432e+01
1.957371231882613571e+01
1.956679810451116808e+01
1.955979455838207670e+01
1.955270668809507129e+01
1.954553071381339890e+01
1.953827023685040132e+01
1.953091920071403820e+01
1.952347421339301903e+01
1.951592077248289669e+01
1.950824792228500115e+01
1.950043872619274055e+01
1.949248181024312032e+01
1.948436178501228966e+01
1.947606836162859167e+01
1.946758803070286348e+01
1.945891157663876925e+01
1.945002711978739285e+01
1.944092623525274632e+01
1.943159830436468383e+01
1.942203536445582657e+01
1.941222770269366649e+01
1.940216752684297674e+01
1.939184573422378932e+01
1.938125447035666227e+01
1.937038501143752356e+01
1.935922926304724356e+01
1.934777870277163814e+01
1.933602486110978447e+01
1.932395927953427162e+01
1.931157300810573574e+01
1.929885754236302731e+01
1.928580336580793997e+01
1.927240183624281045e+01
1.925864279569527326e+01
1.924451738320248495e+01
1.923001472964786984e+01
1.921512567965640983e+01
1.919983858407609389e+01
1.918414391874781089e+01
1.916802918289371149e+01
1.915148440719475786e+01
1.913449616207474335e+01
1.911705395187499690e+01
1.909914333288139687e+01
1.908075319452881757e+01
1.906186798294480766e+01
1.904247587413052045e+01
1.902256009472668552e+01
1.900210799607730650e+01
1.898110145979540420e+01
1.895952688558949717e+01
1.893736466495008841e+01
1.891460009967031652e+01
1.889121192251699810e+01
1.886718416756887606e+01
1.884249371199571854e+01
1.881712312373434415e+01
1.879104719338517526e+01
1.876424678941274493e+01
1.873669434357345409e+01
1.870836874883463707e+01
1.867923975554351301e+01
1.864928395268061934e+01
1.861846802501525744e+01
1.858676586422661714e+01
1.855414062937485653e+01
1.852056304092331374e+01
1.848599217775010572e+01
1.845039501427875450e+01
1.841372587665996363e+01
1.837594729116033321e+01
1.833700800966646582e+01
1.829686524628256095e+01
1.825546116743535308e+01
1.821274660336704798e+01
1.816865588016533906e+01
1.812313210354898985e+01
1.807610018818774478e+01
1.802749382283317914e+01
1.797722652506365648e+01
1.792522040925314997e+01
1.787137506062341430e+01
1.781559824038247797e+01
1.775777232924220428e+01
1.769778711653455971e+01
1.763550350673475364e+01
1.757078855012742835e+01
1.750347603163434584e+01
1.743340390748234014e+01
1.736037129751408870e+01
1.728417849228599223e+01
1.720457974078258445e+01
1.712132598270177652e+01
1.703411265830784771e+01
1.694262530451070603e+01
1.684648142405165672e+01
1.674527909246704027e+01
1.663853178789383946e+01
1.652572032933259294e+01
1.640621980879139841e+01
1.627935606880443942e+01
1.614432571757730983e+01
1.600026206465236100e+01
1.584615729567555320e+01
1.568095763749127514e+01
1.550352967689240025e+01
1.531286471981326791e+01
1.510826639237908076e+01
1.488999233444904569e+01
1.466041485298274871e+01
1.442662852752251545e+01
1.420669612998191944e+01
1.403245595237464194e+01
1.393573009800172180e+01
