2.137566285069937067e+01
2.137463603211382690e+01
2.137258253813012487e+01
2.136950265507254443e+01
2.136539681237313459e+01
2.136026558242028628e+01
2.135410968050030434e+01
2.134692996454521463e+01
2.133872743504469938e+01
2.132950323469336240e+01
2.131925864827255168e+01
2.130799510219742743e+01
2.129571416436797548e+01
2.128241754361640048e+01
2.126810708952647033e+01
2.125278479178170343e+01
2.123645277995214897e+01
2.121911332274399342e+01
2.120076882775260430e+01
2.118142184061435529e+01
2.116107504472453371e+01
2.113973126029225824e+01
2.111739344402192131e+01
2.109406468807191004e+01
2.106974821969811984e+01
2.104444740011752657e+01
2.101816572411193107e+01
2.099090681879753362e+01
2.096267444318712592e+01
2.093347248686668749e+01
2.090330496951421324e+01
2.087217603948449351e+01
2.084008997328252377e+01
2.080705117405774374e+01
2.077306417102999703e+01
2.073813361789445864e+01
2.070226429219800579e+01
2.066546109365619444e+01
2.062772904347783864e+01
2.058907328259538261e+01
2.054949907093555694e+01
2.050901178556447846e+01
2.046761691990209542e+01
2.042532008178360670e+01
2.038212699261533700e+01
2.033804348535395334e+01
2.029307550360165280e+01
2.024722909950463290e+01
2.020051043278528269e+01
2.015292576856164075e+01
2.010448147631434423e+01
2.005518402762872654e+01
2.000503999509436426e+01
1.995405604997152693e+01
1.990223896102129686e+01
1.984959559209810109e+01
1.979613290090845013e+01
1.974185793653148124e+01
1.968677783810431237e+01
1.963089983227260049e+01
1.957423123180084801e+01
1.951677943295499063e+01
1.945855191403603612e+01
1.939955623269689511e+01
1.933980002439798795e+01
1.927929099966053528e+01
1.921803694244301752e+01
1.915604570733339074e+01
1.909332521784534720e+01
1.902988346355218852e+01
1.896572849830214125e+01
1.890086843729673305e+01
1.883531145522471562e+01
1.876906578328797792e+01
1.870213970725404096e+01
1.863454156443276943e+01
1.856627974164760886e+01
1.849736267216678343e+01
1.842779883359379411e+01
1.835759674475700010e+01
1.828676496352040104e+01
1.821531208363585819e+01
1.814324673247545405e+01
1.807057756785113511e+01
1.799731327567044659e+01
1.792346256672855631e+01
1.784903417428983730e+01
1.777403685085776530e+01
1.769847936568508473e+01
1.762237050152772255e+01
1.754571905208683447e+01
1.746853381875336098e+01
1.739082360798586180e+01
1.731259722805284085e+01
1.723386348635098031e+01
1.715463118615298654e+01
1.707490912387133264e+01
1.699470608582013043e+01
1.691403084543022928e+01
1.683289216003427669e+01
1.675129876803958950e+01
1.666925938574643595e+01
1.658678270448584868e+01
1.650387738748193200e+01
1.642055206696243985e+01
1.633681534107688549e+01
1.625267577098845351e+01
1.616814187786052059e+01
1.608322213993930205e+01
1.599792498962247222e+01
1.591225881054259617e+01
1.582623193473261125e+01
1.573985263972093662e+01
1.565312914580970727e+01
1.556606961319330651e+01
1.547868213936644644e+01
1.539097475627853306e+01
1.530295542789017027e+01
1.521463204737664476e+01
1.512601243485277003e+01
1.503710433463946039e+01
1.494791541317868244e+01
1.485845325637778025e+01
1.476872536773795730e+01
1.467873916579185334e+01
1.458850198247109553e+01
1.449802106065308926e+01
1.440730355279560193e+01
1.431635651860925584e+01
1.422518692398983475e+01
1.413380163883324769e+01
1.404220743629964119e+01
1.395041099078738966e+01
1.385841887756728852e+01
1.376623757093162226e+01
1.367387344424197160e+01
1.358133276826854718e+01
1.348862171170344659e+01
1.339574633970744877e+01
1.330271261496431023e+01
1.320952639649035021e+01
1.311619344144753185e+01
1.302271940464863675e+01
1.292910984251620476e+01
1.283537021714338522e+01
1.274150591407565436e+01
1.264752228542922730e+01
1.255342478449848187e+01
1.245921935329192820e+01
1.236491356890550364e+01
1.227051990975990137e+01
1.217606441486411839e+01
1.208160553042804608e+01
1.198726005814718221e+01
1.189321191554829227e+01
1.179968678899945544e+01
1.170691659310361032e+01
1.161511733591657958e+01
1.152448002693435924e+01
1.143516814627124845e+01
1.134731796152030725e+01
1.126104017857208284e+01
1.117642222938564878e+01
1.109353084866495109e+01
1.101241469236865811e+01
1.093310686844504431e+01
1.085562727508124681e+01
1.077998471595363306e+01
1.070617876107097111e+01
1.063420137056536063e+01
1.056403828252231492e+01
1.049567019927284051e+01
1.042907378310312794e+01
1.036422249757639413e+01
1.030108730517956594e+01
1.023963725335468666e+01
1.017983995604439329e+01
1.012166199734181404e+01
1.006506926044712813e+01
1.001002720352602005e+01
9.956501082447653417e+00
9.904456137978792540e+00
9.853857745081823438e+00
9.804671538830778132e+00
9.756863513043338543e+00
9.710400103855409526e+00
9.665248253380273269e+00
9.621375463970869291e+00
9.578749837692990710e+00
9.537340110237202850e+00
9.497115673630101895e+00
9.458046595977346982e+00
9.420103632541955818e+00
9.383258235602911057e+00
9.347482557463356656e+00
9.312749453413028178e+00
9.279032479157292457e+00
9.246305888982647048e+00
9.214544629360855055e+00
9.183724333803136020e+00
9.153821313883964805e+00
9.124812551843884734e+00
9.096675689922307129e+00
9.069389021470826151e+00
9.042931479235221559e+00
9.017282625530821605e+00
8.992422639937426965e+00
8.968332308938968822e+00
8.944993013368993218e+00
8.922386717809470014e+00
8.900495958034081667e+00
8.879303830383534546e+00
8.858793979387996842e+00
8.838950587279654769e+00
8.819758361927888757e+00
8.801202526608390642e+00
8.783268808349392387e+00
8.765943428045943620e+00
8.749213089289924028e+00
8.733064968895648761e+00
8.717486706267242980e+00
8.702466394385378834e+00
8.687992569752115202e+00
8.674054203876659486e+00
8.660640693828474568e+00
8.647741854251888682e+00
8.635347908552448715e+00
8.623449481465666366e+00
8.612037590898790285e+00
8.601103641077550321e+00
8.590639415066569029e+00
8.580637068519964217e+00
8.571089122908459146e+00
8.561988459906503479e+00
8.553328315365130052e+00
8.545102274381246588e+00
8.537304266075217640e+00
8.529928559412070399e+00
8.522969758877970037e+00
8.516422801165356660e+00
8.510282951906530613e+00
8.504545803412348448e+00
8.499207272746804875e+00
8.494263600879614629e+00
8.489711352756414087e+00
8.485547419165651917e+00
8.481769023381762196e+00
8.478373744792763844e+00
8.475359589237280389e+00
8.472725040208791469e+00
8.470468930277279540e+00
8.468590298646619274e+00
8.467088349025855720e+00
8.465962444474563142e+00
8.465212107057404012e+00
8.464837018049514938e+00
