2.292001500577577033e+01
2.292001013904794249e+01
2.292000040165034491e+01
2.291998578569285527e+01
2.291996627932469366e+01
2.291994186671578504e+01
2.291991252803205370e+01
2.291987823940474200e+01
2.291983897289391692e+01
2.291979469644619982e+01
2.291974537384701804e+01
2.291969096466743139e+01
2.291963142420570421e+01
2.291956670342374025e+01
2.291949674887859345e+01
2.291942150264907241e+01
2.291934090225751675e+01
2.291925488058690519e+01
2.291916336579319591e+01
2.291906628121301281e+01
2.291896354526657120e+01
2.291885507135575750e+01
2.291874076775734892e+01
2.291862053751120953e+01
2.291849427830324970e+01
2.291836188234305993e+01
2.291822323623597768e+01
2.291807822084933832e+01
2.291792671117276825e+01
2.291776857617211860e+01
2.291760367863692593e+01
2.291743187502111567e+01
2.291725301527648639e+01
2.291706694267906741e+01
2.291687349364765325e+01
2.291667249755456837e+01
2.291646377652820732e+01
2.291624714524711592e+01
2.291602241072537183e+01
2.291578937208898736e+01
2.291554782034293680e+01
2.291529753812879022e+01
2.291503829947242110e+01
2.291476986952163131e+01
2.291449200427349453e+01
2.291420445029095632e+01
2.291390694440856990e+01
2.291359921342701966e+01
2.291328097379616224e+01
2.291295193128624774e+01
2.291261178064707238e+01
2.291226020525476414e+01
2.291189687674579645e+01
2.291152145463810896e+01
2.291113358593868909e+01
2.291073290473765312e+01
2.291031903178821594e+01
2.290989157407230792e+01
2.290945012435145500e+01
2.290899426070262379e+01
2.290852354603867624e+01
2.290803752761296153e+01
2.290753573650793129e+01
2.290701768710742314e+01
2.290648287655249149e+01
2.290593078418079287e+01
2.290536087095003026e+01
2.290477257884632678e+01
2.290416533027980250e+01
2.290353852747105634e+01
2.290289155183577208e+01
2.290222376337983334e+01
2.290153450012599379e+01
2.290082307760838276e+01
2.290008878849507212e+01
2.289933090243900082e+01
2.289854866632142105e+01
2.289774130515523254e+01
2.289690802407699621e+01
2.289604801210931129e+01
2.289516044875985301e+01
2.289424451509729153e+01
2.289329941176875138e+01
2.289232438754093124e+01
2.289131878331770054e+01
2.289028209793287871e+01
2.288921408254887879e+01
2.288811486849475330e+01
2.288698512595036760e+01
2.288582623474684397e+01
2.288464042360742923e+01
2.288343081025325532e+01
2.288220127540320803e+01
2.288095615174472286e+01
2.287969979342092230e+01
2.287843615539638620e+01
2.287716850186384221e+01
2.287589928992713695e+01
2.287463019981522550e+01
2.287336224910603022e+01
2.287209593402594265e+01
2.287083136263788319e+01
2.286956836482195499e+01
2.286830657641695552e+01
2.286704550064300179e+01
2.286578455163103740e+01
2.286452308468979311e+01
2.286326041708685253e+01
2.286199584218737257e+01
2.286072863900004037e+01
2.285945807856976941e+01
2.285818342821375992e+01
2.285690395428565935e+01
2.285561892393656436e+01
2.285432760619359627e+01
2.285302927257587768e+01
2.285172319739907820e+01
2.285040865787275521e+01
2.284908493406289409e+01
2.284775130877001814e+01
2.284640706735828886e+01
2.284505149756062892e+01
2.284368388927761728e+01
2.284230353438302785e+01
2.284090972654519192e+01
2.283950176107103403e+01
2.283807893477789008e+01
2.283664054589692682e+01
2.283518589401103327e+01
2.283371428002962489e+01
2.283222500620217232e+01
2.283071737617200370e+01
2.282919069507173759e+01
2.282764426966141613e+01
2.282607740851044653e+01
2.282448942222420385e+01
2.282287962371621148e+01
2.282124732852661353e+01
2.281959185518774902e+01
2.281791252563758121e+01
2.281620866568149353e+01
2.281447960550333320e+01
2.281272468022603661e+01
2.281094323052257877e+01
2.280913460327771602e+01
2.280729815230099433e+01
2.280543323909131459e+01
2.280353923365371216e+01
2.280161551536830089e+01
2.279966147391181508e+01
2.279767651023186303e+01
2.279566003757393133e+01
2.279361148256109715e+01
2.279153028632631361e+01
2.278941590569712616e+01
2.278726781443234373e+01
2.278508550451025982e+01
2.278286848746775206e+01
2.278061629578965608e+01
2.277832848434727353e+01
2.277600463188520408e+01
2.277364434255508030e+01
2.277124724749499762e+01
2.276881300645276340e+01
2.276634130945151568e+01
2.276383187849546985e+01
2.276128446931372551e+01
2.275869887313966444e+01
2.275607491852333197e+01
2.275341247317382809e+01
2.275071144582872407e+01
2.274797178814696608e+01
2.274519349662177703e+01
2.274237661450947812e+01
2.273952123377021550e+01
2.273662749701608377e+01
2.273369559946182150e+01
2.273072579087317635e+01
2.272771837750756063e+01
2.272467372404139851e+01
2.272159225547832406e+01
2.271847445903189211e+01
2.271532088597654919e+01
2.271213215345990477e+01
2.270890894626930390e+01
2.270565201854542536e+01
2.270236219543525991e+01
2.269904037467661340e+01
2.269568752810609169e+01
2.269230470308203351e+01
2.268889302381417750e+01
2.268545369259092936e+01
2.268198799089561746e+01
2.267849728040236457e+01
2.267498300384265164e+01
2.267144668573303434e+01
2.266788993295479671e+01
2.266431443517600997e+01
2.266072196510672399e+01
2.265711437857798316e+01
2.265349361443527343e+01
2.264986169423745110e+01
2.264622072175230016e+01
2.264257288223995701e+01
2.263892044151608829e+01
2.263526574478661857e+01
2.263161121524683139e+01
2.262795935243757128e+01
2.262431273035235790e+01
2.262067399528937273e+01
2.261704586344362156e+01
2.261343111823458685e+01
2.260983260736630740e+01
2.260625323961712141e+01
2.260269598135780811e+01
2.259916385279756312e+01
2.259565992395861045e+01
2.259218731038133754e+01
2.258874916856320780e+01
2.258534869113593402e+01
2.258198910178680308e+01
2.257867364993148840e+01
2.257540560514713235e+01
2.257218825137596951e+01
2.256902488091118641e+01
2.256591878817845398e+01
2.256287326332779841e+01
2.255989158565220265e+01
2.255697701685081569e+01
2.255413279415587269e+01
2.255136212334416612e+01
2.254866817165494552e+01
2.254605406063765116e+01
2.254352285895376795e+01
2.254107757515857813e+01
2.253872115048903879e+01
2.253645645168532496e+01
2.253428626387393408e+01
2.253221328354094410e+01
2.253024011162437290e+01
2.252836924675478514e+01
2.252660307867315126e+01
2.252494388185516883e+01
2.252339380937053903e+01
2.252195488700519377e+01
2.252062900767403164e+01
2.251941792615019011e+01
2.251832325413644753e+01
2.251734645570231663e+01
2.251648884310939991e+01
2.251575157304559838e+01
2.251513564328710260e+01
2.251464188980484948e+01
2.251427098433022067e+01
2.251402343239246662e+01
2.251389957183777923e+01
