2.637767521162513162e+01
2.637760922021548637e+01
2.637747717354985255e+01
2.637727893170023918e+01
2.637701430264876734e+01
2.637668300555642631e+01
2.637628471879118663e+01
2.637581901862502320e+01
2.637528545138766845e+01
2.637468344746481819e+01
2.637401241771213734e+01
2.637327164257538215e+01
2.637246039294540623e+01
2.637157779416709147e+01
2.637062297156352386e+01
2.636959488904473048e+01
2.636849251957805862e+01
2.636731465804944108e+01
2.636606011700761698e+01
2.636472751336916787e+01
2.636331548981716111e+01
2.636182247487602837e+01
2.636024693040063482e+01
2.635858708447739929e+01
2.635684120549832699e+01
2.635500730726995755e+01
2.635308345022865950e+01
2.635106741805796915e+01
2.634895704666736904e+01
2.634674987153030301e+01
2.634444348511882694e+01
2.634203515407786966e+01
2.633952220588346194e+01
2.633690161486206804e+01
2.633417041892095156e+01
2.633132527330296568e+01
2.632836289832488319e+01
2.632527959962558839e+01
2.632207174794253746e+01
2.631873526446256406e+01
2.631526613376864177e+01
2.631165985273431929e+01
2.630791197788361657e+01
2.630401753607854332e+01
2.629997160765504205e+01
2.629576869693364571e+01
2.629140335262460226e+01
2.628686949593853939e+01
2.628216107989511841e+01
2.627727137251624612e+01
2.627219365682528007e+01
2.626692046626087418e+01
2.626144432731809175e+01
2.625575694391417514e+01
2.624984998479891729e+01
2.624371421311944275e+01
2.623734032091334356e+01
2.623071799953804017e+01
2.622383682375395964e+01
2.621668525797887028e+01
2.620925159266522897e+01
2.620152288047555089e+01
2.619348592784970009e+01
2.618512615412688405e+01
2.617642864137138048e+01
2.616737690812533046e+01
2.615795402069439390e+01
2.614814127151450052e+01
2.613791935515927278e+01
2.612726693912199138e+01
2.611616190774676127e+01
2.610457981039730768e+01
2.609249517626805570e+01
2.607987982120974380e+01
2.606670423586250962e+01
2.605293572754144193e+01
2.603853988326688906e+01
2.602347851671668977e+01
2.600771120646006906e+01
2.599119300963606705e+01
2.597387607409070753e+01
2.595570706968890917e+01
2.593662887139214845e+01
2.591657764545224651e+01
2.589548459930358248e+01
2.587327264252383685e+01
2.584985819932636275e+01
2.582514734105004095e+01
2.579903765746564659e+01
2.577141372272455655e+01
2.574214901783075859e+01
2.571110052963139481e+01
2.567811069303589733e+01
2.564300079542871913e+01
2.560557282546299263e+01
2.556560108326940295e+01
2.552283360388436151e+01
2.547698079631681267e+01
2.542771560813796938e+01
2.537465683573697461e+01
2.531736626613292529e+01
2.525532249307431343e+01
2.518791463879453474e+01
2.511441463551205544e+01
2.503404585085327483e+01
2.494626902134678303e+01
2.485146106420306822e+01
2.475064234207210845e+01
2.464434654956832915e+01
2.453253977485926640e+01
2.441498260009926469e+01
2.429138001396071189e+01
2.416141796746121173e+01
2.402477832863772989e+01
2.388114082717400066e+01
2.373019252956985170e+01
2.357163134742861033e+01
2.340517985682927460e+01
2.323059650321338765e+01
2.304769895302416316e+01
2.285638897381053525e+01
2.265669331718910939e+01
2.244881361602437408e+01
2.223320101667778914e+01
2.201065335223852060e+01
2.178245267177991451e+01
2.155054415190195982e+01
2.131776966549963248e+01
2.108814192928898734e+01
2.086712935567287985e+01
2.066185467455942160e+01
2.048104577458034825e+01
2.033450600612647108e+01
2.023193055868846457e+01
2.018115165365886199e+01
2.018634206876774684e+01
2.024697775182031378e+01
2.035807448642238171e+01
2.051145574977810071e+01
2.069738724150507281e+01
2.090588142478104672e+01
2.112736964025369701e+01
2.135286222015562174e+01
2.157391524238049740e+01
2.178270115929488426e+01
2.197236853601818751e+01
2.213766494221549408e+01
2.227558685890184265e+01
2.238570015778013911e+01
2.246990957513934362e+01
2.253174096757163980e+01
2.257544411612498791e+01
2.260522416991478067e+01
2.262476439470999878e+01
2.263702974318882610e+01
2.264426763144392751e+01
2.264810610915026601e+01
2.264968582611361825e+01
2.264978414202233381e+01
2.264892018882354918e+01
2.264743369091353387e+01
2.264554411791990418e+01
2.264339058587681563e+01
2.264106073142136566e+01
2.263860846309579600e+01
2.263606712145485389e+01
2.263345651008174642e+01
2.263078879877987148e+01
2.262807083941905617e+01
2.262530695747779674e+01
2.262249934180397304e+01
2.261964956941400828e+01
2.261675826347700280e+01
2.261382611705770884e+01
2.261085329871677985e+01
2.260784027543314778e+01
2.260478714750699680e+01
2.260169438298779099e+01
2.259856214696184296e+01
2.259539098809264246e+01
2.259218118410908360e+01
2.258893339499328690e+01
2.258564803121359077e+01
2.258232587899703603e+01
2.257896749272022063e+01
2.257557379461971081e+01
2.257214549112757496e+01
2.256868364833130869e+01
2.256518913157379558e+01
2.256166315760343011e+01
2.255810675665800957e+01
2.255452130208958650e+01
2.255090799416164415e+01
2.254726836784741195e+01
2.254360379760864319e+01
2.253991598400437724e+01
2.253620647876538996e+01
2.253247715079874780e+01
2.252872973091670161e+01
2.252496625777726180e+01
2.252118864166854095e+01
2.251739909088524882e+01
2.251359969400930083e+01
2.250979282718581942e+01
2.250598075437874712e+01
2.250216601597761112e+01
2.249835104654275497e+01
2.249453854514521467e+01
2.249073111015121285e+01
2.248693159167204314e+01
2.248314274297112902e+01
2.247936755537862297e+01
2.247560892593742921e+01
2.247186997511833795e+01
2.246815373035358476e+01
2.246446342687247721e+01
2.246080220680331507e+01
2.245717340343583501e+01
2.245358025560434001e+01
2.245002617567263670e+01
2.244651447894259988e+01
2.244304863564891050e+01
2.243963201516870853e+01
2.243626812230677814e+01
2.243296035611293604e+01
2.242971223073332609e+01
2.242652714867268671e+01
2.242340860648350898e+01
2.242035998234003458e+01
2.241738472683386263e+01
2.241448616475497957e+01
2.241166767125945469e+01
2.240893248777999602e+01
2.240628388382788216e+01
2.240372498698064163e+01
2.240125893057625106e+01
2.239888869774844338e+01
2.239661725526541147e+01
2.239444741160350816e+01
2.239238193717494596e+01
2.239042343644788957e+01
2.238857445479757757e+01
2.238683736469451446e+01
2.238521445940067522e+01
2.238370785325767187e+01
2.238231956243386378e+01
2.238105141935092490e+01
2.237990514066855141e+01
2.237888225589074764e+01
2.237798416275275670e+01
2.237721207004767265e+01
2.237656704055488177e+01
2.237604994812394210e+01
2.237566150825600175e+01
2.237540224947507284e+01
2.237527253164385854e+01
