7.999999999999993228e-03
7.999999999999991493e-03
7.999999999999994962e-03
7.999999999999991493e-03
7.999999999999994962e-03
7.999999999999993228e-03
7.999999999999993228e-03
7.999999999999993228e-03
7.999999999999993228e-03
7.999999999999996697e-03
7.999999999999989758e-03
7.999999999999993228e-03
7.999999999999993228e-03
7.999999999999994962e-03
7.999999999999991493e-03
7.999999999999994962e-03
7.999999999999991493e-03
7.999999999999991493e-03
7.999999999999994962e-03
7.999999999999993228e-03
7.999999999999993228e-03
7.999999999999993228e-03
7.999999999999993228e-03
7.999999999999993228e-03
7.999999999999993228e-03
7.999999999999993228e-03
7.999999999999993228e-03
7.999999999999994962e-03
7.999999999999991493e-03
7.999999999999993228e-03
7.999999999999993228e-03
7.999999999999991493e-03
7.999999999999994962e-03
7.999999999999993228e-03
7.999999999999993228e-03
7.999999999999993228e-03
7.999999999999993228e-03
7.999999999999991493e-03
7.999999999999994962e-03
7.999999999999993228e-03
7.999999999999993228e-03
7.999999999999993228e-03
7.999999999999993228e-03
7.999999999999994962e-03
7.999999999999991493e-03
7.999999999999996697e-03
7.999999999999989758e-03
7.999999999999994962e-03
7.999999999999991493e-03
7.999999999999991493e-03
7.999999999999994962e-03
7.999999999999993228e-03
7.999999999999993228e-03
7.999999999999993228e-03
7.999999999999993228e-03
7.999999999999993228e-03
7.999999999999993228e-03
7.999999999999993228e-03
7.999999999999993228e-03
7.999999999999993228e-03
7.999999999999993228e-03
7.999999999999993228e-03
7.999999999999993228e-03
7.999999999999993228e-03
7.999999999999993228e-03
7.999999999999993228e-03
7.999999999999993228e-03
7.999999999999993228e-03
7.999999999999993228e-03
7.999999999999993228e-03
7.999999999999993228e-03
7.999999999999993228e-03
7.999999999999993228e-03
7.999999999999994962e-03
7.999999999999991493e-03
7.999999999999991493e-03
7.999999999999994962e-03
7.999999999999994962e-03
7.999999999999991493e-03
7.999999999999993228e-03
7.999999999999993228e-03
7.999999999999991493e-03
7.999999999999994962e-03
7.999999999999993228e-03
7.999999999999993228e-03
7.999999999999993228e-03
7.999999999999993228e-03
7.999999999999993228e-03
7.999999999999993228e-03
7.999999999999993228e-03
7.999999999999993228e-03
7.999999999999993228e-03
7.999999999999993228e-03
7.999999999999993228e-03
7.999999999999993228e-03
7.999999999999991493e-03
7.999999999999994962e-03
7.999999999999993228e-03
7.999999999999993228e-03
7.999999999999993228e-03
7.999999999999993228e-03
7.999999999999991493e-03
7.999999999999994962e-03
7.999999999999993228e-03
7.999999999999993228e-03
7.999999999999993228e-03
7.999999999999993228e-03
7.999999999999993228e-03
7.999999999999993228e-03
7.999999999999994962e-03
7.999999999999991493e-03
7.999999999999993228e-03
7.999999999999993228e-03
7.999999999999991493e-03
7.999999999999994962e-03
7.999999999999993228e-03
7.999999999999993228e-03
7.999999999999991493e-03
7.999999999999994962e-03
7.999999999999993228e-03
7.999999999999993228e-03
7.999999999999993228e-03
7.999999999999993228e-03
7.999999999999993228e-03
7.999999999999993228e-03
7.999999999999993228e-03
7.999999999999993228e-03
7.999999999999993228e-03
7.999999999999993228e-03
7.999999999999994962e-03
7.999999999999991493e-03
7.999999999999993228e-03
7.999999999999993228e-03
7.999999999999993228e-03
7.999999999999993228e-03
7.999999999999993228e-03
7.999999999999993228e-03
7.999999999999996697e-03
7.999999999999989758e-03
7.999999999999993228e-03
7.999999999999993228e-03
7.999999999999994962e-03
7.999999999999991493e-03
7.999999999999991493e-03
7.999999999999994962e-03
7.999999999999991493e-03
7.999999999999994962e-03
7.999999999999993228e-03
7.999999999999993228e-03
7.999999999999991493e-03
7.999999999999994962e-03
7.999999999999993228e-03
7.999999999999993228e-03
7.999999999999993228e-03
7.999999999999993228e-03
7.999999999999991493e-03
7.999999999999994962e-03
7.999999999999993228e-03
7.999999999999993228e-03
7.999999999999993228e-03
7.999999999999993228e-03
7.999999999999991493e-03
7.999999999999994962e-03
7.999999999999993228e-03
7.999999999999993228e-03
7.999999999999991493e-03
7.999999999999994962e-03
7.999999999999993228e-03
7.999999999999993228e-03
7.999999999999994962e-03
7.999999999999991493e-03
7.999999999999993228e-03
7.999999999999993228e-03
7.999999999999994962e-03
7.999999999999991493e-03
7.999999999999991493e-03
7.999999999999994962e-03
7.999999999999991493e-03
7.999999999999994962e-03
7.999999999999991493e-03
7.999999999999994962e-03
7.999999999999994962e-03
7.999999999999991493e-03
7.999999999999993228e-03
7.999999999999993228e-03
7.999999999999994962e-03
7.999999999999991493e-03
7.999999999999993228e-03
7.999999999999993228e-03
7.999999999999991493e-03
7.999999999999994962e-03
7.999999999999993228e-03
7.999999999999993228e-03
7.999999999999994962e-03
7.999999999999991493e-03
7.999999999999993228e-03
7.999999999999993228e-03
7.999999999999991493e-03
7.999999999999994962e-03
7.999999999999993228e-03
7.999999999999993228e-03
7.999999999999993228e-03
7.999999999999993228e-03
7.999999999999993228e-03
7.999999999999993228e-03
7.999999999999994962e-03
7.999999999999991493e-03
7.999999999999993228e-03
7.999999999999993228e-03
7.999999999999991493e-03
7.999999999999994962e-03
7.999999999999993228e-03
7.999999999999993228e-03
7.999999999999993228e-03
7.999999999999993228e-03
7.999999999999993228e-03
7.999999999999993228e-03
7.999999999999994962e-03
7.999999999999991493e-03
7.999999999999993228e-03
7.999999999999993228e-03
7.999999999999993228e-03
7.999999999999993228e-03
7.999999999999993228e-03
7.999999999999993228e-03
7.999999999999993228e-03
7.999999999999993228e-03
7.999999999999993228e-03
7.999999999999993228e-03
7.999999999999991493e-03
7.999999999999994962e-03
7.999999999999993228e-03
7.999999999999993228e-03
7.999999999999994962e-03
7.999999999999991493e-03
7.999999999999993228e-03
7.999999999999993228e-03
7.999999999999994962e-03
7.999999999999991493e-03
7.999999999999993228e-03
7.999999999999993228e-03
7.999999999999991493e-03
7.999999999999994962e-03
7.999999999999993228e-03
7.999999999999993228e-03
7.999999999999993228e-03
7.999999999999993228e-03
7.999999999999993228e-03
7.999999999999993228e-03
7.999999999999994962e-03
7.999999999999991493e-03
7.999999999999991493e-03
7.999999999999994962e-03
7.999999999999994962e-03
7.999999999999991493e-03
7.999999999999993228e-03
