-9.598721042611725096e+00
-9.597849102899830953e+00
-9.596218037229524711e+00
-9.593750816114182456e+00
-9.590786439824620757e+00
-9.587189313668821100e+00
-9.583510577725858681e+00
-9.579561757727420357e+00
-9.576031111302052423e+00
-9.572617972584049895e+00
-9.569997592338124193e+00
-9.567664317838213250e+00
-9.566190249919833022e+00
-9.564878951755607872e+00
-9.564277599046336675e+00
-9.563600088583401160e+00
-9.563481109019955184e+00
-9.563094917070875667e+00
-9.563201882979415203e+00
-9.562925689043241917e+00
-9.563145083671836133e+00
-9.562910407997934570e+00
-9.563206075277262741e+00
-9.562995025310705444e+00
-9.563360412298770541e+00
-9.563171755433067744e+00
-9.563608497694453092e+00
-9.563444523602509406e+00
-9.563955063120516797e+00
-9.563817447721019605e+00
-9.564402844139211268e+00
-9.564291451835648772e+00
-9.564950728663523805e+00
-9.564863228857776178e+00
-9.565593145250288032e+00
-9.565524879431098526e+00
-9.566319871422155785e+00
-9.566263860104387007e+00
-9.567116111896423192e+00
-9.567063190693483321e+00
-9.567962835945818867e+00
-9.567901921996897485e+00
-9.568837373752574038e+00
-9.568755856512511926e+00
-9.569714254294213518e+00
-9.569598493229877434e+00
-9.570566243833992459e+00
-9.570402143624663793e+00
-9.571365520782324054e+00
-9.571139144358692619e+00
-9.572084903763865782e+00
-9.571783076922665501e+00
-9.572699038999834542e+00
-9.572309899010639000e+00
-9.573185453466313888e+00
-9.572698898841320414e+00
-9.573525392765333208e+00
-9.572933401837580902e+00
-9.573704385923885951e+00
-9.573001186519840999e+00
-9.573712509804019888e+00
-9.572894598656619181e+00
-9.573544358339182381e+00
-9.572610384218727120e+00
-9.573198751021614328e+00
-9.572149287495658854e+00
-9.572678236618003211e+00
-9.571515477424460627e+00
-9.571988459620508038e+00
-9.570715871519670515e+00
-9.571137458321565816e+00
-9.569759423664885745e+00
-9.570134956380782043e+00
-9.568656431839944077e+00
-9.568991697179338729e+00
-9.567417907683035239e+00
-9.567718855223136032e+00
-9.566055034567552795e+00
-9.566327544022035667e+00
-9.564578726889223503e+00
-9.564828427084407281e+00
-9.562999291908640842e+00
-9.563231428887499774e+00
-9.561326187336717908e+00
-9.561545536122039834e+00
-9.559567862804026817e+00
-9.559778675854516905e+00
-9.557731670943194757e+00
-9.557937655917633890e+00
-9.555823833390887145e+00
-9.556028153162328564e+00
-9.553849447928833172e+00
-9.554054736566097716e+00
-9.551812524667676385e+00
-9.552020914090919135e+00
-9.549716041197497063e+00
-9.549929194251957298e+00
-9.547562008684657542e+00
-9.547781155354414295e+00
-9.545351542796645106e+00
-9.545577517141872192e+00
-9.543084934989867207e+00
-9.543318211110808136e+00
-9.540761721062489542e+00
-9.541002446970582085e+00
-9.538380744960564428e+00
-9.538628773683756279e+00
-9.535940216658151058e+00
-9.536195134240163185e+00
-9.533437763547922827e+00
-9.533698913841121225e+00
-9.530870475217126270e+00
-9.531136981534340080e+00
-9.528234941783120249e+00
-9.528505725581878139e+00
-9.525527286154346740e+00
-9.525801082993396562e+00
-9.522743190696026261e+00
-9.523018563738204989e+00
-9.519877918834442454e+00
-9.520153270183229210e+00
-9.516926332149282075e+00
-9.517199912304128873e+00
-9.513882903490566534e+00
-9.514152819194412913e+00
-9.510741726627067294e+00
-9.511005947361461210e+00
-9.507496522891296209e+00
-9.507752886253536317e+00
-9.504140645239209206e+00
-9.504386861412720933e+00
-9.500667080091750094e+00
-9.500900735597793911e+00
-9.497068447273587566e+00
-9.497287008169070788e+00
-9.493336998312683406e+00
-9.493537812976070356e+00
-9.489464613312486918e+00
-9.489644914937903408e+00
-9.485442796557540746e+00
-9.485599705455774355e+00
-9.481262670962582462e+00
-9.481393196746697782e+00
-9.476914971423864742e+00
-9.477016015136848992e+00
-9.472390037079822633e+00
-9.472458393301234736e+00
-9.467677802435062517e+00
-9.467710161383344314e+00
-9.462767787246310291e+00
-9.462760736873043754e+00
-9.457649085011540890e+00
-9.457599113062785889e+00
-9.452310349842033332e+00
-9.452213845840816475e+00
-9.446739781432146543e+00
-9.446593038514063068e+00
-9.440925107771876768e+00
-9.440724324283285895e+00
-9.434853565171552603e+00
-9.434594845916764783e+00
-9.428511875086892147e+00
-9.428191232086726714e+00
-9.421886217143583764e+00
-9.421499569743694735e+00
-9.414962197663671262e+00
-9.414505371806159317e+00
-9.407724812889778576e+00
-9.407193539336205390e+00
-9.400158405985475696e+00
-9.399548317254620144e+00
-9.392246616759839739e+00
-9.391553242517455047e+00
-9.383972322917934150e+00
-9.383191083530295629e+00
-9.375317571473619438e+00
-9.374443769410607530e+00
-9.366263498771969509e+00
-9.365292307518741310e+00
-9.356790237349786210e+00
-9.355716687458224712e+00
-9.346876807605472237e+00
-9.345695769486827231e+00
-9.336500991944019390e+00
-9.335207154970470711e+00
-9.325639188693768844e+00
-9.324227036137456182e+00
-9.314266242640233173e+00
-9.312730021930303081e+00
-9.302355248463566539e+00
-9.300688936180549149e+00
-9.289877322665608617e+00
-9.288074583612578650e+00
-9.276801338686354370e+00
-9.274855478269444120e+00
-9.263093618777123339e+00
-9.260997527783892735e+00
-9.248717574739629299e+00
-9.246463665408004573e+00
-9.233633287748034491e+00
-9.231213419752112515e+00
-9.217797014998849292e+00
-9.215202409615001145e+00
-9.201160607680270331e+00
-9.198381747902695693e+00
-9.183670820441010463e+00
-9.180697334142140065e+00
-9.165268486779799773e+00
-9.162089009090676583e+00
-9.145887527020276409e+00
-9.142489536844701448e+00
-9.125453744989323823e+00
-9.121823368827394418e+00
-9.103883355025967461e+00
-9.100005128868939863e+00
-9.081081160800323460e+00
-9.076937737474388257e+00
-9.056938279037442641e+00
-9.052510063572238863e+00
-9.031329260657726010e+00
-9.026593949344368539e+00
-9.004108402859039018e+00
-8.999040391553343454e+00
-8.975104958346621586e+00
-8.969674570507338629e+00
-8.944116815995695191e+00
-8.938289278016060990e+00
-8.910902023330312005e+00
-8.904636078979848435e+00
-8.875167197886522530e+00
-8.868413196445256830e+00
-8.836551346839643273e+00
-8.829248544997495785e+00
-8.794602724286811224e+00
-8.786675380276740555e+00
-8.748744797082997238e+00
-8.740096348031114459e+00
-8.698224540021522344e+00
-8.688728618409440330e+00
-8.642030797491745631e+00
-8.631516792223067114e+00
-8.578759239113530555e+00
-8.566987906948227760e+00
-8.506375767220097472e+00
-8.492995409184755928e+00
-8.421770709850488146e+00
-8.406231887686406168e+00
-8.319834458312163505e+00
-8.301205139308050818e+00
-8.191270152402717386e+00
-8.167766725418895035e+00
-8.016293101818243727e+00
-7.983723409415562244e+00
-7.739322232464615148e+00
-7.680791351180212168e+00
-7.103639609746934092e+00
