-1.054845075261394483e+00
-1.054904212176259737e+00
-1.055022307173173246e+00
-1.055199005270056833e+00
-1.055433780630958829e+00
-1.055725944336049382e+00
-1.056074654420960934e+00
-1.056478927930345701e+00
-1.056937654674881433e+00
-1.057449612354057766e+00
-1.058013482669929672e+00
-1.058627868057111288e+00
-1.059291308638137474e+00
-1.060002299040551987e+00
-1.060759304715612972e+00
-1.061560777449267245e+00
-1.062405169774589542e+00
-1.063290948062644237e+00
-1.064216604095370666e+00
-1.065180665000721394e+00
-1.066181701457300512e+00
-1.067218334153080317e+00
-1.068289238503074223e+00
-1.069393147702031532e+00
-1.070528854196579394e+00
-1.071695209721632347e+00
-1.072891124039624833e+00
-1.074115562568691118e+00
-1.075367543064839726e+00
-1.076646131558363528e+00
-1.077950437710715637e+00
-1.079279609783167615e+00
-1.080632829364871483e+00
-1.082009306026121997e+00
-1.083408272013090645e+00
-1.084828977114955295e+00
-1.086270683782569746e+00
-1.087732662591989641e+00
-1.089214188095051217e+00
-1.090714535115071104e+00
-1.092232975497318570e+00
-1.093768775342764510e+00
-1.095321192708997859e+00
-1.096889475784502466e+00
-1.098472861501999631e+00
-1.100070574582113769e+00
-1.101681826962067179e+00
-1.103305817592299842e+00
-1.104941732550731803e+00
-1.106588745454442524e+00
-1.108246018118073550e+00
-1.109912701439329297e+00
-1.111587936463573012e+00
-1.113270855610824839e+00
-1.114960584021661205e+00
-1.116656241009432282e+00
-1.118356941580583630e+00
-1.120061798014931886e+00
-1.121769921473037668e+00
-1.123480423626679103e+00
-1.125192418284540308e+00
-1.126905023012630291e+00
-1.128617360725816976e+00
-1.130328561252623931e+00
-1.132037762853001173e+00
-1.133744113692607858e+00
-1.135446773255230024e+00
-1.137144913696276127e+00
-1.138837721118155510e+00
-1.140524396765795201e+00
-1.142204158116188362e+00
-1.143876239846013387e+00
-1.145539894629647559e+00
-1.147194393714634275e+00
-1.148839027170382776e+00
-1.150473103666770136e+00
-1.152095949541393605e+00
-1.153706906801831078e+00
-1.155305329509344947e+00
-1.156890577729042358e+00
-1.158462007832335994e+00
-1.160018957414354235e+00
-1.161560722389586298e+00
-1.163086523028724839e+00
-1.164595454943230246e+00
-1.166086420801524470e+00
-1.167558039843773043e+00
-1.169008536834263090e+00
-1.170435622332005821e+00
-1.171836393589127390e+00
-1.173207306562837005e+00
-1.174544280582490607e+00
-1.175842975214663966e+00
-1.177099212047114429e+00
-1.178309431968387999e+00
-1.179471045034429899e+00
-1.180582580015667737e+00
-1.181643634815624955e+00
-1.182654697471906990e+00
-1.183616920443445686e+00
-1.184531906832736237e+00
-1.185401535968954478e+00
-1.186227833664396103e+00
-1.187012881555021826e+00
-1.187758756659167192e+00
-1.188467492701584138e+00
-1.189141056463037582e+00
-1.189781334208938723e+00
-1.190390124758650359e+00
-1.190969136854420185e+00
-1.191519989280490410e+00
-1.192044212699536088e+00
-1.192543252538704968e+00
-1.193018472478629688e+00
-1.193471158263605725e+00
-1.193902521640348935e+00
-1.194313704309949431e+00
-1.194705781810386780e+00
-1.195079767286354011e+00
-1.195436615111947543e+00
-1.195777224354569235e+00
-1.196102442067053184e+00
-1.196413066410269233e+00
-1.196709849602866527e+00
-1.196993500706393654e+00
-1.197264688246743480e+00
-1.197524042682531986e+00
-1.197772158723134250e+00
-1.198009597507645907e+00
-1.198236888648077203e+00
-1.198454532147896545e+00
-1.198663000199237327e+00
-1.198862738869344913e+00
-1.199054169679310666e+00
-1.199237691084970470e+00
-1.199413679862614490e+00
-1.199582492408638679e+00
-1.199744465955340900e+00
-1.199899919711247431e+00
-1.200049155927731315e+00
-1.200192460899595082e+00
-1.200330105900960787e+00
-1.200462348063475959e+00
-1.200589431197799817e+00
-1.200711586564753075e+00
-1.200829033596776174e+00
-1.200941980575498391e+00
-1.201050625265777549e+00
-1.201155155511502093e+00
-1.201255749793256777e+00
-1.201352577752684558e+00
-1.201445800683430321e+00
-1.201535571993088247e+00
-1.201622037635839524e+00
-1.201705336519852230e+00
-1.201785600888956473e+00
-1.201862956682352657e+00
-1.201937523871722480e+00
-1.202009416779206141e+00
-1.202078744375527419e+00
-1.202145610561440536e+00
-1.202210114431707444e+00
-1.202272350524544953e+00
-1.202332409055675733e+00
-1.202390376139717887e+00
-1.202446333997979622e+00
-1.202500361155218300e+00
-1.202552532624390658e+00
-1.202602920081766058e+00
-1.202651592031413808e+00
-1.202698613961281415e+00
-1.202744048489848838e+00
-1.202787955505444151e+00
-1.202830392297183471e+00
-1.202871413679502011e+00
-1.202911072109238200e+00
-1.202949417797109399e+00
-1.202986498812552485e+00
-1.203022361183656797e+00
-1.203057048991178268e+00
-1.203090604458256996e+00
-1.203123068034834375e+00
-1.203154478478311695e+00
-1.203184872929462523e+00
-1.203214286985050618e+00
-1.203242754766175704e+00
-1.203270308983747316e+00
-1.203296981000106181e+00
-1.203322800888126709e+00
-1.203347797486853832e+00
-1.203371998454919822e+00
-1.203395430320842951e+00
-1.203418118531371039e+00
-1.203440087497002375e+00
-1.203461360635794675e+00
-1.203481960414612084e+00
-1.203501908388873831e+00
-1.203521225239965409e+00
-1.203539930811342584e+00
-1.203558044142513106e+00
-1.203575583501857560e+00
-1.203592566417521770e+00
-1.203609009707293342e+00
-1.203624929506712293e+00
-1.203640341296290162e+00
-1.203655259927114418e+00
-1.203669699645667723e+00
-1.203683674117172808e+00
-1.203697196448241469e+00
-1.203710279208169753e+00
-1.203722934449629411e+00
-1.203735173728105678e+00
-1.203747008120807038e+00
-1.203758448244424573e+00
-1.203769504272415913e+00
-1.203780185951240700e+00
-1.203790502616172375e+00
-1.203800463206133431e+00
-1.203810076278165608e+00
-1.203819350020992829e+00
-1.203828292268259048e+00
-1.203836910510928115e+00
-1.203845211909389645e+00
-1.203853203304792396e+00
-1.203860891230106978e+00
-1.203868281920478234e+00
-1.203875381323326055e+00
-1.203882195107786046e+00
-1.203888728673924380e+00
-1.203894987161329588e+00
-1.203900975457499634e+00
-1.203906698205650549e+00
-1.203912159812323690e+00
-1.203917364454458738e+00
-1.203922316086274868e+00
-1.203927018445646091e+00
-1.203931475060299849e+00
-1.203935689253529340e+00
-1.203939664149741517e+00
-1.203943402679550356e+00
-1.203946907584691584e+00
-1.203950181422521526e+00
-1.203953226570335877e+00
-1.203956045229291227e+00
-1.203958639428142074e+00
-1.203961011026609240e+00
-1.203963161718554664e+00
-1.203965093034808698e+00
-1.203966806345794671e+00
-1.203968302863829720e+00
-1.203969583645209784e+00
-1.203970649591990627e+00
-1.203971501453547921e+00
-1.203972139827839793e+00
-1.203972565162445107e+00
-1.203972777755321522e+00
