-1.108066758969020782e+01
-1.107888769432951648e+01
-1.107532951204831306e+01
-1.106999626179178264e+01
-1.106289277701758778e+01
-1.105402551132836919e+01
-1.104340254538345434e+01
-1.103103359449649545e+01
-1.101693001640944658e+01
-1.100110481844953370e+01
-1.098357266348428141e+01
-1.096434987377863024e+01
-1.094345443219491187e+01
-1.092090597984050682e+01
-1.089672580972708182e+01
-1.087093685563903733e+01
-1.084356367597772675e+01
-1.081463243193923773e+01
-1.078417086004478875e+01
-1.075220823857716823e+01
-1.071877534821020106e+01
-1.068390442658153638e+01
-1.064762911734687201e+01
-1.060998441363447853e+01
-1.057100659664646258e+01
-1.053073316944576909e+01
-1.048920278682527218e+01
-1.044645518135973816e+01
-1.040253108662448511e+01
-1.035747215768573781e+01
-1.031132088987618545e+01
-1.026412053591704776e+01
-1.021591502238378624e+01
-1.016674886549844103e+01
-1.011666708719873498e+01
-1.006571513136942464e+01
-1.001393878112297209e+01
-9.961384076912299435e+00
-9.908097236296377730e+00
-9.854124575044313161e+00
-9.799512430337859570e+00
-9.744307085673709068e+00
-9.688554698175297020e+00
-9.632301227847291258e+00
-9.575592369444896335e+00
-9.518473486439289033e+00
-9.460989547725519699e+00
-9.403185066517327328e+00
-9.345104042059052318e+00
-9.286789903574176108e+00
-9.228285457071615738e+00
-9.169632834413315337e+00
-9.110873445259434433e+00
-9.052047931284954885e+00
-8.993196123281355980e+00
-8.934357000531718995e+00
-8.875568653071184144e+00
-8.816868246219835115e+00
-8.758291988000435069e+00
-8.699875098833459219e+00
-8.641651784131365588e+00
-8.583655209208236769e+00
-8.525917477165515734e+00
-8.468469609246357166e+00
-8.411341528446390825e+00
-8.354562046098923389e+00
-8.298158852597094182e+00
-8.242158512606055254e+00
-8.186586466970465992e+00
-8.131467043387146987e+00
-8.076823480825325419e+00
-8.022677974234429854e+00
-7.969051751626533786e+00
-7.915965201270701357e+00
-7.863438078532229980e+00
-7.811489836980452850e+00
-7.760140154207407548e+00
-7.709409758324598627e+00
-7.659321715923438134e+00
-7.609903417371162604e+00
-7.561189600717533210e+00
-7.513226887520918496e+00
-7.466080454969910463e+00
-7.419843587833243603e+00
-7.374650826514500324e+00
-7.330694991202539867e+00
-7.288247052333636233e+00
-7.247674968993734090e+00
-7.209452792638184171e+00
-7.174145581989902709e+00
-7.142353641074112858e+00
-7.114609765107846151e+00
-7.091250482034085145e+00
-7.072313274721985010e+00
-7.057514439063515610e+00
-7.046320986160267807e+00
-7.038076635633050415e+00
-7.032123068224146678e+00
-7.027879429778652209e+00
-7.024875410996716418e+00
-7.022751709622524707e+00
-7.021244286704394710e+00
-7.020163965200119094e+00
-7.019377350151159156e+00
-7.018791269257479648e+00
-7.018340976543602672e+00
-7.017981578975995838e+00
-7.017681960073653968e+00
-7.017420536309481705e+00
-7.017182317649817591e+00
-7.016956879310399131e+00
-7.016736963762971513e+00
-7.016517516285155409e+00
-7.016295018248957405e+00
-7.016067024824465648e+00
-7.015831843375533339e+00
-7.015588308835834397e+00
-7.015335626281131276e+00
-7.015073260114864873e+00
-7.014800855850199746e+00
-7.014518184652785315e+00
-7.014225103979483400e+00
-7.013921529512384900e+00
-7.013607415191555283e+00
-7.013282738937479444e+00
-7.012947492528047277e+00
-7.012601674375654071e+00
-7.012245284478956009e+00
-7.011878320862068747e+00
-7.011500777177469779e+00
-7.011112641069062512e+00
-7.010713893174348676e+00
-7.010304506506826350e+00
-7.009884446201491315e+00
-7.009453669439620782e+00
-7.009012125589713094e+00
-7.008559756420742914e+00
-7.008096496452692392e+00
-7.007622273322398954e+00
-7.007137008244230358e+00
-7.006640616456015991e+00
-7.006133007737145313e+00
-7.005614086896506443e+00
-7.005083754320667211e+00
-7.004541906484568869e+00
-7.003988436516440430e+00
-7.003423234722253810e+00
-7.002846189161585855e+00
-7.002257186182445636e+00
-7.001656111006336225e+00
-7.001042848273029584e+00
-7.000417282635136296e+00
-6.999779299313732217e+00
-6.999128784703733785e+00
-6.998465626941859696e+00
-6.997789716524301262e+00
-6.997100946888553885e+00
-6.996399215044773356e+00
-6.995684422172699257e+00
-6.994956474267770119e+00
-6.994215282753906138e+00
-6.993460765144874358e+00
-6.992692845673206037e+00
-6.991911455966726585e+00
-6.991116535693154610e+00
-6.990308033251054098e+00
-6.989485906429026230e+00
-6.988650123109566792e+00
-6.987800661941019342e+00
-6.986937513052110305e+00
-6.986060678734018481e+00
-6.985170174162549372e+00
-6.984266028086910438e+00
-6.983348283555699254e+00
-6.982416998608082181e+00
-6.981472246998907671e+00
-6.980514118887252373e+00
-6.979542721555076490e+00
-6.978558180087159890e+00
-6.977560638076952593e+00
-6.976550258291035256e+00
-6.975527223354907491e+00
-6.974491736394318409e+00
-6.973444021692901451e+00
-6.972384325301793417e+00
-6.971312915660210052e+00
-6.970230084164072082e+00
-6.969136145739750710e+00
-6.968031439361626944e+00
-6.966916328568581562e+00
-6.965791201919699915e+00
-6.964656473442467188e+00
-6.963512583015207369e+00
-6.962359996735342449e+00
-6.961199207216809626e+00
-6.960030733866314101e+00
-6.958855123083545813e+00
-6.957672948433199167e+00
-6.956484810735661384e+00
-6.955291338122506772e+00
-6.954093186005406935e+00
-6.952891037002991048e+00
-6.951685600776046137e+00
-6.950477613814081579e+00
-6.949267839125475632e+00
-6.948057065872823124e+00
-6.946846108907625883e+00
-6.945635808244538190e+00
-6.944427028431426230e+00
-6.943220657854111799e+00
-6.942017607934196199e+00
-6.940818812257673720e+00
-6.939625225594949320e+00
-6.938437822848889880e+00
-6.937257597893783156e+00
-6.936085562340957189e+00
-6.934922744196264865e+00
-6.933770186444277783e+00
-6.932628945526968067e+00
-6.931500089750871396e+00
-6.930384697593018117e+00
-6.929283855938974668e+00
-6.928198658225925399e+00
-6.927130202523310132e+00
-6.926079589526755953e+00
-6.925047920497110709e+00
-6.924036295122967033e+00
-6.923045809337868839e+00
-6.922077553073232359e+00
-6.921132607977506623e+00
-6.920212045085156305e+00
-6.919316922465378994e+00
-6.918448282836491714e+00
-6.917607151175214852e+00
-6.916794532309113563e+00
-6.916011408520439829e+00
-6.915258737151930291e+00
-6.914537448241643069e+00
-6.913848442179410192e+00
-6.913192587410697421e+00
-6.912570718182274199e+00
-6.911983632353873475e+00
-6.911432089271880130e+00
-6.910916807727407907e+00
-6.910438463996098513e+00
-6.909997689979979540e+00
-6.909595071449773585e+00
-6.909231146405598878e+00
-6.908906403555342024e+00
-6.908621280926067421e+00
-6.908376164608177383e+00
-6.908171387645027473e+00
-6.908007229068021893e+00
-6.907883913086763528e+00
-6.907801608434645857e+00
-6.907760427876134202e+00
