-6.057846720450438482e+00
-6.056402570610369906e+00
-6.053515724017513477e+00
-6.049189093818156948e+00
-6.043427027900314386e+00
-6.036235329839843899e+00
-6.027621208297686550e+00
-6.017593312033972630e+00
-6.006161654083995494e+00
-5.993337660997396732e+00
-5.979134071890739754e+00
-5.963565002133590198e+00
-5.946645817410995960e+00
-5.928393212143356905e+00
-5.908825058728373492e+00
-5.887960501046926254e+00
-5.865819779090507780e+00
-5.842424337968610715e+00
-5.817796628162401618e+00
-5.791960230509666907e+00
-5.764939632356944621e+00
-5.736760369052824160e+00
-5.707448776297670889e+00
-5.677032148723684557e+00
-5.645538468761717610e+00
-5.612996582925074307e+00
-5.579435907525645888e+00
-5.544886623307163198e+00
-5.509379358347312738e+00
-5.472945401703251278e+00
-5.435616363832352249e+00
-5.397424409918728294e+00
-5.358401898132378882e+00
-5.318581633299432454e+00
-5.277996483298810659e+00
-5.236679653720779370e+00
-5.194664282672354361e+00
-5.151983737038641209e+00
-5.108671185933522096e+00
-5.064759919136093913e+00
-5.020282899382912944e+00
-4.975273103496900440e+00
-4.929763053672059137e+00
-4.883785181743964365e+00
-4.837371339568179884e+00
-4.790553186798446994e+00
-4.743361680406278147e+00
-4.695827486233337567e+00
-4.647980447642567015e+00
-4.599850020991799404e+00
-4.551464723345870489e+00
-4.502852591876015609e+00
-4.454040610497481012e+00
-4.405055193027845206e+00
-4.355921588544630296e+00
-4.306664387928758941e+00
-4.257306907659982542e+00
-4.207871719118426057e+00
-4.158380010450034803e+00
-4.108852137687029504e+00
-4.059306964215688929e+00
-4.009762432386863473e+00
-3.960234879998412172e+00
-3.910739630574556092e+00
-3.861290286124743343e+00
-3.811899333641361576e+00
-3.762577413201908971e+00
-3.713333937422091946e+00
-3.664176333710160716e+00
-3.615110672355815513e+00
-3.566140881403487395e+00
-3.517269377681911280e+00
-3.468496252322184503e+00
-3.419819897257098784e+00
-3.371236158886155909e+00
-3.322738950340153874e+00
-3.274319370292565257e+00
-3.225966288625996992e+00
-3.177665427216192828e+00
-3.129399903809965799e+00
-3.081149272483688861e+00
-3.032890008241068358e+00
-2.984594508190163253e+00
-2.936231498963334019e+00
-2.887765007843841047e+00
-2.839154678647178631e+00
-2.790354738232995846e+00
-2.741314215824403266e+00
-2.691975957070612768e+00
-2.642276755581206338e+00
-2.592146501625556709e+00
-2.541508241486724273e+00
-2.490277575443664126e+00
-2.438362626651640053e+00
-2.385663782370067931e+00
-2.332073408501988521e+00
-2.277475890124627700e+00
-2.221746585252126316e+00
-2.164751933157744723e+00
-2.106347168384167468e+00
-2.046379086699414707e+00
-1.984695673738947841e+00
-1.921218626982568400e+00
-1.856261113507338800e+00
-1.791860159904661520e+00
-1.735016932253470534e+00
-1.694908045099927429e+00
-1.668377273744247269e+00
-1.647235926919457860e+00
-1.628252976326194368e+00
-1.610893067330801731e+00
-1.595317296653892880e+00
-1.581836029258294696e+00
-1.570797699484153931e+00
-1.562566001223291146e+00
-1.557519020866672710e+00
-1.556042210190257125e+00
-1.558527487036385661e+00
-1.565367731365232107e+00
-1.576960965731489583e+00
-1.593711506474860595e+00
-1.616042499616721750e+00
-1.644406717178058086e+00
-1.679311982462609931e+00
-1.721347989413141599e+00
-1.771233582501740011e+00
-1.829869962062879774e+00
-1.898420024892234492e+00
-1.978390836979882161e+00
-2.071728872519328135e+00
-2.180872069192690610e+00
-2.308730444721410091e+00
-2.458484835161408366e+00
-2.633182436349644107e+00
-2.835103591925975941e+00
-3.065123038415933365e+00
-3.322169931767179563e+00
-3.603332076258177974e+00
-3.904442295213837344e+00
-4.220373378280709353e+00
-4.545233920302826469e+00
-4.872454219490114369e+00
-5.194783675619737195e+00
-5.504369183213015937e+00
-5.793122591935982335e+00
-6.053476403469153055e+00
-6.279456564173436561e+00
-6.467723521448411006e+00
-6.618129819080051490e+00
-6.733492932064942593e+00
-6.818696905928065988e+00
-6.879527064417634286e+00
-6.921670755804169239e+00
-6.950091427063233240e+00
-6.968778882084178505e+00
-6.980752937310205297e+00
-6.988201185152574268e+00
-6.992654602842183209e+00
-6.995157591450878343e+00
-6.996406527325098601e+00
-6.996858278144762799e+00
-6.996807077616853832e+00
-6.996440536712167813e+00
-6.995876005337489545e+00
-6.995186693887514906e+00
-6.994417088679055539e+00
-6.993594552422953470e+00
-6.992735133022910610e+00
-6.991848715365951428e+00
-6.990940773543337095e+00
-6.990014826902593903e+00
-6.989072600378219313e+00
-6.988115396309894756e+00
-6.987143681164019071e+00
-6.986158024273196432e+00
-6.985158506080813012e+00
-6.984145474560582656e+00
-6.983118919067044850e+00
-6.982079137905468080e+00
-6.981026126502579032e+00
-6.979960190821079991e+00
-6.978881364289090783e+00
-6.977789980640341838e+00
-6.976686122424187175e+00
-6.975570159435594775e+00
-6.974442227990289567e+00
-6.973302738469877582e+00
-6.972151883578874276e+00
-6.970990117509550998e+00
-6.969817691270896454e+00
-6.968635105502046123e+00
-6.967442671076216953e+00
-6.966240937307585313e+00
-6.965030276199121850e+00
-6.963811287579955156e+00
-6.962584405530320097e+00
-6.961350281817772157e+00
-6.960109413181222671e+00
-6.958862504290588724e+00
-6.957610114703764559e+00
-6.956353002449843892e+00
-6.955091789589093132e+00
-6.953827287410685010e+00
-6.952560179628944681e+00
-6.951291330090482390e+00
-6.950021482731783884e+00
-6.948751552605616943e+00
-6.947482341806692219e+00
-6.946214814552922334e+00
-6.944949828358962129e+00
-6.943688393841326523e+00
-6.942431420486197879e+00
-6.941179961788387587e+00
-6.939934975019836472e+00
-6.938697552259910140e+00
-6.937468693626265726e+00
-6.936249524707064573e+00
-6.935041082765899922e+00
-6.933844521045242182e+00
-6.932660907503479741e+00
-6.931491416421383001e+00
-6.930337139272408464e+00
-6.929199264030657446e+00
-6.928078897815317383e+00
-6.926977234268544059e+00
-6.925895387652117208e+00
-6.924834548636479070e+00
-6.923795829562282123e+00
-6.922780408957311948e+00
-6.921789387707510954e+00
-6.920823922596087030e+00
-6.919885093158753442e+00
-6.918974024518173671e+00
-6.918091764726114867e+00
-6.917239397146597746e+00
-6.916417928113557601e+00
-6.915628389097387974e+00
-6.914871734530199987e+00
-6.914148933972338540e+00
-6.913460879979168361e+00
-6.912808470466132782e+00
-6.912192526510674284e+00
-6.911613865096425613e+00
-6.911073226761714317e+00
-6.910571338885357129e+00
-6.910108853108942739e+00
-6.909686399308046845e+00
-6.909304532729745318e+00
-6.908963778774017683e+00
-6.908664589799874634e+00
-6.908407380822342958e+00
-6.908192495951521295e+00
-6.908020235090084782e+00
-6.907890829978992286e+00
-6.907804461959829112e+00
-6.907761247609236932e+00
