8.000000001630780747e-03
8.000000001670684591e-03
8.000000001590887311e-03
8.000000001710555475e-03
8.000000001551078876e-03
8.000000001750292786e-03
8.000000001511379730e-03
8.000000001789919074e-03
8.000000001471895689e-03
8.000000001829281684e-03
8.000000001432609406e-03
8.000000001868410107e-03
8.000000001393703028e-03
8.000000001907148217e-03
8.000000001355100226e-03
8.000000001945561934e-03
8.000000001316908554e-03
8.000000001983512479e-03
8.000000001279176584e-03
8.000000002021031079e-03
8.000000001241987582e-03
8.000000002057937321e-03
8.000000001205296446e-03
8.000000002094330084e-03
8.000000001169222871e-03
8.000000002130096613e-03
8.000000001133779001e-03
8.000000002165188334e-03
8.000000001099023816e-03
8.000000002199610452e-03
8.000000001064969460e-03
8.000000002233284904e-03
8.000000001031641952e-03
8.000000002266197813e-03
8.000000000999121091e-03
8.000000002298375198e-03
8.000000000967342692e-03
8.000000002329730325e-03
8.000000000936365735e-03
8.000000002360296153e-03
8.000000000906250935e-03
8.000000002390037987e-03
8.000000000876901149e-03
8.000000002418950623e-03
8.000000000848443010e-03
8.000000002446995898e-03
8.000000000820775906e-03
8.000000002474224117e-03
8.000000000793995245e-03
8.000000002500642221e-03
8.000000000767951841e-03
8.000000002526241535e-03
8.000000000742789677e-03
8.000000002551018591e-03
8.000000000718366505e-03
8.000000002575072267e-03
8.000000000694722224e-03
8.000000002598341847e-03
8.000000000671768363e-03
8.000000002620941825e-03
8.000000000649539617e-03
8.000000002642863525e-03
8.000000000627919758e-03
8.000000002664179807e-03
8.000000000606887970e-03
8.000000002684947917e-03
8.000000000586366192e-03
8.000000002705240712e-03
8.000000000566291972e-03
8.000000002725120643e-03
8.000000000546554288e-03
8.000000002744717814e-03
8.000000000527106303e-03
8.000000002764082532e-03
8.000000000507765871e-03
8.000000002783388270e-03
8.000000000488484420e-03
8.000000002802714824e-03
8.000000000469050312e-03
8.000000002822322404e-03
8.000000000449411508e-03
8.000000002842505911e-03
8.000000000430019034e-03
8.000000002865523957e-03
8.000000000416361556e-03
8.000000002908118357e-03
8.000000000455313037e-03
8.000000003102282486e-03
8.000000000907132175e-03
8.000000004417015531e-03
8.000000004321862479e-03
8.000000013427707030e-03
8.000000027285562865e-03
8.000000071052304831e-03
8.000000168437109913e-03
8.000000409501715690e-03
8.000000961235957317e-03
8.000002223897507286e-03
8.000005014888754429e-03
8.000011061606410526e-03
8.000023806592636635e-03
8.000050013424011772e-03
8.000102477206569654e-03
8.000204761624466962e-03
8.000398805607886535e-03
8.000756930142273460e-03
8.001399593582491504e-03
8.002520586356785121e-03
8.004420401385974743e-03
8.007547633953475061e-03
8.012545602657723462e-03
8.020298640726652648e-03
8.031968291687773334e-03
8.049006555697749143e-03
8.073130791967968178e-03
8.106246300678156963e-03
8.150307308392539668e-03
8.207117604082134893e-03
8.278085362006911557e-03
8.363962398605718704e-03
8.464609924799035637e-03
8.578838844874533270e-03
8.704366846909717542e-03
8.837918744320768377e-03
8.975470361234003797e-03
9.112608261560802003e-03
9.244952015190838895e-03
9.368572451427437456e-03
9.480339226408956640e-03
9.578147212474501931e-03
9.660996079884714982e-03
9.728927370339212483e-03
9.782847683898605179e-03
9.824283074140939542e-03
9.855112948684990881e-03
9.877325962574592250e-03
9.892826251791487363e-03
9.903303320629939718e-03
9.910164274865943326e-03
9.914518014900479057e-03
9.917195737085196874e-03
9.918792354843044765e-03
9.919715504998346048e-03
9.920233243819786065e-03
9.920514966508904228e-03
9.920663757848948230e-03
9.920740045062265491e-03
9.920778039909879109e-03
9.920796417929471367e-03
9.920805064703412321e-03
9.920809013755206227e-03
9.920810774454112344e-03
9.920811532284900050e-03
9.920811855702789742e-03
9.920811984468874342e-03
9.920812039832077947e-03
9.920812057664369146e-03
9.920812068103357362e-03
9.920812068419094382e-03
9.920812072001428464e-03
9.920812069890381016e-03
9.920812072455081204e-03
9.920812070108888520e-03
9.920812072468393472e-03
9.920812070171720204e-03
9.920812072431993769e-03
9.920812070215256559e-03
9.920812072391984107e-03
9.920812070255158668e-03
9.920812072353183547e-03
9.920812070293209828e-03
9.920812072315933830e-03
9.920812070329730961e-03
9.920812072280123933e-03
9.920812070364867785e-03
9.920812072245623753e-03
9.920812070398757343e-03
9.920812072212324001e-03
9.920812070431484636e-03
9.920812072180129268e-03
9.920812070463169360e-03
9.920812072148944144e-03
9.920812070493879170e-03
9.920812072118690567e-03
9.920812070523699067e-03
9.920812072089290473e-03
9.920812070552686296e-03
9.920812072060691822e-03
9.920812070580913716e-03
9.920812072032826959e-03
9.920812070608428165e-03
9.920812072005643842e-03
9.920812070635288624e-03
9.920812071979100838e-03
9.920812070661533255e-03
9.920812071953145905e-03
9.920812070687207163e-03
9.920812071927739145e-03
9.920812070712346775e-03
9.920812071902852802e-03
9.920812070737000665e-03
9.920812071878441774e-03
9.920812070761182710e-03
9.920812071854476569e-03
9.920812070784932810e-03
9.920812071830929432e-03
9.920812070808278718e-03
9.920812071807774343e-03
9.920812070831253396e-03
9.920812071784980077e-03
9.920812070853870721e-03
9.920812071762525816e-03
9.920812070876161917e-03
9.920812071740390745e-03
9.920812070898147803e-03
9.920812071718552311e-03
9.920812070919850928e-03
9.920812071696984494e-03
9.920812070941279967e-03
9.920812071675680355e-03
9.920812070962469614e-03
9.920812071654608669e-03
9.920812070983426809e-03
9.920812071633764231e-03
9.920812071004170632e-03
9.920812071613121022e-03
9.920812071024716697e-03
9.920812071592665163e-03
9.920812071045082350e-03
9.920812071572382776e-03
9.920812071065278001e-03
9.920812071552268657e-03
9.920812071085326200e-03
9.920812071532291582e-03
9.920812071105226948e-03
9.920812071512448080e-03
9.920812071125008000e-03
9.920812071492727743e-03
9.920812071144676295e-03
9.920812071473111490e-03
9.920812071164247445e-03
9.920812071453587178e-03
9.920812071183723185e-03
9.920812071434149601e-03
9.920812071203129537e-03
9.920812071414779679e-03
9.920812071222464765e-03
9.920812071395470472e-03
9.920812071241753155e-03
9.920812071376204633e-03
9.920812071260994708e-03
9.920812071356978692e-03
9.920812071280210240e-03
9.920812071337775304e-03
9.920812071299399751e-03
9.920812071318589262e-03
