2.196152539534221759e+01
2.196151351079160108e+01
2.196148973590589648e+01
2.196145405910930748e+01
2.196140646302071531e+01
2.196134692443305170e+01
2.196127541428565877e+01
2.196119189763003732e+01
2.196109633358882007e+01
2.196098867530832521e+01
2.196086886990462617e+01
2.196073685840335088e+01
2.196059257567343792e+01
2.196043595035484941e+01
2.196026690478058896e+01
2.196008535489310631e+01
2.195989121015530188e+01
2.195968437345630520e+01
2.195946474101231161e+01
2.195923220226251260e+01
2.195898663976049647e+01
2.195872792906112991e+01
2.195845593860324740e+01
2.195817052958826920e+01
2.195787155585481187e+01
2.195755886374969279e+01
2.195723229199519366e+01
2.195689167155282107e+01
2.195653682548382690e+01
2.195616756880628273e+01
2.195578370834907034e+01
2.195538504260255408e+01
2.195497136156642526e+01
2.195454244659421050e+01
2.195409807023484206e+01
2.195363799607119759e+01
2.195316197855535378e+01
2.195266976284096927e+01
2.195216108461221438e+01
2.195163566990972370e+01
2.195109323495293907e+01
2.195053348595915921e+01
2.194995611895911836e+01
2.194936081960877061e+01
2.194874726299742207e+01
2.194811511345194077e+01
2.194746402433698051e+01
2.194679363785094495e+01
2.194610358481786960e+01
2.194539348447468186e+01
2.194466294425400932e+01
2.194391155956227024e+01
2.194313891355292512e+01
2.194234457689484330e+01
2.194152810753541516e+01
2.194068905045868689e+01
2.193982693743797086e+01
2.193894128678316946e+01
2.193803160308245026e+01
2.193709737693831840e+01
2.193613808469800830e+01
2.193515318817796000e+01
2.193414213438247273e+01
2.193310435521631874e+01
2.193203926719137442e+01
2.193094627112710171e+01
2.192982475184489388e+01
2.192867407785617928e+01
2.192749360104433265e+01
2.192628265634023776e+01
2.192504056139152979e+01
2.192376661622554934e+01
2.192246010290580216e+01
2.192112028518215894e+01
2.191974640813454656e+01
2.191833769781019825e+01
2.191689336085459772e+01
2.191541258413582227e+01
2.191389453436251955e+01
2.191233835769544314e+01
2.191074317935247606e+01
2.190910810320726299e+01
2.190743221138133734e+01
2.190571456382983584e+01
2.190395419792071507e+01
2.190215012800753058e+01
2.190030134499577841e+01
2.189840681590274585e+01
2.189646548341091403e+01
2.189447626541486613e+01
2.189243805456175096e+01
2.189034971778521310e+01
2.188821009583283939e+01
2.188601800278703635e+01
2.188377222557939561e+01
2.188147152349841562e+01
2.187911462769064386e+01
2.187670024065510788e+01
2.187422703573106375e+01
2.187169365657895881e+01
2.186909871665445948e+01
2.186644079867572543e+01
2.186371845408351788e+01
2.186093020249430552e+01
2.185807453114610510e+01
2.185514989433704258e+01
2.185215471285637889e+01
2.184908737340800045e+01
2.184594622802608299e+01
2.184272959348290755e+01
2.183943575068837362e+01
2.183606294408133408e+01
2.183260938101222592e+01
2.182907323111695064e+01
2.182545262568163480e+01
2.182174565699796176e+01
2.181795037770887546e+01
2.181406480014417326e+01
2.181008689564572478e+01
2.180601459388191543e+01
2.180184578215079583e+01
2.179757830467166002e+01
2.179320996186445569e+01
2.178873850961648984e+01
2.178416165853603204e+01
2.177947707319209769e+01
2.177468237133985696e+01
2.176977512313103347e+01
2.176475285030858942e+01
2.175961302538498643e+01
2.175435307080321934e+01
2.174897035807991230e+01
2.174346220692943277e+01
2.173782588436841934e+01
2.173205860379950849e+01
2.172615752407347145e+01
2.172011974852859595e+01
2.171394232400636781e+01
2.170762223984217343e+01
2.170115642683002477e+01
2.169454175615995695e+01
2.168777503832685483e+01
2.168085302200943687e+01
2.167377239291800706e+01
2.166652977260951829e+01
2.165912171726857594e+01
2.165154471645277567e+01
2.164379519180094391e+01
2.163586949570261808e+01
2.162776390992709707e+01
2.161947464421061227e+01
2.161099783479969005e+01
2.160232954294914265e+01
2.159346575337298191e+01
2.158440237264644423e+01
2.157513522755745683e+01
2.156566006340589681e+01
2.155597254224880288e+01
2.154606824109006880e+01
2.153594265001288832e+01
2.152559117025365865e+01
2.151500911221567947e+01
2.150419169342157488e+01
2.149313403640325859e+01
2.148183116652853286e+01
2.147027800976366052e+01
2.145846939037146228e+01
2.144640002854499272e+01
2.143406453797696543e+01
2.142145742336590786e+01
2.140857307786026098e+01
2.139540578044245223e+01
2.138194969325574846e+01
2.136819885887730308e+01
2.135414719754218638e+01
2.133978850432399810e+01
2.132511644627922465e+01
2.131012455956384954e+01
2.129480624653276166e+01
2.127915477283417189e+01
2.126316326451404493e+01
2.124682470514776256e+01
2.123013193301972379e+01
2.121307763837499039e+01
2.119565436077095200e+01
2.117785448656217895e+01
2.115967024655639861e+01
2.114109371388612146e+01
2.112211680214726783e+01
2.110273126386442044e+01
2.108292868935133413e+01
2.106270050604644695e+01
2.104203797841474000e+01
2.102093220852193767e+01
2.099937413740267189e+01
2.097735454736296390e+01
2.095486406537828827e+01
2.093189316777323583e+01
2.090843218639613710e+01
2.088447131653461497e+01
2.086000062685430123e+01
2.083501007168557351e+01
2.080948950603142578e+01
2.078342870372516771e+01
2.075681737923059345e+01
2.072964521365016211e+01
2.070190188559101685e+01
2.067357710763426226e+01
2.064466066926302190e+01
2.061514248723064568e+01
2.058501266449350808e+01
2.055426155899668217e+01
2.052287986378612672e+01
2.049085870013254151e+01
2.045818972558962656e+01
2.042486525917824736e+01
2.039087842618857138e+01
2.035622332542718738e+01
2.032089522210625177e+01
2.028489076997736262e+01
2.024820826675103902e+01
2.021084794730956347e+01
2.017281231970744315e+01
2.013410654944495803e+01
2.009473889797634882e+01
2.005472122184043826e+01
2.001406953913650000e+01
1.997280467024605244e+01
1.993095295963982139e+01
1.988854708519622250e+01
1.984562696054552333e+01
1.980224073435994825e+01
1.975844588800067214e+01
1.971431042923154919e+01
1.966991417448917545e+01
1.962535010509932931e+01
1.958072577347439847e+01
1.953616472336800314e+01
1.949180787345080290e+01
1.944781479575564731e+01
1.940436480021029553e+01
1.936165771434897565e+01
1.931991422491962496e+01
1.927937562797503546e+01
1.924030281974135903e+01
1.920297435677953857e+01
1.916768342621776711e+01
1.913473360084908492e+01
1.910443331444455239e+01
1.907708908200912035e+01
1.905299760584638946e+01
1.903243704316053453e+01
1.901565784970103579e+01
1.900287373586778727e+01
1.899425335287895678e+01
1.898991334499018890e+01
