8.000000001630785951e-03
8.000000001670689795e-03
8.000000001590892515e-03
8.000000001710560679e-03
8.000000001551084081e-03
8.000000001750297990e-03
8.000000001511384934e-03
8.000000001789924278e-03
8.000000001471900893e-03
8.000000001829286889e-03
8.000000001432614610e-03
8.000000001868417046e-03
8.000000001393709967e-03
8.000000001907153421e-03
8.000000001355105431e-03
8.000000001945570607e-03
8.000000001316910289e-03
8.000000001983515949e-03
8.000000001279180054e-03
8.000000002021036283e-03
8.000000001241992786e-03
8.000000002057942525e-03
8.000000001205301650e-03
8.000000002094335289e-03
8.000000001169228075e-03
8.000000002130101817e-03
8.000000001133784205e-03
8.000000002165193538e-03
8.000000001099029021e-03
8.000000002199615656e-03
8.000000001064974664e-03
8.000000002233288374e-03
8.000000001031648891e-03
8.000000002266204752e-03
8.000000000999124561e-03
8.000000002298380403e-03
8.000000000967347896e-03
8.000000002329733795e-03
8.000000000936369204e-03
8.000000002360303092e-03
8.000000000906254405e-03
8.000000002390041456e-03
8.000000000876908088e-03
8.000000002418955827e-03
8.000000000848448214e-03
8.000000002447001102e-03
8.000000000820781110e-03
8.000000002474231056e-03
8.000000000793998714e-03
8.000000002500647425e-03
8.000000000767957045e-03
8.000000002526248474e-03
8.000000000742796616e-03
8.000000002551023795e-03
8.000000000718371709e-03
8.000000002575077471e-03
8.000000000694727428e-03
8.000000002598347051e-03
8.000000000671773567e-03
8.000000002620947029e-03
8.000000000649544821e-03
8.000000002642868729e-03
8.000000000627924962e-03
8.000000002664186746e-03
8.000000000606891440e-03
8.000000002684951386e-03
8.000000000586373131e-03
8.000000002705245916e-03
8.000000000566297176e-03
8.000000002725125847e-03
8.000000000546559492e-03
8.000000002744724753e-03
8.000000000527109772e-03
8.000000002764087736e-03
8.000000000507771075e-03
8.000000002783395209e-03
8.000000000488487889e-03
8.000000002802718294e-03
8.000000000469057251e-03
8.000000002822329342e-03
8.000000000449414977e-03
8.000000002842509381e-03
8.000000000430025973e-03
8.000000002865529161e-03
8.000000000416366761e-03
8.000000002908123561e-03
8.000000000455318241e-03
8.000000003102287691e-03
8.000000000907137379e-03
8.000000004417020735e-03
8.000000004321871153e-03
8.000000013427712234e-03
8.000000027285568069e-03
8.000000071052310036e-03
8.000000168437115117e-03
8.000000409501720894e-03
8.000000961235962521e-03
8.000002223897512491e-03
8.000005014888759633e-03
8.000011061606417465e-03
8.000023806592640105e-03
8.000050013424018711e-03
8.000102477206576593e-03
8.000204761624473901e-03
8.000398805607893474e-03
8.000756930142280399e-03
8.001399593582494973e-03
8.002520586356792059e-03
8.004420401385981682e-03
8.007547633953482000e-03
8.012545602657726931e-03
8.020298640726659586e-03
8.031968291687780273e-03
8.049006555697752613e-03
8.073130791967975117e-03
8.106246300678162167e-03
8.150307308392544872e-03
8.207117604082140097e-03
8.278085362006916761e-03
8.363962398605722173e-03
8.464609924799042576e-03
8.578838844874540209e-03
8.704366846909724481e-03
8.837918744320773581e-03
8.975470361234009001e-03
9.112608261560807207e-03
9.244952015190844100e-03
9.368572451427442660e-03
9.480339226408961845e-03
9.578147212474507136e-03
9.660996079884720186e-03
9.728927370339219421e-03
9.782847683898608648e-03
9.824283074140943012e-03
9.855112948684994351e-03
9.877325962574597454e-03
9.892826251791492567e-03
9.903303320629943188e-03
9.910164274865950265e-03
9.914518014900484261e-03
9.917195737085202079e-03
9.918792354843048234e-03
9.919715504998352987e-03
9.920233243819791269e-03
9.920514966508905963e-03
9.920663757848951700e-03
9.920740045062272430e-03
9.920778039909884313e-03
9.920796417929473102e-03
9.920805064703415790e-03
9.920809013755213165e-03
9.920810774454115813e-03
9.920811532284903519e-03
9.920811855702793211e-03
9.920811984468877812e-03
9.920812039832083151e-03
9.920812057664374350e-03
9.920812068103360831e-03
9.920812068419101321e-03
9.920812072001435403e-03
9.920812069890384485e-03
9.920812072455086408e-03
9.920812070108893724e-03
9.920812072468398676e-03
9.920812070171725408e-03
9.920812072431995504e-03
9.920812070215261763e-03
9.920812072391989311e-03
9.920812070255163873e-03
9.920812072353188751e-03
9.920812070293215032e-03
9.920812072315940769e-03
9.920812070329734431e-03
9.920812072280125668e-03
9.920812070364876459e-03
9.920812072245630692e-03
9.920812070398760812e-03
9.920812072212329205e-03
9.920812070431489840e-03
9.920812072180136207e-03
9.920812070463172830e-03
9.920812072148947613e-03
9.920812070493886109e-03
9.920812072118695771e-03
9.920812070523704271e-03
9.920812072089295677e-03
9.920812070552691500e-03
9.920812072060695291e-03
9.920812070580920655e-03
9.920812072032830428e-03
9.920812070608435104e-03
9.920812072005650781e-03
9.920812070635292093e-03
9.920812071979106042e-03
9.920812070661538459e-03
9.920812071953151109e-03
9.920812070687212367e-03
9.920812071927744349e-03
9.920812070712351979e-03
9.920812071902858006e-03
9.920812070737005869e-03
9.920812071878446978e-03
9.920812070761187915e-03
9.920812071854480038e-03
9.920812070784936279e-03
9.920812071830934636e-03
9.920812070808283922e-03
9.920812071807777813e-03
9.920812070831260335e-03
9.920812071784983546e-03
9.920812070853877659e-03
9.920812071762531020e-03
9.920812070876167121e-03
9.920812071740394214e-03
9.920812070898154741e-03
9.920812071718557515e-03
9.920812070919856132e-03
9.920812071696989698e-03
9.920812070941288641e-03
9.920812071675685559e-03
9.920812070962474818e-03
9.920812071654615608e-03
9.920812070983430278e-03
9.920812071633769436e-03
9.920812071004175836e-03
9.920812071613124491e-03
9.920812071024723636e-03
9.920812071592672102e-03
9.920812071045085820e-03
9.920812071572389715e-03
9.920812071065281471e-03
9.920812071552273861e-03
9.920812071085331404e-03
9.920812071532295051e-03
9.920812071105233887e-03
9.920812071512451549e-03
9.920812071125014939e-03
9.920812071492731213e-03
9.920812071144686703e-03
9.920812071473116694e-03
9.920812071164252649e-03
9.920812071453592382e-03
9.920812071183728389e-03
9.920812071434153070e-03
9.920812071203133006e-03
9.920812071414783148e-03
9.920812071222471704e-03
9.920812071395475676e-03
9.920812071241758359e-03
9.920812071376209837e-03
9.920812071260999912e-03
9.920812071356985631e-03
9.920812071280213709e-03
9.920812071337780508e-03
9.920812071299404955e-03
9.920812071318594466e-03
