1.096339289206610879e+01
1.096282456579345599e+01
1.096168835726923696e+01
1.095998515371032589e+01
1.095771628482344617e+01
1.095488352033195056e+01
1.095148906856640281e+01
1.094753557235166497e+01
1.094302610689928201e+01
1.093796417406917065e+01
1.093235369957269221e+01
1.092619902563012779e+01
1.091950490749785807e+01
1.091227650455069309e+01
1.090451937615237199e+01
1.089623947120088232e+01
1.088744312336825359e+01
1.087813703915716879e+01
1.086832829254414001e+01
1.085802431160662884e+01
1.084723287261255642e+01
1.083596208528895133e+01
1.082422038641020734e+01
1.081201652379115963e+01
1.079935954943625198e+01
1.078625880235172829e+01
1.077272390132739233e+01
1.075876472667382089e+01
1.074439141271716380e+01
1.072961432857750630e+01
1.071444407046497993e+01
1.069889144162411831e+01
1.068296744452586999e+01
1.066668326010983492e+01
1.065005023997143496e+01
1.063307988503889234e+01
1.061578383785758817e+01
1.059817386084153235e+01
1.058026182875761201e+01
1.056205970669203431e+01
1.054357954283595866e+01
1.052483344630583773e+01
1.050583358032877968e+01
1.048659214005219553e+01
1.046712134622228874e+01
1.044743342311303635e+01
1.042754059278473378e+01
1.040745505325530829e+01
1.038718897341799519e+01
1.036675447156958718e+01
1.034616361105755722e+01
1.032542837927032764e+01
1.030456068407434245e+01
1.028357233336129894e+01
1.026247503232553981e+01
1.024128036365210193e+01
1.021999978567449219e+01
1.019864461327624916e+01
1.017722601695847651e+01
1.015575500451640423e+01
1.013424242103567963e+01
1.011269893139413334e+01
1.009113502119574513e+01
1.006956098013680467e+01
1.004798690387679194e+01
1.002642267829748413e+01
1.000487798230084202e+01
9.983362272979434238e+00
9.961884789322876799e+00
9.940454538308307164e+00
9.919080299488976848e+00
9.897770612004570978e+00
9.876533780018267095e+00
9.855377860638249388e+00
9.834310670163134205e+00
9.813339772898148183e+00
9.792472488162980326e+00
9.771715879978945196e+00
9.751076764788088269e+00
9.730561701981109479e+00
9.710177002271866087e+00
9.689928719029632376e+00
9.669822657249094178e+00
9.649864365644763353e+00
9.630059146152596838e+00
9.610412046738851188e+00
9.590927871365735768e+00
9.571611173461226585e+00
9.552466266277098939e+00
9.533497216960020282e+00
9.514707857225458199e+00
9.496101777962804746e+00
9.477682340142111528e+00
9.459452669876256437e+00
9.441415669467740912e+00
9.423574012836921199e+00
9.405930156601085557e+00
9.388486335756699219e+00
9.371244574658831539e+00
9.354206682812524321e+00
9.337374265582045751e+00
9.320748719895865619e+00
9.304331244455786631e+00
9.288122835086607409e+00
9.272124294133355704e+00
9.256336225094832670e+00
9.240759040808574909e+00
9.225392956928548216e+00
9.210237998453141728e+00
9.195293991615429263e+00
9.180560568405180533e+00
9.166037156641927197e+00
9.151722982479867596e+00
9.137617058906554846e+00
9.123718186830830135e+00
9.110024942967765327e+00
9.096535680923686584e+00
9.083248520306156593e+00
9.070161350182175397e+00
9.057271822294486796e+00
9.044577360439079783e+00
9.032075161989645551e+00
9.019762218502098250e+00
9.007635333030354019e+00
8.995691165805201450e+00
8.983926298050727510e+00
8.972337370295980108e+00
8.960921302874755412e+00
8.949675583453618799e+00
8.938598411303265934e+00
8.927688592136336254e+00
8.916945282185929855e+00
8.906367793380466580e+00
8.895955490936950483e+00
8.885707828701493227e+00
8.875624955762061674e+00
8.865709958451086337e+00
8.855968998836596384e+00
8.846407073694114942e+00
8.837026354622565805e+00
8.827826803416567003e+00
8.818807088439834629e+00
8.809965248764497048e+00
8.801299020071796875e+00
8.792806002446232227e+00
8.784483724669657434e+00
8.776329685790516422e+00
8.768341366287126348e+00
8.760516243599843378e+00
8.752851792612998949e+00
8.745345494610125670e+00
8.737994835378747993e+00
8.730797312026565393e+00
8.723750430633767650e+00
8.716851712148006470e+00
8.710098690032065605e+00
8.703488915599450593e+00
8.697019955732708141e+00
8.690689397783311065e+00
8.684494847354953251e+00
8.678433932825667441e+00
8.672504303180541996e+00
8.666703632193787143e+00
8.661029616298860034e+00
8.655479978459924340e+00
8.650052466071826984e+00
8.644744854545667323e+00
8.639554945234388939e+00
8.634480568753994945e+00
8.629519582932864807e+00
8.624669875887896353e+00
8.619929363997039573e+00
8.615295994747940611e+00
8.610767744734301843e+00
8.606342622293075451e+00
8.602018665525974939e+00
8.597793944740043770e+00
8.593666560496094675e+00
8.589634645866452090e+00
8.585696364512317658e+00
8.581849912771533084e+00
8.578093517767081622e+00
8.574425439336804899e+00
8.570843968175292815e+00
8.567347427616752498e+00
8.563934171812402241e+00
8.560602587377058370e+00
8.557351091604093796e+00
8.554178133985452348e+00
8.551082194466266273e+00
8.548061784847385880e+00
8.545115447081480298e+00
8.542241754566630263e+00
8.539439310485597900e+00
8.536706748998380334e+00
8.534042733626254318e+00
8.531445958350651892e+00
8.528915146043299700e+00
8.526449049478344477e+00
8.524046449809787873e+00
8.521706157503214030e+00
8.519427010861592819e+00
8.517207876882542550e+00
8.515047649833361376e+00
8.512945252039356703e+00
8.510899632508856172e+00
8.508909767657662826e+00
8.506974659984726017e+00
8.505093338737390596e+00
8.503264858638239332e+00
8.501488300495545047e+00
8.499762769981641597e+00
8.498087398192600617e+00
8.496461340478475677e+00
8.494883776955951760e+00
8.493353911390643773e+00
8.491870971666147128e+00
8.490434208718612652e+00
8.489042896965345975e+00
8.487696333291754769e+00
8.486393837442424370e+00
8.485134751060483538e+00
8.483918438043881238e+00
8.482744283637158489e+00
8.481611694755406106e+00
8.480520099128401768e+00
8.479468945594526019e+00
8.478457703297200609e+00
8.477485861950823320e+00
8.476552931089379683e+00
8.475658440306283126e+00
8.474801938555000191e+00
8.473982994364408938e+00
8.473201195191286672e+00
8.472456147612597022e+00
8.471747476729504456e+00
8.471074826337869013e+00
8.470437858383375485e+00
8.469836253111205693e+00
8.469269708571788513e+00
8.468737940750392212e+00
8.468240683122928658e+00
8.467777686766023493e+00
8.467348719962247472e+00
8.466953568291065935e+00
8.466592034283078050e+00
8.466263937492321645e+00
8.465969114199406675e+00
8.465707417466084905e+00
8.465478716887732347e+00
8.465282898631793174e+00
8.465119865241049979e+00
8.464989535658300923e+00
8.464891845082764377e+00
8.464826744983998452e+00
8.464794203014184504e+00
