-3.822564519702322805e-01
-3.822687086355013308e-01
-3.822931729305892867e-01
-3.823297757527752694e-01
-3.823783712186210604e-01
-3.824388234218299987e-01
-3.825108932466423362e-01
-3.825943824766872559e-01
-3.826889646163014747e-01
-3.827943856237072118e-01
-3.829102394629967931e-01
-3.830362244535177041e-01
-3.831718645178884275e-01
-3.833168198668417959e-01
-3.834705551519265732e-01
-3.836327029432343161e-01
-3.838026802386604319e-01
-3.839801029425594647e-01
-3.841643524253761655e-01
-3.843550389756177910e-01
-3.845515203426275730e-01
-3.847534119132746122e-01
-3.849600594045493596e-01
-3.851710933106542445e-01
-3.853858581385480875e-01
-3.856040084810488100e-01
-3.858248974048570368e-01
-3.860482113310056418e-01
-3.862733203886240529e-01
-3.864999491256436159e-01
-3.867274918300873110e-01
-3.869557159513485334e-01
-3.871840455618127952e-01
-3.874122942422572047e-01
-3.876399200081944718e-01
-3.878667843020016659e-01
-3.880923818390084601e-01
-3.883166222539320422e-01
-3.885390384303956113e-01
-3.887595872702112598e-01
-3.889778401562053456e-01
-3.891937992499597265e-01
-3.894070738015402156e-01
-3.896177083345437886e-01
-3.898253485580213118e-01
-3.900300777670813734e-01
-3.902315761328437049e-01
-3.904299616322557953e-01
-3.906249464925335979e-01
-3.908166789649177852e-01
-3.910049006822660100e-01
-3.911897856076402280e-01
-3.913711020292555687e-01
-3.915490450452218107e-01
-3.917234068708626005e-01
-3.918943992645144703e-01
-3.920618357603940507e-01
-3.922259404956829343e-01
-3.923865459098604402e-01
-3.925438844986553488e-01
-3.926978054404362539e-01
-3.928485458759637394e-01
-3.929959698365504961e-01
-3.931403157275453752e-01
-3.932814608442311011e-01
-3.934196418189179201e-01
-3.935547479218847733e-01
-3.936870113137413418e-01
-3.938163322434164448e-01
-3.939429360254967927e-01
-3.940667331690675956e-01
-3.941879400698544700e-01
-3.943064770370311445e-01
-3.944225497471816055e-01
-3.945360880863498787e-01
-3.946472854509387451e-01
-3.947560812960089205e-01
-3.948626553794149507e-01
-3.949669569134293678e-01
-3.950691508223098669e-01
-3.951691964446697458e-01
-3.952672427968780822e-01
-3.953632598852300228e-01
-3.954573798170100685e-01
-3.955495839799474944e-01
-3.956399865865455334e-01
-3.957285813040090083e-01
-3.958154634005201511e-01
-3.959006399299110357e-01
-3.959841859718075119e-01
-3.960661233127387160e-01
-3.961465051450464014e-01
-3.962253695623738081e-01
-3.963027451266705747e-01
-3.963786878176052686e-01
-3.964531963713188722e-01
-3.965263452652234011e-01
-3.965980926477072344e-01
-3.966685283004160456e-01
-3.967375490782789060e-01
-3.968052491735313825e-01
-3.968714406469259215e-01
-3.969362136136780350e-01
-3.969993169987706683e-01
-3.970608621892696144e-01
-3.971206195500491254e-01
-3.971787486999546757e-01
-3.972350833294638339e-01
-3.972898139448957644e-01
-3.973428179832398932e-01
-3.973942929671320234e-01
-3.974441365369087431e-01
-3.974925426952224394e-01
-3.975394172522391245e-01
-3.975849478893583311e-01
-3.976290435695623016e-01
-3.976718853876822779e-01
-3.977133834786776290e-01
-3.977537126736723772e-01
-3.977927835436091963e-01
-3.978307650183518507e-01
-3.978675678970141072e-01
-3.979033554943789963e-01
-3.979380388679944480e-01
-3.979717759242936137e-01
-3.980044781228340156e-01
-3.980362981075830087e-01
-3.980671479388734335e-01
-3.980971751011117554e-01
-3.981262924799719438e-01
-3.981546424734540568e-01
-3.981821390270009475e-01
-3.982089195046786267e-01
-3.982348991469007449e-01
-3.982602103216799638e-01
-3.982847697950632204e-01
-3.983087049663527335e-01
-3.983319343502594312e-01
-3.983545803968976950e-01
-3.983765635833210195e-01
-3.983980014239704714e-01
-3.984188165617304489e-01
-3.984391215840883960e-01
-3.984588414927952571e-01
-3.984780839531104069e-01
-3.984967765083555769e-01
-3.985150219028142926e-01
-3.985327503941265004e-01
-3.985500598036993969e-01
-3.985668832668251560e-01
-3.985833136771652074e-01
-3.985992872022347533e-01
-3.986148918001898855e-01
-3.986300668172953476e-01
-3.986448952655619604e-01
-3.986593198092380774e-01
-3.986734185006203246e-01
-3.986871374546582802e-01
-3.987005497473432025e-01
-3.987136050713052104e-01
-3.987263715064906511e-01
-3.987388024452271917e-01
-3.987509609483707029e-01
-3.987628042257689298e-01
-3.987743902926506046e-01
-3.987856802907689402e-01
-3.987967271594907159e-01
-3.988074960841686556e-01
-3.988180348941373632e-01
-3.988283129280901784e-01
-3.988383728669648853e-01
-3.988481883113122461e-01
-3.988577967508251665e-01
-3.988671761559312023e-01
-3.988763587774287189e-01
-3.988853270638704207e-01
-3.988941079743574813e-01
-3.989026885447773951e-01
-3.989110903841900369e-01
-3.989193052267328010e-01
-3.989273492671076005e-01
-3.989352190510848661e-01
-3.989429252882420451e-01
-3.989504694526221917e-01
-3.989578566909285917e-01
-3.989650935261974118e-01
-3.989721794569299207e-01
-3.989791261808250389e-01
-3.989859274546100898e-01
-3.989926002821903572e-01
-3.989991325759538188e-01
-3.990055467844252912e-01
-3.990118248632473219e-01
-3.990179948519246844e-01
-3.990240326261557113e-01
-3.990299719719139770e-01
-3.990357825498707656e-01
-3.990415040583901174e-01
-3.990470997949159271e-01
-3.990526155480072501e-01
-3.990580080891423242e-01
-3.990633294883909055e-01
-3.990685298123636815e-01
-3.990736676193059607e-01
-3.990786860740158648e-01
-3.990836504470219315e-01
-3.990884967841450970e-01
-3.990932973121440464e-01
-3.990979807179442229e-01
-3.991026264510856292e-01
-3.991071555739613697e-01
-3.991116550512595063e-01
-3.991160380259957674e-01
-3.991203992999392547e-01
-3.991246437685529447e-01
-3.991288744265967803e-01
-3.991329875555667539e-01
-3.991370947383220957e-01
-3.991410832318666446e-01
-3.991450736476827577e-01
-3.991489437565720055e-01
-3.991528236920283690e-01
-3.991565812171788408e-01
-3.991603565427629952e-01
-3.991640068325213453e-01
-3.991676830023985212e-01
-3.991712309419228055e-01
-3.991748129861693584e-01
-3.991782629765721624e-01
-3.991817554833813064e-01
-3.991851114071544027e-01
-3.991885184911582174e-01
-3.991917836585762158e-01
-3.991951089091141935e-01
-3.991982859773214876e-01
-3.992015323764558365e-01
-3.992046232278158024e-01
-3.992077930204511738e-01
-3.992107985775502632e-01
-3.992138930615063419e-01
-3.992168129988280523e-01
-3.992198321722619792e-01
-3.992226644493868104e-01
-3.992256063832421709e-01
-3.992283464471448329e-01
-3.992312060714293676e-01
-3.992338453854838987e-01
-3.992366118440697775e-01
-3.992391348519805927e-01
-3.992417846044293839e-01
-3.992441611425555648e-01
-3.992466340693560656e-01
-3.992487906766340466e-01
-3.992508763648641157e-01
-3.992524956483600729e-01
-3.992536110067922417e-01
