1.096339289206608747e+01
1.096282456579344000e+01
1.096168835726921031e+01
1.095998515371031523e+01
1.095771628482341420e+01
1.095488352033195234e+01
1.095148906856636195e+01
1.094753557235166852e+01
1.094302610689923583e+01
1.093796417406918131e+01
1.093235369957264602e+01
1.092619902563013845e+01
1.091950490749780833e+01
1.091227650455071441e+01
1.090451937615231515e+01
1.089623947120090719e+01
1.088744312336818965e+01
1.087813703915719543e+01
1.086832829254407784e+01
1.085802431160666437e+01
1.084723287261248537e+01
1.083596208528898863e+01
1.082422038641013451e+01
1.081201652379120759e+01
1.079935954943617205e+01
1.078625880235177625e+01
1.077272390132731239e+01
1.075876472667387596e+01
1.074439141271708031e+01
1.072961432857756314e+01
1.071444407046489111e+01
1.069889144162417871e+01
1.068296744452577762e+01
1.066668326010989887e+01
1.065005023997133904e+01
1.063307988503896162e+01
1.061578383785749757e+01
1.059817386084160340e+01
1.058026182875750898e+01
1.056205970669210714e+01
1.054357954283586096e+01
1.052483344630591588e+01
1.050583358032868020e+01
1.048659214005227014e+01
1.046712134622218571e+01
1.044743342311311629e+01
1.042754059278462897e+01
1.040745505325539000e+01
1.038718897341789216e+01
1.036675447156966534e+01
1.034616361105745774e+01
1.032542837927040580e+01
1.030456068407424297e+01
1.028357233336137710e+01
1.026247503232543679e+01
1.024128036365218009e+01
1.021999978567439271e+01
1.019864461327632732e+01
1.017722601695838058e+01
1.015575500451648239e+01
1.013424242103558370e+01
1.011269893139421328e+01
1.009113502119565453e+01
1.006956098013688106e+01
1.004798690387670135e+01
1.002642267829756229e+01
1.000487798230075320e+01
9.983362272979510621e+00
9.961884789322786204e+00
9.940454538308385324e+00
9.919080299488891583e+00
9.897770612004640256e+00
9.876533780018183606e+00
9.855377860638320442e+00
9.834310670163052492e+00
9.813339772898217461e+00
9.792472488162900390e+00
9.771715879979010921e+00
9.751076764788011886e+00
9.730561701981176981e+00
9.710177002271795033e+00
9.689928719029690996e+00
9.669822657249028452e+00
9.649864365644823749e+00
9.630059146152532890e+00
9.610412046738908032e+00
9.590927871365678925e+00
9.571611173461279876e+00
9.552466266277045648e+00
9.533497216960073573e+00
9.514707857225401355e+00
9.496101777962856261e+00
9.477682340142060013e+00
9.459452669876306175e+00
9.441415669467691174e+00
9.423574012836962055e+00
9.405930156601044700e+00
9.388486335756743628e+00
9.371244574658787130e+00
9.354206682812566953e+00
9.337374265582006672e+00
9.320748719895901147e+00
9.304331244455754657e+00
9.288122835086644713e+00
9.272124294133321953e+00
9.256336225094864645e+00
9.240759040808542935e+00
9.225392956928574861e+00
9.210237998453115082e+00
9.195293991615461238e+00
9.180560568405152111e+00
9.166037156641952066e+00
9.151722982479842727e+00
9.137617058906574385e+00
9.123718186830814147e+00
9.110024942967784867e+00
9.096535680923670597e+00
9.083248520306170803e+00
9.070161350182168292e+00
9.057271822294499231e+00
9.044577360439067348e+00
9.032075161989659762e+00
9.019762218502084039e+00
9.007635333030361124e+00
8.995691165805190792e+00
8.983926298050736392e+00
8.972337370295974779e+00
8.960921302874760741e+00
8.949675583453613470e+00
8.938598411303271263e+00
8.927688592136334478e+00
8.916945282185929855e+00
8.906367793380463027e+00
8.895955490936948706e+00
8.885707828701495004e+00
8.875624955762058121e+00
8.865709958451089889e+00
8.855968998836592831e+00
8.846407073694118495e+00
8.837026354622565805e+00
8.827826803416570556e+00
8.818807088439831077e+00
8.809965248764504153e+00
8.801299020071791546e+00
8.792806002446237557e+00
8.784483724669646776e+00
8.776329685790530633e+00
8.768341366287122796e+00
8.760516243599854036e+00
8.752851792612986515e+00
8.745345494610138104e+00
8.737994835378742664e+00
8.730797312026581380e+00
8.723750430633764097e+00
8.716851712148013576e+00
8.710098690032058499e+00
8.703488915599468356e+00
8.697019955732699259e+00
8.690689397783327053e+00
8.684494847354939040e+00
8.678433932825688757e+00
8.672504303180531338e+00
8.666703632193804907e+00
8.661029616298851153e+00
8.655479978459940327e+00
8.650052466071818102e+00
8.644744854545686863e+00
8.639554945234376504e+00
8.634480568754014485e+00
8.629519582932854149e+00
8.624669875887914117e+00
8.619929363997028915e+00
8.615295994747961927e+00
8.610767744734292961e+00
8.606342622293091438e+00
8.602018665525964281e+00
8.597793944740065086e+00
8.593666560496084017e+00
8.589634645866473406e+00
8.585696364512305223e+00
8.581849912771556177e+00
8.578093517767065634e+00
8.574425439336831545e+00
8.570843968175276828e+00
8.567347427616768485e+00
8.563934171812395135e+00
8.560602587377079686e+00
8.557351091604084914e+00
8.554178133985468335e+00
8.551082194466257391e+00
8.548061784847405420e+00
8.545115447081471416e+00
8.542241754566653356e+00
8.539439310485587242e+00
8.536706748998401650e+00
8.534042733626247212e+00
8.531445958350669656e+00
8.528915146043289042e+00
8.526449049478365794e+00
8.524046449809775439e+00
8.521706157503233570e+00
8.519427010861587490e+00
8.517207876882558537e+00
8.515047649833352494e+00
8.512945252039372690e+00
8.510899632508847290e+00
8.508909767657678813e+00
8.506974659984718912e+00
8.505093338737411912e+00
8.503264858638232226e+00
8.501488300495562811e+00
8.499762769981634492e+00
8.498087398192614828e+00
8.496461340478470348e+00
8.494883776955971300e+00
8.493353911390643773e+00
8.491870971666164891e+00
8.490434208718607323e+00
8.489042896965361962e+00
8.487696333291752993e+00
8.486393837442440358e+00
8.485134751060481761e+00
8.483918438043893673e+00
8.482744283637154936e+00
8.481611694755420316e+00
8.480520099128401768e+00
8.479468945594536677e+00
8.478457703297200609e+00
8.477485861950837531e+00
8.476552931089372578e+00
8.475658440306300889e+00
8.474801938555000191e+00
8.473982994364426702e+00
8.473201195191286672e+00
8.472456147612604127e+00
8.471747476729504456e+00
8.471074826337883223e+00
8.470437858383373708e+00
8.469836253111221680e+00
8.469269708571790289e+00
8.468737940750401094e+00
8.468240683122932211e+00
8.467777686766034151e+00
8.467348719962252801e+00
8.466953568291078369e+00
8.466592034283081603e+00
8.466263937492332303e+00
8.465969114199410228e+00
8.465707417466095563e+00
8.465478716887734123e+00
8.465282898631802055e+00
8.465119865241051755e+00
8.464989535658306252e+00
8.464891845082766153e+00
8.464826744984003781e+00
8.464794203014191609e+00
