-8.019837211233195262e+00
-8.019237813627986711e+00
-8.018039383813325927e+00
-8.016242656604209316e+00
-8.013848726605498740e+00
-8.010859060278963995e+00
-8.007275476655880908e+00
-8.003100167438219614e+00
-7.998335667997420018e+00
-7.992984885496828618e+00
-7.987051060096482580e+00
-7.980537801084000016e+00
-7.973449038185173698e+00
-7.965789065695372706e+00
-7.957562483780491469e+00
-7.948774250611205794e+00
-7.939429613528660390e+00
-7.929534169200213256e+00
-7.919093784519132484e+00
-7.908114664822034179e+00
-7.896603264391607091e+00
-7.884566362802260642e+00
-7.872010964898523255e+00
-7.858944385365740359e+00
-7.845374138062478409e+00
-7.831308028946653899e+00
-7.816754034647282801e+00
-7.801720403910790580e+00
-7.786215525304402973e+00
-7.770248037381760398e+00
-7.753826685415276643e+00
-7.736960440513495740e+00
-7.719658345281390055e+00
-7.701929642152631317e+00
-7.683783607874032029e+00
-7.665229691343392382e+00
-7.646277336806114100e+00
-7.626936131512509043e+00
-7.607215617500023619e+00
-7.587125449402817523e+00
-7.566675194671844906e+00
-7.545874501883345076e+00
-7.524732889220596022e+00
-7.503259923637344286e+00
-7.481464997388982852e+00
-7.459357518411465549e+00
-7.436946674646334188e+00
-7.414241635995512780e+00
-7.391251306132868848e+00
-7.367984536391095851e+00
-7.344449864692665919e+00
-7.320655741715975218e+00
-7.296610256509404202e+00
-7.272321375270229815e+00
-7.247796653126747479e+00
-7.223043485844007350e+00
-7.198068807167972594e+00
-7.172879353746588471e+00
-7.147481347325093104e+00
-7.121880773136382459e+00
-7.096083046114516790e+00
-7.070093302962591864e+00
-7.043916051407665080e+00
-7.017555476092834255e+00
-6.991015069725117215e+00
-6.964297952855533325e+00
-6.937406485563043290e+00
-6.910342601073752533e+00
-6.883107396367442732e+00
-6.855701479432152468e+00
-6.828124536858604543e+00
-6.800375694312656094e+00
-6.772453058773960421e+00
-6.744354091510976090e+00
-6.716075122091124783e+00
-6.687611732725237346e+00
-6.658958240479833535e+00
-6.630108091267155501e+00
-6.601053305757188738e+00
-6.571784880446005062e+00
-6.542292191492995457e+00
-6.512563399084148941e+00
-6.482584801653135997e+00
-6.452341237980642852e+00
-6.421815381756553087e+00
-6.390988133230335322e+00
-6.359837840457460700e+00
-6.328340668373112265e+00
-6.296469727739749445e+00
-6.264195403517089034e+00
-6.231484364552148492e+00
-6.198299823947325038e+00
-6.164600390620718073e+00
-6.130340220762177772e+00
-6.095467655668088902e+00
-6.059925205851710572e+00
-6.023647901824897843e+00
-5.986563041741602476e+00
-5.948588186921371701e+00
-5.909630647027267258e+00
-5.869585164262858257e+00
-5.828333345960134082e+00
-5.785741510435904900e+00
-5.741660991170379980e+00
-5.695927698718418419e+00
-5.648365715618434812e+00
-5.598791962204789918e+00
-5.547027406879229794e+00
-5.492911635628453304e+00
-5.436326058297288988e+00
-5.377220809163831383e+00
-5.315648610036964428e+00
-5.251797095056828013e+00
-5.186020074342461150e+00
-5.118856480505290740e+00
-5.051037818232153143e+00
-4.983474857171490413e+00
-4.917230171915318415e+00
-4.853473022085961652e+00
-4.793429969863048257e+00
-4.738330582566787186e+00
-4.689363389931063608e+00
-4.647638121053264015e+00
-4.614167058003801003e+00
-4.589855797632777623e+00
-4.575515287129802822e+00
-4.571883321806693878e+00
-4.579682661641217400e+00
-4.599740437808200078e+00
-4.633259837572265560e+00
-4.682314405620037867e+00
-4.750790530708968618e+00
-4.846118591178305124e+00
-4.982080926673321031e+00
-5.181345918695903663e+00
-5.471908511335054293e+00
-5.870237877041645014e+00
-6.361996303591586077e+00
-6.903498592602411499e+00
-7.440150760551937914e+00
-7.921628593181448075e+00
-8.311427796087521358e+00
-8.594631599974317027e+00
-8.779029497154867911e+00
-8.886700698358504624e+00
-8.942446861765892763e+00
-8.966484462986349158e+00
-8.972565102959503491e+00
-8.969040186349300114e+00
-8.960605971091338162e+00
-8.949761967451332012e+00
-8.937778926616058328e+00
-8.925279303470873060e+00
-8.912555203646382651e+00
-8.899738982488146988e+00
-8.886886137619899984e+00
-8.874018369988291965e+00
-8.861141138429532660e+00
-8.848254061757939937e+00
-8.835353204615763900e+00
-8.822434192475419934e+00
-8.809491484692703267e+00
-8.796519983609901061e+00
-8.783513864040129349e+00
-8.770467833630076981e+00
-8.757375978132680316e+00
-8.744232887348657002e+00
-8.731032578977277581e+00
-8.717769534144800048e+00
-8.704437699054123456e+00
-8.691031445168556857e+00
-8.677544640402423681e+00
-8.663971543283906840e+00
-8.650305935928935597e+00
-8.636541959470667607e+00
-8.622673302290001729e+00
-8.608693982732782857e+00
-8.594597587136139083e+00
-8.580378004901120903e+00
-8.566028711710677257e+00
-8.551543461274013325e+00
-8.536915609824864859e+00
-8.522138768252878194e+00
-8.507206164539088178e+00
-8.492111259505236376e+00
-8.476847144317606109e+00
-8.461407122694090788e+00
-8.445784141010175716e+00
-8.429971339488840698e+00
-8.413961512792187847e+00
-8.397747632469123147e+00
-8.381322336227478687e+00
-8.364678423721242595e+00
-8.347808372984353298e+00
-8.330704811498709006e+00
-8.313360058543777242e+00
-8.295766573397985510e+00
-8.277916522629890750e+00
-8.259802207250579897e+00
-8.241415654255536793e+00
-8.222749024569647958e+00
-8.203794228458356486e+00
-8.184543316199551555e+00
-8.164988117335296280e+00
-8.145120616179605477e+00
-8.124932615299799821e+00
-8.104416098245531330e+00
-8.083562918157589650e+00
-8.062365150507361022e+00
-8.040814808364705968e+00
-8.018904188502487429e+00
-7.996625615653860208e+00
-7.973971786106870852e+00
-7.950935544295907320e+00
-7.927510229037595835e+00
-7.903689487088071175e+00
-7.879467628512212940e+00
-7.854839483459202576e+00
-7.829800774869105418e+00
-7.804348026725537402e+00
-7.778478964426292386e+00
-7.752192485183111437e+00
-7.725489098900264473e+00
-7.698370974143552203e+00
-7.670842435144969329e+00
-7.642910099615977337e+00
-7.614583450144244203e+00
-7.585875082504172084e+00
-7.556801371395344802e+00
-7.527382848626604783e+00
-7.497644982243532041e+00
-7.467618700849766533e+00
-7.437341298805621115e+00
-7.406857112291045375e+00
-7.376218546750922478e+00
-7.345486886356617617e+00
-7.314733406401341398e+00
-7.284040252807765903e+00
-7.253501543389694994e+00
-7.223224179802392619e+00
-7.193328750744991673e+00
-7.163950031928631113e+00
-7.135237384278345196e+00
-7.107354570877054023e+00
-7.080479221121080080e+00
-7.054801493204537088e+00
-7.030522119755235444e+00
-7.007849463090537689e+00
-6.986995782569652924e+00
-6.968172490834827926e+00
-6.951584700718886012e+00
-6.937425066072688828e+00
-6.925867370928908251e+00
-6.917060108525102891e+00
-6.911120610073037795e+00
-6.908130088930915846e+00
