2.513616057999946563e+01
2.513604846888382838e+01
2.513582237106658823e+01
2.513548577547188501e+01
2.513503305271826349e+01
2.513447118532664604e+01
2.513379078223895391e+01
2.513300232895037212e+01
2.513209265955545035e+01
2.513107577667103598e+01
2.512993472103126535e+01
2.512868703139091053e+01
2.512731193119402917e+01
2.512583051935384049e+01
2.512421817258305623e+01
2.512249957915197740e+01
2.512064623397306207e+01
2.511868644926687111e+01
2.511658779731297741e+01
2.511438225453326467e+01
2.511203342382193071e+01
2.510957699202734261e+01
2.510697253981123112e+01
2.510425951702421443e+01
2.510139342296161047e+01
2.509841752984792151e+01
2.509528318998454210e+01
2.509203756466309088e+01
2.508862778685067596e+01
2.508510498154067747e+01
2.508141198308691244e+01
2.507760396349138077e+01
2.507361937204978020e+01
2.506951752061525696e+01
2.506523237959596173e+01
2.506082750409698434e+01
2.505623228422594195e+01
2.505151463351398533e+01
2.504659925261011111e+01
2.504155854186855024e+01
2.503631239547425835e+01
2.503093784396201471e+01
2.502534985018881031e+01
2.501963023528103491e+01
2.501368889816688323e+01
2.500761263056487493e+01
2.500130612744859704e+01
2.499486135380956853e+01
2.498817765379578759e+01
2.498135239482454040e+01
2.497427941745659297e+01
2.496706175184283794e+01
2.495958757777811243e+01
2.495196588543359084e+01
2.494407903442754915e+01
2.493604231647768898e+01
2.492773211240653808e+01
2.491927040972774776e+01
2.491052745403961310e+01
2.490163237279934449e+01
2.489244906108172373e+01
2.488311397195666785e+01
2.487348289098056853e+01
2.486369390128446000e+01
2.485357907440050340e+01
2.484326078987852071e+01
2.483254462440943655e+01
2.482155284978377452e+01
2.481007970741245217e+01
2.479825528305623905e+01
2.478586420776048627e+01
2.477304521870612319e+01
2.475957199280815502e+01
2.474559122021617341e+01
2.473086319515449460e+01
2.471554131551125266e+01
2.469936958892450463e+01
2.468250672902542320e+01
2.466467725970964509e+01
2.464604375818097992e+01
2.462630774525349864e+01
2.460563413210602235e+01
2.458369753618792330e+01
2.456066362785858814e+01
2.453617587759680418e+01
2.451039928982232752e+01
2.448294183186753159e+01
2.445396700984825955e+01
2.442304329664022688e+01
2.439033316529407003e+01
2.435536262634236593e+01
2.431829569148326087e+01
2.427861451078890198e+01
2.423648980724964375e+01
2.419135992040610361e+01
2.414340962744996943e+01
2.409203355737787433e+01
2.403743827729458360e+01
2.397897205075867078e+01
2.391686862171252415e+01
2.385042116433159975e+01
2.377989143890880896e+01
2.370450071617745991e+01
2.362453538144752230e+01
2.353912064005614013e+01
2.344856358030178001e+01
2.335186481368619127e+01
2.324935331182011211e+01
2.313987426632095534e+01
2.302378897315180595e+01
2.289975016985787803e+01
2.276816971154745772e+01
2.262744753074553472e+01
2.247805902942987899e+01
2.231802142496804464e+01
2.214783935563194106e+01
2.196481920262214160e+01
2.176926861659696399e+01
2.155681643203866926e+01
2.132651602802031832e+01
2.106874414652172689e+01
2.077609458397658315e+01
2.042063736005957608e+01
2.002118678435014587e+01
1.962685551315619037e+01
1.924853995174452237e+01
1.890683070589131276e+01
1.862052178162638683e+01
1.841373046124458313e+01
1.830053650450746972e+01
1.828487289302982788e+01
1.835286057969303286e+01
1.848244529086249699e+01
1.864587645422929185e+01
1.881947673761300521e+01
1.898292617900636969e+01
1.912394074400397415e+01
1.923528371910839496e+01
1.931694638496351502e+01
1.937160883434551906e+01
1.940518651720708831e+01
1.942263889612630834e+01
1.942932161337737540e+01
1.942840964047026020e+01
1.942304926459895498e+01
1.941454606144103678e+01
1.940451513300108388e+01
1.939324091666944128e+01
1.938158419012045641e+01
1.936939931448071661e+01
1.935722294841521318e+01
1.934476100293333545e+01
1.933241551388332979e+01
1.931985644979869576e+01
1.930742568080450994e+01
1.929479659060971386e+01
1.928227847590059696e+01
1.926955978669307967e+01
1.925692753322513795e+01
1.924408747508325135e+01
1.923130863701379312e+01
1.921831351550220646e+01
1.920535542611546376e+01
1.919217236553019390e+01
1.917900348752182182e+01
1.916560101815138140e+01
1.915219117741022714e+01
1.913853927050212178e+01
1.912485962667672368e+01
1.911092962113314186e+01
1.909695260279909590e+01
1.908271713685361348e+01
1.906841639698095392e+01
1.905384937051016081e+01
1.903919977400906660e+01
1.902427634584833172e+01
1.900925399083640244e+01
1.899395061104612381e+01
1.897853288366240321e+01
1.896282736025047910e+01
1.894699302291626708e+01
1.893086462292572492e+01
1.891459393640374742e+01
1.889802352180939238e+01
1.888129840190644870e+01
1.886426860128036154e+01
1.884707281150302904e+01
1.882956822887953052e+01
1.881188761077434179e+01
1.879389507356078681e+01
1.877571781683800722e+01
1.875722666497032876e+01
1.873854361981290495e+01
1.871954603862759825e+01
1.870035107280053666e+01
1.868084247226408934e+01
1.866113287573571000e+01
1.864111231870143826e+01
1.862088925842365938e+01
1.860035994042733520e+01
1.857962896764134442e+01
1.855859875033703688e+01
1.853737036220245571e+01
1.851585236179852956e+01
1.849414261819664773e+01
1.847215584907898034e+01
1.844998704400607892e+01
1.842755711601112978e+01
1.840495850092459307e+01
1.838211836631055363e+01
1.835912691997143398e+01
1.833591766287594282e+01
1.831257889848670573e+01
1.828905055539159363e+01
1.826541935099561798e+01
1.824163174528953490e+01
1.821777317733763724e+01
1.819379674435216643e+01
1.816978689695618598e+01
1.814570346779702348e+01
1.812163018148104143e+01
1.809753368464738088e+01
1.807349719851948322e+01
1.804949422795160174e+01
1.802560765852635072e+01
1.800181784585735656e+01
1.797820743493663898e+01
1.795476355321026674e+01
1.793156860734346836e+01
1.790861632457892583e+01
1.788598876118559033e+01
1.786368595667128645e+01
1.784178936889403033e+01
1.782030492515189835e+01
1.779931308126512235e+01
1.777882507271801771e+01
1.775891977896251106e+01
1.773961299691518789e+01
1.772098127724354910e+01
1.770304406182340173e+01
1.768587464571594481e+01
1.766949503974174362e+01
1.765397419997626471e+01
1.763933549630235120e+01
1.762564234011627207e+01
1.761291815929707028e+01
1.760121954382936948e+01
1.759056864661214448e+01
1.758101395514880139e+01
1.757257505543190135e+01
1.756529112497684153e+01
1.755917801308296333e+01
1.755426453565457479e+01
1.755056183902003752e+01
1.754808755981675361e+01
1.754684745110575861e+01
