2.508729831364034979e+01
2.508721519124578592e+01
2.508704186819894844e+01
2.508679219676388783e+01
2.508644493268078435e+01
2.508602779753232070e+01
2.508550535254565617e+01
2.508491922281290343e+01
2.508421972735983374e+01
2.508346244627900035e+01
2.508258338927198139e+01
2.508165216047104096e+01
2.508059037333205410e+01
2.507948174294925181e+01
2.507823337933719543e+01
2.507694321378194147e+01
2.507550372479500211e+01
2.507402718391062990e+01
2.507239128849327159e+01
2.507072279382709468e+01
2.506888444405495164e+01
2.506701764188287029e+01
2.506496998273567556e+01
2.506289770142232953e+01
2.506063302458484543e+01
2.505834722578770979e+01
2.505585691694031780e+01
2.505334864008297657e+01
2.505062311905376404e+01
2.504788241839926499e+01
2.504491107144695050e+01
2.504192694499430161e+01
2.503869804837531632e+01
2.503545835767895156e+01
2.503195899151664960e+01
2.502845037138414597e+01
2.502466632269999991e+01
2.502087407955673370e+01
2.501678973314342613e+01
2.501269773066020008e+01
2.500829594626281249e+01
2.500388647661364772e+01
2.499914845063335278e+01
2.499440208948204756e+01
2.498930719912493359e+01
2.498420264212752429e+01
2.497872826957362591e+01
2.497324214780854845e+01
2.496736348156149887e+01
2.496147015285619375e+01
2.495515996294841443e+01
2.494883127554849267e+01
2.494205965869192454e+01
2.493526468308902011e+01
2.492799877316238977e+01
2.492070349714482447e+01
2.491290713557954817e+01
2.490507411667817550e+01
2.489670747630383474e+01
2.488829544472441313e+01
2.487931459943143153e+01
2.487027800327124538e+01
2.486063443441570797e+01
2.485092291742305903e+01
2.484056294617154848e+01
2.483012074645077760e+01
2.481898487919806584e+01
2.480775013505876814e+01
2.479577230661302423e+01
2.478367625317618561e+01
2.477078294952925219e+01
2.475774898667151547e+01
2.474385822583656136e+01
2.472980083460108247e+01
2.471482098026430307e+01
2.469964446111077905e+01
2.468347283984265772e+01
2.466706984226834720e+01
2.464959113114503708e+01
2.463184094087133857e+01
2.461292528940562718e+01
2.459369183772585643e+01
2.457319268765550646e+01
2.455232225000794699e+01
2.453007382198127573e+01
2.450739238396626618e+01
2.448320681792860753e+01
2.445851711608739976e+01
2.443218129540733941e+01
2.440525960681492279e+01
2.437653179486467536e+01
2.434712470205232293e+01
2.431573135334824443e+01
2.428355308565470239e+01
2.424918679878302896e+01
2.421391876530220699e+01
2.417624004438883745e+01
2.413753705937420335e+01
2.409618735992475536e+01
2.405370295666663338e+01
2.400834862284984439e+01
2.396179176466459282e+01
2.391198796842766328e+01
2.386014430630866201e+01
2.380342147261661268e+01
2.374309961815490055e+01
2.367622237819264086e+01
2.360440443604906235e+01
2.352450653913281897e+01
2.343847434692721166e+01
2.334286681750897330e+01
2.323997222796124973e+01
2.312589012572550828e+01
2.300326487172714707e+01
2.286751632688370961e+01
2.272169728246528919e+01
2.256027992481832811e+01
2.238689178248439049e+01
2.219469797764405428e+01
2.198820796206233652e+01
2.175853676299560746e+01
2.151137957267753720e+01
2.123352411127607908e+01
2.093118465981501330e+01
2.057717144527191167e+01
2.016893554257147869e+01
1.959349014854336346e+01
1.885361660296699426e+01
1.809548432214776881e+01
1.732959891757769810e+01
1.660009671548131394e+01
1.594623343204206023e+01
1.543427408188969352e+01
1.509537827701760371e+01
1.491733173436720072e+01
1.483265797970054045e+01
1.478107433282154481e+01
1.472148175543421900e+01
1.464707974851525307e+01
1.455824000650823891e+01
1.446501129584468259e+01
1.437020419276048244e+01
1.428000913315803189e+01
1.419366367688886399e+01
1.411424566106326850e+01
1.403956190769616263e+01
1.397152627624619647e+01
1.390771214751509710e+01
1.384963924210211239e+01
1.379500660039647464e+01
1.374517712141699555e+01
1.369804873814406498e+01
1.365489975212070028e+01
1.361382424244864708e+01
1.357604046415479004e+01
1.353981856899610214e+01
1.350632604292727912e+01
1.347398661462804448e+01
1.344392058301093051e+01
1.341468434537195975e+01
1.338735243451148094e+01
1.336059572066596246e+01
1.333544375393530146e+01
1.331066653986582971e+01
1.328724943423508442e+01
1.326404885386837940e+01
1.324200697195893817e+01
1.322005612781496176e+01
1.319909657215322163e+01
1.317812792295526414e+01
1.315800996671948830e+01
1.313780245150462811e+01
1.311832628695106884e+01
1.309869540479703076e+01
1.307969349029452744e+01
1.306048367784157982e+01
1.304181409492758625e+01
1.302289287517554328e+01
1.300443423206335325e+01
1.298568772502200375e+01
1.296733524943120841e+01
1.294866473152293729e+01
1.293032728120338781e+01
1.291164655626486102e+01
1.289324434211773784e+01
1.287447774533647937e+01
1.285594061288465717e+01
1.283702151344925113e+01
1.281828766690588850e+01
1.279915736871272536e+01
1.278017245092941501e+01
1.276077941598230758e+01
1.274149587942476636e+01
1.272179521761394128e+01
1.270217193798971778e+01
1.268212512130135572e+01
1.266212721789259099e+01
1.264170198793310540e+01
1.262130082404012121e+01
1.260047126988349753e+01
1.257964461375906318e+01
1.255839140313096003e+01
1.253712373486759368e+01
1.251543448596473951e+01
1.249371743929759404e+01
1.247158722333855252e+01
1.244942015341660024e+01
1.242685211944784918e+01
1.240424278836633398e+01
1.238124890191567040e+01
1.235821427315388554e+01
1.233481615894665318e+01
1.231138328969344364e+01
1.228761316566982842e+01
1.226382018215651826e+01
1.223972186723398714e+01
1.221561900239417575e+01
1.219124897356157256e+01
1.216689963834965660e+01
1.214232810351800040e+01
1.211780995283426776e+01
1.209312189424538708e+01
1.206852783553947539e+01
1.204382396444396797e+01
1.201926304183187533e+01
1.199466058889217557e+01
1.197025865852606152e+01
1.194589190673026025e+01
1.192179200125658056e+01
1.189781245044088642e+01
1.187417471345976061e+01
1.185075075005648237e+01
1.182775180824817518e+01
1.180506774378508261e+01
1.178289937846552426e+01
1.176115371976439583e+01
1.174002070558715083e+01
1.171942353334653575e+01
1.169954053461485444e+01
1.168030989996020175e+01
1.166189735903972924e+01
1.164425466349460159e+01
1.162753368387993369e+01
1.161169808833702533e+01
1.159688440641125595e+01
1.158306641614787047e+01
1.157036366500549640e+01
1.155875815208864665e+01
1.154835073642079735e+01
1.153912977346644375e+01
1.153117577924393267e+01
1.152448175012378151e+01
1.151910638604720383e+01
1.151504588892429481e+01
1.151233597850225365e+01
1.151097502707279929e+01
