1.631923308649288629e+01
1.631917828959601735e+01
1.631909232761219641e+01
1.631892776474512985e+01
1.631875550283723797e+01
1.631848065646956414e+01
1.631822141675800353e+01
1.631783542099323725e+01
1.631748818164299664e+01
1.631698981716845864e+01
1.631655320631982065e+01
1.631594089327309050e+01
1.631541318086437187e+01
1.631468496955212899e+01
1.631406405696032280e+01
1.631321761634538703e+01
1.631250102375030409e+01
1.631153362760221270e+01
1.631071847895814031e+01
1.630962698953999634e+01
1.630870999501609830e+01
1.630749084415706562e+01
1.630646827988271497e+01
1.630511744725943757e+01
1.630398513218400680e+01
1.630249812060634440e+01
1.630125139025339820e+01
1.629962319771902202e+01
1.629825687458247785e+01
1.629648196283107353e+01
1.629499032312534723e+01
1.629306258238539584e+01
1.629143931882166640e+01
1.628935202840146701e+01
1.628759020861814122e+01
1.628533599294568646e+01
1.628342801317185362e+01
1.628099879283663398e+01
1.627893632631172949e+01
1.627632326360255277e+01
1.627409720321354669e+01
1.627129064158120997e+01
1.626889103610834297e+01
1.626588043290738383e+01
1.626329641619026134e+01
1.626007026797031330e+01
1.625728998021659066e+01
1.625383573973872942e+01
1.625084624009565104e+01
1.624715022414102705e+01
1.624393739353434896e+01
1.623998468044915811e+01
1.623653311356155982e+01
1.623230742934234172e+01
1.622860031445271289e+01
1.622408390601467687e+01
1.622010289124608562e+01
1.621527638533335036e+01
1.621100142965893909e+01
1.620584367564333306e+01
1.620125288277042230e+01
1.619574077734194972e+01
1.619081021033038681e+01
1.618491850180064873e+01
1.617962197596675722e+01
1.617332304558183154e+01
1.616763189688602864e+01
1.616089551416898118e+01
1.615477833987711520e+01
1.614757138858598751e+01
1.614099375652128998e+01
1.613327992730580362e+01
1.612620404946316555e+01
1.611794349472595300e+01
1.611032786039199394e+01
1.610147680619801491e+01
1.609327576900361834e+01
1.608378607813176231e+01
1.607494939065465545e+01
1.606476807004873208e+01
1.605524035868816313e+01
1.604430900365615997e+01
1.603402917554275575e+01
1.602228334211037364e+01
1.601118391484483894e+01
1.599855241077321821e+01
1.598655875491636991e+01
1.597296283919675197e+01
1.595999232286291836e+01
1.594534480328636583e+01
1.593130582829204123e+01
1.591551004746155940e+01
1.590030096790656700e+01
1.588324967069909377e+01
1.586675758876113917e+01
1.584833167030816803e+01
1.583043111243259382e+01
1.581049825788267071e+01
1.579104975098735864e+01
1.576946300140040869e+01
1.574831159942798386e+01
1.572490792053706521e+01
1.570188178774452048e+01
1.567648079499396196e+01
1.565139005363999480e+01
1.562379318491013258e+01
1.559642941758637313e+01
1.556642009379783786e+01
1.553655722117535731e+01
1.550390298635445241e+01
1.547130084478944134e+01
1.543575930415814490e+01
1.540017236579594773e+01
1.536150426963696880e+01
1.532270007488892283e+01
1.528069560805058380e+01
1.523848992114388601e+01
1.519295386531892156e+01
1.514668281011049977e+01
1.509574303155239861e+01
1.504222891989869737e+01
1.498211544299451781e+01
1.491733274587622482e+01
1.484364424204173893e+01
1.476234835949490964e+01
1.466860057208399759e+01
1.456214580468555475e+01
1.443669546529606329e+01
1.428790037008436364e+01
1.410555012778265649e+01
1.386991717571105198e+01
1.358531601765574948e+01
1.329987982785527834e+01
1.301821537880769775e+01
1.274542464734506630e+01
1.247630487701340130e+01
1.221631730861025744e+01
1.196048713072710967e+01
1.171429651261207638e+01
1.147302470709385069e+01
1.124227540232004863e+01
1.101758024079001608e+01
1.080476990222881817e+01
1.059955667915583177e+01
1.040778546121330450e+01
1.022488114095713385e+01
1.005630157219423282e+01
9.896908027818495768e+00
9.751725503264134787e+00
9.615092552913004909e+00
9.491758794060423554e+00
9.375700977365436728e+00
9.271596295852905456e+00
9.173221141678750357e+00
9.085343489335441447e+00
9.001647215624043241e+00
8.927089830511828694e+00
8.855312806765711642e+00
8.791508738949383783e+00
8.729286386451120094e+00
8.674086419587569097e+00
8.619472731806355981e+00
8.571131332686354298e+00
8.522560037557544987e+00
8.479682055537965724e+00
8.435905841251901904e+00
8.397383528525196539e+00
8.357411990110817257e+00
8.322366106783443129e+00
8.285411030427338730e+00
8.253140980642564628e+00
8.218571355510976062e+00
8.188515052515162651e+00
8.155821418247878540e+00
8.127523842055413894e+00
8.096290579725508252e+00
8.069379485516638084e+00
8.039263481949223689e+00
8.013430744728001542e+00
7.984145011669652625e+00
7.959132311089169853e+00
7.930433390067064714e+00
7.906021195269768320e+00
7.877699427681301714e+00
7.853698474820589581e+00
7.825570429782342075e+00
7.801815076383990188e+00
7.773717598911243698e+00
7.750060588967322417e+00
7.721846061803448791e+00
7.698154349328278911e+00
7.669686860098007486e+00
7.645838223994580574e+00
7.616990402311704322e+00
7.592870648355499519e+00
7.563520991040356911e+00
7.539021582940409694e+00
7.509052124293808639e+00
7.484068119254788876e+00
7.453362330909068412e+00
7.427790518932705588e+00
7.396231342678971643e+00
7.369968505161633487e+00
7.337436434037914346e+00
7.310377647480856389e+00
7.276748776322891743e+00
7.248785692010082826e+00
7.213929659036194764e+00
7.184948689657829846e+00
7.148726425320029776e+00
7.118606764503953244e+00
7.080867951983808695e+00
7.049479341725758630e+00
7.010059473482090908e+00
6.977259615968730344e+00
6.935976499959572550e+00
6.901607981634048983e+00
6.858257504934278437e+00
6.822144057672626438e+00
6.776494947409392289e+00
6.738436807708464649e+00
6.690224028782872701e+00
6.649992060268220762e+00
6.598908338903416215e+00
6.556236438925076904e+00
6.501921172193557474e+00
6.456496260931625208e+00
6.398520717030365290e+00
6.349969258001301853e+00
6.287816406780827094e+00
6.235685843792353467e+00
6.168722232381624870e+00
6.112454790666473237e+00
6.039890316753943722e+00
5.978785002755326872e+00
5.899613698277140550e+00
5.832769441982333269e+00
5.745679362928987288e+00
5.671906818804641759e+00
5.575137473048947356e+00
5.492816223900703676e+00
5.383922202844337868e+00
5.290757270650456867e+00
5.166193285082569808e+00
5.058772346602689929e+00
4.913110377723435285e+00
4.786029558699770980e+00
4.610337779049862306e+00
4.454277306042945028e+00
4.232316113728575857e+00
4.029117426649049705e+00
3.726716356246862816e+00
3.433751347759892880e+00
2.961479561531866089e+00
2.448585646914296809e+00
1.649140673665444368e+00
