-2.197152982846140645e+01
-2.197058413635167895e+01
-2.196869186492920889e+01
-2.196585535550696733e+01
-2.196207194465862500e+01
-2.195734631533944992e+01
-2.195167402242806531e+01
-2.194506209116855899e+01
-2.193750428555947707e+01
-2.192900997407242514e+01
-2.191957111682878079e+01
-2.190919942672081078e+01
-2.189788504304380012e+01
-2.188564202450700336e+01
-2.187245866849739073e+01
-2.185835138107458775e+01
-2.184330659227657989e+01
-2.182734305710264522e+01
-2.181044530817194271e+01
-2.179263445097012308e+01
-2.177389308568034565e+01
-2.175424466966232018e+01
-2.173366983032958899e+01
-2.171219437800866459e+01
-2.168979692127052417e+01
-2.166650562404866065e+01
-2.164229702377942743e+01
-2.161720163801046013e+01
-2.159119387399064394e+01
-2.156430660205052163e+01
-2.153651203283057214e+01
-2.150784538754274777e+01
-2.147827660575137898e+01
-2.144784325631792754e+01
-2.141651292446044508e+01
-2.138432552183731872e+01
-2.135124618640896443e+01
-2.131731716583573544e+01
-2.128250104733788461e+01
-2.124684240548556957e+01
-2.121030116167666435e+01
-2.117292420561220112e+01
-2.113466866504862551e+01
-2.109558372992684028e+01
-2.105562359254945548e+01
-2.101483972463124061e+01
-2.097318322582684047e+01
-2.093070782708209876e+01
-2.088736136129190513e+01
-2.084319979147042901e+01
-2.079816749102273477e+01
-2.075232262266100847e+01
-2.070560588706389282e+01
-2.065807760842772112e+01
-2.060967457885854870e+01
-2.056045923928820685e+01
-2.051036421244256758e+01
-2.045945400394827729e+01
-2.040765677873799078e+01
-2.035503904696298250e+01
-2.030152419675140507e+01
-2.024718067353825290e+01
-2.019192673562493923e+01
-2.013583268434017981e+01
-2.007881125719740822e+01
-2.002093452061575363e+01
-1.996210925785348422e+01
-1.990240919668147157e+01
-1.984173468475919933e+01
-1.978016099265369476e+01
-1.971758149681131655e+01
-1.965407287483423104e+01
-1.958952093435842201e+01
-1.952400360394836198e+01
-1.945739845342022889e+01
-1.938978448179070213e+01
-1.932103026894580822e+01
-1.925121567382980103e+01
-1.918019943649440862e+01
-1.910806202762178785e+01
-1.903465138100476750e+01
-1.896004828258582364e+01
-1.888408875275650445e+01
-1.880685353305029750e+01
-1.872816545090397611e+01
-1.864810475947529156e+01
-1.856647959920461588e+01
-1.848336917645125510e+01
-1.839856517950300940e+01
-1.831214505154222039e+01
-1.822388191516362710e+01
-1.813385051264870995e+01
-1.804180283201011648e+01
-1.794780966208925221e+01
-1.785159868175299280e+01
-1.775323501929237935e+01
-1.765241804948529492e+01
-1.754920486589787387e+01
-1.744326141187586998e+01
-1.733463337526373138e+01
-1.722294654628594301e+01
-1.710823031442106412e+01
-1.699006130344388055e+01
-1.686844532792244777e+01
-1.674289746783412269e+01
-1.661338882634126435e+01
-1.647935552666260861e+01
-1.634071629283848992e+01
-1.619680325256321041e+01
-1.604745330998664699e+01
-1.589185823745090786e+01
-1.572972017781181897e+01
-1.556004011700874834e+01
-1.538227553452554375e+01
-1.519519400474653281e+01
-1.499767630842972821e+01
-1.478828547142070349e+01
-1.455360060246900034e+01
-1.426308231245593916e+01
-1.391939641733963029e+01
-1.354734592632915380e+01
-1.316351731832031824e+01
-1.277840032154931826e+01
-1.239718967668310157e+01
-1.202217960158480992e+01
-1.165438005901361684e+01
-1.129338649017570795e+01
-1.093900027718959045e+01
-1.058964849598694080e+01
-1.024461076261078674e+01
-9.901169473189984416e+00
-9.557944367653794515e+00
-9.210016933736609346e+00
-8.854395479404235658e+00
-8.510796673785936406e+00
-8.425376327796811893e+00
-8.361057499139967319e+00
-8.299034226975800621e+00
-8.240524782200415288e+00
-8.184697226747756460e+00
-8.132239555054839641e+00
-8.082582451917950550e+00
-8.036164855879750490e+00
-7.992511324651016658e+00
-7.951899434841885217e+00
-7.913888156178243705e+00
-7.878641679390129937e+00
-7.845737679184731306e+00
-7.815266540958075936e+00
-7.786829387544891290e+00
-7.760476951360784525e+00
-7.735843779268301468e+00
-7.712965795636431032e+00
-7.691517128871120157e+00
-7.671532860317038960e+00
-7.652726834430935376e+00
-7.635138785462181055e+00
-7.618518399514183415e+00
-7.602910926181341011e+00
-7.588096688979146798e+00
-7.574125568823045107e+00
-7.560803591557418102e+00
-7.548184053297806173e+00
-7.536094538174929802e+00
-7.524590667396334531e+00
-7.513518218795986137e+00
-7.502934240546598410e+00
-7.492699965435732246e+00
-7.482873131749747664e+00
-7.473328173076569492e+00
-7.464122910849913417e+00
-7.455143109267337032e+00
-7.446446177263800870e+00
-7.437927653209531975e+00
-7.429644137375333024e+00
-7.421499647041910563e+00
-7.413549666621330303e+00
-7.405705615675469922e+00
-7.398021633455432955e+00
-7.390415647892390361e+00
-7.382940290153322316e+00
-7.375519254713085893e+00
-7.368203556904869167e+00
-7.360922042058454018e+00
-7.353724046856016550e+00
-7.346543056213937106e+00
-7.339426701378078732e+00
-7.332312682050599051e+00
-7.325246925844718149e+00
-7.318170994222239045e+00
-7.311129135514731203e+00
-7.304066479756733621e+00
-7.297025638105254508e+00
-7.289955066170055176e+00
-7.282895794066940098e+00
-7.275799402388091863e+00
-7.268705407504992166e+00
-7.261568350520152926e+00
-7.254426310343668582e+00
-7.247236655144166484e+00
-7.240036109982864510e+00
-7.232784763514652049e+00
-7.225518076613062668e+00
-7.218198775246206900e+00
-7.210861150773864914e+00
-7.203470503767256616e+00
-7.196060054847299270e+00
-7.188597634339377151e+00
-7.181115494099744367e+00
-7.173583964802364932e+00
-7.166034433707787699e+00
-7.158439715492971978e+00
-7.150830437963359820e+00
-7.143181894017852862e+00
-7.135524056558868899e+00
-7.127834698737776975e+00
-7.120143240497805337e+00
-7.112429941931794453e+00
-7.104723766758257675e+00
-7.097007469669776469e+00
-7.089309646388961994e+00
-7.081615550491615174e+00
-7.073953485343694503e+00
-7.066311199228304751e+00
-7.058716761281783825e+00
-7.051160396003160358e+00
-7.043669973169945919e+00
-7.036238154118278132e+00
-7.028892614433141617e+00
-7.021628384909640808e+00
-7.014472915506348549e+00
-7.007423503781538443e+00
-7.000507299119245630e+00
-6.993723720825706813e+00
-6.987099492944707002e+00
-6.980635963237394215e+00
-6.974359250960502798e+00
-6.968272386761042547e+00
-6.962400648551878568e+00
-6.956748451028596847e+00
-6.951339938171946287e+00
-6.946180559691738310e+00
-6.941292982606702466e+00
-6.936683300437413990e+00
-6.932372320602249616e+00
-6.928366360551942549e+00
-6.924683962164298379e+00
-6.921331237109568768e+00
-6.918324053775354976e+00
-6.915667901806183515e+00
-6.913375591082933092e+00
-6.911451612418079371e+00
-6.909905381527100765e+00
-6.908740079152363656e+00
-6.907961465658320144e+00
-6.907571189365507180e+00
