2.168737869986278000e+01
2.168545490267564801e+01
2.168160744561003739e+01
2.167583650754478697e+01
2.166814249850965979e+01
2.165852577289391334e+01
2.164698700773768891e+01
2.163352672615505412e+01
2.161814586260454973e+01
2.160084509862345215e+01
2.158162561250266265e+01
2.156048823023506600e+01
2.153743435620151558e+01
2.151246494301163992e+01
2.148558159902330189e+01
2.145678538148885650e+01
2.142607807598692204e+01
2.139346081797467036e+01
2.135893553851521887e+01
2.132250341996900289e+01
2.128416650175704916e+01
2.124392597649721282e+01
2.120178394895917151e+01
2.115774157945579859e+01
2.111180098862402232e+01
2.106396325531583358e+01
2.101423045938164336e+01
2.096260354166363271e+01
2.090908447656774882e+01
2.085367400204262367e+01
2.079637391340200026e+01
2.073718467137133814e+01
2.067610780836528761e+01
2.061314342279988665e+01
2.054829268883590743e+01
2.048155524518638515e+01
2.041293179920332079e+01
2.034242141835633788e+01
2.027002421946210120e+01
2.019573857086979984e+01
2.011956385760309729e+01
2.004149760205950059e+01
1.996153829584553563e+01
1.987968244647929694e+01
1.979592746673801784e+01
1.971026865444315135e+01
1.962270213019467846e+01
1.953322175680928652e+01
1.944182211636919888e+01
1.934849537527105667e+01
1.925323429154835253e+01
1.915602903075825481e+01
1.905687019451816155e+01
1.895574559159471306e+01
1.885264327849245092e+01
1.874754828908657345e+01
1.864044567786981332e+01
1.853131721025309275e+01
1.842014439865447173e+01
1.830690515412640806e+01
1.819157680477394123e+01
1.807413270758017632e+01
1.795454523755518039e+01
1.783278235641047615e+01
1.770881055920239078e+01
1.758259139369528512e+01
1.745408434883763604e+01
1.732324331501851944e+01
1.719001939515666422e+01
1.705435729125147759e+01
1.691619801365973075e+01
1.677547517285244538e+01
1.663211755481616194e+01
1.648604528796368385e+01
1.633717224130374035e+01
1.618540202380079762e+01
1.603063014506050621e+01
1.587273978618170034e+01
1.571160363701874374e+01
1.554707935066930169e+01
1.537901093152851750e+01
1.520722374506604702e+01
1.503152526751152429e+01
1.485169946039156486e+01
1.466750658870416402e+01
1.447867667255075474e+01
1.428490790318465997e+01
1.408585873107272590e+01
1.388114408986950821e+01
1.367032544377561365e+01
1.345290340876136170e+01
1.322830476013249168e+01
1.299586866821606534e+01
1.275482955616995717e+01
1.250429040577037831e+01
1.224320593059860940e+01
1.197037453238020888e+01
1.168520771188431340e+01
1.139029576742276717e+01
1.109066648472559891e+01
1.079085246041947244e+01
1.049407576352495930e+01
1.020239104438528166e+01
9.916995927994737059e+00
9.638516797016439597e+00
9.367223640519158678e+00
9.103159372805960103e+00
8.846227798296322220e+00
8.596233958806784869e+00
8.352914284368148756e+00
8.115939222618470339e+00
7.884915425206126649e+00
7.659363300201117220e+00
7.438689082816664744e+00
7.222125897277241968e+00
7.008769546563653918e+00
6.797950461732945371e+00
6.589449708144753615e+00
6.383210347011274877e+00
6.179195964447787404e+00
5.977372094253476931e+00
5.777706218918455150e+00
5.580166418703894848e+00
5.384724380136703736e+00
5.191353830436292505e+00
5.000033876606629235e+00
4.810747442796991180e+00
4.623484682418940395e+00
4.438241488799938850e+00
4.255022851486938151e+00
4.073841394177890152e+00
3.894720550540041959e+00
3.717693013839461269e+00
3.542803580985241396e+00
3.370107347143799004e+00
3.199672036956687560e+00
3.031575746600288834e+00
2.865908571261357007e+00
2.702769706157282403e+00
2.542268221180987720e+00
2.384519414115541469e+00
2.229644711315093009e+00
2.077767343551420343e+00
1.929011567396781812e+00
1.783497973843116258e+00
1.641342456332500310e+00
1.502651655732279545e+00
1.367522219850337395e+00
1.236036913650695679e+00
1.108264634643158386e+00
9.842575435930875916e-01
8.640520544418471838e-01
7.476670592042612418e-01
6.351058278876895447e-01
5.263551497606051566e-01
4.213878809353969190e-01
3.201626921405330561e-01
2.226269365139808554e-01
1.287166878160112549e-01
3.835964193607684786e-02
-4.852479839357156516e-02
-1.320227844458375377e-01
-2.122260390877081515e-01
-2.892293836165226173e-01
-3.631309242773422818e-01
-4.340298783510555536e-01
-5.020269402615112897e-01
-5.672223966859737398e-01
-6.297166519058559064e-01
-6.896086001274976951e-01
-7.469962767846531904e-01
-8.019754491235814298e-01
-8.546403581026283947e-01
-9.050824892076237971e-01
-9.533913730201782899e-01
-9.996535028171362747e-01
-1.043953167405566429e+00
-1.086371487762275656e+00
-1.126987261514742933e+00
-1.165876096390850325e+00
-1.203111250906137908e+00
-1.238762847173662029e+00
-1.272898696645942573e+00
-1.305583578739327733e+00
-1.336880043861060630e+00
-1.366847747382936129e+00
-1.395544224767524488e+00
-1.423024272805158974e+00
-1.449340693582672257e+00
-1.474543716712355179e+00
-1.498681710301630998e+00
-1.521800639277398837e+00
-1.543944742536637271e+00
-1.565156023508494476e+00
-1.585474893390271811e+00
-1.604939690876501013e+00
-1.623587291888751727e+00
-1.641452655997296395e+00
-1.658569403395136144e+00
-1.674969385993232640e+00
-1.690683232611658093e+00
-1.705739943078599996e+00
-1.720167402748811636e+00
-1.733991998206298790e+00
-1.747239102294085411e+00
-1.759932710232510633e+00
-1.772095896373288237e+00
-1.783750469711802733e+00
-1.794917403576330006e+00
-1.805616509645837642e+00
-1.815866841760836348e+00
-1.825686387665678589e+00
-1.835092448087633832e+00
-1.844101345511321099e+00
-1.852728779622621502e+00
-1.860989552496218780e+00
-1.868897901444841692e+00
-1.876467240062744901e+00
-1.883710469461280956e+00
-1.890639734663501548e+00
-1.897266715145971228e+00
-1.903602396125942287e+00
-1.909657339266894516e+00
-1.915441468440136630e+00
-1.920964321391422702e+00
-1.926234849593900122e+00
-1.931261651613557007e+00
-1.936052786703538642e+00
-1.940615990547914338e+00
-1.944958502276948220e+00
-1.949087263213267196e+00
-1.953008757015038732e+00
-1.956729191995076000e+00
-1.960254354124308040e+00
-1.963589773443609854e+00
-1.966740589684135232e+00
-1.969711703242112533e+00
-1.972507653195929134e+00
-1.975132753267513142e+00
-1.977590982037846778e+00
-1.979886104273414382e+00
-1.982021573163044836e+00
-1.984000637345222584e+00
-1.985826255009049524e+00
-1.987501186916587281e+00
-1.989027922230864220e+00
-1.990408757787371030e+00
-1.991645735530926498e+00
-1.992740708251631521e+00
-1.993695288531378340e+00
-1.994510901122103830e+00
-1.995188743320863933e+00
-1.995729824131184715e+00
-1.996134936004451355e+00
-1.996404680889136252e+00
-1.996539453293681987e+00
