2.594367677460478916e+00
2.593790376989212110e+00
2.592635719376765291e+00
2.590903954118314090e+00
2.588594910384091285e+00
2.585709086656138744e+00
2.582246195475804917e+00
2.578206983285384002e+00
2.573591041852265615e+00
2.568399364013906894e+00
2.562631414896836990e+00
2.556288431599375688e+00
2.549369744952966865e+00
2.541876833571299787e+00
2.533808884462464217e+00
2.525167614344784539e+00
2.515952054890744805e+00
2.506164156780063212e+00
2.495802782717626567e+00
2.484870112386825980e+00
2.473364823608497076e+00
2.461289319198968872e+00
2.448642073696276622e+00
2.435425706148594660e+00
2.421638466694332248e+00
2.407283182542952371e+00
2.392357855318441029e+00
2.376865510987249852e+00
2.360803875214709802e+00
2.344176161792307145e+00
2.326979789260911868e+00
2.309218146548548845e+00
2.290888309720052085e+00
2.271993828124431847e+00
2.252531395263031033e+00
2.232504703842765448e+00
2.211910019324798693e+00
2.190751157982640418e+00
2.169023905593224999e+00
2.146732179023220333e+00
2.123871225624054837e+00
2.100445036156705303e+00
2.076448252592908883e+00
2.051884908510515082e+00
2.026748963989883023e+00
2.001044459180590263e+00
1.974764584573720727e+00
1.947913344519545564e+00
1.920483059052036534e+00
1.892477647055260448e+00
1.863888441637501003e+00
1.834719217817176506e+00
1.804960186709392289e+00
1.774614910559913827e+00
1.743672321099914768e+00
1.712135686181178729e+00
1.679992473774937212e+00
1.647245560241642703e+00
1.613880732547051000e+00
1.579900359507261376e+00
1.545288289473638832e+00
1.510046244294015683e+00
1.474155826096227084e+00
1.437617941322379300e+00
1.400411575743121029e+00
1.362536615679628804e+00
1.323968981421567603e+00
1.284707288756100629e+00
1.244723842454687146e+00
1.204015679356791768e+00
1.162550808163159921e+00
1.120324304178817565e+00
1.077299028366042632e+00
1.033467616362460761e+00
9.887867019330405238e-01
9.432458790373325908e-01
8.967941662621288224e-01
8.494173525027950422e-01
8.010550269345300123e-01
7.516881995279580675e-01
7.012446130056029236e-01
6.496992517545860935e-01
5.969647182136994523e-01
5.430083789772435221e-01
4.877230815792295560e-01
4.310665729301797477e-01
3.729052482278007452e-01
3.131848427553242109e-01
2.517351021466379679e-01
1.884873482411301149e-01
1.232180125593608372e-01
5.584342376357837034e-02
-1.394392029434526892e-02
-8.623295260813912400e-02
-1.614837073153108093e-01
-2.396911979005923454e-01
-3.210607177366547882e-01
-3.985792660765580808e-01
-4.603540347139090660e-01
-5.050290969000572616e-01
-5.371126423359244839e-01
-5.607491253064724734e-01
-5.790821127369876198e-01
-5.942768069236313844e-01
-6.076964785922428502e-01
-6.202643768364169974e-01
-6.325391400399319464e-01
-6.449651659102155765e-01
-6.578401570414340593e-01
-6.714910731246136466e-01
-6.862128464789646332e-01
-7.024231428929393894e-01
-7.206383585554808624e-01
-7.416475994771258851e-01
-7.665102975750646142e-01
-7.954476181495089282e-01
-8.264526515309258414e-01
-8.579824544362806282e-01
-8.898246709493642381e-01
-9.219271408924688549e-01
-9.542913278098815733e-01
-9.869020112035865600e-01
-1.019745123382219676e+00
-1.052803438665174340e+00
-1.086049420490933670e+00
-1.119458097705332333e+00
-1.152988776722530639e+00
-1.186605531857670259e+00
-1.220253853892699025e+00
-1.253884864758952888e+00
-1.287429753152160350e+00
-1.320825888553800898e+00
-1.353990572237097734e+00
-1.386848143578414794e+00
-1.419303949114449681e+00
-1.451271982645161440e+00
-1.482649627849082830e+00
-1.513345575289899658e+00
-1.543255629620753799e+00
-1.572290657457123819e+00
-1.600353453952968907e+00
-1.627366321369914326e+00
-1.653248653297758386e+00
-1.677943539956951335e+00
-1.701395493650972979e+00
-1.723575438257760162e+00
-1.744458053400001596e+00
-1.764044768491869641e+00
-1.782340556305751944e+00
-1.799375007471419208e+00
-1.815178836866158329e+00
-1.829803499156525071e+00
-1.843297929860880924e+00
-1.855727293428543367e+00
-1.867150473371155917e+00
-1.877638430072580356e+00
-1.887252764554284035e+00
-1.896063936629236446e+00
-1.904130999593921958e+00
-1.911519723682421512e+00
-1.918283434852378511e+00
-1.924480967020570032e+00
-1.930158463053899931e+00
-1.935367039474472195e+00
-1.940145399819999339e+00
-1.944537106085342693e+00
-1.948573880282161497e+00
-1.952292407288615417e+00
-1.955718234687912949e+00
-1.958882063175131361e+00
-1.961804184838573217e+00
-1.964510241984248617e+00
-1.967016165970355557e+00
-1.969343401903735469e+00
-1.971504324380590756e+00
-1.973516935376443682e+00
-1.975390741696303687e+00
-1.977140938533846537e+00
-1.978774738051770399e+00
-1.980305053274389993e+00
-1.981737269521931522e+00
-1.983082443778590109e+00
-1.984344511718154402e+00
-1.985533017266397193e+00
-1.986650748313035786e+00
-1.987706010346616425e+00
-1.988700684014081732e+00
-1.989642055718131575e+00
-1.990531290156367872e+00
-1.991374829775610422e+00
-1.992173275394137910e+00
-1.992932365469936906e+00
-1.993652257922986726e+00
-1.994338099319717061e+00
-1.994989701079565192e+00
-1.995611707909992649e+00
-1.996203661700661769e+00
-1.996769777856693295e+00
-1.997309390346919677e+00
-1.997826343968327256e+00
-1.998319814212562440e+00
-1.998793322941710526e+00
-1.999245926960574016e+00
-1.999680864083772880e+00
-2.000097104542394977e+00
-2.000497633966821454e+00
-2.000881362008763986e+00
-2.001251048346319283e+00
-2.001605563161135581e+00
-2.001947461886275814e+00
-2.002275592439387797e+00
-2.002592324075249230e+00
-2.002896496536399340e+00
-2.003190308036824074e+00
-2.003472601749165083e+00
-2.003745417630522052e+00
-2.004007611918453780e+00
-2.004261077211372921e+00
-2.004504690892687790e+00
-2.004740207594291501e+00
-2.004966532708489790e+00
-2.005185291091541977e+00
-2.005395422055899601e+00
-2.005598427910119774e+00
-2.005793287049488782e+00
-2.005981385677909845e+00
-2.006161745833768162e+00
-2.006335643398345248e+00
-2.006502148107039751e+00
-2.006662430717562895e+00
-2.006815612265839821e+00
-2.006962763046127751e+00
-2.007103058577246468e+00
-2.007237472835754488e+00
-2.007365238602442759e+00
-2.007487237187831397e+00
-2.007602761030616634e+00
-2.007712601960518928e+00
-2.007816114118543549e+00
-2.007914002613119475e+00
-2.008005685025317621e+00
-2.008091782128126113e+00
-2.008171776426994626e+00
-2.008246206427510838e+00
-2.008314620842700737e+00
-2.008377477710570069e+00
-2.008434393075201996e+00
-2.008485746073046752e+00
-2.008531221066425676e+00
-2.008571119636816782e+00
-2.008605195318726722e+00
-2.008633673260420416e+00
-2.008656376874835559e+00
-2.008673455753925197e+00
-2.008684803722486478e+00
-2.008690495421589617e+00
