-1.851635433138339693e+01
-1.851527025766451118e+01
-1.851309720674598225e+01
-1.850984509254593746e+01
-1.850549919689773759e+01
-1.850007935790261016e+01
-1.849356101947695308e+01
-1.848597396448919383e+01
-1.847728376002537587e+01
-1.846753016473314091e+01
-1.845666881397841763e+01
-1.844474948379243173e+01
-1.843171780653608849e+01
-1.841763362803947146e+01
-1.840243248943472665e+01
-1.838618436985527893e+01
-1.836881461336249544e+01
-1.835040340732451725e+01
-1.833086577444275989e+01
-1.831029219707039246e+01
-1.828858723284058740e+01
-1.826585175812482831e+01
-1.824197970121617729e+01
-1.821708244435232160e+01
-1.819104310030564875e+01
-1.816398368242594685e+01
-1.813577627835762129e+01
-1.810655367188608977e+01
-1.807617669073187727e+01
-1.804478904327898192e+01
-1.801224003529186035e+01
-1.797868446956187327e+01
-1.794395983834587227e+01
-1.790823222523772529e+01
-1.787132698527059915e+01
-1.783342168687290652e+01
-1.779432918889897408e+01
-1.775423876736146411e+01
-1.771295038730654170e+01
-1.767066527506377227e+01
-1.762717006156355026e+01
-1.758267818758861267e+01
-1.753696246229667111e+01
-1.749024882789592539e+01
-1.744229573148010104e+01
-1.739334192816223634e+01
-1.734313090381496636e+01
-1.729191456432673846e+01
-1.723942076900382148e+01
-1.718591494065064751e+01
-1.713110857204085846e+01
-1.707528099947799305e+01
-1.701812652451613062e+01
-1.695993882640697237e+01
-1.690039409404333881e+01
-1.683980081431209541e+01
-1.677781603107056796e+01
-1.671476354146863486e+01
-1.665028008374633828e+01
-1.658470530882319594e+01
-1.651765433953192996e+01
-1.644948326768238189e+01
-1.637978411624649056e+01
-1.630893005163109422e+01
-1.623648830612209082e+01
-1.616284980400239490e+01
-1.608755505007836817e+01
-1.601101346167279260e+01
-1.593273658368652868e+01
-1.585315311557569373e+01
-1.577174305059976689e+01
-1.568895521463545784e+01
-1.560423501589593620e+01
-1.551805230538657554e+01
-1.542981432340085846e+01
-1.534001289642121257e+01
-1.524801282048237105e+01
-1.515432889362757329e+01
-1.505827830251833710e+01
-1.496039984733304351e+01
-1.485995678123033059e+01
-1.475751295442677069e+01
-1.465226982017875379e+01
-1.454481732004073002e+01
-1.443428514126333262e+01
-1.432129032150443670e+01
-1.420487787946025371e+01
-1.408569289288143267e+01
-1.396267856894503012e+01
-1.383650892963956913e+01
-1.370600186484144167e+01
-1.357186139981866724e+01
-1.343274659569781981e+01
-1.328939348979024082e+01
-1.314025211833513573e+01
-1.298609630885561828e+01
-1.282508679778088023e+01
-1.265805440954641625e+01
-1.248272991752617500e+01
-1.230005923239215804e+01
-1.210698260951432559e+01
-1.190128924568540292e+01
-1.165917564257774863e+01
-1.136981595060517236e+01
-1.104780481862997021e+01
-1.070806564683356399e+01
-1.036083619121634669e+01
-1.001342950698064094e+01
-9.669054372871064729e+00
-9.331228000519759647e+00
-9.000508577321484793e+00
-8.679609682615721411e+00
-8.368273421358138009e+00
-8.069383861859144247e+00
-7.782236732990067907e+00
-7.510044033020698784e+00
-7.251484661622172645e+00
-7.010068441399702088e+00
-6.783511477730987060e+00
-6.575658517254058921e+00
-6.382715167319146232e+00
-6.208949040327842006e+00
-6.047638678837565784e+00
-5.903009636829456674e+00
-5.759594811291402827e+00
-5.615953637787226782e+00
-5.413543383156635969e+00
-5.473723576325362217e+00
-5.605152989748766856e+00
-5.757993282560589954e+00
-5.941528305627854500e+00
-6.160942415579900633e+00
-6.425565408930625999e+00
-6.727538295046489480e+00
-7.039683232489471365e+00
-7.316219072123010037e+00
-7.524543379443642266e+00
-7.656703583754455700e+00
-7.727353927888239049e+00
-7.755641403386320576e+00
-7.759881603006084205e+00
-7.750958649843116000e+00
-7.736623077070917454e+00
-7.719768821483533827e+00
-7.702951096287790733e+00
-7.686268071024981552e+00
-7.670707933096576170e+00
-7.655707355644981504e+00
-7.641863377484376940e+00
-7.628531019635539145e+00
-7.616207828036919203e+00
-7.604286374885782962e+00
-7.593225339314448874e+00
-7.582468251673254223e+00
-7.572446413149063638e+00
-7.562649220366535197e+00
-7.553483587189540494e+00
-7.544478410064232143e+00
-7.536018093354379666e+00
-7.527665793937915240e+00
-7.519785141023204389e+00
-7.511969371521860950e+00
-7.504562946782536770e+00
-7.497185778654458232e+00
-7.490164602496703239e+00
-7.483143171819504502e+00
-7.476431770158052714e+00
-7.469695600977075856e+00
-7.463229620575418721e+00
-7.456718445111236271e+00
-7.450442701749856234e+00
-7.444104673547781381e+00
-7.437971551328479869e+00
-7.431761782206670830e+00
-7.425729925373230955e+00
-7.419609293182226395e+00
-7.413642543284600706e+00
-7.407576726567453917e+00
-7.401643265146816475e+00
-7.395601967542662969e+00
-7.389673630584824515e+00
-7.383629963568410837e+00
-7.377681699297812479e+00
-7.371611696992041551e+00
-7.365621143388367820e+00
-7.359503387886378256e+00
-7.353450550691101206e+00
-7.347265890425199508e+00
-7.341132906148490456e+00
-7.334864253316536242e+00
-7.328635224907846357e+00
-7.322267420939509996e+00
-7.315928316498246708e+00
-7.309448057008030020e+00
-7.302986664113033655e+00
-7.296382476773532133e+00
-7.289788406768479945e+00
-7.283050677159211617e+00
-7.276315415186029867e+00
-7.269436456958882076e+00
-7.262553454644708140e+00
-7.255527621305131625e+00
-7.248492429799804349e+00
-7.241316266078935193e+00
-7.234126707679474855e+00
-7.226799138861312422e+00
-7.219455515690982317e+00
-7.211978073327065530e+00
-7.204483411421945149e+00
-7.196860493589769980e+00
-7.189220820283087399e+00
-7.181459983867969576e+00
-7.173684635453581926e+00
-7.165796916772568359e+00
-7.157898871986563272e+00
-7.149899130348333465e+00
-7.141895363171490096e+00
-7.133802639586686922e+00
-7.125714482125722782e+00
-7.117552362250787468e+00
-7.109405864917986761e+00
-7.101202831377382729e+00
-7.093029103245501510e+00
-7.084818857732487984e+00
-7.076654364818898202e+00
-7.068476094913025420e+00
-7.060362888403004078e+00
-7.052261448114965248e+00
-7.044247288538574736e+00
-7.036273255673965110e+00
-7.028411593391840739e+00
-7.020621161648096020e+00
-7.012970929568997036e+00
-7.005425589907003925e+00
-6.998050762389793178e+00
-6.990816728029018989e+00
-6.983785601911407070e+00
-6.976932935881860587e+00
-6.970317097162405773e+00
-6.963918512315586007e+00
-6.957791466694129845e+00
-6.951920786699071542e+00
-6.946356254868829794e+00
-6.941086551425590834e+00
-6.936156460496939680e+00
-6.931557915811413118e+00
-6.927330154680654495e+00
-6.923467736331807565e+00
-6.920003781337448423e+00
-6.916934854194814797e+00
-6.914287406302803696e+00
-6.912059436682846503e+00
-6.910270235842362219e+00
-6.908918759678078558e+00
-6.908016749280458058e+00
-6.907563772908267730e+00
