2.783579942728831865e-08
2.785213545907267034e-08
2.788483417080179953e-08
2.793395003529662836e-08
2.799956327135900762e-08
2.808178338223020502e-08
2.818074498400150387e-08
2.829661373301423688e-08
2.842958003275522291e-08
2.857986739551672003e-08
2.874772398448525991e-08
2.893343347386843730e-08
2.913730436773119713e-08
2.935968344244308839e-08
2.960094276803499469e-08
2.986149583747889949e-08
3.014178219975328799e-08
3.044228640237712603e-08
3.076352012780333796e-08
3.110604409908283859e-08
3.147044759243722693e-08
3.185737348122103829e-08
3.226749497735738258e-08
3.270154401621774031e-08
3.316028505780252292e-08
3.364454704513215117e-08
3.415519407234604959e-08
3.469316118211911808e-08
3.525942168196315671e-08
3.585502708246419402e-08
3.648107081468463662e-08
3.713873265120758530e-08
3.782923854628108520e-08
3.855390992630327648e-08
3.931411933985565021e-08
4.011134505401584205e-08
4.094712216322791605e-08
4.182310298344135930e-08
4.274100322637444842e-08
4.370266874575801973e-08
4.471001633641356084e-08
4.576510745679793755e-08
4.687008315979054085e-08
4.802724549436760912e-08
4.923898601639175237e-08
5.050787566083123754e-08
5.183658621533724543e-08
5.322798955440683223e-08
5.468507138523470290e-08
5.621104084819035067e-08
5.780923576233852371e-08
5.948324372445220396e-08
6.123679798951861859e-08
6.307391134541347894e-08
6.499876166036270648e-08
6.701583997478358892e-08
6.912982463162690459e-08
7.134574521361511554e-08
7.366884404192995665e-08
7.610475779945284097e-08
7.865936503656922178e-08
8.133898756277929507e-08
8.415022243335069200e-08
8.710016546724847572e-08
9.019622600258719104e-08
9.344637521327208210e-08
9.685894171206023733e-08
1.004428876974571281e-07
1.042075832477059828e-07
1.081631137401322940e-07
1.123200304142252556e-07
1.166896929756626848e-07
1.212839937080759122e-07
1.261157397125538626e-07
1.311983475115947937e-07
1.365462699926132215e-07
1.421746580694167764e-07
1.480998381074368160e-07
1.543389367828183432e-07
1.609104155821843789e-07
1.678336545216345813e-07
1.751295512515282796e-07
1.828200587614371616e-07
1.909288577002788636e-07
1.994808425922690153e-07
2.085028772274443356e-07
2.180232232414105917e-07
2.280723898674095563e-07
2.386824979823851816e-07
2.498882371703799164e-07
2.617261575025443144e-07
2.742357487788256527e-07
2.874586513842228647e-07
3.014398747935857482e-07
3.162269178256279548e-07
3.318711460636284213e-07
3.484268107094606877e-07
3.659526075483069246e-07
3.845105823879464767e-07
4.041678976447467557e-07
4.249956110441059265e-07
4.470706799055188985e-07
4.704745983917742912e-07
4.952956742118169192e-07
5.216275082644750853e-07
5.495715838615010529e-07
5.792355711584772886e-07
6.107362752433662393e-07
6.441977463510929208e-07
6.797546403954644684e-07
7.175501147296543041e-07
7.577396630653435653e-07
8.004887756290933220e-07
8.459773200637510100e-07
8.943969444809133257e-07
9.459560870291266853e-07
1.000877100913865291e-06
1.059401987980596998e-06
1.121789226802597056e-06
1.188320339951914792e-06
1.259296410544303644e-06
1.335045608839845009e-06
1.415919390393155319e-06
1.502301125011142881e-06
1.594601982727312187e-06
1.693270826325691368e-06
1.798789812582885440e-06
1.911685727191543212e-06
2.032525362558221725e-06
2.161928488315184776e-06
2.300563120602111773e-06
2.449160327188950992e-06
2.608509588460272771e-06
2.779475623406156119e-06
2.962994179776658912e-06
3.160091016575082487e-06
3.371878687069159119e-06
3.599577690828056849e-06
3.844515211624614387e-06
4.108148246519716963e-06
4.392066216072505284e-06
4.698016465054219074e-06
5.027918506167723290e-06
5.383909942892152792e-06
5.768457519579605666e-06
6.184737327882518370e-06
6.637978121375328298e-06
7.138948285218909826e-06
7.707160146442088242e-06
8.364937358117642227e-06
9.129039369266657989e-06
1.001164630483832824e-05
1.102330247413755334e-05
1.217441883821552987e-05
1.347545044548695808e-05
1.493721548835567947e-05
1.657071777370197136e-05
1.838741381092742763e-05
2.039897043590055301e-05
2.261755580556817929e-05
2.505553658102405880e-05
2.772581339549561776e-05
3.064145121915221162e-05
3.381608021635966027e-05
3.726345039058566542e-05
4.099791933892903394e-05
4.503391876121037488e-05
4.938655138135324542e-05
5.407095320982992492e-05
5.910302340814469185e-05
6.449866254958949686e-05
7.027466150968784573e-05
7.644779229716752494e-05
8.303588509773743222e-05
9.005674441422201659e-05
9.752944714229631429e-05
1.054730526514594571e-04
1.139081592550736816e-04
1.228553723859232604e-04
1.323371621167979898e-04
1.423760486447023547e-04
1.529968097460132940e-04
1.642243372850096599e-04
1.760862508188355575e-04
1.886103726786340993e-04
2.018278125958907670e-04
2.157700019393712194e-04
2.304723245023785933e-04
2.459706425661043611e-04
2.623055612366837581e-04
2.795183699725196642e-04
2.976560425708432646e-04
3.167665074466158781e-04
3.369045031677066768e-04
3.581260788879384515e-04
3.804954470439813230e-04
4.040786016904820413e-04
4.289513366986409258e-04
4.551918540788168653e-04
4.828901492358469126e-04
5.121394634767692218e-04
5.430472795867397800e-04
5.757254524578790189e-04
6.103031112127053600e-04
6.469152792602086760e-04
6.857180472667833522e-04
7.268754692608160595e-04
7.705774594022711532e-04
8.170247249126129721e-04
8.664499567087839563e-04
9.191005348922483926e-04
9.752637404709994882e-04
1.035246948787722082e-03
1.099407804092261687e-03
1.168131607982862393e-03
1.241867697017979373e-03
1.321103750606678930e-03
1.406410035605577162e-03
1.498410426131074804e-03
1.597836794544561703e-03
1.705496700315785969e-03
1.822341123016397958e-03
1.949429123685059943e-03
2.088013516637205347e-03
2.239503494174597837e-03
2.405575040651422841e-03
2.588133843760858331e-03
2.789460841788176607e-03
3.012180313916400839e-03
3.259456988603949123e-03
3.534979192782959460e-03
3.843234493290954151e-03
4.189527616599002940e-03
4.580380761379394643e-03
5.023625817782761092e-03
5.529011842652927812e-03
6.108452178209428443e-03
6.776993681398215882e-03
7.553387210327001423e-03
8.461722801350565412e-03
9.532686271390491961e-03
1.080648814870709129e-02
1.233561049443059228e-02
1.419037652591535574e-02
1.646499604684716067e-02
1.928868329428262696e-02
2.283888484849667250e-02
2.736349717518795494e-02
3.320709837188447894e-02
4.084648843945273139e-02
5.091154140069197725e-02
6.412342310652752175e-02
8.072104220108219930e-02
9.800876033115103747e-02
1.114751476623734860e-01
1.191393920300456155e-01
