1.393934207740235252e+04
1.393503942741369974e+04
1.392643866745531159e+04
1.391354890308883841e+04
1.389638371861289852e+04
1.387496125364088766e+04
1.384930402990679977e+04
1.381943907891466006e+04
1.378539768318588176e+04
1.374721555500617251e+04
1.370493249334696156e+04
1.365859261373839036e+04
1.360824392248567347e+04
1.355393859769207666e+04
1.349573248276074628e+04
1.343368541857785931e+04
1.336786065863697877e+04
1.329832525236831316e+04
1.322514938454313415e+04
1.314840680969888672e+04
1.306817411877160157e+04
1.298453122451830495e+04
1.289756055858381296e+04
1.280734760775960422e+04
1.271398004491575193e+04
1.261754831586063847e+04
1.251814470775680456e+04
1.241586398625776928e+04
1.231080240517808488e+04
1.220305839348334302e+04
1.209273151009901267e+04
1.197992318021775282e+04
1.186473559920929620e+04
1.174727251758708917e+04
1.162763809802311880e+04
1.150593774818507336e+04
1.138227693486660428e+04
1.125676206376917071e+04
1.112949925473151234e+04
1.100059526738797285e+04
1.087015624142382330e+04
1.073828866689699862e+04
1.060509809335990940e+04
1.047069014348627934e+04
1.033516919478835553e+04
1.019863943504732197e+04
1.006120352022037150e+04
9.922963670033906965e+03
9.784020305520467446e+03
9.644473183001649886e+03
9.504420014523826467e+03
9.363957638333422437e+03
9.223180625296066864e+03
9.082182483853554004e+03
8.941054255315952105e+03
8.799885751188394352e+03
8.658764140023498840e+03
8.517775214919187420e+03
8.377001974411517949e+03
8.236525917872893842e+03
8.096425622716646103e+03
7.956778065369485375e+03
7.817657196850585933e+03
7.679135286953979630e+03
7.541281500058763413e+03
7.404163260136665485e+03
7.267844828448405679e+03
7.132388686989223970e+03
6.997854119530702519e+03
6.864298611132565384e+03
6.731776433800856466e+03
6.600340059727719563e+03
6.470038752656459110e+03
6.340919992561905929e+03
6.213028073641457013e+03
6.086405538216004061e+03
5.961091782103971127e+03
5.837124495606356504e+03
5.714538276867800050e+03
5.593366077907995532e+03
5.473637826430186578e+03
5.355381874973704726e+03
5.238623631495660447e+03
5.123387009844926069e+03
5.009693069316326728e+03
4.897561464783790143e+03
4.787009095307439566e+03
4.678051552411851844e+03
4.570701777713983574e+03
4.464971507990567261e+03
4.360869941687788014e+03
4.258405179588709871e+03
4.157582899962597367e+03
4.058407793818393202e+03
3.960882248351130329e+03
3.865007775950085033e+03
3.770783705500256019e+03
3.678208604503624429e+03
3.587278977693249544e+03
3.497990681823117484e+03
3.410337630949002687e+03
3.324313203646917827e+03
3.239908954206111503e+03
3.157116012248987317e+03
3.075923798964915022e+03
2.996321419326761315e+03
2.918296382366598664e+03
2.841835986417557251e+03
2.766926042290413079e+03
2.693552252217122714e+03
2.621698934626389473e+03
2.551350397730318946e+03
2.482489664412645652e+03
2.415099841687024309e+03
2.349162843997424261e+03
2.284660760091861448e+03
2.221574572782958057e+03
2.159885525132163366e+03
2.099573834420468302e+03
2.040620059935219160e+03
1.983003808545014181e+03
1.926705106836563573e+03
1.871703095259754946e+03
1.817977407891132543e+03
1.765506851597946252e+03
1.714270797326063303e+03
1.664247840106111653e+03
1.615417206496989820e+03
1.567757390503663601e+03
1.521247582669940130e+03
1.475866276085029995e+03
1.431592723611592191e+03
1.388405507147695062e+03
1.346284030547229804e+03
1.305207044300693269e+03
1.265154182675015591e+03
1.226104435488564832e+03
1.188037738576639640e+03
1.150933386909892533e+03
1.114771690134248729e+03
1.079532346462627402e+03
1.045196227681666642e+03
1.011743985983148491e+03
9.791587896963851563e+02
9.474283674755017728e+02
9.165592961008779866e+02
8.866191953264369658e+02
8.578617302350517093e+02
8.309334262795937320e+02
8.067575661213667217e+02
7.858751115619403436e+02
7.682148762609286905e+02
7.534249930809877469e+02
7.410984367430575048e+02
7.308540602420996493e+02
7.223515382719757554e+02
7.152978452573287313e+02
7.094425130167967382e+02
7.045760976359855476e+02
7.005233626112506045e+02
6.971402219782814882e+02
6.943074546799208520e+02
6.919279529185236015e+02
6.899216961199532534e+02
6.882238107940574992e+02
6.867807954427807999e+02
6.855493575240916471e+02
6.844936371878679893e+02
6.835846317732505213e+02
6.827981463776065993e+02
6.821146162216499533e+02
6.815175646882239562e+02
6.809936775604078321e+02
6.805316104123113519e+02
6.801222138997171669e+02
6.797575822475180303e+02
6.794313638046540973e+02
6.791379781594361020e+02
6.788729704729580590e+02
6.786323490106692589e+02
6.784129577276701184e+02
6.782119020156623037e+02
6.780269241844420094e+02
6.778558956833289812e+02
6.776971864914983144e+02
6.775492089030194620e+02
6.774107757795333100e+02
6.772806854736289779e+02
6.771580663124833563e+02
6.770419952101312902e+02
6.769318272150009079e+02
6.768268423620802423e+02
6.767265599920976911e+02
6.766304097603494938e+02
6.765380309459191039e+02
6.764489644824734569e+02
6.763629377625665029e+02
6.762795752265662941e+02
6.761986693168063312e+02
6.761199076442139813e+02
6.760431308139997100e+02
6.759680745443844216e+02
6.758946151033162550e+02
6.758225250187842903e+02
6.757517068556492177e+02
6.756819613582983948e+02
6.756132102710206482e+02
6.755452759086782635e+02
6.754780936912361540e+02
6.754115022585416455e+02
6.753454463545284625e+02
6.752797766963237791e+02
6.752144438093068857e+02
6.751493069341231603e+02
6.750843193820160195e+02
6.750193458197074960e+02
6.749543396863141425e+02
6.748891682378554151e+02
6.748237825432210002e+02
6.747580496986905700e+02
6.746919159011828242e+02
6.746252452590174471e+02
6.745579764261864284e+02
6.744899674382456851e+02
6.744211463815878460e+02
6.743513616713825058e+02
6.742805272245894912e+02
6.742084775677202515e+02
6.741351079812349099e+02
6.740602337746548756e+02
6.739837258725049196e+02
6.739053735176696591e+02
6.738250157749403115e+02
6.737424068145810452e+02
6.736573438209757114e+02
6.735695338645152788e+02
6.734787187314508401e+02
6.733845422286716484e+02
6.732866725422834406e+02
6.731846687197788697e+02
6.730781014826211504e+02
6.729664179178686254e+02
6.728490627896305796e+02
6.727253423293617516e+02
6.725945520782087215e+02
6.724558484392991886e+02
6.723084036385974969e+02
6.721513239784409279e+02
6.719839073237237699e+02
6.718057647661414649e+02
6.716174639451804751e+02
6.714214800870538511e+02
6.712245017256502706e+02
6.710428580082894996e+02
6.709038485018282927e+02
6.708298289140823272e+02
