0.000000000000000000e+00
0.000000000000000000e+00
9.295738103356830706e+00
2.790991815835163692e+01
5.588803853982784631e+01
9.329857370641053649e+01
1.402332482659976733e+02
1.968074041588873797e+02
2.631604642625918586e+02
3.394564934602086623e+02
4.258848622425142594e+02
5.226610143588026176e+02
6.300273454953265855e+02
7.482541950284571612e+02
8.776409599376332835e+02
1.018517333539184392e+03
1.171244680492115776e+03
1.336217551458898924e+03
1.513865351570566418e+03
1.704654166941565336e+03
1.909088766498672840e+03
2.127714784412401514e+03
2.361121104027723959e+03
2.609942449856235726e+03
2.874862212797835127e+03
3.156615516722890334e+03
3.455992556638528640e+03
3.773842218514882461e+03
4.111076017016726837e+03
4.468672363637923809e+03
4.847681208693540611e+03
5.249229072698737582e+03
5.674524519259478438e+03
6.124864088814163551e+03
6.601638755824446889e+03
7.106340933558776669e+03
7.640572101768450011e+03
8.206051087480534989e+03
8.804623089667709792e+03
9.438269485739494485e+03
1.010911852950372486e+04
1.081945698836840165e+04
1.157174285259506178e+04
1.236861917690847622e+04
1.321292921577527704e+04
1.410773292868279168e+04
1.505632505191918972e+04
1.606225483371725750e+04
1.712934767284918780e+04
1.826172878388074605e+04
1.946384918332922098e+04
2.074051415379373793e+04
2.209691454779887499e+04
2.353866113199243773e+04
2.507182241781347693e+04
2.670296623541216832e+04
2.843920560272100556e+04
3.028824921889195321e+04
3.225845726701954845e+04
3.435890294895990519e+04
3.659944060496480961e+04
3.899078096211601951e+04
4.154457457667581912e+04
4.427350417161058431e+04
4.719138720429726527e+04
5.031328957044614071e+04
5.365565212372751557e+04
5.723643118486102321e+04
6.107525516157209495e+04
6.519359880494236131e+04
6.961497779376411927e+04
7.436516563731075439e+04
7.947243632858937781e+04
8.496783535682001093e+04
9.088548347937087237e+04
9.726291668986587320e+04
1.041414680575625243e+05
1.115666959908206627e+05
1.195888662902961223e+05
1.282634940585910954e+05
1.376519550887414953e+05
1.478221748633087263e+05
1.588494078176420007e+05
1.708171178295776772e+05
1.838179766833074391e+05
1.979549953655704740e+05
2.133428104999247589e+05
2.301091461592021515e+05
2.483964809426936845e+05
2.683639480183654232e+05
2.901895084031447768e+05
3.140724355572471395e+05
3.402361658601308009e+05
3.689315675244236481e+05
4.004407022778443061e+05
4.350811526507653762e+05
4.732110166461235494e+05
5.152346711382067879e+05
5.616094440661588451e+05
6.128533369814978214e+05
6.695539916518734535e+05
7.323790991725608474e+05
8.020885206878813915e+05
8.795483988396292552e+05
9.657476353022489930e+05
1.061817127990874229e+06
1.169052293174716644e+06
1.288939428314732155e+06
1.423186651899765478e+06
1.573760204974032938e+06
1.742927146130066598e+06
1.933305544321106281e+06
2.147923609946493059e+06
2.390289306375538465e+06
2.664472433983392082e+06
2.975201306341389660e+06
3.327976720224050339e+06
3.729206044243127573e+06
4.186360950390447862e+06
4.708162326234823093e+06
5.304796604473950341e+06
5.988167352169598453e+06
6.772186264339196496e+06
7.673106135525204241e+06
8.709897207590047270e+06
9.904663694121351466e+06
1.128309201266743988e+07
1.287491055035557225e+07
1.471432591224905849e+07
1.684037418192721158e+07
1.929709250481292233e+07
2.213336664403178543e+07
2.540225607962803170e+07
2.915953864110454172e+07
3.346118984794225916e+07
3.835954888506709039e+07
4.389810635313721001e+07
5.010521898409404606e+07
5.698762920466562361e+07
6.452526233789026737e+07
7.266908097016680241e+07
8.134338933630065620e+07
9.045282430882741511e+07
9.989273870523242652e+07
1.095605862525990456e+08
1.193658228882241696e+08
1.292367171844962984e+08
1.391237597749222219e+08
1.490005528825296760e+08
1.588637386898982525e+08
1.687324231189063489e+08
1.786452493463982046e+08
1.886548332658243775e+08
1.988225380496160388e+08
2.092152106030130684e+08
2.199032732163292170e+08
2.309595207445467114e+08
2.424583363899910450e+08
2.544752106088604927e+08
2.670864865512658954e+08
2.803692852857526541e+08
2.944015638555880785e+08
3.092622773600083590e+08
3.250316108901205659e+08
3.417912645446313024e+08
3.596247663634785414e+08
3.786178062922931910e+08
3.988585724207666516e+08
4.204380903680099845e+08
4.434505508183190227e+08
4.679936317975744009e+08
4.941688021287540793e+08
5.220816168505413532e+08
5.518419907062950134e+08
5.835644637879319191e+08
6.173684438553718328e+08
6.533784423509912491e+08
6.917242861394701004e+08
7.325413249429776669e+08
7.759706133069856167e+08
8.221590902979147434e+08
8.712597319539154768e+08
9.234317033928616047e+08
9.788404811760146618e+08
1.037657977155594826e+09
1.100062629332268238e+09
1.166239496027601480e+09
1.236380313098432779e+09
1.310683556455845356e+09
1.389354462984985113e+09
1.472605059101449251e+09
1.560654142448587656e+09
1.653727274108857393e+09
1.752056718126244068e+09
1.855881395183838844e+09
1.965446777230904102e+09
2.081004800902707815e+09
2.202813715019181728e+09
2.331137952760039806e+09
2.466247930543274879e+09
2.608419878978508949e+09
2.757935592624775410e+09
2.915082221028027058e+09
3.080151970094073296e+09
3.253441856071303368e+09
3.435253360747244358e+09
3.625892153061716557e+09
3.825667702031570911e+09
4.034892972764306545e+09
4.253884002914294243e+09
4.482959582197672844e+09
4.722440800250451088e+09
4.972650721295198441e+09
5.233913913452289581e+09
5.506556132926418304e+09
5.790903847026765823e+09
6.087283945034077644e+09
6.396023269256065369e+09
6.717448372429997444e+09
7.051885072796681404e+09
7.399658280158769608e+09
7.761091591686443329e+09
8.136507209948319435e+09
8.526225594998897552e+09
8.930565496577390671e+09
9.349843673111185074e+09
9.784375054360820770e+09
1.023447252565636826e+10
1.070044722156001282e+10
1.118260834660655403e+10
1.168126356481236076e+10
1.219671877133482933e+10
1.272927846533642578e+10
1.327924526838880348e+10
1.384692000269396019e+10
1.443260050185547066e+10
1.503658075842505455e+10
1.565914803183763504e+10
1.630057963537287521e+10
1.696113613622236252e+10
1.764105252739494705e+10
1.834052248817967987e+10
1.905967629636805344e+10
1.979854415841410828e+10
2.055700205623851395e+10
2.133468396297180939e+10
2.213084662724579239e+10
2.294414978586577988e+10
2.377230405239262390e+10
2.461148916059337997e+10
2.545539005806762695e+10
2.629357824358456039e+10
2.710870068720639801e+10
2.787081266262006760e+10
2.852670501850804520e+10
2.900806432061303329e+10
