-1.961282546629931955e+00
-1.961595407578234251e+00
-1.962221089280388409e+00
-1.963159509487218291e+00
-1.964410547674160012e+00
-1.965974039458708633e+00
-1.967849784162787996e+00
-1.970037535502421777e+00
-1.972537012940700940e+00
-1.975347888640547334e+00
-1.978469802619525097e+00
-1.981902345952960998e+00
-1.985645079745663732e+00
-1.989697514568852466e+00
-1.994059133267775730e+00
-1.998729366612155278e+00
-2.003707619962511899e+00
-2.008993245110093806e+00
-2.014585570828650862e+00
-2.020483870875899424e+00
-2.026687398461578304e+00
-2.033195350378446786e+00
-2.040006905421695382e+00
-2.047121184613367451e+00
-2.054537293612353821e+00
-2.062254278992011525e+00
-2.070271174684331861e+00
-2.078586954266246956e+00
-2.087200581485987527e+00
-2.096110958509076916e+00
-2.105316980579670982e+00
-2.114817480172534125e+00
-2.124611285846939701e+00
-2.134697162246213420e+00
-2.145073873206742476e+00
-2.155740117541594003e+00
-2.166694596472497292e+00
-2.177935945128769202e+00
-2.189462804375663207e+00
-2.201273747954215043e+00
-2.213367358785172989e+00
-2.225742151669626523e+00
-2.238396654153702148e+00
-2.251329324703744472e+00
-2.264538638223403844e+00
-2.278022999610577859e+00
-2.291780834025417324e+00
-2.305810495729217369e+00
-2.320110363209089588e+00
-2.334678743191805239e+00
-2.349513970738443813e+00
-2.364614308318253144e+00
-2.379978050995024574e+00
-2.395603420437458553e+00
-2.411488675327923659e+00
-2.427632000176758620e+00
-2.444031621093511575e+00
-2.460685689262903875e+00
-2.477592402228909307e+00
-2.494749881879559705e+00
-2.512156301405296333e+00
-2.529809757628338929e+00
-2.547708403808844668e+00
-2.565850316142152643e+00
-2.584233632599322483e+00
-2.602856413402055757e+00
-2.621716786098553964e+00
-2.640812799811105727e+00
-2.660142576763783406e+00
-2.679704160081617381e+00
-2.699495672003765279e+00
-2.719515154995436390e+00
-2.739760736899074178e+00
-2.760230465100695696e+00
-2.780922478892344785e+00
-2.801834836413076069e+00
-2.822965694518951629e+00
-2.844313128195036899e+00
-2.865875318254815785e+00
-2.887650362893079414e+00
-2.909636473565093695e+00
-2.931831778320885373e+00
-2.954234526246217740e+00
-2.976842882185908312e+00
-2.999655140164285694e+00
-3.022669509068314664e+00
-3.045884335505328444e+00
-3.069297879975189769e+00
-3.092908549668381468e+00
-3.116714664609590457e+00
-3.140714700950523852e+00
-3.164907046514153333e+00
-3.189290255195047497e+00
-3.213862791272996677e+00
-3.238623295600439711e+00
-3.263570317984739511e+00
-3.288702595919195559e+00
-3.314018774253510546e+00
-3.339517697313350020e+00
-3.365198114986393207e+00
-3.391058989178215022e+00
-3.417099185334158573e+00
-3.443317794299222356e+00
-3.469713808170536762e+00
-3.496286458769917171e+00
-3.523034876573929441e+00
-3.549958447174234255e+00
-3.577056451857131947e+00
-3.604328443624914335e+00
-3.631773867787362775e+00
-3.659392459355155669e+00
-3.687183841753304936e+00
-3.715147947685280005e+00
-3.743284593771409874e+00
-3.771593927333574126e+00
-3.800075974384411470e+00
-3.828731115215674219e+00
-3.857559602695499912e+00
-3.886562070084284226e+00
-3.915739016007921069e+00
-3.945091348608240178e+00
-3.974619832809047182e+00
-4.004325675783878324e+00
-4.034209931159332463e+00
-4.064274131923412803e+00
-4.094519644930573854e+00
-4.124948358886114441e+00
-4.155561980799077126e+00
-4.186362788724794726e+00
-4.217352859454201131e+00
-4.248534898532097870e+00
-4.279911385154518300e+00
-4.311485496015918351e+00
-4.343260148585661007e+00
-4.375239041266123508e+00
-4.407425569061474313e+00
-4.439824011619253774e+00
-4.472438284501999206e+00
-4.505273322094467403e+00
-4.538333614214810297e+00
-4.571624870292919418e+00
-4.605152321786962766e+00
-4.638923016162306290e+00
-4.672944661629707674e+00
-4.707232105481354623e+00
-4.741818978967040188e+00
-4.776808758955306544e+00
-4.812480948787050572e+00
-4.849329544799034331e+00
-4.887735127690944203e+00
-4.927690923377189947e+00
-4.968945795168949964e+00
-5.011177997008794627e+00
-5.054069886827861069e+00
-5.097329402635417672e+00
-5.140700622150039756e+00
-5.183963928890985784e+00
-5.226936805368256778e+00
-5.269469324481518946e+00
-5.311441900007799255e+00
-5.352759856893285040e+00
-5.393350766027942278e+00
-5.433159646476122262e+00
-5.472146874919030957e+00
-5.510284420020431284e+00
-5.547554498809001977e+00
-5.583946755845900611e+00
-5.619457541859282479e+00
-5.654087820322741820e+00
-5.687842887715889084e+00
-5.720730800903745639e+00
-5.752762385237361720e+00
-5.783950024140008139e+00
-5.814307844028626882e+00
-5.843850754504927636e+00
-5.872594735885924955e+00
-5.900556054456799870e+00
-5.927751605055785689e+00
-5.954198251005362152e+00
-5.979913192081579787e+00
-6.004913395550008914e+00
-6.029215971387721140e+00
-6.052837671871087011e+00
-6.075795263203334073e+00
-6.098105078288438285e+00
-6.119783378457749556e+00
-6.140845948765901063e+00
-6.161308446315454823e+00
-6.181186030513100782e+00
-6.200493696210491734e+00
-6.219245933432341111e+00
-6.237457044594488131e+00
-6.255140829622857446e+00
-6.272310887132415580e+00
-6.288980321828742781e+00
-6.305162029893568665e+00
-6.320868426246361693e+00
-6.336111714583072541e+00
-6.350903632568644319e+00
-6.365255707077211333e+00
-6.379179015749492976e+00
-6.392684428023539311e+00
-6.405782381764030475e+00
-6.418483110676920234e+00
-6.430796434927309235e+00
-6.442731975514169207e+00
-6.454298957957945504e+00
-6.465506414181910522e+00
-6.476362998482371403e+00
-6.486877177427168739e+00
-6.497057057428533788e+00
-6.506910563130183789e+00
-6.516445275991805453e+00
-6.525668601595961960e+00
-6.534587618728117775e+00
-6.543209235994265960e+00
-6.551540050944329785e+00
-6.559586496351741403e+00
-6.567354708983049960e+00
-6.574850665851497133e+00
-6.582080062283612421e+00
-6.589048438419639275e+00
-6.595761066269954398e+00
-6.602223066695455778e+00
-6.608439305183221535e+00
-6.614414499499011058e+00
-6.620153123943010698e+00
-6.625659507822670768e+00
-6.630937747975674590e+00
-6.635991798162843125e+00
-6.640825389665766743e+00
-6.645442111644332961e+00
-6.649845339629519181e+00
-6.654038306826507210e+00
-6.658024040328333726e+00
-6.661805423273969851e+00
-6.665385138608873383e+00
-6.668765721939182711e+00
-6.671949512679848482e+00
-6.674938697429825929e+00
-6.677735268455217366e+00
-6.680341057625525103e+00
-6.682757702668409294e+00
-6.684986672789301032e+00
-6.687029245076220541e+00
-6.688886527187351660e+00
-6.690559453722484839e+00
-6.692048827576616787e+00
-6.693355374742528952e+00
-6.694479888288270786e+00
-6.695423489557096985e+00
-6.696188199995835255e+00
-6.696778030565734063e+00
-6.697201591563552547e+00
-6.697472862099566271e+00
-6.697604911832444330e+00
