3.000965695101621145e-01
3.000965695101621145e-01
3.000965695101621145e-01
3.000965695101621145e-01
3.000965695101621145e-01
3.000965695101621145e-01
3.000965695101621145e-01
3.000965695101621145e-01
3.000965695101621145e-01
3.000965695101621145e-01
3.000965695101621145e-01
3.000965695101621145e-01
3.000965695101621145e-01
3.000965695101621145e-01
3.000965695101621145e-01
3.000965695101621145e-01
3.000965695101621145e-01
3.000965695101621145e-01
3.000965695101621145e-01
3.000965695101621145e-01
3.000965695101621145e-01
3.000965695101621145e-01
3.000965695101621145e-01
3.000965695101621145e-01
3.000965695101621145e-01
3.000965695101621145e-01
3.000965695101621145e-01
3.000965695101621145e-01
3.000965695101621145e-01
3.000965695101621145e-01
3.000965695101621145e-01
3.000965695101621145e-01
3.000965695101621145e-01
3.000965695101621145e-01
3.000965695101621145e-01
3.000965695101621145e-01
3.000965695101621145e-01
3.000965695101621145e-01
3.000965695101621145e-01
3.000965695101621145e-01
3.000965695101621145e-01
3.000965695101621145e-01
3.000965695101621145e-01
3.000965695101621145e-01
3.000965695101621145e-01
3.000965695101621145e-01
3.000965695101621145e-01
3.000965695101621145e-01
3.000965695101621145e-01
3.000965695101621145e-01
3.000965695101621145e-01
3.000965695101621145e-01
3.000965695101621145e-01
3.000965695101621145e-01
3.000965695101621145e-01
3.000965695101621145e-01
3.000965695101621145e-01
3.000965695101621145e-01
3.000965695101621145e-01
3.000965695101621145e-01
3.000965695101621145e-01
3.000965695101621145e-01
3.000965695101621145e-01
3.000965695101621145e-01
3.000965695101621145e-01
3.000965695101621145e-01
3.000965695101621145e-01
3.000965695101621145e-01
3.000965695101621145e-01
3.000965695101621145e-01
3.000965695101621145e-01
3.000965695101621145e-01
3.000965695101621145e-01
3.000965695101621145e-01
3.000965695101621145e-01
3.000965695101621145e-01
3.000965695101621145e-01
3.000965695101621145e-01
3.000965695101621145e-01
3.000965695101621145e-01
3.000965695101621145e-01
3.000965695101621145e-01
3.000965695101621145e-01
3.000965695101621145e-01
3.000965695101621145e-01
3.000965695101621145e-01
3.000965695101621145e-01
3.000965695101621145e-01
3.000965695101621145e-01
3.000965695101621145e-01
3.000965695101621145e-01
3.000965695101621145e-01
3.000965695101621145e-01
3.000965695101621145e-01
3.000965695101621145e-01
3.000965695101621145e-01
3.000965695101621145e-01
3.000965695101621145e-01
3.000965695101621145e-01
3.000965695101621145e-01
3.000965695101621145e-01
3.000965695101621145e-01
3.000965695101621145e-01
3.000965695101621145e-01
3.000965695101621145e-01
3.000965695101621145e-01
3.000965695101621145e-01
3.000965695101621145e-01
3.000965695101621145e-01
3.000965695101621145e-01
3.000965695101621145e-01
3.000965695101621145e-01
3.000965695101621145e-01
3.000965695101621145e-01
3.000965695101621145e-01
3.000965695101621145e-01
3.000965695101621145e-01
3.000965695101621145e-01
3.000965695101620589e-01
3.000965695101620589e-01
3.000965695101620034e-01
3.000965695101617814e-01
3.000965695101611153e-01
3.000965695101590613e-01
3.000965695101528441e-01
3.000965695101336372e-01
3.000965695100736852e-01
3.000965695098853914e-01
3.000965695092896457e-01
3.000965695073906092e-01
3.000965695012941525e-01
3.000965694815837526e-01
3.000965694174119180e-01
3.000965692070165503e-01
3.000965685122879423e-01
3.000965662013603263e-01
3.000965584548705989e-01
3.000965322740501429e-01
3.000964430158433727e-01
3.000961358889877584e-01
3.000950689533907756e-01
3.000913264333031627e-01
3.000780737779407126e-01
3.000307330697035701e-01
2.998605215735507534e-01
2.992489873804214384e-01
2.971066730698393998e-01
2.903180242420269619e-01
2.737516163856177909e-01
2.468572604634761691e-01
2.160902335870593383e-01
1.865797483712644256e-01
1.600661869128843784e-01
1.368412891139386134e-01
1.167620119131621143e-01
9.955324891982517133e-02
8.489763547715073466e-02
7.247346061481999002e-02
6.197376022875588503e-02
5.311748851071713962e-02
4.565417768094748308e-02
3.936535548785560085e-02
3.406314007690783990e-02
2.958787228367357885e-02
2.580485605624801074e-02
2.260119514741660771e-02
1.988256115234944901e-02
1.757040277126369759e-02
1.559934435455012126e-02
1.391505512941033224e-02
1.247233362151477405e-02
1.123358850489772007e-02
1.016748680032624440e-02
9.247909387570005940e-03
8.453014960673325626e-03
7.764536591863798257e-03
7.167136735455248084e-03
6.647939831597495138e-03
6.196085725616311442e-03
5.802422783203997105e-03
5.459194783778853997e-03
5.159842527661654375e-03
4.898779951601041696e-03
4.671269187355124933e-03
4.473256136457060168e-03
4.301295640305426854e-03
4.152426574342791069e-03
4.024131668734866329e-03
3.914238733528124098e-03
3.820904920994618210e-03
3.742535028978640627e-03
3.677783490179715401e-03
3.625483561455256944e-03
3.584662660218164171e-03
3.554478133041179874e-03
3.534243136124251040e-03
3.523365918286028037e-03
3.521384526918245814e-03
3.527907355520225070e-03
3.542655724726873154e-03
3.565403974881592095e-03
3.596029541369865756e-03
3.634451211250861770e-03
3.680686764076449100e-03
3.734788219568099549e-03
3.796907507700573829e-03
3.867227653004972569e-03
3.946037316946931703e-03
4.033656922698438535e-03
4.130523320161540168e-03
4.237109875838764549e-03
4.354022990008706018e-03
4.481915181515902513e-03
4.621595791417969397e-03
4.773936108957282758e-03
4.939997400537310575e-03
5.120927191092138585e-03
5.318108871623208715e-03
5.533048437250311959e-03
5.767551523028963990e-03
6.023600326138745832e-03
6.303566278561387529e-03
6.610077765385441451e-03
6.946280235590376190e-03
7.315697080417169797e-03
7.722554629010802175e-03
8.171641949182477729e-03
8.668727343344733924e-03
9.220429395451354426e-03
9.834767006328504896e-03
1.052106676386796620e-02
1.129071549879518896e-02
1.215715422382994057e-02
1.313695118774798991e-02
1.424998341180511337e-02
1.552104122524265370e-02
1.698040377665904072e-02
1.866637067663413224e-02
2.062666348793786020e-02
2.292266369549207997e-02
2.563257165581558569e-02
2.885896115566046957e-02
3.273576375028725699e-02
3.744260056261099201e-02
4.322025170122175547e-02
5.039925341699184186e-02
5.943389153057285906e-02
7.095942388930115419e-02
8.585977643482817223e-02
1.053593230660398034e-01
1.310757374227263794e-01
1.648356989803136108e-01
2.068710976422685477e-01
2.477177158632700438e-01
2.726962207473585531e-01
2.825645439106626577e-01
