1.393199374331949912e+04
1.392769108633804535e+04
1.391909033328193618e+04
1.390620053252575599e+04
1.388903533100350614e+04
1.386761275418630794e+04
1.384195542810617371e+04
1.381209021363098145e+04
1.377804853910120073e+04
1.373986589035929137e+04
1.369758225351768488e+04
1.365124146276209649e+04
1.360089175260349657e+04
1.354658496601633306e+04
1.348837721535828859e+04
1.342632795391988657e+04
1.336050074452209446e+04
1.329096219803938220e+04
1.321778284850678210e+04
1.314103596262814608e+04
1.306079852004146596e+04
1.297714989823579162e+04
1.289017295643533726e+04
1.279995260071796656e+04
1.270657696978657077e+04
1.261013588540749879e+04
1.251072213814183851e+04
1.240842982850072985e+04
1.230335575051126398e+04
1.219559762921752008e+04
1.208525559975568285e+04
1.197243034701356919e+04
1.185722467769044306e+04
1.173974156806375686e+04
1.162008582631156423e+04
1.149836205442454593e+04
1.137467639787543521e+04
1.124913442775786825e+04
1.112184297469926787e+04
1.099290793730820405e+04
1.086243619704753110e+04
1.073053335903032166e+04
1.059730574440001510e+04
1.046285806943522948e+04
1.032729551182609066e+04
1.019072133393241347e+04
1.005323901920206481e+04
9.914949845278984867e+03
9.775955086682211913e+03
9.636353543283519684e+03
9.496243805256435735e+03
9.355721742241017637e+03
9.214882826482869859e+03
9.073819587778436471e+03
8.932623990655745729e+03
8.791384859951112958e+03
8.650190307837503497e+03
8.509125134626279760e+03
8.368273301426183025e+03
8.227715310495099402e+03
8.087530719313685040e+03
7.947795504534728934e+03
7.808584613281000202e+03
7.669969314456570828e+03
7.532019783128486779e+03
7.394802442677921135e+03
7.258382578199511045e+03
7.122821672683028737e+03
6.988180045462395356e+03
6.854514185331991030e+03
6.721879410199093400e+03
6.590327199754978210e+03
6.459907872628764380e+03
6.330667920953248540e+03
6.202652701484075806e+03
6.075903774124561096e+03
5.950461603660891342e+03
5.826362904039478053e+03
5.703643347575296502e+03
5.582334916510007133e+03
5.462468616775356168e+03
5.344071838100072455e+03
5.227171069652627011e+03
5.111789269709108339e+03
4.997948580758705248e+03
4.885667709492588983e+03
4.774964639230071043e+03
4.665854020738909639e+03
4.558349880129955636e+03
4.452463020770243020e+03
4.348203725098756877e+03
4.245579167643371875e+03
4.144596109530184549e+03
4.045258322361228693e+03
3.947569274525304081e+03
3.851529565432350864e+03
3.757139603086263378e+03
3.664397047899937661e+03
3.573299481362199913e+03
3.483841858370608861e+03
3.396019167218252278e+03
3.309823889073893952e+03
3.225248649934251262e+03
3.142283685546200104e+03
3.060919486422370483e+03
2.981144266129461812e+03
2.902946600957036935e+03
2.826312899079332055e+03
2.751230037009775970e+03
2.677682826667348763e+03
2.605656651356387556e+03
2.535134927215777680e+03
2.466101742153563464e+03
2.398539307505410761e+03
2.332430604151615626e+03
2.267756819430536325e+03
2.204500005605632396e+03
2.142640496129817166e+03
2.082159582758635224e+03
2.023036904087505945e+03
1.965253148988951580e+03
1.908787408869268120e+03
1.853619916834565174e+03
1.799729353226408421e+03
1.747095632125911152e+03
1.695697147268738263e+03
1.645513620374209268e+03
1.596523271268973758e+03
1.548705746375161425e+03
1.502039192421309053e+03
1.456503288700549092e+03
1.412076197537302278e+03
1.368737731372623557e+03
1.326466144246908470e+03
1.285241475623434326e+03
1.245042134019753576e+03
1.205848476042987841e+03
1.167639113995810931e+03
1.130394817178915673e+03
1.094094454632074303e+03
1.058719386365031141e+03
1.024249044748450387e+03
9.906665638084851935e+02
9.579558060513504643e+02
9.261158545321661677e+02
8.951852617229989164e+02
8.653469677436277152e+02
8.371378455283297626e+02
8.115187324322329232e+02
7.892523210608433146e+02
7.704149140785547161e+02
7.546757604955063243e+02
7.416037097435918213e+02
7.307847008040203036e+02
7.218465540562656315e+02
7.144683342131916106e+02
7.083756513503129781e+02
7.033396225616638731e+02
6.991690659732429367e+02
6.957075156974551646e+02
6.928258194342399747e+02
6.904194266662332211e+02
6.884023850205438748e+02
6.867055248650030990e+02
6.852718928904816948e+02
6.840557998635981676e+02
6.830194106364619984e+02
6.821324349373176119e+02
6.813695606268165648e+02
6.807105685952240037e+02
6.801383561455936615e+02
6.796393098096001495e+02
6.792017371731808453e+02
6.788163848221855687e+02
6.784751548620333779e+02
6.781716958751461561e+02
6.779003216291374656e+02
6.776566306549519823e+02
6.774365723540997806e+02
6.772370686985069597e+02
6.770551911018980036e+02
6.768887689393376377e+02
6.767356523381570241e+02
6.765942990886927646e+02
6.764631061800704401e+02
6.763409708317730065e+02
6.762266786309172630e+02
6.761194368928898939e+02
6.760183106004183173e+02
6.759227277505960956e+02
6.758319565548907804e+02
6.757455832517294994e+02
6.756630255817656234e+02
6.755839839871464392e+02
6.755079874695159106e+02
6.754348193107216503e+02
6.753640922065181940e+02
6.752956497215160425e+02
6.752291681688359404e+02
6.751645350112120241e+02
6.751014753908386865e+02
6.750399086432345257e+02
6.749795977150703266e+02
6.749204848885613046e+02
6.748623625869597618e+02
6.748051893273790256e+02
6.747487806233912124e+02
6.746931061007002199e+02
6.746379993774181685e+02
6.745834371940408118e+02
6.745292672940119019e+02
6.744754703391809016e+02
6.744219049329966538e+02
6.743685530160207691e+02
6.743152812764020609e+02
6.742620706472723668e+02
6.742087934376653493e+02
6.741554274843887242e+02
6.741018484139068505e+02
6.740480289348815859e+02
6.739938457096533284e+02
6.739392642090647314e+02
6.738841597323857968e+02
6.738284881819284919e+02
6.737721208233357402e+02
6.737150012721962185e+02
6.736569936327585992e+02
6.735980259199913007e+02
6.735379512535949971e+02
6.734766778640002940e+02
6.734140430488594120e+02
6.733499298270797908e+02
6.732841533851418490e+02
6.732165643466826168e+02
6.731469474451466795e+02
6.730751112689835054e+02
6.730007989004755018e+02
6.729237638964732469e+02
6.728436926611179842e+02
6.727602664062023905e+02
6.726730952004086248e+02
6.725817660013244677e+02
6.724857890980135835e+02
6.723846340065947516e+02
6.722776920562855594e+02
6.721643085735306613e+02
6.720437769083739568e+02
6.719154004513942482e+02
6.717785777095108415e+02
6.716330240439867794e+02
6.714791763506779034e+02
6.713190763881621024e+02
6.711580536137983017e+02
6.710087525367177932e+02
6.708923072781162773e+02
6.708286165219180930e+02
