-6.758693868703002927e+00
-6.758381172589265518e+00
-6.757755821683860908e+00
-6.756817897630067904e+00
-6.755567524338551344e+00
-6.754004864983803813e+00
-6.752130125898371027e+00
-6.749943551563630351e+00
-6.747445430455825566e+00
-6.744636088026225273e+00
-6.741515894504633621e+00
-6.738085255861985701e+00
-6.734344623578873978e+00
-6.730294483581624299e+00
-6.725935367985353963e+00
-6.721267841992501602e+00
-6.716292517621853086e+00
-6.711010038556463719e+00
-6.705421095872144299e+00
-6.699526410819522049e+00
-6.693326752567429594e+00
-6.686822918901882851e+00
-6.680015756001868255e+00
-6.672906137035694130e+00
-6.665494983988800470e+00
-6.657783244135818457e+00
-6.649771913942226220e+00
-6.641462013387990915e+00
-6.632854611967124114e+00
-6.623950800836577280e+00
-6.614751720940027724e+00
-6.605258532953157236e+00
-6.595472447560418949e+00
-6.585394693165360636e+00
-6.575026548351533329e+00
-6.564369307323967284e+00
-6.553424314587949162e+00
-6.542192928084945791e+00
-6.530676556125809995e+00
-6.518876618181530525e+00
-6.506794584110194180e+00
-6.494431932560063458e+00
-6.481790192532607797e+00
-6.468870899352185511e+00
-6.455675638610560263e+00
-6.442205999654271764e+00
-6.428463621959408236e+00
-6.414450146084138105e+00
-6.400167262525984668e+00
-6.385616660083420548e+00
-6.370800077251686844e+00
-6.355719247933238059e+00
-6.340375955432156374e+00
-6.324771975449177575e+00
-6.308909132738946823e+00
-6.292789241320861926e+00
-6.276414163867975127e+00
-6.259785749060062798e+00
-6.242905893778018189e+00
-6.225776477520295060e+00
-6.208399427481828603e+00
-6.190776649949614630e+00
-6.172910098350866903e+00
-6.154801701537377490e+00
-6.136453434893899939e+00
-6.117867245414339017e+00
-6.099045125968089565e+00
-6.079989037064076562e+00
-6.060700984379952416e+00
-6.041182937102337114e+00
-6.021436908831787171e+00
-6.001464872379054682e+00
-5.981268844167431098e+00
-5.960850795355600695e+00
-5.940212739868564462e+00
-5.919356641707413935e+00
-5.898284506750412604e+00
-5.876998286098897850e+00
-5.855499971801688908e+00
-5.833791496073785332e+00
-5.811874831109964390e+00
-5.789751883999297632e+00
-5.767424600807900426e+00
-5.744894856996859644e+00
-5.722164565969788619e+00
-5.699235564784725483e+00
-5.676109727379554215e+00
-5.652788845349302704e+00
-5.629274746082005620e+00
-5.605569168351276943e+00
-5.581673885617123965e+00
-5.557590576159476825e+00
-5.533320951822947364e+00
-5.508866622389713363e+00
-5.484229230075058581e+00
-5.459410307806814799e+00
-5.434411419810057708e+00
-5.409234013424940812e+00
-5.383879566154829099e+00
-5.358349430613815301e+00
-5.332644988453647983e+00
-5.306767487985639242e+00
-5.280718205448982516e+00
-5.254498274798043767e+00
-5.228108856829169149e+00
-5.201550960561952763e+00
-5.174825620805184379e+00
-5.147933710487854420e+00
-5.120876127318853221e+00
-5.093653596338370448e+00
-5.066266866413055681e+00
-5.038716502177805978e+00
-5.011003091211042815e+00
-4.983127024417705719e+00
-4.955088714851956233e+00
-4.926888365449647367e+00
-4.898526200612889347e+00
-4.870002220028994522e+00
-4.841316444309063272e+00
-4.812468653422961040e+00
-4.783458647900374672e+00
-4.754285970158434793e+00
-4.724950183039025475e+00
-4.695450571994719269e+00
-4.665786443063934641e+00
-4.635956803496539713e+00
-4.605960681675629331e+00
-4.575796783286498304e+00
-4.545463836201647290e+00
-4.514960218702356087e+00
-4.484284332975572163e+00
-4.453434201161940109e+00
-4.422407871888331066e+00
-4.391202979027029940e+00
-4.359817186595086547e+00
-4.328247704094456694e+00
-4.296491775999366602e+00
-4.264546146483905176e+00
-4.232407599641361706e+00
-4.200072364337103181e+00
-4.167536702309037722e+00
-4.134796220952463131e+00
-4.101846400019159233e+00
-4.068681446074181807e+00
-4.035293317649512268e+00
-4.001665162703564427e+00
-3.967751125742616125e+00
-3.933414687735920179e+00
-3.898322844403562026e+00
-3.862003576315167663e+00
-3.824197369910872890e+00
-3.784993091645331820e+00
-3.744651979784768159e+00
-3.703477147175803896e+00
-3.661760271885956541e+00
-3.619766994845381003e+00
-3.577729029361865098e+00
-3.535844655816508642e+00
-3.494278598607745590e+00
-3.453166072708066192e+00
-3.412615100639329935e+00
-3.372711173897503745e+00
-3.333519847985126017e+00
-3.295090802697923316e+00
-3.257459908147235073e+00
-3.220652382295061678e+00
-3.184684190649646585e+00
-3.149564386296072271e+00
-3.115295950746284070e+00
-3.081877504826995295e+00
-3.049303745872590454e+00
-3.017566707760717559e+00
-2.986655928174203112e+00
-2.956559395410352842e+00
-2.927263543725695083e+00
-2.898753984468712463e+00
-2.871015396141101128e+00
-2.844032106317829101e+00
-2.817787919928668838e+00
-2.792266596505463827e+00
-2.767451644411106582e+00
-2.743326723164046577e+00
-2.719875420998747906e+00
-2.697081602242283882e+00
-2.674929178952652364e+00
-2.653402416907816086e+00
-2.632485707858575719e+00
-2.612163843477232295e+00
-2.592421792110168433e+00
-2.573244947248559900e+00
-2.554618911003286641e+00
-2.536529721801143555e+00
-2.518963645767134274e+00
-2.501907387092542123e+00
-2.485347887866057537e+00
-2.469272523697702226e+00
-2.453668912144750358e+00
-2.438525095574106238e+00
-2.423829358090151764e+00
-2.409570397191505009e+00
-2.395737148967297614e+00
-2.382318949796479846e+00
-2.369305369500198211e+00
-2.356686364105649467e+00
-2.344452116601785541e+00
-2.332593181621073430e+00
-2.321100333428868012e+00
-2.309964703248652995e+00
-2.299177634112696822e+00
-2.288730811458476122e+00
-2.278616124473619386e+00
-2.268825790515620167e+00
-2.259352222593545623e+00
-2.250188148104984354e+00
-2.241326482108078721e+00
-2.232760440825047432e+00
-2.224483420369398168e+00
-2.216489105432190687e+00
-2.208771353139590055e+00
-2.201324297314914080e+00
-2.194142237150269015e+00
-2.187219737423801824e+00
-2.180551521675802462e+00
-2.174132568756196981e+00
-2.167958010199971586e+00
-2.162023223485864065e+00
-2.156323733308087576e+00
-2.150855301944904152e+00
-2.145613834123654140e+00
-2.140595464929830882e+00
-2.135796467960855427e+00
-2.131213341255868698e+00
-2.126842718430439927e+00
-2.122681453178790534e+00
-2.118726533075782736e+00
-2.114975163298162375e+00
-2.111424682764679872e+00
-2.108072647832520019e+00
-2.104916750392158420e+00
-2.101954902366874656e+00
-2.099185155181973350e+00
-2.096605785721436632e+00
-2.094215215882388570e+00
-2.092012099463091968e+00
-2.089995237960783570e+00
-2.088163662872829729e+00
-2.086516534520010069e+00
-2.085053194702867874e+00
-2.083772999888831468e+00
-2.082675242929520998e+00
-2.081758737163894590e+00
-2.081021201488699734e+00
-2.080457767238797384e+00
-2.080057461710585365e+00
-2.079802334253842311e+00
-2.079677736572164370e+00
