3.296108356376219184e-02
3.296085557862599158e-02
3.296039965800581784e-02
3.295971539176303228e-02
3.295880292881449292e-02
3.295766144869146513e-02
3.295629119945495816e-02
3.295469094992392600e-02
3.295286104710525715e-02
3.295079984853412775e-02
3.294850779988892087e-02
3.294598284666371002e-02
3.294322553286137961e-02
3.294023339099473591e-02
3.293700706297621877e-02
3.293354366721965715e-02
3.292984394306919943e-02
3.292590459355018012e-02
3.292172645490425847e-02
3.291730581331329258e-02
3.291264360133430017e-02
3.290773568669369542e-02
3.290258309764192840e-02
3.289718128169026590e-02
3.289153136213145839e-02
3.288562836436358799e-02
3.287947350605393421e-02
3.287306138846461667e-02
3.286639332296395488e-02
3.285946348454290428e-02
3.285227327760861099e-02
3.284481644864805511e-02
3.283709449447199530e-02
3.282910073075023111e-02
3.282083674610614815e-02
3.281229542301705021e-02
3.280347844139436253e-02
3.279437824810584046e-02
3.278499661391316711e-02
3.277532554763861600e-02
3.276536691056943645e-02
3.275511227105235706e-02
3.274456358071392570e-02
3.273371196502942310e-02
3.272255946594802151e-02
3.271109676374006625e-02
3.269932599086289998e-02
3.268723738014542995e-02
3.267483315497514418e-02
3.266210309863572941e-02
3.264904952614319095e-02
3.263566176930404739e-02
3.262194223577965374e-02
3.260787980418214382e-02
3.259347697620004758e-02
3.257872217579572266e-02
3.256361800048056948e-02
3.254815241842451412e-02
3.253232812522731388e-02
3.251613263249095859e-02
3.249956873669737623e-02
3.248262349253273895e-02
3.246529980074672889e-02
3.244758425925352990e-02
3.242947987711831265e-02
3.241097279618961741e-02
3.239206613863049311e-02
3.237274559156728265e-02
3.235301439586094063e-02
3.233285778597807386e-02
3.231227912797970947e-02
3.229126320654163856e-02
3.226981352042354589e-02
3.224791440827929484e-02
3.222556951016244953e-02
3.220276272347530333e-02
3.217949783936292774e-02
3.215575831985538480e-02
3.213154811830597896e-02
3.210685026847613643e-02
3.208166889848405173e-02
3.205598662227376883e-02
3.202980775685637660e-02
3.200311450628857968e-02
3.197591139231249074e-02
3.194818022064498803e-02
3.191992573545573975e-02
3.189112935743517591e-02
3.186179607289141291e-02
3.183190693272281574e-02
3.180146718726773597e-02
3.177045753495386093e-02
3.173888351439681232e-02
3.170672549113508903e-02
3.167398931884769092e-02
3.164065505220754748e-02
3.160672888947730491e-02
3.157219059912106524e-02
3.153704675643956290e-02
3.150127687117687536e-02
3.146488793127494299e-02
3.142785921828517709e-02
3.139019817175982274e-02
3.135188387883854760e-02
3.131292427324905425e-02
3.127329828497368847e-02
3.123301438831124419e-02
3.119205139704266105e-02
3.115041837650599221e-02
3.110809406916792072e-02
3.106508818619536927e-02
3.102137944779469192e-02
3.097697827032235701e-02
3.093186340518115640e-02
3.088604603810365945e-02
3.083950500978412460e-02
3.079225234459822408e-02
3.074426703549745440e-02
3.069556202009941434e-02
3.064611651167615386e-02
3.059594444126587445e-02
3.054502531583924360e-02
3.049337414585160527e-02
3.044097081086897735e-02
3.038783149280501611e-02
3.033393652842197516e-02
3.027930336938646633e-02
3.022391290012442153e-02
3.016778394678907432e-02
3.011089803793633168e-02
3.005327548553624745e-02
2.999489856483347414e-02
2.993578919166198227e-02
2.987593049665667258e-02
2.981534612435259371e-02
2.975402017560977927e-02
2.969197815530040876e-02
2.962920525536949165e-02
2.956572897927309956e-02
2.950153573627524450e-02
2.943665517129663220e-02
2.937107503547847082e-02
2.930482723717126384e-02
2.923790089690593216e-02
2.917032992907143268e-02
2.910210340531167728e-02
2.903325170414774656e-02
2.896374527675841734e-02
2.889356507061095758e-02
2.882259694495764926e-02
2.875074131747174661e-02
2.867784313742330685e-02
2.860379952667263179e-02
2.852846751112706608e-02
2.845176223935568655e-02
2.837355862325634248e-02
2.829379001297535265e-02
2.821234708933056598e-02
2.812917826006125846e-02
2.804418638112286116e-02
2.795733128884968222e-02
2.786852454354154379e-02
2.777773426391099906e-02
2.768487791201871412e-02
2.758992947868460152e-02
2.749281025408889176e-02
2.739349837076580571e-02
2.729191748273438953e-02
2.718804866634049952e-02
2.708181693126730794e-02
2.697320548596943493e-02
2.686214001073992594e-02
2.674860530365190739e-02
2.663252725283639030e-02
2.651389188715830986e-02
2.639262499014289817e-02
2.626871358626669054e-02
2.614208314238241140e-02
2.601272152565982029e-02
2.588055374020997376e-02
2.574556839675939610e-02
2.560768993284119263e-02
2.546690763759918916e-02
2.532314530370098626e-02
2.517639285353926934e-02
2.502657337014693381e-02
2.487367737370551474e-02
2.471762717734378098e-02
2.455841386543206051e-02
2.439595891830806731e-02
2.423025394644497121e-02
2.406121952591029622e-02
2.388884774523250543e-02
2.371305819077609844e-02
2.353384336606249155e-02
2.335112176322692509e-02
2.316488621774400597e-02
2.297505399868732257e-02
2.278161816532002504e-02
2.258449460497695405e-02
2.238367646186277884e-02
2.217907804695730400e-02
2.197069241368150919e-02
2.175843205922990339e-02
2.154228972657720384e-02
2.132217581099048881e-02
2.109808247322837726e-02
2.086991765859222414e-02
2.063767261218878157e-02
2.040125241065117098e-02
2.016064697707842246e-02
1.991575801738647289e-02
1.966657364010007680e-02
1.941299158007730660e-02
1.915499753681690343e-02
1.889248455794323781e-02
1.862543521923189921e-02
1.835373702869025000e-02
1.807736858225261409e-02
1.779621083656978894e-02
1.751023738650255707e-02
1.721932144105250279e-02
1.692343038271259745e-02
1.662242826691289616e-02
1.631627483953855887e-02
1.600482336715122744e-02
1.568802430862605360e-02
1.536571827408168660e-02
1.503784457181384614e-02
1.470422909425215217e-02
1.436479799689621174e-02
1.401936033218855078e-02
1.366782717354975488e-02
1.330998888948621561e-02
1.294574012755249706e-02
1.257485180015472694e-02
1.219720254913423535e-02
1.181254593679432856e-02
1.142074946887594589e-02
1.102155847593240881e-02
1.061484486649200143e-02
1.020037158251005383e-02
9.778056054672308595e-03
9.347745222501882556e-03
8.909506326348563821e-03
8.463439129827447088e-03
8.010029165771868562e-03
7.550072945706505848e-03
7.085199208231440261e-03
6.618139645667155471e-03
6.153752843500357415e-03
5.700430197979084769e-03
5.273092872384071289e-03
4.900354002537235173e-03
4.623846676877970373e-03
4.477142427398691019e-03
