1.658019128053411251e+01
1.657965597832706450e+01
1.657858544845893789e+01
1.657697984039795358e+01
1.657483937771403149e+01
1.657216435920830477e+01
1.656895515727063284e+01
1.656521221976437630e+01
1.656093606755919723e+01
1.655612729717446996e+01
1.655078657748325099e+01
1.654491465311898679e+01
1.653851234034514661e+01
1.653158053123133087e+01
1.652412018868157872e+01
1.651613235138738389e+01
1.650761812800628547e+01
1.649857870290064810e+01
1.648901532945675186e+01
1.647892933661963255e+01
1.646832212134129492e+01
1.645719515592354298e+01
1.644554997958233500e+01
1.643338820661199051e+01
1.642071151705122034e+01
1.640752166568368153e+01
1.639382047178953528e+01
1.637960982899895512e+01
1.636489169411138178e+01
1.634966809782035568e+01
1.633394113258077951e+01
1.631771296422525452e+01
1.630098581885788889e+01
1.628376199538412550e+01
1.626604385140768017e+01
1.624783381669786664e+01
1.622913437806420944e+01
1.620994809378734303e+01
1.619027757744369822e+01
1.617012551332825154e+01
1.614949463919944606e+01
1.612838776272436192e+01
1.610680774311165209e+01
1.608475750861221698e+01
1.606224003700534908e+01
1.603925837419064138e+01
1.601581561348987748e+01
1.599191491536867105e+01
1.596755948551377635e+01
1.594275259572596326e+01
1.591749756072937139e+01
1.589179776028035995e+01
1.586565661466219268e+01
1.583907760805811726e+01
1.581206426268112963e+01
1.578462016346325392e+01
1.575674893076635996e+01
1.572845424644366119e+01
1.569973982507343990e+01
1.567060944145315027e+01
1.564106690029348634e+01
1.561111606521022921e+01
1.558076082681124319e+01
1.555000513325642686e+01
1.551885295666496134e+01
1.548730832531933821e+01
1.545537528831450835e+01
1.542305794948811126e+01
1.539036043022692013e+01
1.535728690521216144e+01
1.532384156329179348e+01
1.529002864513723381e+01
1.525585240208251392e+01
1.522131713579680401e+01
1.518642715498329032e+01
1.515118681718087146e+01
1.511560048320644434e+01
1.507967256120907074e+01
1.504340745872928409e+01
1.500680962914000993e+01
1.496988352118530763e+01
1.493263362795450711e+01
1.489506443375039169e+01
1.485718046575653517e+01
1.481898623807106929e+01
1.478048630624236104e+01
1.474168520828895623e+01
1.470258752229569055e+01
1.466319780422297114e+01
1.462352064877442537e+01
1.458356062377906959e+01
1.454332233456303314e+01
1.450281035466595903e+01
1.446202929397356662e+01
1.442098372550449525e+01
1.437967825758793516e+01
1.433811745642845459e+01
1.429630592264424216e+01
1.425424820928473224e+01
1.421194890308077241e+01
1.416941253755226349e+01
1.412664367936268661e+01
1.408364683611060286e+01
1.404042654822842451e+01
1.399698729100142103e+01
1.395333357250557604e+01
1.390946982933923515e+01
1.386540053115911419e+01
1.382113006954115697e+01
1.377666286974897680e+01
1.373200327205978155e+01
1.368715565148839630e+01
1.364212429081825917e+01
1.359691350910979679e+01
1.355152752556213791e+01
1.350597059776098874e+01
1.346024687535907027e+01
1.341436054917124387e+01
1.336831569349460302e+01
1.332211642734445078e+01
1.327576674403039192e+01
1.322927068605521406e+01
1.318263216031030538e+01
1.313585512844338865e+01
1.308894340572014592e+01
1.304190086902358559e+01
1.299473123702824751e+01
1.294743829844841265e+01
1.290002567065733174e+01
1.285249705138841669e+01
1.280485595226283735e+01
1.275710597791784195e+01
1.270925053002047811e+01
1.266129311882553488e+01
1.261323703206050872e+01
1.256508568531788050e+01
1.251684224856663974e+01
1.246851004375849570e+01
1.242009211951801717e+01
1.237159170738890523e+01
1.232301173283929785e+01
1.227435534815885809e+01
1.222562537094135138e+01
1.217682494065357446e+01
1.212795693829186305e+01
1.207902502856433280e+01
1.203003372197367327e+01
1.198099190348173160e+01
1.193191957660993907e+01
1.188287138757375416e+01
1.183399690027376749e+01
1.178568558412593603e+01
1.173877759689020728e+01
1.169453800179719494e+01
1.165408408954849939e+01
1.161789509577613089e+01
1.158592310669606640e+01
1.155787394059131046e+01
1.153337237641754598e+01
1.151202846290958171e+01
1.149346651573875455e+01
1.147733607785860599e+01
1.146331873771386611e+01
1.145112899635107873e+01
1.144051506136075780e+01
1.143125623658981915e+01
1.142316137645734742e+01
1.141606517636519769e+01
1.140982601999081858e+01
1.140432231808386376e+01
1.139945054361485610e+01
1.139512206936698924e+01
1.139126166020266773e+01
1.138780489977750676e+01
1.138469715998239984e+01
1.138189155596903035e+01
1.137934831943832314e+01
1.137703317727064700e+01
1.137491703577467916e+01
1.137297468045310467e+01
1.137118468783431169e+01
1.136952836156212854e+01
1.136798980599156117e+01
1.136655503352989527e+01
1.136521215128823847e+01
1.136395059162414967e+01
1.136276137711629808e+01
1.136163643949066326e+01
1.136056893872884288e+01
1.135955264532380227e+01
1.135858229696201249e+01
1.135765302605943461e+01
1.135676074285473725e+01
1.135590159512353026e+01
1.135507237029336025e+01
1.135426997769821256e+01
1.135349186495280094e+01
1.135273551552224625e+01
1.135199887642462535e+01
1.135127986556370949e+01
1.135057680911522482e+01
1.134988795422228769e+01
1.134921191533780416e+01
1.134854718866404077e+01
1.134789260739313121e+01
1.134724685478723849e+01
1.134660892876654259e+01
1.134597765084400223e+01
1.134535214091570943e+01
1.134473131942953472e+01
1.134411439358004259e+01
1.134350035013109625e+01
1.134288845453970573e+01
1.134227773178343668e+01
1.134166748026152405e+01
1.134105673780206658e+01
1.134044481253886616e+01
1.133983073098361238e+01
1.133921378847803929e+01
1.133859297579413727e+01
1.133796755224180863e+01
1.133733644667259632e+01
1.133669885691946000e+01
1.133605362027400076e+01
1.133539984369731890e+01
1.133473623773492633e+01
1.133406178293996547e+01
1.133337501965531224e+01
1.133267475744823471e+01
1.133195931102136633e+01
1.133122726136270408e+01
1.133047662491410357e+01
1.132970567793043060e+01
1.132891204138095098e+01
1.132809358432862545e+01
1.132724739990772633e+01
1.132637081070467211e+01
1.132546019983204744e+01
1.132451215433163227e+01
1.132352209670616006e+01
1.132248562903231814e+01
1.132139687892824753e+01
1.132025017243871012e+01
1.131903796925004002e+01
1.131775325539566879e+01
1.131638738130291877e+01
1.131493724950520097e+01
1.131341979790133756e+01
1.131192207355623758e+01
1.131056019177494854e+01
1.130938536607291134e+01
1.130840612745840446e+01
1.130762312381325962e+01
1.130703618310167791e+01
1.130664500475043610e+01
1.130644946903798065e+01
