2.813160637178566237e+00
2.813992946762082781e+00
2.815657449798449452e+00
2.818153914335670862e+00
2.821481992087100821e+00
2.825641219359840584e+00
2.830631016027417068e+00
2.836450687078333477e+00
2.843099421073302047e+00
2.850576292316013838e+00
2.858880258792625195e+00
2.868010164967475628e+00
2.877964739202037769e+00
2.888742597178975302e+00
2.900342238796913108e+00
2.912762052227301890e+00
2.926000310280437944e+00
2.940055175100341422e+00
2.954924693996826335e+00
2.970606804784360122e+00
2.987099331074207775e+00
3.004399988264208954e+00
3.022506378283896122e+00
3.041415996243260533e+00
3.061126224622943148e+00
3.081634340590723831e+00
3.102937509628125756e+00
3.125032793524441743e+00
3.147917143429871611e+00
3.171587408538123043e+00
3.196040328555147525e+00
3.221272543082368323e+00
3.247280583489063677e+00
3.274060883009435763e+00
3.301609768005381085e+00
3.329923468791983865e+00
3.358998110276161686e+00
3.388829723526403548e+00
3.419414235771439436e+00
3.450747482731518545e+00
3.482825197959685593e+00
3.515643025953397949e+00
3.549196510819619732e+00
3.583481110187000773e+00
3.618492183174271570e+00
3.654225005125096182e+00
3.690674754857270923e+00
3.727836530244247104e+00
3.765705334720863995e+00
3.804276093737235964e+00
3.843543640494715863e+00
3.883502733300025600e+00
3.924148040502834167e+00
3.965474158780308844e+00
4.007475597245155896e+00
4.050146796693209872e+00
4.093482112848218613e+00
4.137475836607571011e+00
4.182122176387332857e+00
4.227415279404127979e+00
4.273349213080580355e+00
4.319917987404437554e+00
4.367115535351389966e+00
4.414935736365735330e+00
4.463372395753713917e+00
4.512419269333782346e+00
4.562070041749522353e+00
4.612318352341406857e+00
4.663157772324072248e+00
4.714581831935669598e+00
4.766583996419387681e+00
4.819157694511260637e+00
4.872296293160450986e+00
4.925993127421613771e+00
4.980241473842496269e+00
5.035034581832611877e+00
5.090365645640368086e+00
5.146227837275919370e+00
5.202614276992946429e+00
5.259518067850573964e+00
5.316932264606806235e+00
5.374849910012130749e+00
5.433264002012967886e+00
5.492167531877947262e+00
5.551553449599832213e+00
5.611414703965302841e+00
5.671744206032611757e+00
5.732534871266214971e+00
5.793779580955456865e+00
5.855471226547196650e+00
5.917602668856822845e+00
5.980166784745644115e+00
6.043156423959807455e+00
6.106564458314396759e+00
6.170383735978004935e+00
6.234607133342726648e+00
6.299227506551829947e+00
6.364237746254230110e+00
6.429630726149458297e+00
6.495399360847390113e+00
6.561536551177857390e+00
6.628035245401664888e+00
6.694888381000922095e+00
6.762088949516264158e+00
6.829629934497607024e+00
6.897504380275401026e+00
6.965705325708455575e+00
7.034225877235108726e+00
7.103059138003478878e+00
7.172198285591709244e+00
7.241636496044810301e+00
7.311367026702994210e+00
7.381383134594489803e+00
7.451678164868279275e+00
7.522245462900674084e+00
7.593078468894221444e+00
7.664170622942254596e+00
7.735515466430340048e+00
7.807106539159790692e+00
7.878937488273010104e+00
7.951001956354665445e+00
8.023293698697704812e+00
8.095806461065018667e+00
8.168534106220063151e+00
8.241470479722444509e+00
8.314609546764559767e+00
8.387945243964027853e+00
8.461471627674672646e+00
8.535182709185210825e+00
8.609072615806454110e+00
8.683135406130519485e+00
8.757365245331634185e+00
8.831756196096034017e+00
8.906302409705697087e+00
8.980997886788484763e+00
9.055836685877954650e+00
9.130812646071543526e+00
9.205919614888863123e+00
9.281151122027372580e+00
9.356500628627809846e+00
9.431961137584529808e+00
9.507525468061999163e+00
9.583185786394938788e+00
9.658933924119029513e+00
9.734760846969052750e+00
9.810657161178534480e+00
9.886612902337812869e+00
9.962619490622147467e+00
1.003867349478643867e+01
1.011479067746951266e+01
1.019104212110212693e+01
1.026764081784190985e+01
1.034506088036783211e+01
1.042399118535389491e+01
1.050494341951495159e+01
1.058795356925570097e+01
1.067269649205333160e+01
1.075869888170037925e+01
1.084546014254348201e+01
1.093249967329949435e+01
1.101937599640259968e+01
1.110569233665753330e+01
1.119109877416028986e+01
1.127529013489628262e+01
1.135800387055515870e+01
1.143901580605129986e+01
1.151813690448226168e+01
1.159520886511586824e+01
1.167010112553541745e+01
1.174270711824615532e+01
1.181294197912317046e+01
1.188073963289787294e+01
1.194605121915609303e+01
1.200884287885613766e+01
1.206909472164455543e+01
1.212679909063594863e+01
1.218195985845692064e+01
1.223459095896077287e+01
1.228471583736926576e+01
1.233236609669094541e+01
1.237758099397457201e+01
1.242040612073742167e+01
1.246089290468668409e+01
1.249909730562317733e+01
1.253507933317999878e+01
1.256890178054902663e+01
1.260062979647347525e+01
1.263032969588163112e+01
1.265806862958435453e+01
1.268391350785375771e+01
1.270793080073785219e+01
1.273018559597039889e+01
1.275074154514441105e+01
1.276966005936995963e+01
1.278700039902145491e+01
1.280281899517308553e+01
1.281716966756401632e+01
1.283010304980958516e+01
1.284166691297463458e+01
1.285190566810825707e+01
1.286086077072600098e+01
1.286857027412193943e+01
1.287506929157164137e+01
1.288038957645921734e+01
1.288456002246954668e+01
1.288760625031643414e+01
1.288955113027699184e+01
1.289041435912811373e+01
1.289021299322135761e+01
1.288896100247069754e+01
1.288666980530098982e+01
1.288334778885187326e+01
1.287900083935729079e+01
1.287363181901462283e+01
1.286724108661405275e+01
1.285982592173256300e+01
1.285138103072852722e+01
1.284189790802334485e+01
1.283136532188188639e+01
1.281976860043994471e+01
1.280709008989926012e+01
1.279330834942265049e+01
1.277839857124127221e+01
1.276233166315840961e+01
1.274507461515791285e+01
1.272658944034118811e+01
1.270683346521882129e+01
1.268575808836216900e+01
1.266330896054001087e+01
1.263942450354364411e+01
1.261403593007823787e+01
1.258706544075252687e+01
1.255842601006898995e+01
1.252801914449069542e+01
1.249573432821298269e+01
1.246144617734071680e+01
1.242501339946343819e+01
1.238627512325276214e+01
1.234504919928145306e+01
1.230112745855829459e+01
1.225427326110152926e+01
1.220421561489719942e+01
1.215064645015227640e+01
1.209321466968064662e+01
1.203152639839000315e+01
1.196514590231309505e+01
1.189361709493952901e+01
1.181651841010413406e+01
1.173361032403371773e+01
1.164503857027045974e+01
1.155176899788937206e+01
1.145655159742978135e+01
1.136502095236778587e+01
1.128543403179424232e+01
1.122632155070447091e+01
1.119462479535285659e+01
