1.574052894698526051e-01
1.573675862968290928e-01
1.572922122991653182e-01
1.571792321083097521e-01
1.570287425595194575e-01
1.568408724964519552e-01
1.566157826136621301e-01
1.563536651327345484e-01
1.560547435685400441e-01
1.557192722796005013e-01
1.553475361610791583e-01
1.549398500730950201e-01
1.544965584643453738e-01
1.540180346830652414e-01
1.535046805360496813e-01
1.529569254878590800e-01
1.523752261608185832e-01
1.517600654289093520e-01
1.511119518650422544e-01
1.504314187368307187e-01
1.497190234080719717e-01
1.489753462442526821e-01
1.482009899757273097e-01
1.473965785213506297e-01
1.465627563212879014e-01
1.457001870876290239e-01
1.448095531150933868e-01
1.438915539678189137e-01
1.429469057764668205e-01
1.419763398705923274e-01
1.409806020707846386e-01
1.399604512761410680e-01
1.389166587600883518e-01
1.378500067224851522e-01
1.367612875976908504e-01
1.356513025807063733e-01
1.345208609558713186e-01
1.333707786062445499e-01
1.322018773710308404e-01
1.310149835470910407e-01
1.298109272828373018e-01
1.285905410803636628e-01
1.273546592330963290e-01
1.261041163365649032e-01
1.248397467765789276e-01
1.235623832561011104e-01
1.222728563401555696e-01
1.209719930056511461e-01
1.196606162485921582e-01
1.183395436630476499e-01
1.170095871155722583e-01
1.156715513588096322e-01
1.143262337773407189e-01
1.129744230406783123e-01
1.116168989240537979e-01
1.102544310048096249e-01
1.088877785609170673e-01
1.075176893140232653e-01
1.061448994077737046e-01
1.047701322000157975e-01
1.033940983223083782e-01
1.020174945230383629e-01
1.006410038088177139e-01
9.926529433955104398e-02
9.789101965177607334e-02
9.651881760602171179e-02
9.514931069153942378e-02
9.378310502563534656e-02
9.242079073866853178e-02
9.106294102442480387e-02
8.971011260374242569e-02
8.836284482441837673e-02
8.702166020135924940e-02
8.568706356398447799e-02
8.435954267039597054e-02
8.303956739976764423e-02
8.172759043767657827e-02
8.042404651054980980e-02
7.912935313901291179e-02
7.784390991109263469e-02
7.656809930021664379e-02
7.530228597355430320e-02
7.404681767113303892e-02
7.280202454543728552e-02
7.156822009800518913e-02
7.034570054618204116e-02
6.913474581352134496e-02
6.793561891941972408e-02
6.674856701965309336e-02
6.557382081449386613e-02
6.441159563578136016e-02
6.326209086902882806e-02
6.212549108354880473e-02
6.100196546399607594e-02
5.989166898024153585e-02
5.879474182376483865e-02
5.771131061418614816e-02
5.664148783591282238e-02
5.558537307850342640e-02
5.454305246897519360e-02
5.351459994347998461e-02
5.250007667069237632e-02
5.149953235262766382e-02
5.051300463454045514e-02
4.954052043310502862e-02
4.858209532825918942e-02
4.763773491740071891e-02
4.670743418459482460e-02
4.579117887991979163e-02
4.488894486141544599e-02
4.400069949923451906e-02
4.312640098562793567e-02
4.226599976413912552e-02
4.141943780278663223e-02
4.058665004918093205e-02
3.976756366186019742e-02
3.896209949292420149e-02
3.817017127218667177e-02
3.739168711973151621e-02
3.662654867713355938e-02
3.587465265326805763e-02
3.513588989629664455e-02
3.441014697713824094e-02
3.369730519516508233e-02
3.299724220502170402e-02
3.230983094797641730e-02
3.163494132931422842e-02
3.097243906595840285e-02
3.032218742356347640e-02
2.968404596924435757e-02
2.905787237988802230e-02
2.844352108644386881e-02
2.784084516805125642e-02
2.724969487111298175e-02
2.666991960789025229e-02
2.610136632913157007e-02
2.554388165121394133e-02
2.499731005479250215e-02
2.446149617171771568e-02
2.393628277230138227e-02
2.342151325049178154e-02
2.291702934012100623e-02
2.242267382336195214e-02
2.193828781544833462e-02
2.146371349963570319e-02
2.099879008833563376e-02
2.054335435029251006e-02
2.009722834753921439e-02
1.966019833054751670e-02
1.923193945685669828e-02
1.881183129470759621e-02
1.839853252726071989e-02
1.798944892771485449e-02
1.758112196232746935e-02
1.717128841821577087e-02
1.676021106963068025e-02
1.634985685267449987e-02
1.594270762306710179e-02
1.554113683093350136e-02
1.514719528745122473e-02
1.476255187659178229e-02
1.438850432163003325e-02
1.402600729528433524e-02
1.367571733758215190e-02
1.333803473389924381e-02
1.301314980512908656e-02
1.270108086414164367e-02
1.240171221077086307e-02
1.211482297369960784e-02
1.184011497733117313e-02
1.157723246115872386e-02
1.132578116686292977e-02
1.108534077056881270e-02
1.085547737109031873e-02
1.063575071135724158e-02
1.042572207909062826e-02
1.022495804328701907e-02
1.003303531672768319e-02
9.849542269646436449e-03
9.674081847324574393e-03
9.506271722310489364e-03
9.345746000910008441e-03
9.192154577209253608e-03
9.045164105899646326e-03
8.904456915485341878e-03
8.769731551528502783e-03
8.640701470167599929e-03
8.517095342264783056e-03
8.398655660547380344e-03
8.285138922141910625e-03
8.176314227088482198e-03
8.071963410468178252e-03
7.971879675396585305e-03
7.875867716925100820e-03
7.783742411323707477e-03
7.695328955921296524e-03
7.610461623611323827e-03
7.528983931757311440e-03
7.450747463243069524e-03
7.375612070927152313e-03
7.303444762207055366e-03
7.234119941626347867e-03
7.167518353565102869e-03
7.103527363449328898e-03
7.042039952024167770e-03
6.982955034536733607e-03
6.926176499594571476e-03
6.871613565283726452e-03
6.819179855550714341e-03
6.768793792223596131e-03
6.720377701987004584e-03
6.673858243543347342e-03
6.629165538452315952e-03
6.586233633112586160e-03
6.544999646932619583e-03
6.505404269385196663e-03
6.467390919110135167e-03
6.430906276979005826e-03
6.395899449763824303e-03
6.362322540957507204e-03
6.330129812537376235e-03
6.299278296250333462e-03
6.269726946717576500e-03
6.241437297070049836e-03
6.214372596127013329e-03
6.188498513752268768e-03
6.163782254015034295e-03
6.140193317579430154e-03
6.117702581496462996e-03
6.096283128572051527e-03
6.075909282535743930e-03
6.056557518035829250e-03
6.038205437008743043e-03
6.020832778357105598e-03
6.004420316691582576e-03
5.988950998948664936e-03
5.974408738814728642e-03
5.960779720483992163e-03
5.948051047632504917e-03
5.936212275777449227e-03
5.925253844960972835e-03
5.915168937886714634e-03
5.905951552368707627e-03
5.897598827169212021e-03
5.890108315173493009e-03
5.883480426563331492e-03
5.877710322513387056e-03
5.872771667237899201e-03
5.868560450562450292e-03
5.864941473270410092e-03
5.861853757547736549e-03
5.859284998586992803e-03
5.857232232587231135e-03
5.855693867974067976e-03
5.854668904701490310e-03
5.854156585815793561e-03
