5.446353011726223059e+01
5.440763465446466540e+01
5.429602353963118588e+01
5.412905538980920994e+01
5.390726563141770811e+01
5.363136351928844903e+01
5.330222820736287304e+01
5.292090388726415995e+01
5.248859405288795443e+01
5.200665491395096751e+01
5.147658803712887732e+01
5.090003224286098771e+01
5.027875485433689562e+01
4.961464232993324686e+01
4.890969039036398414e+01
4.816599367279133048e+01
4.738573503442258783e+01
4.657117453645736305e+01
4.572463823847090225e+01
4.484850683037200980e+01
4.394520423582024193e+01
4.301718620831137230e+01
4.206692905397687809e+01
4.109691849439089140e+01
4.010963880024810635e+01
3.910756219965283975e+01
3.809313868571006623e+01
3.706878621642784566e+01
3.603688142293621866e+01
3.499975080757742063e+01
3.395966253724943584e+01
3.291881880186614495e+01
3.187934883132982833e+01
3.084330252945760975e+01
2.981264480548700746e+01
2.878925055090046570e+01
2.777490032920777097e+01
2.677127671684888455e+01
2.577996135015479240e+01
2.480243260840876474e+01
2.384006397597234539e+01
2.289412300709261316e+01
2.196577092546460719e+01
2.105606277760118417e+01
2.016594816252051814e+01
1.929627245416996928e+01
1.844777853103847676e+01
1.762110892863480416e+01
1.681680842281182109e+01
1.603532696067787100e+01
1.527702294217004209e+01
1.454216677173503491e+01
1.383094467978514075e+01
1.314346273749958982e+01
1.247975106259858613e+01
1.183976814495061980e+01
1.122340528879456301e+01
1.063049110662390540e+01
1.006079606165583762e+01
9.514037000744712813e+00
8.989881675578152098e+00
8.487953201177614204e+00
8.007834451021871303e+00
7.549072345080607427e+00
7.111182031915705970e+00
6.693650928283085833e+00
6.295942619410212160e+00
5.917500590218976342e+00
5.557751792704023863e+00
5.216110026117211973e+00
4.891979137088517504e+00
4.584756022145536569e+00
4.293833441469503853e+00
4.018602631514927914e+00
3.758455726756434245e+00
3.512787982665986242e+00
3.280999811285162160e+00
3.062498625274121089e+00
2.856700502558524590e+00
2.663031670552502561e+00
2.480929822495208548e+00
2.309845267328564766e+00
2.149241925749123538e+00
1.998598175717648084e+00
1.857407559864731272e+00
1.725179359400899060e+00
1.601439046527159960e+00
1.485728620816034962e+00
1.377606840913581321e+00
1.276649357503909510e+00
1.182448758083850082e+00
1.094614529641212641e+00
1.012772948870246603e+00
9.365669059168033606e-01
8.656556703047328938e-01
7.997146047435026439e-01
7.384348344567183142e-01
6.815228773027951492e-01
6.287002413185123206e-01
5.797029944391594025e-01
5.342813120472724719e-01
4.921990065373836321e-01
4.532330436213915514e-01
4.171730489792871421e-01
3.838208091196483873e-01
3.529897694809316921e-01
3.245045328554440056e-01
2.982003606212007552e-01
2.739226791648911030e-01
2.515265934763823985e-01
2.308764096853131442e-01
2.118451680650708657e-01
1.943141877470182521e-01
1.781726242691931694e-01
1.633170407562675452e-01
1.496509935092586729e-01
1.370846324320522946e-01
1.255343167817942751e-01
1.149222463702706670e-01
1.051761084632773513e-01
9.622874026777895884e-02
8.801780706110404195e-02
8.048549566965458590e-02
7.357822320111669090e-02
6.724636060285410499e-02
6.144397083746866439e-02
5.612856115367629434e-02
5.126084916254422530e-02
4.680454213614457931e-02
4.272612918472617344e-02
3.899468569559270958e-02
3.558168965810528522e-02
3.246084924576046055e-02
2.960794126606018303e-02
2.700065985359228343e-02
2.461847501750621600e-02
2.244250043574035069e-02
2.045537011853420725e-02
1.864112335939465889e-02
1.698509761558552114e-02
1.547382876812537084e-02
1.409495842936025860e-02
1.283714778478316394e-02
1.168999767168239258e-02
1.064397443126891864e-02
9.690341306890275230e-03
8.821095063975962700e-03
8.028907916665318362e-03
7.307075220682821524e-03
6.649471000466234370e-03
6.050516519702378061e-03
5.505172741272790563e-03
5.008964786095324549e-03
4.557999366983659685e-03
4.148868511948920756e-03
3.778437342851167970e-03
3.443678828687180005e-03
3.141627788928718062e-03
2.869402330092113863e-03
2.624241442685023001e-03
2.403537703914770951e-03
2.204859774108769259e-03
2.025964661509778268e-03
1.864801442836515853e-03
1.719508383054920049e-03
1.588405371924037123e-03
1.469983253982712259e-03
1.362891369188206020e-03
1.265924258935345690e-03
1.178008268566492966e-03
1.098188513388516753e-03
1.025616538840583942e-03
9.595388417621284393e-04
8.992863554149772972e-04
8.442649084823875775e-04
7.939466488717360909e-04
7.478623738169821056e-04
7.055947118493789564e-04
6.667720765667620913e-04
6.310633264018955958e-04
5.981730511167622109e-04
5.678374230677245890e-04
5.398205437085396626e-04
5.139112327489228161e-04
4.899202025095380272e-04
4.676775752120523617e-04
4.470306972345522195e-04
4.278422174300622913e-04
4.099883933811316705e-04
3.933576004765736785e-04
3.778490156799374717e-04
3.633714570661304689e-04
3.498423573052326040e-04
3.371868569599787346e-04
3.253370006728733025e-04
3.142310257558692194e-04
3.038127300255754563e-04
2.940309111449867997e-04
2.848388672007173090e-04
2.761939528346036340e-04
2.680571828681933377e-04
2.603928792738581196e-04
2.531683551250362156e-04
2.463536325213373812e-04
2.399211894237713823e-04
2.338457332438813243e-04
2.281039971283181005e-04
2.226745574114290694e-04
2.175376689585819027e-04
2.126751173382901590e-04
2.080700851559406808e-04
2.037070318308908078e-04
1.995715846292621062e-04
1.956504404871769922e-04
1.919312768163176463e-04
1.884026710117561992e-04
1.850540271565799435e-04
1.818755097778498051e-04
1.788579833917049123e-04
1.759929577887665159e-04
1.732725379948354255e-04
1.706893789263263974e-04
1.682366438365668444e-04
1.659079666194255296e-04
1.636974171993508056e-04
1.615994701052649734e-04
1.596089755682309830e-04
1.577211332592396787e-04
1.559314681003586814e-04
1.542358082754719060e-04
1.526302649533471385e-04
1.511112138522309510e-04
1.496752782274035382e-04
1.483193134085990413e-04
1.470403925290835118e-04
1.458357935667703496e-04
1.447029873935829099e-04
1.436396269433218406e-04
1.426435372450188136e-04
1.417127064185483331e-04
1.408452774297035972e-04
1.400395406841224255e-04
1.392939273125413393e-04
1.386070032055358899e-04
1.379774637324333506e-04
1.374041292282190691e-04
1.368859416210714542e-04
1.364219638270102418e-04
1.360113858905813531e-04
1.356535288289927867e-04
1.353478245362728805e-04
1.350937945210802231e-04
1.348910427472215542e-04
1.347392537742463667e-04
1.346381917906149049e-04
1.345876999548903852e-04
