-2.828836321348584079e+03
-2.825449998584639616e+03
-2.818689980302751337e+03
-2.808581438595815598e+03
-2.795161930953232968e+03
-2.778481156093232130e+03
-2.758600641024483139e+03
-2.735593344050402266e+03
-2.709543199974661093e+03
-2.680544584692971512e+03
-2.648701735275838473e+03
-2.614128095341800417e+03
-2.576945631043871799e+03
-2.537284080281651313e+03
-2.495280188911623100e+03
-2.451076889639159162e+03
-2.404822484935635657e+03
-2.356669783056517190e+03
-2.306775255112171180e+03
-2.255298156050981106e+03
-2.202399683098511105e+03
-2.148242108757937331e+03
-2.092987966470167066e+03
-2.036799220812934664e+03
-1.979836503863730513e+03
-1.922258344974503643e+03
-1.864220478110109525e+03
-1.805875150024016875e+03
-1.747370515004157369e+03
-1.688850036192930020e+03
-1.630451979921955854e+03
-1.572308920537858512e+03
-1.514547342076245286e+03
-1.457287252499401802e+03
-1.400641896070106895e+03
-1.344717478590246401e+03
-1.289612989685370849e+03
-1.235420036641996376e+03
-1.182222772073655733e+03
-1.130097830440453663e+03
-1.079114353368919410e+03
-1.029334020013103554e+03
-9.808111597336840077e+02
-9.335928651964467235e+02
-8.877191802303102577e+02
-8.432232829843213722e+02
-8.001317355884008293e+02
-7.584647237958496362e+02
-7.182363545363001549e+02
-6.794549382151180907e+02
-6.421233203192575729e+02
-6.062391928578921352e+02
-5.717954467783162045e+02
-5.387804998262329264e+02
-5.071786575549776330e+02
-4.769704460588851589e+02
-4.481329707113108043e+02
-4.206402436759349257e+02
-3.944635310826341197e+02
-3.695716668462198982e+02
-3.459313806844569399e+02
-3.235075914758050430e+02
-3.022637102494727515e+02
-2.821619080086979920e+02
-2.631633895010507445e+02
-2.452286320505318713e+02
-2.283176274840106714e+02
-2.123900899986921331e+02
-1.974056650300878459e+02
-1.833241054912078027e+02
-1.701054475870039653e+02
-1.577101558731401951e+02
-1.460992670337662958e+02
-1.352345051098639885e+02
-1.250783950567330294e+02
-1.155943501852251103e+02
-1.067467579082517091e+02
-9.850104193280522225e+01
-9.082372300538517607e+01
-8.368245870570649458e+01
-7.704608222938395556e+01
-7.088462278783876513e+01
-6.516932554680859369e+01
-5.987265565611716767e+01
-5.496830242051489535e+01
-5.043116989351882040e+01
-4.623736821875277769e+01
-4.236419354952038674e+01
-3.879010928903981181e+01
-3.549471786553009167e+01
-3.245873434140024472e+01
-2.966395230371923120e+01
-2.709321202553454100e+01
-2.473036244207674983e+01
-2.256022574887439092e+01
-2.056855714013686409e+01
-1.874200743189403084e+01
-1.706808195273583806e+01
-1.553510249641768759e+01
-1.413216648550623056e+01
-1.284910929438838778e+01
-1.167646455965037688e+01
-1.060542767627369365e+01
-9.627817908610214914e+00
-8.736043652575398610e+00
-7.923066809747176364e+00
-7.182370227604591761e+00
-6.507924636816404096e+00
-5.894158529626339238e+00
-5.335927825842887273e+00
-4.828488324881299754e+00
-4.367468157459658329e+00
-3.948842847395124256e+00
-3.568910521117786505e+00
-3.224269538444133776e+00
-2.911796367977997679e+00
-2.628625688889001832e+00
-2.372130794193539671e+00
-2.139906025151720126e+00
-1.929749533454450994e+00
-1.739647883409341400e+00
-1.567760985499432547e+00
-1.412408686438005434e+00
-1.272057677922555419e+00
-1.145309888531158116e+00
-1.030891170558882353e+00
-9.276413085142037884e-01
-8.345042917672094163e-01
-7.505197602906442667e-01
-6.748146798345183717e-01
-6.065960550353365344e-01
-5.451438356049311817e-01
-4.898047387682239462e-01
-4.399862284169482329e-01
-3.951513020437891766e-01
-3.548133990963974194e-01
-3.185320213840936443e-01
-2.859084413045715478e-01
-2.565820385191706077e-01
-2.302266927895877668e-01
-2.065477330509904452e-01
-1.852789127257425950e-01
-1.661798793114330763e-01
-1.490336404871009934e-01
-1.336444687002836251e-01
-1.198357631775628651e-01
-1.074482754766251102e-01
-9.633817880050936366e-02
-8.637523562533863664e-02
-7.744020552925814926e-02
-6.942103379805245056e-02
-6.220654073951627228e-02
-5.568163307946415175e-02
-4.973882005892075325e-02
-4.430720509560527598e-02
-3.935812527568124941e-02
-3.488093097988585051e-02
-3.086322446983806242e-02
-2.728462120174278416e-02
-2.411737723820745263e-02
-2.132878503383602020e-02
-1.888370174622617734e-02
-1.674655454485379086e-02
-1.488284440878501896e-02
-1.326010677451335516e-02
-1.184849882383471470e-02
-1.062105055811577055e-02
-9.553722258851364557e-03
-8.625297449518648518e-03
-7.817205812760427350e-03
-7.113284579538362712e-03
-6.499535089034597264e-03
-5.963868517794785988e-03
-5.495873980602242713e-03
-5.086596098358750484e-03
-4.728342226374575297e-03
-4.414504476333722983e-03
-4.139409975393319209e-03
-3.898184959387805161e-03
-3.686642750889266521e-03
-3.501182576181540666e-03
-3.338707574197037359e-03
-3.196550444289506920e-03
-3.072414218504598837e-03
-2.964317923466642298e-03
-2.870554157180650861e-03
-2.789649398553794082e-03
-2.720333823358118790e-03
-2.661512233681025043e-03
-2.612242742488581765e-03
-2.571715379999198366e-03
-2.539237212421844615e-03
-2.514216508676359388e-03
-2.496152560323447976e-03
-2.484623902299215852e-03
-2.479281615348360220e-03
-2.479840538742434861e-03
-2.486075211114865523e-03
-2.497813336241605509e-03
-2.514933792917358087e-03
-2.537361852756228608e-03
-2.565068896040016699e-03
-2.598069061022845357e-03
-2.636420464936462156e-03
-2.680223109237780087e-03
-2.729621542774236364e-03
-2.784803974757881374e-03
-2.846006447567801280e-03
-2.913513235461064228e-03
-2.987662734636403663e-03
-3.068849368395256370e-03
-3.157531571734191553e-03
-3.254235604787786111e-03
-3.359566234874593760e-03
-3.474213110573346787e-03
-3.598965065015959607e-03
-3.734720070395458960e-03
-3.882504564156153380e-03
-4.043488564996556081e-03
-4.219012160092542804e-03
-4.410608247817614409e-03
-4.620039492018615350e-03
-4.849332587044063135e-03
-5.100830886635818358e-03
-5.377246460735710457e-03
-5.681736785752148841e-03
-6.017984907178568037e-03
-6.390314043050057680e-03
-6.803813253015074738e-03
-7.264513485589665920e-03
-7.779588953413667934e-03
-8.357635859583918345e-03
-9.009003572389593859e-03
-9.746250809410375235e-03
-1.058470694334066181e-02
-1.154324643042183018e-02
-1.264527358289173689e-02
-1.392009124420420796e-02
-1.540469710050233060e-02
-1.714631102031854981e-02
-1.920579462204019885e-02
-2.166253867159526406e-02
-2.462126335857449042e-02
-2.822188856063393217e-02
-3.265353332937609432e-02
-3.817487139291558113e-02
-4.514241547100026480e-02
-5.404788031666910714e-02
-6.555734431980445032e-02
-8.053725175907718026e-02
-9.998906050427071313e-02
-1.246639713730242627e-01
-1.540735681914212896e-01
-1.852069586296811177e-01
-2.123233970072544441e-01
-2.284591856767370643e-01
