6.032585573212125851e+00
6.032518660436244851e+00
6.032384844202729468e+00
6.032184143195106429e+00
6.031916585359615723e+00
6.031582208046399884e+00
6.031181057804190893e+00
6.030713190615908381e+00
6.030178671590261885e+00
6.029577575292170977e+00
6.028909985330768606e+00
6.028175994785235581e+00
6.027375705688505114e+00
6.026509229549278146e+00
6.025576686730559572e+00
6.024578207068785218e+00
6.023513929146147916e+00
6.022384001007942800e+00
6.021188579327455770e+00
6.019927830222815857e+00
6.018601928313024096e+00
6.017211057635805105e+00
6.015755410593153663e+00
6.014235188971860602e+00
6.012650602776764330e+00
6.011001871355822423e+00
6.009289222119053697e+00
6.007512891770231178e+00
6.005673124909284510e+00
6.003770175372906692e+00
6.001804304717959226e+00
5.999775783673518603e+00
5.997684890502598343e+00
5.995531912568377919e+00
5.993317144571322252e+00
5.991040890232595117e+00
5.988703460403388412e+00
5.986305174868779666e+00
5.983846360325824065e+00
5.981327352311393675e+00
5.978748493045292989e+00
5.976110133485907028e+00
5.973412631034318743e+00
5.970656351721888910e+00
5.967841667771030423e+00
5.964968959919191960e+00
5.962038614831596917e+00
5.959051027566445669e+00
5.956006598834584054e+00
5.952905737611107639e+00
5.949748858236533877e+00
5.946536383180406560e+00
5.943268739978136317e+00
5.939946364152627112e+00
5.936569695980502992e+00
5.933139183578268749e+00
5.929655279491156783e+00
5.926118443950819881e+00
5.922529141279541776e+00
5.918887843327006237e+00
5.915195025682048247e+00
5.911451171296640439e+00
5.907656766496767631e+00
5.903812304802415589e+00
5.899918282728481955e+00
5.895975203810278842e+00
5.891983574184675554e+00
5.887943906831376140e+00
5.883856716923727248e+00
5.879722526296881746e+00
5.875541858556836416e+00
5.871315243787516458e+00
5.867043213405676028e+00
5.862726305119962511e+00
5.858365057518272856e+00
5.853960015292971164e+00
5.849511723546167552e+00
5.845020733296495408e+00
5.840487595486522743e+00
5.835912866787863251e+00
5.831297103293525907e+00
5.826640866639674954e+00
5.821944717364161193e+00
5.817209221364929128e+00
5.812434942904245894e+00
5.807622451425657140e+00
5.802772314181481761e+00
5.797885103432323106e+00
5.792961388673233181e+00
5.788001744242165181e+00
5.783006741117746152e+00
5.777976954965740930e+00
5.772912957478606444e+00
5.767815324892057838e+00
5.762684628833423695e+00
5.757521445343853905e+00
5.752326345198918389e+00
5.747099903475891836e+00
5.741842689305953762e+00
5.736555276030458117e+00
5.731238230339394946e+00
5.725892123065698058e+00
5.720517517659187590e+00
5.715114981673915295e+00
5.709685074520539416e+00
5.704228359708558571e+00
5.698745391812765959e+00
5.693236729540251062e+00
5.687702921838006631e+00
5.682144521863984110e+00
5.676562072152834482e+00
5.670956119581411770e+00
5.665327199497644628e+00
5.659675851784086831e+00
5.654002603840629249e+00
5.648307987865485380e+00
5.642592522565245794e+00
5.636856731791767494e+00
5.631101124832187388e+00
5.625326216563418136e+00
5.619532506149161222e+00
5.613720498902263323e+00
5.607890683184150404e+00
5.602043554200785813e+00
5.596179588860380250e+00
5.590299271773310430e+00
5.584403067773893170e+00
5.578491450451413591e+00
5.572564871977528256e+00
5.566623794568914541e+00
5.560668657178216456e+00
5.554699910385092032e+00
5.548717979397921773e+00
5.542723302998553869e+00
5.536716292152925156e+00
5.530697373810096629e+00
5.524666944216192199e+00
5.518625418615173750e+00
5.512573178085114378e+00
5.506510626568974942e+00
5.500438129750274463e+00
5.494356081665219271e+00
5.488264834513031154e+00
5.482164780727059039e+00
5.476056280431844669e+00
5.469939791715903610e+00
5.463815878392071390e+00
5.457685651080578459e+00
5.451551610221604172e+00
5.445420586592081058e+00
5.439311275679583169e+00
5.433272361161104236e+00
5.427408862756637475e+00
5.421878913370011155e+00
5.416822174338924434e+00
5.412298550117378149e+00
5.408302051482370310e+00
5.404795905719275595e+00
5.401733210197555479e+00
5.399065221009060167e+00
5.396744977612706329e+00
5.394728672877687536e+00
5.392976505359595052e+00
5.391452787689246406e+00
5.390126045815456735e+00
5.388968692719089404e+00
5.387956835202530215e+00
5.387069810191011499e+00
5.386289915644214332e+00
5.385601952905845202e+00
5.384992981097219023e+00
5.384451921816235220e+00
5.383969370670695476e+00
5.383537275617550577e+00
5.383148808143161546e+00
5.382798107641490581e+00
5.382480203075152403e+00
5.382190810304193107e+00
5.381926292617197127e+00
5.381683498202000315e+00
5.381459749124650749e+00
5.381252708340627855e+00
5.381060388894306712e+00
5.380881042336598696e+00
5.380713182056391375e+00
5.380555487098380496e+00
5.380406835284899714e+00
5.380266218081694696e+00
5.380132780486467148e+00
5.380005743810837515e+00
5.379884450265613793e+00
5.379768291402791114e+00
5.379656756002203721e+00
5.379549362535803070e+00
5.379445709432031819e+00
5.379345410357638357e+00
5.379248146264462349e+00
5.379153602585642346e+00
5.379061522698440179e+00
5.378971646340826140e+00
5.378883764284765334e+00
5.378797657423147527e+00
5.378713152562587752e+00
5.378630061728367551e+00
5.378548239069503190e+00
5.378467519993766821e+00
5.378387779241180056e+00
5.378308869500862066e+00
5.378230680759825688e+00
5.378153078074054072e+00
5.378075962342867555e+00
5.377999206911749042e+00
5.377922719962825227e+00
5.377846379618291373e+00
5.377770098178052294e+00
5.377693755370620110e+00
5.377617264712720058e+00
5.377540504518313114e+00
5.377463386705116477e+00
5.377385785119629169e+00
5.377307607175588089e+00
5.377228718979436550e+00
5.377149020260294954e+00
5.377068365679612327e+00
5.376986643607526872e+00
5.376903692862227579e+00
5.376819386012857471e+00
5.376733540602275596e+00
5.376646007826391127e+00
5.376556577023032801e+00
5.376465070815699576e+00
5.376371241259624512e+00
5.376274872886665612e+00
5.376175668317980438e+00
5.376073361186440636e+00
5.375967588133828023e+00
5.375858014483445579e+00
5.375744188124367717e+00
5.375625682436815822e+00
5.375501925233631795e+00
5.375372366774401556e+00
5.375236273011393173e+00
5.375092934700200331e+00
5.374941409301617234e+00
5.374780820069820386e+00
5.374610085808226856e+00
5.374428819333512131e+00
5.374239137883029649e+00
5.374051922339891263e+00
5.373881687117230577e+00
5.373734833904475927e+00
5.373612429077662789e+00
5.373514553622019463e+00
5.373441186033071304e+00
5.373392288739166744e+00
5.373367846775109591e+00
