2.688807666906018312e+01
2.688163618786455444e+01
2.686876075124573049e+01
2.684946139959089706e+01
2.682375467436333594e+01
2.679166258472268325e+01
2.675321258062010799e+01
2.670843749747506379e+01
2.665737551624706825e+01
2.660007008662868699e+01
2.653656987460198380e+01
2.646692866478275263e+01
2.639120529612750943e+01
2.630946354423108957e+01
2.622177204599857347e+01
2.612820416285297398e+01
2.602883789532483760e+01
2.592375572827009833e+01
2.581304453645303809e+01
2.569679541300352810e+01
2.557510356717763500e+01
2.544806813739538143e+01
2.531579208245845436e+01
2.517838198060229615e+01
2.503594791552632515e+01
2.488860326297299252e+01
2.473646457298192303e+01
2.457965134556636855e+01
2.441828591064412279e+01
2.425249319441823559e+01
2.408240059845983794e+01
2.390813775841955646e+01
2.372983642373923985e+01
2.354763021032112036e+01
2.336165448233170494e+01
2.317204610043610558e+01
2.297894330712569655e+01
2.278248547208947627e+01
2.258281298244925139e+01
2.238006698678663398e+01
2.217438929160780248e+01
2.196592210547642665e+01
2.175480794295275544e+01
2.154118937020253455e+01
2.132520891756698234e+01
2.110700882792230715e+01
2.088673097894061215e+01
2.066451663536975047e+01
2.044050638193682090e+01
2.021483988060671066e+01
1.998765581496649446e+01
1.975909165340019413e+01
1.952928360567446120e+01
1.929836639284217625e+01
1.906647321662912731e+01
1.883373553675091472e+01
1.860028305357766243e+01
1.836624349342049456e+01
1.813174260482857036e+01
1.789690395227246000e+01
1.766184892630964143e+01
1.742669654596488371e+01
1.719156348288377956e+01
1.695656387258745923e+01
1.672180935262376167e+01
1.648740888275422378e+01
1.625346879700849811e+01
1.602009263274961626e+01
1.578738119643962179e+01
1.555543240142381300e+01
1.532434134712758755e+01
1.509420016530181385e+01
1.486509811229180400e+01
1.463712142339612576e+01
1.441035341777949341e+01
1.418487436051620065e+01
1.396076157965884867e+01
1.373808933546603051e+01
1.351692894908984321e+01
1.329734867842387835e+01
1.307941385783448318e+01
1.286318678001106797e+01
1.264872684613735032e+01
1.243609045308121530e+01
1.222533115338477394e+01
1.201649954709277779e+01
1.180964345093358148e+01
1.160480779405617113e+01
1.140203479577524526e+01
1.120136386446541543e+01
1.100283178325527800e+01
1.080647261131136538e+01
1.061231787688690709e+01
1.042039648021762233e+01
1.023073489336035280e+01
1.004335706391727889e+01
9.858284621136480297e+00
9.675536779679541510e+00
9.495130551501368643e+00
9.317080648876562066e+00
9.141399701627962671e+00
8.968098158629409511e+00
8.797184510012353797e+00
8.628665186364324668e+00
8.462544785609598108e+00
8.298825969123557300e+00
8.137509693057427995e+00
7.978595100585879507e+00
7.822079757527767185e+00
7.667959539937332814e+00
7.516228873962272239e+00
7.366880617974968182e+00
7.219906306708415045e+00
7.075296027100781870e+00
6.933038666859446586e+00
6.793121783157253013e+00
6.655531855897026894e+00
6.520254148347933487e+00
6.387272965521344048e+00
6.256571505765384344e+00
6.128132124821142668e+00
6.001936177298691888e+00
5.877964287166651758e+00
5.756196177904511657e+00
5.636610950396944375e+00
5.519186900386548800e+00
5.403901805007228276e+00
5.290732725934130798e+00
5.179656306115052011e+00
5.070648556710770194e+00
4.963685165992071546e+00
4.858741267756514937e+00
4.755791764884564010e+00
4.654811076366733857e+00
4.555773478704916002e+00
4.458652827923755169e+00
4.363422922930337400e+00
4.270057197806309546e+00
4.178529112460606321e+00
4.088811808812885751e+00
4.000878535312804907e+00
3.914702256827864879e+00
3.830256117303842078e+00
3.747512975938851465e+00
3.666445874371207836e+00
3.587027346757677204e+00
3.509229509826162108e+00
3.433021968094285281e+00
3.358368208724883175e+00
3.285212741911872847e+00
3.213449585087803761e+00
3.142849613614367321e+00
3.072969679936845555e+00
3.003218995011587733e+00
2.933210955302486767e+00
2.862990448082576300e+00
2.792893466690453685e+00
2.723343963377673926e+00
2.654747372479682177e+00
2.587454014931439783e+00
2.521748970607511353e+00
2.457853917464380977e+00
2.395931933333369734e+00
2.336095168820433443e+00
2.278412000940786886e+00
2.222914940436557352e+00
2.169607115524422536e+00
2.118468762224748225e+00
2.069462151151633567e+00
2.022536347750515162e+00
1.977630580774024649e+00
1.934677502752751188e+00
1.893605313681661295e+00
1.854339894270375710e+00
1.816806039512140147e+00
1.780928808282473463e+00
1.746634161607900859e+00
1.713849793283030332e+00
1.682505388436298821e+00
1.652533121915487291e+00
1.623867684289978408e+00
1.596446573354573406e+00
1.570209983783249053e+00
1.545100973307772296e+00
1.521065277071068200e+00
1.498051400424741386e+00
1.476010395755000149e+00
1.454895914437311255e+00
1.434663968907383014e+00
1.415272963841746279e+00
1.396683456755047681e+00
1.378858180570138092e+00
1.361761810105114545e+00
1.345360983238223618e+00
1.329624077010270522e+00
1.314521231512236321e+00
1.300024137129101032e+00
1.286106063392396637e+00
1.272741657591215603e+00
1.259906979697260621e+00
1.247579311825353754e+00
1.235737199675749576e+00
1.224360271923808252e+00
1.213429288256378635e+00
1.202925967572873622e+00
1.192833042508297137e+00
1.183134095250402140e+00
1.173813618372019585e+00
1.164856857058007344e+00
1.156249876070553517e+00
1.147979407202053714e+00
1.140032922243072955e+00
1.132398484511769610e+00
1.125064827769919340e+00
1.118021210712881075e+00
1.111257501876784959e+00
1.104764035995897453e+00
1.098531705061091879e+00
1.092551815457174502e+00
1.086816185470818930e+00
1.081317002102444746e+00
1.076046925486362271e+00
1.070998944223552574e+00
1.066166487377753658e+00
1.061543277087727555e+00
1.057123449056681874e+00
1.052901401061818065e+00
1.048871923186212030e+00
1.045030040628267543e+00
1.041371155374915203e+00
1.037890881388488840e+00
1.034585200052697607e+00
1.031450285315365312e+00
1.028482676162306264e+00
1.025679088499674929e+00
1.023036609311773981e+00
1.020552490723766859e+00
1.018224372710483383e+00
1.016050052313253405e+00
1.014027745398546898e+00
1.012155818927979123e+00
1.010433108366432631e+00
1.008858588416492230e+00
1.007431770319615838e+00
1.006152236058030613e+00
1.005020055699262338e+00
1.004034402671934556e+00
1.003190778279535733e+00
1.002471415434609270e+00
1.001853219316678922e+00
1.001325773654826445e+00
1.000886976533627903e+00
1.000536321674625695e+00
1.000273537204021235e+00
1.000098452293286089e+00
1.000010937639083330e+00
