-2.828556321348631627e+03
-2.825169998581006894e+03
-2.818409980300586994e+03
-2.808301438592682644e+03
-2.794881930950795777e+03
-2.778201156090246059e+03
-2.758320641021950451e+03
-2.735313344047445298e+03
-2.709263199972070652e+03
-2.680264584690042284e+03
-2.648421735273171180e+03
-2.613848095338862095e+03
-2.576665631041145389e+03
-2.537004080278688889e+03
-2.495000188908837117e+03
-2.450796889636161268e+03
-2.404542484932786465e+03
-2.356389783053473820e+03
-2.306495255109252867e+03
-2.255018156047880893e+03
-2.202119683095517757e+03
-2.147962108754772089e+03
-2.092707966467090500e+03
-2.036519220809680974e+03
-1.979556503860551857e+03
-1.921978344971164006e+03
-1.863940478106853789e+03
-1.805595150020580149e+03
-1.747090515000770210e+03
-1.688570036189395751e+03
-1.630171979918458646e+03
-1.572028920534203507e+03
-1.514267342072616202e+03
-1.457007252495613102e+03
-1.400361896066332292e+03
-1.344437478586310135e+03
-1.289332989681437084e+03
-1.235140036637897310e+03
-1.181942772069548255e+03
-1.129817830436169743e+03
-1.078834353364614799e+03
-1.029054020008629777e+03
-9.805311597291776025e+02
-9.333128651917629668e+02
-8.874391802255705670e+02
-8.429432829793962583e+02
-7.998517355834168256e+02
-7.581847237906655437e+02
-7.179563545310430754e+02
-6.791749382096502359e+02
-6.418433203137018381e+02
-6.059591928521131194e+02
-5.715154467724330516e+02
-5.385004998201130775e+02
-5.068986575487359687e+02
-4.766904460523942362e+02
-4.478529707046788531e+02
-4.203602436690333093e+02
-3.941835310755707269e+02
-3.692916668388656376e+02
-3.456513806769186772e+02
-3.232275914679565858e+02
-3.019837102414153378e+02
-2.818819080003064528e+02
-2.628833894924231913e+02
-2.449486320415447551e+02
-2.280376274747575849e+02
-2.121100899890468554e+02
-1.971256650201437708e+02
-1.830441054808396757e+02
-1.698254475763006894e+02
-1.574301558619748960e+02
-1.458192670222274216e+02
-1.349545050978210554e+02
-1.247983950442717003e+02
-1.153143501722152706e+02
-1.064667578947713338e+02
-9.822104191872557521e+01
-9.054372299078140429e+01
-8.340245869044564131e+01
-7.676608221353798456e+01
-7.060462277127179220e+01
-6.488932552958860356e+01
-5.959265563810483712e+01
-5.468830240177390323e+01
-5.015116987390582892e+01
-4.595736819832675479e+01
-4.208419352813310610e+01
-3.851010926674581469e+01
-3.521471784217509793e+01
-3.217873431703326759e+01
-2.938395227818038080e+01
-2.681321199886538764e+01
-2.445036241411112954e+01
-2.228022571964752530e+01
-2.028855710947387436e+01
-1.846200739982225514e+01
-1.678808191907174674e+01
-1.525510246117983293e+01
-1.385216644850083512e+01
-1.256910925562428716e+01
-1.139646451892227930e+01
-1.032542763357944615e+01
-9.347817863731322063e+00
-8.456043605497558957e+00
-7.643066760237117840e+00
-6.902370175634247929e+00
-6.227924582135752729e+00
-5.614158472191505211e+00
-5.055927765385326289e+00
-4.548488261339434402e+00
-4.087468090543575627e+00
-3.668842777023377799e+00
-3.288910446976528235e+00
-2.944269460429282503e+00
-2.631796285748761122e+00
-2.348625602315702388e+00
-2.092130702904943185e+00
-1.859905928989122659e+00
-1.649749432012321160e+00
-1.459647776496054927e+00
-1.287760872670741685e+00
-1.132408567464994853e+00
-9.920575523172385779e-01
-8.653097560223057538e-01
-7.508910306091498565e-01
-6.476411608043542989e-01
-5.545041357041249341e-01
-4.705195955006024056e-01
-3.948145056614160708e-01
-3.265958710435784562e-01
-2.651436410672297628e-01
-2.098045331787583567e-01
-1.599860109679340225e-01
-1.151510721496589729e-01
-7.481315585835629500e-02
-3.853176412600567424e-02
-5.908169024691933835e-03
2.341824956149701764e-02
4.977361221010259684e-02
7.345258976356566771e-02
9.472142915381037698e-02
1.138204826618606225e-01
1.309667429799984129e-01
1.463559374422889470e-01
1.601646672165417118e-01
1.725521805440002887e-01
1.836623046838470885e-01
1.936252771105430037e-01
2.025603391844692236e-01
2.105795468788269065e-01
2.177940840185957350e-01
2.243190500978407831e-01
2.302619413796076764e-01
2.356936528351389060e-01
2.406428436787348968e-01
2.451201608654516029e-01
2.491380020295676234e-01
2.527167516733753727e-01
2.558841547723146315e-01
2.586729192068664140e-01
2.611181890415089635e-01
2.632555374937883830e-01
2.651194649039779749e-01
2.667424362485597555e-01
2.681542957690961626e-01
2.693820139066083752e-01
2.704496319253588688e-01
2.713783667831901614e-01
2.721867904898701007e-01
2.728910663490761723e-01
2.735051948911862985e-01
2.740412655475582548e-01
2.745096912879429474e-01
2.749194281989232880e-01
2.752781712712366047e-01
2.755925292341566690e-01
2.758681776249806150e-01
2.761099912252796273e-01
2.763221597647209093e-01
2.765082852649425882e-01
2.766714681117053432e-01
2.768143771518792873e-01
2.769393134540926171e-01
2.770482599213091590e-01
2.771429287593502044e-01
2.772247959093143699e-01
2.772951368594157584e-01
2.773550498534669839e-01
2.774054834978217365e-01
2.774472516064655503e-01
2.774810551323515506e-01
2.775074906700499278e-01
2.775270685558049455e-01
2.775402164228669699e-01
2.775472948203528967e-01
2.775485967535175624e-01
2.775443618214610830e-01
2.775347723292757585e-01
2.775199667003568904e-01
2.775000324829871579e-01
2.774750196242895539e-01
2.774449304816760664e-01
2.774097334311661500e-01
2.773693498105764821e-01
2.773236682580653700e-01
2.772725283411203723e-01
2.772157359690357592e-01
2.771530432809657940e-01
2.770841654390216457e-01
2.770087561411957444e-01
2.769264260697398283e-01
2.768367131380073953e-01
2.767391028298794020e-01
2.766329919539441407e-01
2.765177110484406953e-01
2.763924799568500679e-01
2.762564323653943776e-01
2.761085608665887481e-01
2.759477435011826740e-01
2.757726750385537384e-01
2.755818950462494143e-01
2.753737007227368694e-01
2.751461753997777038e-01
2.748970761475998392e-01
2.746238605270363564e-01
2.743235389028297333e-01
2.739926953547509592e-01
2.736272894293148017e-01
2.732226637837196770e-01
2.727732716986432382e-01
2.722726582297189668e-01
2.717130760314845905e-01
2.710854168536094844e-01
2.703786555750356535e-01
2.695796925187757820e-01
2.686725290666008292e-01
2.676379571993431905e-01
2.664523158397220648e-01
2.650869412890558552e-01
2.635062957573706677e-01
2.616671329103110177e-01
2.595158411044569680e-01
2.569876771625460576e-01
2.540038778597955016e-01
2.504733477254694751e-01
2.462941853532719105e-01
2.413717335798792885e-01
2.356443863836913677e-01
2.290913486812064526e-01
2.216334009208932865e-01
2.127964747657268285e-01
2.012739023042108555e-01
1.865679191535435100e-01
1.721294358882536346e-01
1.634378852272572458e-01
