3.000965695101621145e-01
3.000965695101621145e-01
3.000965695101621145e-01
3.000965695101621145e-01
3.000965695101621145e-01
3.000965695101621145e-01
3.000965695101621145e-01
3.000965695101621145e-01
3.000965695101621145e-01
3.000965695101621145e-01
3.000965695101621145e-01
3.000965695101621145e-01
3.000965695101621145e-01
3.000965695101621145e-01
3.000965695101621145e-01
3.000965695101621145e-01
3.000965695101621145e-01
3.000965695101621145e-01
3.000965695101621145e-01
3.000965695101621145e-01
3.000965695101621145e-01
3.000965695101621145e-01
3.000965695101621145e-01
3.000965695101621145e-01
3.000965695101621145e-01
3.000965695101621145e-01
3.000965695101621145e-01
3.000965695101621145e-01
3.000965695101621145e-01
3.000965695101621145e-01
3.000965695101621145e-01
3.000965695101621145e-01
3.000965695101621145e-01
3.000965695101621145e-01
3.000965695101621145e-01
3.000965695101621145e-01
3.000965695101621145e-01
3.000965695101621145e-01
3.000965695101621145e-01
3.000965695101621145e-01
3.000965695101621145e-01
3.000965695101621145e-01
3.000965695101621145e-01
3.000965695101621145e-01
3.000965695101621145e-01
3.000965695101621145e-01
3.000965695101621145e-01
3.000965695101621145e-01
3.000965695101621145e-01
3.000965695101621145e-01
3.000965695101621145e-01
3.000965695101621145e-01
3.000965695101621145e-01
3.000965695101621145e-01
3.000965695101621145e-01
3.000965695101621145e-01
3.000965695101621145e-01
3.000965695101621145e-01
3.000965695101621145e-01
3.000965695101621145e-01
3.000965695101621145e-01
3.000965695101621145e-01
3.000965695101621145e-01
3.000965695101621145e-01
3.000965695101621145e-01
3.000965695101621145e-01
3.000965695101621145e-01
3.000965695101621145e-01
3.000965695101621145e-01
3.000965695101621145e-01
3.000965695101621145e-01
3.000965695101621145e-01
3.000965695101621145e-01
3.000965695101621145e-01
3.000965695101621145e-01
3.000965695101621145e-01
3.000965695101621145e-01
3.000965695101621145e-01
3.000965695101621145e-01
3.000965695101621145e-01
3.000965695101621145e-01
3.000965695101621145e-01
3.000965695101621145e-01
3.000965695101621145e-01
3.000965695101621145e-01
3.000965695101621145e-01
3.000965695101621145e-01
3.000965695101621145e-01
3.000965695101621145e-01
3.000965695101621145e-01
3.000965695101621145e-01
3.000965695101621145e-01
3.000965695101621145e-01
3.000965695101621145e-01
3.000965695101621145e-01
3.000965695101621145e-01
3.000965695101621145e-01
3.000965695101621145e-01
3.000965695101621145e-01
3.000965695101621145e-01
3.000965695101621145e-01
3.000965695101621145e-01
3.000965695101621145e-01
3.000965695101620589e-01
3.000965695101620589e-01
3.000965695101620034e-01
3.000965695101618369e-01
3.000965695101614483e-01
3.000965695101603381e-01
3.000965695101573405e-01
3.000965695101491804e-01
3.000965695101269204e-01
3.000965695100656916e-01
3.000965695098969377e-01
3.000965695094300889e-01
3.000965695081333484e-01
3.000965695045185178e-01
3.000965694944057738e-01
3.000965694660158167e-01
3.000965693860448980e-01
3.000965691600332996e-01
3.000965685192324983e-01
3.000965666967229661e-01
3.000965614975661389e-01
3.000965466219927547e-01
3.000965039390389166e-01
3.000963811283168803e-01
3.000960268208365811e-01
3.000950020101391114e-01
3.000920305120783338e-01
3.000833948124651540e-01
3.000582495338046107e-01
2.999849544736526430e-01
2.997715867629776043e-01
2.991553603105597259e-01
2.974216475687486705e-01
2.928832569672093489e-01
2.827848970932228534e-01
2.655682712667076228e-01
2.435122111395095212e-01
2.203429994102665268e-01
1.982602181062633750e-01
1.780108919787408706e-01
1.597011793474656660e-01
1.432278080406802490e-01
1.284341427976968542e-01
1.151594128073271522e-01
1.032524634184711076e-01
9.257461311943522564e-02
8.299833548492137336e-02
7.440361523642019526e-02
6.667131760772014581e-02
5.967809610801554088e-02
5.330874723022799994e-02
4.748728657387697033e-02
4.218299419295124669e-02
3.738445616943665561e-02
3.307838495419745256e-02
2.924293293915727551e-02
2.584836490982948126e-02
2.285962578739166723e-02
2.023905040605153416e-02
1.794851275008979216e-02
1.595103768439214142e-02
1.421183055132105820e-02
1.269890661027850420e-02
1.138336013244476037e-02
1.023942598547917908e-02
9.244364912876057438e-03
8.378273741301078131e-03
7.623829643817850096e-03
6.966029227250743715e-03
6.391916011428106816e-03
5.890331885853184596e-03
5.451678712861556843e-03
5.067711720018043368e-03
4.731348747982159521e-03
4.436509762184569737e-03
4.177971191529966308e-03
3.951245866254912351e-03
3.752474572645829193e-03
3.578338177193305953e-03
3.425977937848090175e-03
3.292932025312413774e-03
3.177077284892237344e-03
3.076583768439456520e-03
2.989872195150286745e-03
2.915581601115123378e-03
2.852538182275016643e-03
2.799732449102288866e-03
2.756296297479579691e-03
2.721487059358364876e-03
2.694670533069971549e-03
2.675310072596695770e-03
2.662953962867666263e-03
2.657228241484485814e-03
2.657827280745845601e-03
2.664509437142224997e-03
2.677090048152995071e-03
2.695439299284568910e-03
2.719477098636046905e-03
2.749172772352955277e-03
2.784541473440870461e-03
2.825645490406496121e-03
2.872592002157564692e-03
2.925535932312801120e-03
2.984678998511086038e-03
3.050274184710357207e-03
3.122626168515421977e-03
3.202097633991907687e-03
3.289111313567299674e-03
3.384158545705218384e-03
3.487803362052293351e-03
3.600693936171560708e-03
3.723569415108180826e-03
3.857275249279309721e-03
4.002773861451530170e-03
4.161165360038601886e-03
4.333703740032265016e-03
4.521825271305109605e-03
4.727172873654616504e-03
4.951635723415207316e-03
5.197385977806293945e-03
5.466935181181739774e-03
5.763190058133737907e-03
6.089534708085409496e-03
6.449916521457924566e-03
6.848969008614059009e-03
7.292146488634286029e-03
7.785912772092031670e-03
8.337956989709262995e-03
8.957492323843746149e-03
9.655610952781829362e-03
1.044577297674890298e-02
1.134440801059615790e-02
1.237174519564289248e-02
1.355286865265454589e-02
1.491918439162174224e-02
1.651034555072775772e-02
1.837696113196965117e-02
2.058426100282019847e-02
2.321733407936416721e-02
2.638841668176440669e-02
3.024747122161672297e-02
3.499719047884130435e-02
4.091481408558301364e-02
4.838244287920012016e-02
5.792708341374872005e-02
7.026261843809764041e-02
8.631765572401206565e-02
1.071652601892109646e-01
1.336074474119309519e-01
1.650899930190799503e-01
1.981844396680818021e-01
2.261794304687297363e-01
2.418656654730794997e-01
