2.829182105174131490e+00
2.828572551123040402e+00
2.827353527963000435e+00
2.825525205783178784e+00
2.823087839332677706e+00
2.820041768635575430e+00
2.816387418015885213e+00
2.812125297124000500e+00
2.807255999472002106e+00
2.801780203873494468e+00
2.795698672486737202e+00
2.789012252670736380e+00
2.781721874532730787e+00
2.773828553204258807e+00
2.765333385888706808e+00
2.756237554561833392e+00
2.746542322514233359e+00
2.736249037481684798e+00
2.725359127676450388e+00
2.713874105353708988e+00
2.701795562324659450e+00
2.689125173966211868e+00
2.675864694207965577e+00
2.662015959993183412e+00
2.647580885730762557e+00
2.632561468216524148e+00
2.616959780540232039e+00
2.600777977477227054e+00
2.584018288839570410e+00
2.566683025349030700e+00
2.548774571420334034e+00
2.530295391527626503e+00
2.511248022406722402e+00
2.491635079928208096e+00
2.471459250704464594e+00
2.450723299483779094e+00
2.429430060146648973e+00
2.407582443636521852e+00
2.385183428328641053e+00
2.362236068514297571e+00
2.338743484124195415e+00
2.314708869784430245e+00
2.290135483874920830e+00
2.265026658176870544e+00
2.239385786245288390e+00
2.213216333669198121e+00
2.186521825735771696e+00
2.159305858326170835e+00
2.131572084847117132e+00
2.103324227787071621e+00
2.074566064889271644e+00
2.045301441394841380e+00
2.015534255429426658e+00
1.985268470961868204e+00
1.954508102374541423e+00
1.923257228168419486e+00
1.891519974685025085e+00
1.859300530591123213e+00
1.826603129717799145e+00
1.793432066360582500e+00
1.759791677198674353e+00
1.725686357449088160e+00
1.691120541826240720e+00
1.656098721591798162e+00
1.620625424511841439e+00
1.584705232847390954e+00
1.548342762263120953e+00
1.511542680807196781e+00
1.474309686721897883e+00
1.436648528465410246e+00
1.398563981370813503e+00
1.360060868766857611e+00
1.321144037427485207e+00
1.281818379853380430e+00
1.242088808449556270e+00
1.201960279034792967e+00
1.161437763679505908e+00
1.120526275516169790e+00
1.079230840163925675e+00
1.037556521919506425e+00
9.955083936887643148e-01
9.530915646448437917e-01
9.103111485796301361e-01
8.671722931240541943e-01
8.236801464245735449e-01
7.798398880294317159e-01
7.356566937864970068e-01
6.911357685094360326e-01
6.462823089832598900e-01
6.011015385357730834e-01
5.555986680260760480e-01
5.097789324594957927e-01
4.636475498217157432e-01
4.172097598899952575e-01
3.704707807614722181e-01
3.234358500300341666e-01
2.761101788413192204e-01
2.284989956236802844e-01
1.806074974841686276e-01
1.324408967039800988e-01
8.400436926900005374e-02
3.530310436555689907e-02
-1.365775018447155931e-02
-6.287303516205436371e-02
-1.123376378682806598e-01
-1.620464357963976310e-01
-2.119943581891454154e-01
-2.621763258024270016e-01
-3.125873164255356107e-01
-3.632223003446450882e-01
-4.140763101889886610e-01
-4.651443716420982089e-01
-5.164215780227374708e-01
-5.679030157180726679e-01
-6.195838439602833203e-01
-6.714592143643252076e-01
-7.235243564202480382e-01
-7.757744904033222477e-01
-8.282049191684430767e-01
-8.808109335543079510e-01
-9.335879111402500818e-01
-9.865312130776280330e-01
-1.039636290550487896e+00
-1.092898571720969603e+00
-1.146313576722153282e+00
-1.199876793077572223e+00
-1.253583800145058991e+00
-1.307430130931452439e+00
-1.361411406995645557e+00
-1.415523183981892474e+00
-1.469761098071608929e+00
-1.524120691734620836e+00
-1.578597572882117550e+00
-1.633187216185242763e+00
-1.687885136111309858e+00
-1.742686657534810557e+00
-1.797587103813736764e+00
-1.852581528085951001e+00
-1.907664917399913396e+00
-1.962831872588036930e+00
-2.018076828786423249e+00
-2.073393665404799080e+00
-2.128775938493662867e+00
-2.184216381502483539e+00
-2.239707103234458430e+00
-2.295238806863333814e+00
-2.350800538640158699e+00
-2.406377349209205097e+00
-2.461945964086589722e+00
-2.517460419523733783e+00
-2.572815681694147205e+00
-2.627760523181360330e+00
-2.681769625197296669e+00
-2.734051988041354075e+00
-2.783882433785386468e+00
-2.830893932982670336e+00
-2.875022673805080586e+00
-2.916350699404784308e+00
-2.955012349174014119e+00
-2.991156457934200930e+00
-3.024929514057811630e+00
-3.056468971572409821e+00
-3.085898867452813832e+00
-3.113328866403609396e+00
-3.138853422655024872e+00
-3.162552988511277974e+00
-3.184494742391820399e+00
-3.204734661088289194e+00
-3.223318829101528671e+00
-3.240285682159194547e+00
-3.255667377181698185e+00
-3.269491861179134595e+00
-3.281784046778682296e+00
-3.292567546112992183e+00
-3.301865532301607509e+00
-3.309702069469284247e+00
-3.316102610444465970e+00
-3.321094905792060015e+00
-3.324709134372184849e+00
-3.326978414658947170e+00
-3.327938604672024514e+00
-3.327628474887528665e+00
-3.326089247643349900e+00
-3.323364518235755849e+00
-3.319499625014301181e+00
-3.314541417521978062e+00
-3.308537552563096451e+00
-3.301536203310881934e+00
-3.293585364405573479e+00
-3.284732577168945511e+00
-3.275024303793015790e+00
-3.264505717978502641e+00
-3.253220181864290961e+00
-3.241209125605523766e+00
-3.228511637090022202e+00
-3.215164433128728572e+00
-3.201201554719944831e+00
-3.186654418704991443e+00
-3.171551601157985623e+00
-3.155918951285063390e+00
-3.139779441377132940e+00
-3.123153322827539657e+00
-3.106058021141619996e+00
-3.088508315295394713e+00
-3.070516258699070189e+00
-3.052091366041395748e+00
-3.033240544401011540e+00
-3.013968275015601606e+00
-2.994276541964111082e+00
-2.974164999235622275e+00
-2.953630887027537177e+00
-2.932669176692758839e+00
-2.911272466463374009e+00
-2.889431098176251211e+00
-2.867133025046641137e+00
-2.844363894466745979e+00
-2.821106880281933016e+00
-2.797342725395488561e+00
-2.773049529781775657e+00
-2.748202745034025174e+00
-2.722774906939435802e+00
-2.696735571290822975e+00
-2.670050975960342576e+00
-2.642683902911385996e+00
-2.614593248837981054e+00
-2.585733791772113044e+00
-2.556055640690899633e+00
-2.525503875485826111e+00
-2.494017833219957403e+00
-2.461530576111636393e+00
-2.427967953491643627e+00
-2.393247831904131040e+00
-2.357278844765007708e+00
-2.319959289426741122e+00
-2.281175438490828711e+00
-2.240799969730265406e+00
-2.198689664402516009e+00
-2.154683194374736654e+00
-2.108597989933698180e+00
-2.060227206026695512e+00
-2.009335587856580396e+00
-1.955655655416573824e+00
-1.898882884964540496e+00
-1.838672339654224830e+00
-1.774635928201224955e+00
-1.706346027977295510e+00
-1.633348012472094268e+00
-1.555197040630078353e+00
-1.471543047740347721e+00
-1.382385305992947844e+00
-1.288624633551761711e+00
-1.192999522658856559e+00
-1.101143055288503314e+00
-1.021311862336884424e+00
-9.620366193864899884e-01
-9.302584855027462574e-01
