-3.148916559905234891e+00
-3.149503666170776484e+00
-3.150677796801947927e+00
-3.152438788145221604e+00
-3.154786394575206376e+00
-3.157720288933696828e+00
-3.161240062092914638e+00
-3.165345223687749954e+00
-3.170035201459937113e+00
-3.175309342284366565e+00
-3.181166911293245469e+00
-3.187607093197605490e+00
-3.194628991190429534e+00
-3.202231628564679689e+00
-3.210413947393987222e+00
-3.219174810449068946e+00
-3.228512999654162385e+00
-3.238427218303979949e+00
-3.248916089293864662e+00
-3.259978157639721097e+00
-3.271611888479588170e+00
-3.283815669899373901e+00
-3.296587810703038190e+00
-3.309926543547524691e+00
-3.323830022478383661e+00
-3.338296326377510059e+00
-3.353323456260818514e+00
-3.368909339042835072e+00
-3.385051824592484770e+00
-3.401748689819124483e+00
-3.418997635482090569e+00
-3.436796290603173265e+00
-3.455142209025132249e+00
-3.474032874156134376e+00
-3.493465695271867677e+00
-3.513438012598058435e+00
-3.533947093350297664e+00
-3.554990137161265551e+00
-3.576564271851812471e+00
-3.598666559210160543e+00
-3.621293990487096437e+00
-3.644443492535063722e+00
-3.668111923019751863e+00
-3.692296076927607196e+00
-3.716992681485318695e+00
-3.742198403045098321e+00
-3.767909841702708373e+00
-3.794123538570695064e+00
-3.820835970084806466e+00
-3.848043555676062155e+00
-3.875742651754553680e+00
-3.903929559792171045e+00
-3.932600519971741093e+00
-3.961751719693237472e+00
-3.991379286875079924e+00
-4.021479298897698840e+00
-4.052047775542675367e+00
-4.083080688388628587e+00
-4.114573953372616444e+00
-4.146523440654546810e+00
-4.178924966783811534e+00
-4.211774305049718059e+00
-4.245067177234871814e+00
-4.278799264470563912e+00
-4.312966198556665631e+00
-4.347563573342520193e+00
-4.382586935591317179e+00
-4.418031796908624464e+00
-4.453893624127303497e+00
-4.490167851807660426e+00
-4.526849872116725848e+00
-4.563935047925998134e+00
-4.601418702156601093e+00
-4.639296131502804954e+00
-4.677562595211782970e+00
-4.716213329463617043e+00
-4.755243535551531231e+00
-4.794648394951631865e+00
-4.834423056866320678e+00
-4.874562654020024866e+00
-4.915062289524836814e+00
-4.955917053441758924e+00
-4.997122008923756020e+00
-5.038672209585570272e+00
-5.080562684874884383e+00
-5.122788458298014547e+00
-5.165344531964785268e+00
-5.208225905721802995e+00
-5.251427560811328554e+00
-5.294944479968807904e+00
-5.338771630129629742e+00
-5.382903983553322114e+00
-5.427336499505024392e+00
-5.472064146475082325e+00
-5.517081882753878119e+00
-5.562384679822819145e+00
-5.607967501731858206e+00
-5.653825329745824746e+00
-5.699953140423316356e+00
-5.746345931611386959e+00
-5.792998699111984173e+00
-5.839906464128215013e+00
-5.887064248389837218e+00
-5.934467103165754764e+00
-5.982110082702788212e+00
-6.029988274931780801e+00
-6.078096773053100144e+00
-6.126430708078035359e+00
-6.174985218369284823e+00
-6.223755484174908759e+00
-6.272736694901335675e+00
-6.321924085814135452e+00
-6.371312902782666932e+00
-6.420898441340114005e+00
-6.470676008590501738e+00
-6.520640964839009790e+00
-6.570788682290507943e+00
-6.621114589479131673e+00
-6.671614126307257031e+00
-6.722282791519262446e+00
-6.773116093524546244e+00
-6.824109601170957440e+00
-6.875258889654819683e+00
-6.926559594850852264e+00
-6.978007353421824099e+00
-7.029597860946451782e+00
-7.081326805081094911e+00
-7.133189927684655984e+00
-7.185182949524249629e+00
-7.237301636510765412e+00
-7.289541713936261935e+00
-7.341898936782076390e+00
-7.394368990763684479e+00
-7.446947566421341591e+00
-7.499630243234513216e+00
-7.552412566805341676e+00
-7.605289910853786139e+00
-7.658257556196520710e+00
-7.711310523362636893e+00
-7.764443651224638643e+00
-7.817651390164789937e+00
-7.870927877542602147e+00
-7.924266678949128284e+00
-7.977660861743638421e+00
-8.031102683444210300e+00
-8.084583714931506293e+00
-8.138094624751893491e+00
-8.191625869555599238e+00
-8.245169097358486354e+00
-8.298722869159551152e+00
-8.352307600236068552e+00
-8.406001540312608711e+00
-8.459989125774605156e+00
-8.514535560916412393e+00
-8.569813422806781489e+00
-8.625776998832709097e+00
-8.682219833372711193e+00
-8.738872749469898338e+00
-8.795458813732622616e+00
-8.851714655113733343e+00
-8.907398857934383685e+00
-8.962294147349112450e+00
-9.016207979004507322e+00
-9.068971223507205082e+00
-9.120436885714770625e+00
-9.170477930198233096e+00
-9.218985641320866620e+00
-9.265867530962866638e+00
-9.311045956085667541e+00
-9.354456453493130041e+00
-9.396046787825637736e+00
-9.435775738149740022e+00
-9.473612521787545759e+00
-9.509535911198431890e+00
-9.543533890738171266e+00
-9.575602942814361640e+00
-9.605747788079762373e+00
-9.633980700463567359e+00
-9.660321218583884928e+00
-9.684795399557712514e+00
-9.707435445051364908e+00
-9.728278861972494695e+00
-9.747368001432397122e+00
-9.764749144081429577e+00
-9.780471990688699435e+00
-9.794588720711027818e+00
-9.807153492566849096e+00
-9.818221533238411070e+00
-9.827848705446664113e+00
-9.836090677611791122e+00
-9.843002600275426062e+00
-9.848638387258798588e+00
-9.853050522987524928e+00
-9.856289465038113207e+00
-9.858403584398567787e+00
-9.859438682344949356e+00
-9.859438051149670201e+00
-9.858442086907338364e+00
-9.856488449941956276e+00
-9.853611749857076774e+00
-9.849843782099862111e+00
-9.845213260799800636e+00
-9.839746108960570226e+00
-9.833465216812806275e+00
-9.826390766202079519e+00
-9.818539995645215512e+00
-9.809927543300126729e+00
-9.800565203552347171e+00
-9.790462276591149759e+00
-9.779625304480031645e+00
-9.768058418328763537e+00
-9.755763044074578616e+00
-9.742738240314746889e+00
-9.728980365310784251e+00
-9.714483399665217789e+00
-9.699238566319662525e+00
-9.683234632409435605e+00
-9.666457473224809860e+00
-9.648890346720829569e+00
-9.630513390455009315e+00
-9.611303860249289954e+00
-9.591235545794376094e+00
-9.570278961600161338e+00
-9.548400661872888051e+00
-9.525563366691764955e+00
-9.501725149259868886e+00
-9.476839472459340996e+00
-9.450854210607314343e+00
-9.423711560011533095e+00
-9.395346841352470335e+00
-9.365688230895107935e+00
-9.334655266326343792e+00
-9.302158320669096980e+00
-9.268096701073444521e+00
-9.232357753203551454e+00
-9.194814397281913187e+00
-9.155323708378634961e+00
-9.113723682541250426e+00
-9.069831106959972189e+00
-9.023437330238524012e+00
-8.974305305506623753e+00
-8.922164328658437782e+00
-8.866706684437575703e+00
-8.807582470749434123e+00
-8.744398950914021640e+00
-8.676722284240414140e+00
-8.604096339851601272e+00
-8.526092148611930099e+00
-8.442436678045583065e+00
-8.353231459844931095e+00
-8.259422631008282778e+00
-8.163756565678410126e+00
-8.071867258550948776e+00
-7.992011466610472681e+00
-7.932719810002577532e+00
-7.900933481456784868e+00
