-2.711699169187417344e-09
-2.713268851125017874e-09
-2.716428693833231941e-09
-2.721176137500192439e-09
-2.727517257956551111e-09
-2.735463538891882830e-09
-2.745026996902787484e-09
-2.756223991134470777e-09
-2.769072162879351129e-09
-2.783593120063686850e-09
-2.799810186025280411e-09
-2.817750508449374370e-09
-2.837443277575487103e-09
-2.858921488300425607e-09
-2.882220467659745393e-09
-2.907379409342976232e-09
-2.934440121914813691e-09
-2.963448406472703228e-09
-2.994452971682147804e-09
-3.027506700562643915e-09
-3.062665697165099019e-09
-3.099990474694713599e-09
-3.139545109833907832e-09
-3.181398375945884436e-09
-3.225622988340868998e-09
-3.272296701000410993e-09
-3.321501630887041791e-09
-3.373325333283019108e-09
-3.427860196644112798e-09
-3.485204509440356016e-09
-3.545461919642199871e-09
-3.608742504473407291e-09
-3.675162290593703115e-09
-3.744844337384989224e-09
-3.817918315474015049e-09
-3.894521613659801731e-09
-3.974798974867417888e-09
-4.058903636679666619e-09
-4.146997024983377943e-09
-4.239249938272010145e-09
-4.335842300335682404e-09
-4.436964398851810140e-09
-4.542816699589167531e-09
-4.653611150378768459e-09
-4.769571060351507370e-09
-4.890932481216953979e-09
-5.017944156115307621e-09
-5.150868991121325074e-09
-5.289984079488825485e-09
-5.435582277492665206e-09
-5.587972311025012685e-09
-5.747480471383435497e-09
-5.914450812490682671e-09
-6.089246983925515906e-09
-6.272252528486833157e-09
-6.463872871723397407e-09
-6.664535731167601859e-09
-6.874693283899923839e-09
-7.094822700520894392e-09
-7.325428514936624840e-09
-7.567043298107266599e-09
-7.820230257195721561e-09
-8.085584066363143939e-09
-8.363733725895950314e-09
-8.655343569749568997e-09
-8.961116419180856630e-09
-9.281794789579963573e-09
-9.618164377572173902e-09
-9.971055492838749928e-09
-1.034134692276219346e-08
-1.072996761846957366e-08
-1.113790098694636872e-08
-1.156618686451179856e-08
-1.201592629300291678e-08
-1.248828381842384030e-08
-1.298449281531843593e-08
-1.350585815352904590e-08
-1.405376214353122999e-08
-1.462966761994431642e-08
-1.523512459054839985e-08
-1.587177379170262950e-08
-1.654135413500967602e-08
-1.724570679728411480e-08
-1.798678357165446729e-08
-1.876665156297607077e-08
-1.958750256501061085e-08
-2.045165844167069944e-08
-2.136158166858355491e-08
-2.231988149122741969e-08
-2.332932578855370426e-08
-2.439284811107342550e-08
-2.551356104613180160e-08
-2.669476425263976853e-08
-2.793995953286584719e-08
-2.925285999577271565e-08
-3.063740706896247683e-08
-3.209778093995003625e-08
-3.363841977495536458e-08
-3.526403160690628393e-08
-3.697961606539824351e-08
-3.879047790246054839e-08
-4.070225158121588989e-08
-4.272091665501067957e-08
-4.485282561201599154e-08
-4.710472135130029512e-08
-4.948376873717755221e-08
-5.199757444711818313e-08
-5.465422275456352395e-08
-5.746229805921870477e-08
-6.043092549087242725e-08
-6.356979647242801459e-08
-6.688921482215203570e-08
-7.040012574454919869e-08
-7.411416820487708515e-08
-7.804370779420030261e-08
-8.220189625881643971e-08
-8.660270874420953747e-08
-9.126101148584561732e-08
-9.619260400276217377e-08
-1.014142960951329826e-07
-1.069439556355604949e-07
-1.128005961731311743e-07
-1.190044310612557814e-07
-1.255769731368683430e-07
-1.325410960343847727e-07
-1.399211475884046220e-07
-1.477430193209987700e-07
-1.560342754012936621e-07
-1.648242314730001235e-07
-1.741441011766328888e-07
-1.840270857315955928e-07
-1.945085401603655555e-07
-2.056260753961568580e-07
-2.174197463907055431e-07
-2.299321690689025318e-07
-2.432087323714169310e-07
-2.572977333164331818e-07
-2.722506147257300172e-07
-2.881221237960177810e-07
-3.049705782468142730e-07
-3.228580632032499316e-07
-3.418507480086618324e-07
-3.620192094133224828e-07
-3.834390352439735909e-07
-4.061920555344219943e-07
-4.303696326073909121e-07
-4.560823940635378940e-07
-4.834898358859870203e-07
-5.128905266276098409e-07
-5.449835045929326507e-07
-5.815179862584212638e-07
-6.263260902480194279e-07
-6.852036423293774412e-07
-7.625185141679147899e-07
-8.578879129637976671e-07
-9.680898389072469080e-07
-1.090754997434933754e-06
-1.225186725445783017e-06
-1.371621690988357045e-06
-1.530657480929138750e-06
-1.703025787069934734e-06
-1.889513461114026191e-06
-2.090945702188417972e-06
-2.308177284136459503e-06
-2.542097337107837201e-06
-2.793627400509567081e-06
-3.063728788888833834e-06
-3.353402118133770859e-06
-3.663696045338583756e-06
-3.995708022601720567e-06
-4.350594610961744121e-06
-4.729573609284968864e-06
-5.133936245830125498e-06
-5.565050891970301793e-06
-6.024377477585205544e-06
-6.513473066829324773e-06
-7.034008914790567882e-06
-7.587778278324478616e-06
-8.176716637961490070e-06
-8.802912246685067315e-06
-9.468630189174305400e-06
-1.017632634498658093e-05
-1.092867615805989051e-05
-1.172859292287816753e-05
-1.257926240796638296e-05
-1.348416668515728953e-05
-1.444712611646832325e-05
-1.547233036709361303e-05
-1.656438976076806945e-05
-1.772837568928513900e-05
-1.896988401749950993e-05
-2.029508788681838903e-05
-2.171081678110254470e-05
-2.322462580698579830e-05
-2.484489532325130621e-05
-2.658092229731492918e-05
-2.844304721120079476e-05
-3.044277523482879960e-05
-3.259293968780241948e-05
-3.490786382598931874e-05
-3.740357381818718767e-05
-4.009801635519665795e-05
-4.301133943973589353e-05
-4.616618747837611728e-05
-4.958807603231936352e-05
-5.330579560626055917e-05
-5.735191820368874176e-05
-6.176335537678256493e-05
-6.658205211207093204e-05
-7.185576658069823403e-05
-7.763903403611861602e-05
-8.399426958881330495e-05
-9.099312720062924893e-05
-9.871808021201232430e-05
-1.072643679375858572e-04
-1.167422944213506364e-04
-1.272800644379955357e-04
-1.390271814458308628e-04
-1.521586557920309789e-04
-1.668801181345004744e-04
-1.834341893269196533e-04
-2.021083292608445519e-04
-2.232446907715210306e-04
-2.472524348068910098e-04
-2.746233424644038299e-04
-3.059516161743203871e-04
-3.419592762794965916e-04
-3.835288797010220473e-04
-4.317460634140710281e-04
-4.879552870822035900e-04
-5.538334764425259429e-04
-6.314883192615387917e-04
-7.235905295844199123e-04
-8.335540611264211129e-04
-9.657837517797482688e-04
-1.126020629563806181e-03
-1.321827974987568139e-03
-1.563286936539882207e-03
-1.864002820640671106e-03
-2.242587861299434430e-03
-2.724872555395613325e-03
-3.347269447068404805e-03
-4.161953117602019622e-03
-5.244991551142291590e-03
-6.709219690164489568e-03
-8.724898823416720253e-03
-1.155288989886552736e-02
-1.559658808041484296e-02
-2.146381831513993060e-02
-2.998273720971862330e-02
-4.200513054930099521e-02
-5.766495962244230084e-02
-7.528851691979673855e-02
-9.177938082553946386e-02
-1.046395552104755766e-01
-1.104660050952117473e-01
