1.985228835612333853e+01
1.985224458439686757e+01
1.985215544514462138e+01
1.985202397766891025e+01
1.985184539266375126e+01
1.985162577167534792e+01
1.985135712615758408e+01
1.985104858579481046e+01
1.985068895321409954e+01
1.985029041510728831e+01
1.984983855178791856e+01
1.984934861883348489e+01
1.984880295679132090e+01
1.984821990505704647e+01
1.984757854290701928e+01
1.984690031159951573e+01
1.984616100347632184e+01
1.984538518288508513e+01
1.984454532528197390e+01
1.984366914259669201e+01
1.984272575900941504e+01
1.984174606188839007e+01
1.984069578513163279e+01
1.983960902287899586e+01
1.983844807492162232e+01
1.983725027710974587e+01
1.983597444625287665e+01
1.983466119860279164e+01
1.983326581380026354e+01
1.983183223110803084e+01
1.983031213320239061e+01
1.982875282907158976e+01
1.982710233869022431e+01
1.982541139180148093e+01
1.982362427362581059e+01
1.982179519024148462e+01
1.981986461332860117e+01
1.981789028569552258e+01
1.981580877949396680e+01
1.981368143976846596e+01
1.981144084542932404e+01
1.980915201470694242e+01
1.980674343124742265e+01
1.980428386323359646e+01
1.980169758806164637e+01
1.979905720687006365e+01
1.979628267012640563e+01
1.979345050163776776e+01
1.979047619375490896e+01
1.978744028991028969e+01
1.978425368172657883e+01
1.978100103706685431e+01
1.977758849176796829e+01
1.977410495146373037e+01
1.977045162755342389e+01
1.976672178609842589e+01
1.976281153052623196e+01
1.975881862019272717e+01
1.975463385068830036e+01
1.975035961876539048e+01
1.974588119434968903e+01
1.974130576810787829e+01
1.973651284667122496e+01
1.973161458491987474e+01
1.972648446668038957e+01
1.972123979671461669e+01
1.971574775230122967e+01
1.971013099097585552e+01
1.970425007282616292e+01
1.969823323045624619e+01
1.969193406619098141e+01
1.968548663197470106e+01
1.967873719842328839e+01
1.967182590613197490e+01
1.966459128276171597e+01
1.965717985557442660e+01
1.964942195625342691e+01
1.964147082987195958e+01
1.963314811222609180e+01
1.962461413585560877e+01
1.961568128804032085e+01
1.960651740355870487e+01
1.959692500917518743e+01
1.958707990998605553e+01
1.957677409330618090e+01
1.956619186619899153e+01
1.955511392209521659e+01
1.954373367825756347e+01
1.953181969467624057e+01
1.951957520033815641e+01
1.950675568644562574e+01
1.949357501028211459e+01
1.947977455154243387e+01
1.946557975616830305e+01
1.945071673012729008e+01
1.943542365074403122e+01
1.941941005664120112e+01
1.940292823424570656e+01
1.938566971964468166e+01
1.936790259415062820e+01
1.934929880883344566e+01
1.933014433702573598e+01
1.931008981862474627e+01
1.928944177621451317e+01
1.926782769023367692e+01
1.924557806819477790e+01
1.922229531519581869e+01
1.919833846465147431e+01
1.917328297689254057e+01
1.914752255653770163e+01
1.912060411722315934e+01
1.909296456082983440e+01
1.906412133739375037e+01
1.903456667416521597e+01
1.900378914763346572e+01
1.897235381005252819e+01
1.893972392977156360e+01
1.890652186990120853e+01
1.887183987931990359e+01
1.883575862050041039e+01
1.879693560384888329e+01
1.875559997171128046e+01
1.871037711404480675e+01
1.866161559294618399e+01
1.860768942982868168e+01
1.854893368324785285e+01
1.848322152002763374e+01
1.841074263917402476e+01
1.832847167830671253e+01
1.823620562761577091e+01
1.812915864629564666e+01
1.800609675555003975e+01
1.785811015834364923e+01
1.768091813946200119e+01
1.745435684166636747e+01
1.720328916651637385e+01
1.696416062482111542e+01
1.673166575336219353e+01
1.651026429115670879e+01
1.629718071285588010e+01
1.609502122474494357e+01
1.590202971758291284e+01
1.571998158363903997e+01
1.554751205709282758e+01
1.538585527774549533e+01
1.523378215132263946e+01
1.509210949196914342e+01
1.495963239901580444e+01
1.483683947597251596e+01
1.472252037482095588e+01
1.461692434142365826e+01
1.451885332412757457e+01
1.442840531695887485e+01
1.434443089395600879e+01
1.426695273697173505e+01
1.419490367531158093e+01
1.412828618539912107e+01
1.406613579549637727e+01
1.400846778407594861e+01
1.395442645366818901e+01
1.390405508667007872e+01
1.385660219215614042e+01
1.381214257707801174e+01
1.377001848069627421e+01
1.373033343282189911e+01
1.369251076687202406e+01
1.365667729190114521e+01
1.362232494950051809e+01
1.358959786581605833e+01
1.355804539297660583e+01
1.352782352607174943e+01
1.349852951040872284e+01
1.347032666198383311e+01
1.344285227438075125e+01
1.341627338831502314e+01
1.339026098820605348e+01
1.336498309912545146e+01
1.334013928732587040e+01
1.331589653329444012e+01
1.329197889113155640e+01
1.326855083372466027e+01
1.324535762027755759e+01
1.322256019153350515e+01
1.319992237225799236e+01
1.317760088079033487e+01
1.315537597686205018e+01
1.313339971855680588e+01
1.311146707355149132e+01
1.308972519142379198e+01
1.306798234243827395e+01
1.304638066158638665e+01
1.302474057462445067e+01
1.300319920260331408e+01
1.298158818890099475e+01
1.296003972170575302e+01
1.293839589537755153e+01
1.291678410734248139e+01
1.289505627796973641e+01
1.287333520275088006e+01
1.285148212160260073e+01
1.282961545308727835e+01
1.280760535039701153e+01
1.278556610848283981e+01
1.276337647301123468e+01
1.274114689093524788e+01
1.271876445296876490e+01
1.269633605113116737e+01
1.267375693685120197e+01
1.265113075349013982e+01
1.262836078281032570e+01
1.260554773486740388e+01
1.258260283671998714e+01
1.255962418505873224e+01
1.253653090392479719e+01
1.251341879589030448e+01
1.249021486124003033e+01
1.246701292047843168e+01
1.244374784680520385e+01
1.242051177538355056e+01
1.239724745477936629e+01
1.237404560608878690e+01
1.235085684799129169e+01
1.232777072091266746e+01
1.230474568507103683e+01
1.228187028085055843e+01
1.225911074024987890e+01
1.223655471415557550e+01
1.221417607545540207e+01
1.219206160660128191e+01
1.217019260782357293e+01
1.214865490400651638e+01
1.212743690442014710e+01
1.210662325630208613e+01
1.208620903378228206e+01
1.206627733652066681e+01
1.204682931548414260e+01
1.202794598839249218e+01
1.200963383911388860e+01
1.199197109735995070e+01
1.197496867701010004e+01
1.195870114524113959e+01
1.194318279325512044e+01
1.192848349948460474e+01
1.191461975399836604e+01
1.190165560109611320e+01
1.188960846591885456e+01
1.187853534298690761e+01
1.186845329988128839e+01
1.185941105931833661e+01
1.185142407970282008e+01
1.184453165837585331e+01
1.183874651186294891e+01
1.183409750629174972e+01
1.183059368089116958e+01
1.182825268782358918e+01
1.182707922083411489e+01
