2.433372770810334629e+01
2.433206090655609088e+01
2.432872754072250743e+01
2.432372835174015435e+01
2.431706405040920416e+01
2.430873611601889905e+01
2.429874572993706039e+01
2.428709510359538726e+01
2.427378588389781910e+01
2.425882100531072183e+01
2.424220257306295423e+01
2.422393423233530640e+01
2.420401853712221296e+01
2.418245982763118818e+01
2.415926109449586434e+01
2.413442735369805092e+01
2.410796201754556733e+01
2.407987075473445771e+01
2.405015738111752199e+01
2.401882819094606702e+01
2.398588738194136738e+01
2.395134184230848007e+01
2.391519612597099353e+01
2.387745767864356594e+01
2.383813138028978784e+01
2.379722519238652012e+01
2.375474428570599628e+01
2.371069708990960478e+01
2.366508902563299088e+01
2.361792893671627525e+01
2.356922244627916285e+01
2.351897875123093229e+01
2.346720362256068881e+01
2.341390654127456372e+01
2.335909336349338616e+01
2.330277377663602323e+01
2.324495365011420489e+01
2.318564279041692799e+01
2.312484699822372392e+01
2.306257610104046307e+01
2.299883573742375376e+01
2.293363564596644721e+01
2.286698119704331589e+01
2.279888191723816249e+01
2.272934278859210622e+01
2.265837298799314681e+01
2.258597697334358401e+01
2.251216341798618714e+01
2.243693610251550297e+01
2.236030302498121358e+01
2.228226711626021483e+01
2.220283550754418300e+01
2.212201008627556931e+01
2.203979690327849639e+01
2.195619658525447804e+01
2.187121386483761754e+01
2.178484786455426203e+01
2.169710173406017262e+01
2.160797281930261349e+01
2.151746239220927848e+01
2.142556571756034955e+01
2.133228186142758886e+01
2.123760366697506186e+01
2.114152762896812376e+01
2.104404378837990564e+01
2.094514566127820032e+01
2.084482006072297722e+01
2.074305706926204351e+01
2.063983979516002165e+01
2.053515437855294579e+01
2.042897968754463989e+01
2.032129734873494797e+01
2.021208138714009905e+01
2.010130827225368932e+01
1.998894650406838025e+01
1.987496666596588568e+01
1.975933095729526201e+01
1.964200324409775789e+01
1.952293853667000434e+01
1.940209302824445459e+01
1.927941351363588396e+01
1.915484740428085786e+01
1.902833208128661369e+01
1.889980487234323192e+01
1.876919232903986057e+01
1.863642014660247881e+01
1.850140235086997720e+01
1.836405113483752416e+01
1.822426593465870326e+01
1.808194314647141354e+01
1.793696506236689814e+01
1.778920941521954902e+01
1.763853813337982857e+01
1.748480663751715980e+01
1.732785235461830808e+01
1.716750365484032415e+01
1.700356803746701218e+01
1.683584054030272981e+01
1.666409146604872760e+01
1.648807400973828408e+01
1.630751132191041108e+01
1.612210295985336472e+01
1.593151096243687626e+01
1.573536450033562240e+01
1.553324442481559764e+01
1.532468509924118294e+01
1.510915649586242537e+01
1.488606149716193627e+01
1.465471386694432709e+01
1.441432803839435728e+01
1.416398974024616031e+01
1.390263289077203446e+01
1.362899609424715131e+01
1.334157691925634914e+01
1.303855717653882884e+01
1.271772261465425125e+01
1.237630303966032308e+01
1.201175685177336483e+01
1.162755620001055412e+01
1.123432378526856468e+01
1.084146957311666881e+01
1.045477458864706044e+01
1.007736402158152877e+01
9.710672949321486058e+00
9.355254634912709477e+00
9.011161568259973720e+00
8.678204753853114184e+00
8.356038202115257718e+00
8.044236059095766223e+00
7.742295037817950920e+00
7.449651297158449204e+00
7.165652748253071636e+00
6.889526908631056656e+00
6.620304579949623403e+00
6.356642953232571003e+00
6.096970693590741064e+00
5.840941867498926854e+00
5.588564357835389629e+00
5.339836737613987694e+00
5.094797570792099606e+00
4.853500527413345367e+00
4.616033422080864312e+00
4.382507693531904280e+00
4.153066159538321145e+00
3.927874598164793341e+00
3.707122561217794487e+00
3.491013595239171874e+00
3.279761080870671641e+00
3.073577101346574914e+00
2.872665971046626243e+00
2.677213835885406734e+00
2.487383069389053958e+00
2.303305007544999228e+00
2.125077465701176394e+00
1.952761689798107492e+00
1.786383398732336536e+00
1.625933344493944555e+00
1.471370824923601939e+00
1.322626355106317098e+00
1.179606175720824934e+00
1.042195603688106376e+00
9.102634014347003033e-01
7.836649001061360975e-01
6.622456426461422740e-01
5.458438931590297027e-01
4.342933909169334195e-01
3.274251913854063778e-01
2.250695981610445484e-01
1.270574341959022080e-01
3.322130423387278930e-02
-5.660356311588174427e-02
-1.425785619627991385e-01
-2.248611655460283354e-01
-3.036045448441757610e-01
-3.789572200648703149e-01
-4.510629449377067113e-01
-5.200604781335730342e-01
-5.860836546414540660e-01
-6.492612253803626832e-01
-7.097170590060903894e-01
-7.675700155129392410e-01
-8.229342380813492452e-01
-8.759190388898822066e-01
-9.266292522717873847e-01
-9.751651194632027231e-01
-1.021622682558147588e+00
-1.066093660605259785e+00
-1.108665869617123212e+00
-1.149423086157998819e+00
-1.188445482713406776e+00
-1.225809477311306850e+00
-1.261588176419411234e+00
-1.295851210652025465e+00
-1.328665179402047869e+00
-1.360093473603431136e+00
-1.390196717775215252e+00
-1.419032581337087873e+00
-1.446656214815774444e+00
-1.473120051484440030e+00
-1.498474235273570709e+00
-1.522766414614042052e+00
-1.546042160186830383e+00
-1.568344752854427870e+00
-1.589715589831165454e+00
-1.610193968527688702e+00
-1.629817480066323210e+00
-1.648621790765153694e+00
-1.666641022186249321e+00
-1.683907531867776308e+00
-1.700452279297666847e+00
-1.716304607374330660e+00
-1.731492593857991258e+00
-1.746042834911074815e+00
-1.759980781704885366e+00
-1.773330527263426326e+00
-1.786115128001221519e+00
-1.798356394973296135e+00
-1.810075200196784362e+00
-1.821291273295198909e+00
-1.832023492516595464e+00
-1.842289687653929864e+00
-1.852106915719160085e+00
-1.861491270922906338e+00
-1.870458144999506134e+00
-1.879022044939518521e+00
-1.887196837986713005e+00
-1.894995577735209880e+00
-1.902430733838792243e+00
-1.909514027009726611e+00
-1.916256643494355982e+00
-1.922669079442983930e+00
-1.928761340214675934e+00
-1.934542794526700638e+00
-1.940022358655850487e+00
-1.945208360721798480e+00
-1.950108709853995315e+00
-1.954730770913738702e+00
-1.959081518695432012e+00
-1.963167423348475493e+00
-1.966994589678948024e+00
-1.970568653493191213e+00
-1.973894906062133581e+00
-1.976978201574061123e+00
-1.979823066818211297e+00
-1.982433619903476218e+00
-1.984813665212626699e+00
-1.986966623515780572e+00
-1.988895612240143773e+00
-1.990603387083395237e+00
-1.992092407636901541e+00
-1.993364790582360158e+00
-1.994422360699699137e+00
-1.995266615711076330e+00
-1.995898762697688511e+00
-1.996319694637353592e+00
-1.996530012247729857e+00
