-2.197152982847490321e+01
-2.197058413620344908e+01
-2.196869186510409833e+01
-2.196585535519808730e+01
-2.196207194499316984e+01
-2.195734631487235333e+01
-2.195167402291915693e+01
-2.194506209054706147e+01
-2.193750428620268877e+01
-2.192900997330162838e+01
-2.191957111761837851e+01
-2.190919942580702795e+01
-2.189788504397290225e+01
-2.188564202345771648e+01
-2.187245866955797524e+01
-2.185835137989826649e+01
-2.184330659345969394e+01
-2.182734305580870782e+01
-2.181044530946772753e+01
-2.179263444956875162e+01
-2.177389308707819282e+01
-2.175424466816437175e+01
-2.173366983181835010e+01
-2.171219437642549721e+01
-2.168979692283852856e+01
-2.166650562239199473e+01
-2.164229702541473443e+01
-2.161720163629226121e+01
-2.159119387568111037e+01
-2.156430660028280855e+01
-2.153651203456402996e+01
-2.150784538573751092e+01
-2.147827660751576673e+01
-2.144784325448696904e+01
-2.141651292624392511e+01
-2.138432551999213516e+01
-2.135124618820004727e+01
-2.131731716398737930e+01
-2.128250104912553198e+01
-2.124684240364457466e+01
-2.121030116345037797e+01
-2.117292420378850082e+01
-2.113466866679855727e+01
-2.109558372812968230e+01
-2.105562359426645713e+01
-2.101483972286911950e+01
-2.097318322750250985e+01
-2.093070782536266350e+01
-2.088736136291865009e+01
-2.084319978980053634e+01
-2.079816749259379804e+01
-2.075232262104664827e+01
-2.070560588857332718e+01
-2.065807760687398087e+01
-2.060967458030133059e+01
-2.056045923779932494e+01
-2.051036421381447283e+01
-2.045945400252762525e+01
-2.040765678003561234e+01
-2.035503904561310051e+01
-2.030152419797216012e+01
-2.024718067226088536e+01
-2.019192673676696970e+01
-2.013583268313626462e+01
-2.007881125825963409e+01
-2.002093451948554303e+01
-1.996210925883546139e+01
-1.990240919562452859e+01
-1.984173468566110188e+01
-1.978016099166895714e+01
-1.971758149763389412e+01
-1.965407287392008584e+01
-1.958952093510292514e+01
-1.952400360310264560e+01
-1.945739845408836644e+01
-1.938978448101082463e+01
-1.932103026953967273e+01
-1.925121567311277460e+01
-1.918019943701641239e+01
-1.910806202696424805e+01
-1.903465138145762836e+01
-1.896004828198412184e+01
-1.888408875314315338e+01
-1.880685353250052216e+01
-1.872816545122750043e+01
-1.864810475897330733e+01
-1.856647959946824855e+01
-1.848336917599274898e+01
-1.839856517971006156e+01
-1.831214505112273372e+01
-1.822388191531749868e+01
-1.813385051226362776e+01
-1.804180283211415770e+01
-1.794780966173382453e+01
-1.785159868181056808e+01
-1.775323501896171408e+01
-1.765241804949977578e+01
-1.754920486558695103e+01
-1.744326141185054979e+01
-1.733463337496727874e+01
-1.722294654622408316e+01
-1.710823031413355011e+01
-1.699006130334868914e+01
-1.686844532763788607e+01
-1.674289746770887177e+01
-1.661338882605305045e+01
-1.647935552651067681e+01
-1.634071629253898195e+01
-1.619680325238823215e+01
-1.604745330966653682e+01
-1.589185823725737556e+01
-1.572972017745872719e+01
-1.556004011680311194e+01
-1.538227553412079729e+01
-1.519519400454118951e+01
-1.499767630793703610e+01
-1.478828547125810466e+01
-1.455360060162533031e+01
-1.426308231234807167e+01
-1.391939641646037984e+01
-1.354734592599333709e+01
-1.316351731756403254e+01
-1.277840032108575130e+01
-1.239718967604608757e+01
-1.202217960105436667e+01
-1.165438005846760383e+01
-1.129338648960576386e+01
-1.093900027670802544e+01
-1.058964849538921627e+01
-1.024461076216800848e+01
-9.901169472568305707e+00
-9.557944367215961634e+00
-9.210016933091880631e+00
-8.854395478876694980e+00
-8.510796673732103912e+00
-8.425376327331560944e+00
-8.361057499301990603e+00
-8.299034226615169985e+00
-8.240524782320385100e+00
-8.184697226439913820e+00
-8.132239555154962218e+00
-8.082582451648823607e+00
-8.036164855970122645e+00
-7.992511324413571039e+00
-7.951899434928008326e+00
-7.913888155968053617e+00
-7.878641679474955417e+00
-7.845737678998611742e+00
-7.815266541042957371e+00
-7.786829387380334921e+00
-7.760476951446113603e+00
-7.735843779123222852e+00
-7.712965795722079854e+00
-7.691517128743720733e+00
-7.671532860402725973e+00
-7.652726834319654614e+00
-7.635138785547585627e+00
-7.618518399417584241e+00
-7.602910926266248204e+00
-7.588096688895911157e+00
-7.574125568907341233e+00
-7.560803591486380704e+00
-7.548184053381427283e+00
-7.536094538115024832e+00
-7.524590667479298389e+00
-7.513518218746255251e+00
-7.502934240628950313e+00
-7.492699965395319239e+00
-7.482873131831569324e+00
-7.473328173044724743e+00
-7.464122910931316746e+00
-7.455143109243430821e+00
-7.446446177344877349e+00
-7.437927653192978994e+00
-7.429644137456214992e+00
-7.421499647032216096e+00
-7.413549666702135887e+00
-7.405705615672214748e+00
-7.398021633536313146e+00
-7.390415647895192564e+00
-7.382940290234392577e+00
-7.375519254721631945e+00
-7.368203556986292035e+00
-7.360922042072452598e+00
-7.353724046937912817e+00
-7.346543056233154623e+00
-7.339426701460600277e+00
-7.332312682074860533e+00
-7.325246925928009745e+00
-7.318170994251371297e+00
-7.311129135598934070e+00
-7.304066479790584765e+00
-7.297025638190525854e+00
-7.289955066208526624e+00
-7.282895794153428248e+00
-7.275799402431092133e+00
-7.268705407592847223e+00
-7.261568350567620733e+00
-7.254426310433031766e+00
-7.247236655196057420e+00
-7.240036110073922337e+00
-7.232784763570936803e+00
-7.225518076705977677e+00
-7.218198775306881032e+00
-7.210861150868772995e+00
-7.203470503832334337e+00
-7.196060054944376283e+00
-7.188597634408861126e+00
-7.181115494199151073e+00
-7.173583964876304009e+00
-7.166034433809699067e+00
-7.158439715571403461e+00
-7.150830438067935724e+00
-7.143181894100833595e+00
-7.135524056666270987e+00
-7.127834698825346926e+00
-7.120143240608205026e+00
-7.112429942024014906e+00
-7.104723766871806845e+00
-7.097007469766723808e+00
-7.089309646505784990e+00
-7.081615550593333808e+00
-7.073953485463920998e+00
-7.066311199334823101e+00
-7.058716761405534612e+00
-7.051160396114540596e+00
-7.043669973297332909e+00
-7.036238154234534470e+00
-7.028892614564218100e+00
-7.021628385030759034e+00
-7.014472915641146500e+00
-7.007423503907483031e+00
-7.000507299257775706e+00
-6.993723720956402268e+00
-6.987099493086941671e+00
-6.980635963372742836e+00
-6.974359251106330149e+00
-6.968272386900895121e+00
-6.962400648701161820e+00
-6.956748451172738434e+00
-6.951339938324479384e+00
-6.946180559839927326e+00
-6.941292982762256258e+00
-6.936683300589334245e+00
-6.932372320760495477e+00
-6.928366360707219229e+00
-6.924683962324849062e+00
-6.921331237267764891e+00
-6.918324053937794815e+00
-6.915667901966820352e+00
-6.913375591246776253e+00
-6.911451612580672865e+00
-6.909905381691827664e+00
-6.908740079316343596e+00
-6.907961465823367675e+00
-6.907571189530304245e+00
