1.302259357619232547e-02
1.302018485201652913e-02
1.301537053732904591e-02
1.300815694324781134e-02
1.299855343844129492e-02
1.298657258054950088e-02
1.297222987671268167e-02
1.295554400278007764e-02
1.293653644493971029e-02
1.291523180697827164e-02
1.289165733401075563e-02
1.286584330816439165e-02
1.283782245573092916e-02
1.280763043175827190e-02
1.277530511226028682e-02
1.274088716831233738e-02
1.270441924524789816e-02
1.266594662696226593e-02
1.262551630429717582e-02
1.258317773035617926e-02
1.253898178051838196e-02
1.249298159965523194e-02
1.244523145641438650e-02
1.239578768329393198e-02
1.234470742799061507e-02
1.229204968732872799e-02
1.223787395856595211e-02
1.218224136818672580e-02
1.212521322609848295e-02
1.206685225028059083e-02
1.200722102678152166e-02
1.194638333116293354e-02
1.188440249712356851e-02
1.182134283559703979e-02
1.175726791468166554e-02
1.169224207714304048e-02
1.162632863412608325e-02
1.155959148168554662e-02
1.149209321050249054e-02
1.142389682192516444e-02
1.135506375561442204e-02
1.128565570543287565e-02
1.121573256661132639e-02
1.114535435168394900e-02
1.107457905840898184e-02
1.100346468582275201e-02
1.093206702377092637e-02
1.086044176905183282e-02
1.078864223702767459e-02
1.071672157775693628e-02
1.064473040976425186e-02
1.057271913602816221e-02
1.050073549959954465e-02
1.042882699932162066e-02
1.035703836660214518e-02
1.028541408080062627e-02
1.021399576608222372e-02
1.014282480651553658e-02
1.007193966156541554e-02
1.000137858110585094e-02
9.931176837743601812e-03
9.861369542165262375e-03
9.791988790121159206e-03
9.723066578794299641e-03
9.654631865909951705e-03
9.586713588137001085e-03
9.519337629418450630e-03
9.452529942793217940e-03
9.386313424660062618e-03
9.320711141840812286e-03
9.255743108087820248e-03
9.191429618700123344e-03
9.127787925155365564e-03
9.064835680140232582e-03
9.002587505723243927e-03
8.941058552275199522e-03
8.880260955090295977e-03
8.820207511356965499e-03
8.760908019571276434e-03
8.702373079483242263e-03
8.644610308017620579e-03
8.587628267977032853e-03
8.531432553479788294e-03
8.476029854166405517e-03
8.421423902369067419e-03
8.367619680665201037e-03
8.314619222096633275e-03
8.262425970173596299e-03
8.211040422451774262e-03
8.160464653557259612e-03
8.110697791297832859e-03
8.061740715016509073e-03
8.013591352159897194e-03
7.966249566368745205e-03
7.919712261068813028e-03
7.873978474311052467e-03
7.829044274538538017e-03
7.784908082508040436e-03
7.741565343011868640e-03
7.699014098533529110e-03
7.657249419467689402e-03
7.616269259777690842e-03
7.576068627086766233e-03
7.536645757505121800e-03
7.497996005106269402e-03
7.460118380293516253e-03
7.423009133343184095e-03
7.386668705458231642e-03
7.351094968986168071e-03
7.316290638622022051e-03
7.282256106996970284e-03
7.248997353302379619e-03
7.216518276707464125e-03
7.184829125512229298e-03
7.153938188117864479e-03
7.123860756511586970e-03
7.094609988739096658e-03
7.066206416424344015e-03
7.038667733435689106e-03
7.012018849751311053e-03
6.986280276319346838e-03
6.961478702400762664e-03
6.937633422884231446e-03
6.914766916868043435e-03
6.892886935292571668e-03
6.871992139478650362e-03
6.852039589960975778e-03
6.832940243993755776e-03
6.814542050663671864e-03
6.796694419695494330e-03
6.779275882329988123e-03
6.762224701552150413e-03
6.745496436164327876e-03
6.729067853486024077e-03
6.712870616379259386e-03
6.696536408412571452e-03
6.679131166056058271e-03
6.660333157769110328e-03
6.640695605094614450e-03
6.620762314026676712e-03
6.600921592814828522e-03
6.581351475245155770e-03
6.562148641885109587e-03
6.543339608590752893e-03
6.524943678205761578e-03
6.506955748570935304e-03
6.489377878965829106e-03
6.472199027178797068e-03
6.455416668988252227e-03
6.439019030890565098e-03
6.423002134682840106e-03
6.407354634482661376e-03
6.392072031825022163e-03
6.377143618147439533e-03
6.362564692151952313e-03
6.348325164426221051e-03
6.334420262009404085e-03
6.320840457029235950e-03
6.307580974907971323e-03
6.294632795600781094e-03
6.281991188078461449e-03
6.269647596327333587e-03
6.257597364609117363e-03
6.245832365524518412e-03
6.234348041593544380e-03
6.223136664819270587e-03
6.212193792682790469e-03
6.201512071916541469e-03
6.191087187014516352e-03
6.180912138138016862e-03
6.170982745315453655e-03
6.161292343396137551e-03
6.151836893742523502e-03
6.142610049135779383e-03
6.133607915948858548e-03
6.124824449710191028e-03
6.116255903808607078e-03
6.107896522605234940e-03
6.099742707187010352e-03
6.091788977880033783e-03
6.084031883099816525e-03
6.076466207149437346e-03
6.069088644566669397e-03
6.061894232396267991e-03
6.054879809427264788e-03
6.048040654866165822e-03
6.041373749356497916e-03
6.034874604266270669e-03
6.028540339284320891e-03
6.022366688460102646e-03
6.016350907399002461e-03
6.010488943824485175e-03
6.004778185886781340e-03
5.999214786410142844e-03
5.993796262538031265e-03
5.988518964024736740e-03
5.983380533327759508e-03
5.978377509336403779e-03
5.973507656058399742e-03
5.968767694075637932e-03
5.964155505132862252e-03
5.959667984394132270e-03
5.955303127506906408e-03
5.951057997420015552e-03
5.946930699850480097e-03
5.942918459029260941e-03
5.939019486927544535e-03
5.935231162832195657e-03
5.931551801182047105e-03
5.927978930350862735e-03
5.924510963493110835e-03
5.921145572336672901e-03
5.917881265033796828e-03
5.914715851145974090e-03
5.911647930133029534e-03
5.908675444053611107e-03
5.905797079998421038e-03
5.903010907337135314e-03
5.900315697105336724e-03
5.897709640906695014e-03
5.895191589993345992e-03
5.892759853184357383e-03
5.890413358133008218e-03
5.888150525851815198e-03
5.885970356434490347e-03
5.883871377987548099e-03
5.881852658867509943e-03
5.879912829012119528e-03
5.878051020563265956e-03
5.876265959770772714e-03
5.874556837698625272e-03
5.872922471044992980e-03
5.871362104475210363e-03
5.869874638869464895e-03
5.868459366694403490e-03
5.867115266362203131e-03
5.865841671950016573e-03
5.864637632541834684e-03
5.863502517539674781e-03
5.862435440072115943e-03
5.861435799120066903e-03
5.860502766318977964e-03
5.859635766140426465e-03
5.858834025674637160e-03
5.858096994135806798e-03
5.857423955436285266e-03
5.856814388239450254e-03
5.856267641221602795e-03
5.855783234651396225e-03
5.855360598040770109e-03
5.854999313655404221e-03
5.854698915700639640e-03
5.854459075268921529e-03
5.854279459427120039e-03
5.854159856176838032e-03
5.854100091251695538e-03
