0.000000000000000000e+00
0.000000000000000000e+00
1.072634603286104064e+19
3.218115803500874957e+19
6.436869340098516582e+19
1.072953818917696635e+20
1.609698781717143880e+20
2.254031315691060920e+20
3.006084735466248602e+20
3.866017222077610721e+20
4.834013045732202906e+20
5.910283956868775936e+20
7.095070755391247483e+20
8.388645026033948426e+20
9.791311052354530836e+20
1.130340789472255017e+21
1.292531164751627551e+21
1.465743785835865833e+21
1.650024412745842033e+21
1.845423286740838515e+21
2.051995424451885269e+21
2.269800927963303903e+21
2.498905313271014752e+21
2.739379854678041821e+21
2.991301947899862581e+21
3.254755489213027189e+21
3.529831273789851173e+21
3.816627410330727743e+21
4.115249755539238814e+21
4.425812365331742065e+21
4.748437966764733628e+21
5.083258447352489312e+21
5.430415366235570045e+21
5.790060483650835710e+21
6.162356313684395950e+21
6.547476696529005183e+21
6.945607395797285994e+21
7.356946716869901943e+21
7.781706152454523978e+21
8.220111051073088651e+21
8.672401315338076029e+21
9.138832125446754140e+21
9.619674695508628079e+21
1.011521705780846369e+22
1.062576488345382997e+22
1.115164233413728980e+22
1.169319295438241241e+22
1.225078059857625272e+22
1.282479040317776881e+22
1.341562979790767941e+22
1.402372956744509397e+22
1.464954495685514756e+22
1.529355683354268349e+22
1.595627289827403314e+22
1.663822895948430416e+22
1.733999026261309417e+22
1.806215289028336209e+22
1.880534522412778337e+22
1.957022948587954871e+22
2.035750334742697240e+22
2.116790162948789738e+22
2.200219807730385709e+22
2.286120723532145807e+22
2.374578640773414126e+22
2.465683772947775567e+22
2.559531033275720637e+22
2.656220263669090275e+22
2.755856474303443553e+22
2.858550096899042443e+22
2.964417249757340316e+22
3.073580018045091735e+22
3.186166747079276233e+22
3.302312352554034397e+22
3.422158645116255863e+22
3.545854673747451262e+22
3.673557084949495729e+22
3.805430502787042299e+22
3.941647926300964081e+22
4.082391150033383719e+22
4.227851203607173005e+22
4.378228816897777651e+22
4.533734906063823779e+22
4.694591087901399633e+22
4.861030216987600696e+22
5.033296954160141094e+22
5.211648359849741255e+22
5.396354522080498365e+22
5.587699211530397968e+22
5.785980574961824380e+22
5.991511858082087961e+22
6.204622170915833958e+22
6.425657285173260688e+22
6.654980478812504562e+22
6.892973415420265497e+22
7.140037076160708031e+22
7.396592729732457431e+22
7.663082961196751939e+22
7.939972742573556394e+22
8.227750569923792234e+22
8.526929646897887550e+22
8.838049144332848464e+22
9.161675512613216820e+22
9.498403882645796474e+22
9.848859528637479230e+22
1.021369943675454064e+23
1.059361394919570795e+23
1.098932853863689675e+23
1.140160567882068294e+23
1.183124688040481018e+23
1.227909485353685809e+23
1.274603588385878573e+23
1.323300237709220973e+23
1.374097567922363533e+23
1.427098911628384409e+23
1.482413138230051340e+23
1.540155019935708978e+23
1.600445639927924659e+23
1.663412831626033784e+23
1.729191665713864738e+23
1.797924967974190323e+23
1.869763885270011719e+23
1.944868472728527317e+23
2.023408317658048926e+23
2.105563154512009327e+23
2.191523470568348776e+23
2.281490990068046297e+23
2.375678906031486544e+23
2.474311445438644376e+23
2.577622364976234459e+23
2.685852440871718607e+23
2.799247478273660158e+23
2.918058226973725866e+23
3.042541946146270394e+23
3.172964054534320156e+23
3.309599073339069788e+23
3.452729764345978647e+23
3.602635148589621985e+23
3.759557220703707867e+23
3.923694350887201758e+23
4.095249552672077864e+23
4.274465749801239157e+23
4.461626050717443225e+23
4.657044231582572033e+23
4.861055675263562379e+23
5.074012350008509952e+23
5.296280115083577236e+23
5.528237595841197129e+23
5.770275535533168289e+23
6.022796540985367278e+23
6.286214841745205373e+23
6.560956164553428068e+23
6.847457538836128596e+23
7.146167135919922584e+23
7.457544023923727123e+23
7.782057920633670845e+23
8.120188859224417569e+23
8.472426831263063060e+23
8.839271341756713282e+23
9.221230926837856265e+23
9.618822582195644122e+23
1.003257114234080270e+24
1.046300856847498471e+24
1.091067317709450670e+24
1.137610877449940020e+24
1.185986372328423764e+24
1.236248991188955446e+24
1.288454164867215914e+24
1.342657445644962632e+24
1.398914378546964389e+24
1.457280362490328722e+24
1.517810502819428325e+24
1.580559453597596748e+24
1.645581251000404554e+24
1.712929136503970500e+24
1.782655371087026737e+24
1.854811039433408660e+24
1.929445845281480620e+24
2.006607897178061637e+24
2.086343485758528826e+24
2.168696852063500697e+24
2.253709948030712554e+24
2.341422188909828193e+24
2.431870198792278109e+24
2.525087549226619909e+24
2.621104492196760601e+24
2.719947687641010766e+24
2.821639926901186383e+24
2.926199852470680968e+24
3.033641675563568724e+24
3.143974892045609860e+24
3.257203998397199720e+24
3.373328208398664845e+24
3.492341172365092419e+24
3.614230699743967716e+24
3.738978487062360813e+24
3.866559852129005177e+24
3.996943476632833300e+24
4.130091158099709204e+24
4.265957573492001779e+24
4.404490055428769193e+24
4.545628383435133926e+24
4.689304591169593266e+24
4.835442792136062137e+24
4.983959024750989551e+24
5.134761119337830899e+24
5.287748587788792660e+24
5.442812538492491022e+24
5.599835617082882484e+24
5.758691975590294036e+24
5.919247270309893161e+24
6.081358690903146067e+24
6.244875020752837021e+24
6.409636730971012949e+24
6.575476107734164861e+24
6.742217415177322904e+24
6.909677093126938636e+24
7.077663991687007978e+24
7.245979641521511328e+24
7.414418561583742594e+24
7.582768602665357316e+24
7.750811328209094982e+24
7.918322430265654298e+24
8.085072181695443125e+24
8.250825921992876454e+24
8.415344577464087337e+24
8.578385212634941675e+24
8.739701613233584548e+24
8.899044897141443128e+24
9.056164153264280835e+24
9.210807104267601609e+24
9.362720792742135878e+24
9.511652286342237174e+24
9.657349401096908154e+24
9.799561438099448959e+24
9.938039932440660387e+24
1.007253940933305284e+25
1.020281814600134092e+25
1.032863893411819592e+25
1.044976984112523742e+25
1.056598496515112846e+25
1.067706518169329564e+25
1.078279887681561443e+25
1.088298266492129717e+25
1.097742208600280159e+25
1.106593228038760545e+25
1.114833863613526143e+25
1.122447740712680858e+25
1.129419629735112469e+25
1.135735500950670825e+25
1.141382575385816802e+25
1.146349371559200701e+25
1.150625747712732852e+25
1.154202939380577162e+25
1.157073592001907454e+25
1.159231788445152560e+25
1.160673071220290276e+25
