7.413476916863936594e+02
7.413377725854803657e+02
7.413179568598623064e+02
7.412882802963767972e+02
7.412488098199653450e+02
7.411996159945565523e+02
7.411408087042325405e+02
7.410724913130660525e+02
7.409948142518630902e+02
7.409079108231891269e+02
7.408119687702181864e+02
7.407071477051383681e+02
7.405936687598602930e+02
7.404717136056151503e+02
7.403415323068189764e+02
7.402033238865743670e+02
7.400573625247511700e+02
7.399038596080479238e+02
7.397431084313972178e+02
7.395753276521841144e+02
7.394008246706463297e+02
7.392198203858719125e+02
7.390326314463158042e+02
7.388394761805427606e+02
7.386406759238011546e+02
7.384364419694567232e+02
7.382270961923161394e+02
7.380128388376853081e+02
7.377939886774136085e+02
7.375707314228835685e+02
7.373433796661521455e+02
7.371121016712772871e+02
7.368772013710273541e+02
7.366388272580545618e+02
7.363972727279207220e+02
7.361526647579252085e+02
7.359052849100827416e+02
7.356552374509691390e+02
7.354027913541322050e+02
7.351480274790890235e+02
7.348912019417160764e+02
7.346323719343617995e+02
7.343717808652432950e+02
7.341094623642561601e+02
7.338456476284674181e+02
7.335803471192439247e+02
7.333137805906958420e+02
7.330459359427687787e+02
7.327770224530912628e+02
7.325070062071657730e+02
7.322360871016634292e+02
7.319642102262371282e+02
7.316915672580856835e+02
7.314180831195805013e+02
7.311439424401562519e+02
7.308690507592240237e+02
7.305935867924923741e+02
7.303174373898102658e+02
7.300407764093371270e+02
7.297634725742422006e+02
7.294856958302889325e+02
7.292072971728605353e+02
7.289284434422000913e+02
7.286489681120792739e+02
7.283690355629844362e+02
7.280884617348158372e+02
7.278074090127303180e+02
7.275256755473058092e+02
7.272434219917286100e+02
7.269604281824259715e+02
7.266768530811848450e+02
7.263924573856504594e+02
7.261073981573791798e+02
7.258214157927524184e+02
7.255346649597654505e+02
7.252468642033450124e+02
7.249581649719840470e+02
7.246682619541375061e+02
7.243773021530955702e+02
7.240849538493118871e+02
7.237913578809487944e+02
7.234961528959591988e+02
7.231994712196582213e+02
7.229009177941220514e+02
7.226006132663667358e+02
7.222981237033056914e+02
7.219935538181766788e+02
7.216864241865064287e+02
7.213768178475770583e+02
7.210642013162718058e+02
7.207486281528066456e+02
7.204294995466876799e+02
7.201068288410884861e+02
7.197799368286574691e+02
7.194487816404283649e+02
7.191125830939473644e+02
7.187712227935039664e+02
7.184237908414630738e+02
7.180700614150518959e+02
7.177089537979334182e+02
7.173400890600863704e+02
7.169621555887745217e+02
7.165745528107631799e+02
7.161756491866610759e+02
7.157645193925336571e+02
7.153390803781596787e+02
7.148979297656520657e+02
7.144383439233645277e+02
7.139582289160765640e+02
7.134539649850385103e+02
7.129224888037294932e+02
7.123589721897251366e+02
7.117590661386448119e+02
7.111164069546200608e+02
7.104250669553186981e+02
7.096768858412539203e+02
7.088641887962544388e+02
7.079769443271536602e+02
7.070058302931487333e+02
7.059392236096424540e+02
7.047667213256881951e+02
7.034759759763757074e+02
7.020568454817774864e+02
7.004982389678560821e+02
6.987936245194091498e+02
6.969394030494237313e+02
6.949449175586257752e+02
6.928339658580725882e+02
6.906500657361515323e+02
6.884368310793054206e+02
6.862294185565842781e+02
6.840450462986606226e+02
6.818957742160514499e+02
6.797872618565913854e+02
6.777388975600373442e+02
6.758613363345334619e+02
6.744385101087109433e+02
6.735719159773302636e+02
6.730981860136155319e+02
6.728544910927446381e+02
6.727227419951267393e+02
6.726472410662540824e+02
6.725962890190528469e+02
6.725592931758667419e+02
6.725277198738839388e+02
6.725005011809098505e+02
6.724743533023199689e+02
6.724500704855141748e+02
6.724258326020865297e+02
6.724027369998754011e+02
6.723794873790186557e+02
6.723571351512016463e+02
6.723346256415301241e+02
6.723129001263417877e+02
6.722910489112977075e+02
6.722699077670553152e+02
6.722486715944543221e+02
6.722280872060105139e+02
6.722074320659014575e+02
6.721873792708627207e+02
6.721672741515012603e+02
6.721477281651835938e+02
6.721281436828061260e+02
6.721090799035390546e+02
6.720899879003832211e+02
6.720713819779529103e+02
6.720527553282101962e+02
6.720345832331566953e+02
6.720163957122404099e+02
6.719986337787538559e+02
6.719808599629594710e+02
6.719634849103476881e+02
6.719461000951789629e+02
6.719290890342393823e+02
6.719120691652090045e+02
6.718953995940090635e+02
6.718787212060697129e+02
6.718623709981869752e+02
6.718460111613059098e+02
6.718299585486565775e+02
6.718138948178956298e+02
6.717981183697174856e+02
6.717823287388077915e+02
6.717668073379970792e+02
6.717512701958404477e+02
6.717359830136908840e+02
6.717206771035562269e+02
6.717056035738813762e+02
6.716905079554047688e+02
6.716756277490485445e+02
6.716607217634556264e+02
6.716460147643360870e+02
6.716312780036253116e+02
6.716167242876865657e+02
6.716021365689312006e+02
6.715877163876926943e+02
6.715732577340912712e+02
6.715589515049717875e+02
6.715446021358915232e+02
6.715303904421151628e+02
6.715161307751690174e+02
6.715019943789217223e+02
6.714878050481431728e+02
6.714737249218029547e+02
6.714595868173396411e+02
6.714455441991192401e+02
6.714314385356520916e+02
6.714174150180247125e+02
6.714033234414500839e+02
6.713893011034060692e+02
6.713752058484151348e+02
6.713611674461178609e+02
6.713470515613604448e+02
6.713329807964011025e+02
6.713188284592152968e+02
6.713047103497040098e+02
6.712905072992675741e+02
6.712763286867819943e+02
6.712620628133605578e+02
6.712478130487012322e+02
6.712334751877671124e+02
6.712191470508046223e+02
6.712047320444305569e+02
6.711903229681915946e+02
6.711758310720954341e+02
6.711613447581103173e+02
6.711467834901210381e+02
6.711322320193189626e+02
6.711176185612440577e+02
6.711030251184934059e+02
6.710883893928767066e+02
6.710737917258763900e+02
6.710591802613657819e+02
6.710446349718554302e+02
6.710301156273121705e+02
6.710157033207318591e+02
6.710013708290937302e+02
6.709872019917639818e+02
6.709731840675937065e+02
6.709594052505580066e+02
6.709458686301343278e+02
6.709326680488043166e+02
6.709198232625844867e+02
6.709074342593208939e+02
6.708955372035320579e+02
6.708842372606407025e+02
6.708735849223917285e+02
6.708636873565308179e+02
6.708546047907358343e+02
6.708464404778710559e+02
6.708392570120180380e+02
6.708331451942574404e+02
6.708281604618357505e+02
6.708243712111114974e+02
6.708218158391894121e+02
6.708205312754768102e+02
