1.637247741818065620e-03
1.636317515272688429e-03
1.634459373181836777e-03
1.631677925518727409e-03
1.627980058813750536e-03
1.623374900454379157e-03
1.617873774592683755e-03
1.611490143893603341e-03
1.604239545211836974e-03
1.596139510601901363e-03
1.587209484850150929e-03
1.577470728170409040e-03
1.566946218223502253e-03
1.555660537425418780e-03
1.543639762516676832e-03
1.530911339787262813e-03
1.517503965555444751e-03
1.503447452851688643e-03
1.488772606323376891e-03
1.473511084013782958e-03
1.457695270224045568e-03
1.441358135976343255e-03
1.424533113243955191e-03
1.407253957509485781e-03
1.389554626531413865e-03
1.371469148114731794e-03
1.353031506236456599e-03
1.334275516758491468e-03
1.315234723307826589e-03
1.295942283203979379e-03
1.276430875007471917e-03
1.256732596432389793e-03
1.236878884965063102e-03
1.216900429012423603e-03
1.196827102476329206e-03
1.176687889874480138e-03
1.156510835257818122e-03
1.136322981554203308e-03
1.116150333756023251e-03
1.096017812295401860e-03
1.075949230021915233e-03
1.055967259035209835e-03
1.036093420629586367e-03
1.016348064694024044e-03
9.967503715275576569e-04
9.773183426725815231e-04
9.580688133043977492e-04
9.390174531911200462e-04
9.201787882308930027e-04
9.015662101278056929e-04
8.831920055860423540e-04
8.650673732495629473e-04
8.472024590568187326e-04
8.296063790049164116e-04
8.122872592123530494e-04
7.952522631265153494e-04
7.785076349259097053e-04
7.620587298834146945e-04
7.459100598536316188e-04
7.300653256238179593e-04
7.145274633669129391e-04
6.992986779483944702e-04
6.843804893726461967e-04
6.697737661590405338e-04
6.554787709609755358e-04
6.414951932713421371e-04
6.278221935435738480e-04
6.144584346296561765e-04
6.014021238758331068e-04
5.886510428310798683e-04
5.762025869229135330e-04
5.640537930977541524e-04
5.522013768021408068e-04
5.406417573264028862e-04
5.293710919219653168e-04
5.183852987153511789e-04
5.076800878825546860e-04
4.972509820811910801e-04
4.870933446781875961e-04
4.772023977143908559e-04
4.675732472427093149e-04
4.582008988923446432e-04
4.490802804220823410e-04
4.402062549917714653e-04
4.315736410709011535e-04
4.231772235542895591e-04
4.150117711908938201e-04
4.070720457001957655e-04
3.993528169017600575e-04
3.918488700000153681e-04
3.845550186027168809e-04
3.774661103458951486e-04
3.705770379903415850e-04
3.638827435565936260e-04
3.573782276838342355e-04
3.510585524375861403e-04
3.449188491056586620e-04
3.389543198293273364e-04
3.331602439964165383e-04
3.275319788299864030e-04
3.220649645191931364e-04
3.167547238777339421e-04
3.115968663285070633e-04
3.065870867174901059e-04
3.017211682397909342e-04
2.969949804663007281e-04
2.924044812722608280e-04
2.879457141132742192e-04
2.836148090068234587e-04
2.794079790991979475e-04
2.753215207763862909e-04
2.713518096149504641e-04
2.674952997779147038e-04
2.637485195475667080e-04
2.601080702880489786e-04
2.565706218965024669e-04
2.531329117584035196e-04
2.497917405976819434e-04
2.465439719977382659e-04
2.433865292827557024e-04
2.403163963424536699e-04
2.373306163625689001e-04
2.344262949613128155e-04
2.316006021861844268e-04
2.288507807193766860e-04
2.261741574809413664e-04
2.235681709705728752e-04
2.210304148165779408e-04
2.185586929821819633e-04
2.161510403254909504e-04
2.138056885076492397e-04
2.115210022477529241e-04
2.092954324345455773e-04
2.071274913079339632e-04
2.050157573855221523e-04
2.029589960099387137e-04
2.009566013830530753e-04
1.990085943767425428e-04
1.971147578854835888e-04
1.952743255026396271e-04
1.934861272680851057e-04
1.917487844949698750e-04
1.900608457231711343e-04
1.884208515151338643e-04
1.868273662298415973e-04
1.852789889415048423e-04
1.837743596019415326e-04
1.823121593379896735e-04
1.808911115117705748e-04
1.795099800220051496e-04
1.781675691884701638e-04
1.768627217211300316e-04
1.755943183087340796e-04
1.743612756297025944e-04
1.731625458780561701e-04
1.719971148956416255e-04
1.708640016998299563e-04
1.697622567442077948e-04
1.686909614664536120e-04
1.676492266693621743e-04
1.666361920947320567e-04
1.656510249149698304e-04
1.646929193349523234e-04
1.637610951853408440e-04
1.628547975528240861e-04
1.619732954673178376e-04
1.611158815601681040e-04
1.602818708382824995e-04
1.594706003693679790e-04
1.586814281367233200e-04
1.579137327503094077e-04
1.571669123764775973e-04
1.564403844734872943e-04
1.557335847909395985e-04
1.550459671282683699e-04
1.543770023990528287e-04
1.537261784109731949e-04
1.530929989905616508e-04
1.524769837831158655e-04
1.518776674337647193e-04
1.512945994058809195e-04
1.507273432146514645e-04
1.501754762625608878e-04
1.496385891219457315e-04
1.491162853861912956e-04
1.486081809979943134e-04
1.481139041149895363e-04
1.476330944806868520e-04
1.471654033033162172e-04
1.467104926666320825e-04
1.462680354208288028e-04
1.458377146306158933e-04
1.454192234771457088e-04
1.450122647409344970e-04
1.446165507138180261e-04
1.442318027144866863e-04
1.438577510095487137e-04
1.434941343596093271e-04
1.431406999485923743e-04
1.427972029584486128e-04
1.424634065059524697e-04
1.421390812442652511e-04
1.418240053064886226e-04
1.415179639324406699e-04
1.412207494183048988e-04
1.409321607671056541e-04
1.406520036438432917e-04
1.403800900482695486e-04
1.401162382749579494e-04
1.398602726070808766e-04
1.396120232809181048e-04
1.393713261994375017e-04
1.391380229007771897e-04
1.389119602905457295e-04
1.386929906138509240e-04
1.384809712053078150e-04
1.382757644642426274e-04
1.380772376214732110e-04
1.378852627173524016e-04
1.376997163844640901e-04
1.375204798281960813e-04
1.373474386245759080e-04
1.371804827030951982e-04
1.370195061589646465e-04
1.368644072379440193e-04
1.367150881623604498e-04
1.365714551177229586e-04
1.364334180919019328e-04
1.363008908633249288e-04
1.361737908527745294e-04
1.360520391129813316e-04
1.359355601925343741e-04
1.358242821267038815e-04
1.357181363130059986e-04
1.356170575031001948e-04
1.355209836895740006e-04
1.354298560987626343e-04
1.353436190883666528e-04
1.352622201410429886e-04
1.351856097724730618e-04
1.351137415255852846e-04
1.350465718887267714e-04
1.349840602903685572e-04
1.349261690270674369e-04
1.348728632585166100e-04
1.348241109450336729e-04
1.347798828428624460e-04
1.347401524509935617e-04
1.347048960066996926e-04
1.346740924416066614e-04
1.346477233775613563e-04
1.346257730920256512e-04
1.346082285145053692e-04
1.345950792014820102e-04
1.345863173337353408e-04
1.345819377011206539e-04
