-5.655907539548429064e+00
-5.656148549690379390e+00
-5.656630390072614034e+00
-5.657352695883019145e+00
-5.658314928154482004e+00
-5.659516358734985708e+00
-5.660956091814201230e+00
-5.662633038861508261e+00
-5.664545950954628317e+00
-5.666693383666400408e+00
-5.669073740240683890e+00
-5.671685226399199919e+00
-5.674525904422943690e+00
-5.677593637839280838e+00
-5.680886156478698545e+00
-5.684400990989133540e+00
-5.688135548948014097e+00
-5.692087039135623527e+00
-5.696252558790892095e+00
-5.700629007558454475e+00
-5.705213185983923907e+00
-5.710001699030249789e+00
-5.714991065914539092e+00
-5.720177613068721634e+00
-5.725557595425776469e+00
-5.731127078677891618e+00
-5.736882072125705889e+00
-5.742818400064503948e+00
-5.748931846316378547e+00
-5.755218014551837236e+00
-5.761672484632106794e+00
-5.768290661650360640e+00
-5.775067944220156235e+00
-5.781999561997444026e+00
-5.789080756061930622e+00
-5.796306604658377104e+00
-5.803672215830697034e+00
-5.811172541098891919e+00
-5.818802580521286849e+00
-5.826557184001735834e+00
-5.834431268973742313e+00
-5.842419609011178849e+00
-5.850517064349173957e+00
-5.858718357450408476e+00
-5.867018316601667394e+00
-5.875411638066337261e+00
-5.883893143022477901e+00
-5.892457525910205440e+00
-5.901099625006962945e+00
-5.909814156555508013e+00
-5.918595999304790745e+00
-5.927439913979967834e+00
-5.936340842152864283e+00
-5.945293610589114763e+00
-5.954293244850855871e+00
-5.963334658027331869e+00
-5.972412979514133191e+00
-5.981523227601873494e+00
-5.990660653921296763e+00
-5.999820399329282239e+00
-6.008997854557726725e+00
-6.018188298796600222e+00
-6.027387277136997845e+00
-6.036590221206592943e+00
-6.045792844054167503e+00
-6.054990742142863702e+00
-6.064179808385347314e+00
-6.073355814743907288e+00
-6.082514844192950854e+00
-6.091652853111322763e+00
-6.100766123022902221e+00
-6.109850801894360472e+00
-6.118903376586153797e+00
-6.127920192087160878e+00
-6.136897945698509105e+00
-6.145833183143454725e+00
-6.154722815606580077e+00
-6.163563591551097787e+00
-6.172352637847616563e+00
-6.181086906009340964e+00
-6.189763738769536339e+00
-6.198380289305091217e+00
-6.206934114762042931e+00
-6.215422566875861143e+00
-6.223843414102189442e+00
-6.232194201853211268e+00
-6.240472905068392251e+00
-6.248677256064133267e+00
-6.256805429579023858e+00
-6.264855335969777173e+00
-6.272825340989080622e+00
-6.280713521742301353e+00
-6.288518423703591154e+00
-6.296238276456804783e+00
-6.303871790723982294e+00
-6.311417330423260807e+00
-6.318873752763936480e+00
-6.326239532522732745e+00
-6.333513648533497964e+00
-6.340694655254096368e+00
-6.347781619224532434e+00
-6.354773131908342698e+00
-6.361668299916896530e+00
-6.368465691749829460e+00
-6.375164385912822418e+00
-6.381762842715911432e+00
-6.388260015260399882e+00
-6.394654136381406673e+00
-6.400943899657510983e+00
-6.407127151696219158e+00
-6.413202154769927610e+00
-6.419166176441894578e+00
-6.425016852410798229e+00
-6.430750668280116322e+00
-6.436364449763537721e+00
-6.441853733629887557e+00
-6.447214421927789374e+00
-6.452441040610949585e+00
-6.457528606709316499e+00
-6.462470775310893423e+00
-6.467261985832921667e+00
-6.471895503546121198e+00
-6.476365954628262145e+00
-6.480667363550819182e+00
-6.484796535668428952e+00
-6.488752037831519104e+00
-6.492540409250965538e+00
-6.496177131868488885e+00
-6.499689972629075108e+00
-6.503106766733149691e+00
-6.506450076409030281e+00
-6.509731206556887528e+00
-6.512958248478953216e+00
-6.516135277220516997e+00
-6.519275169930732972e+00
-6.522449296817200981e+00
-6.525840083080113985e+00
-6.529512139082826572e+00
-6.533359279231138572e+00
-6.537276009151482548e+00
-6.541186277586828801e+00
-6.545054745613927416e+00
-6.548861809375353893e+00
-6.552601615854370287e+00
-6.556269698106983235e+00
-6.559866440202678284e+00
-6.563390807911404501e+00
-6.566844408484410422e+00
-6.570227162035165769e+00
-6.573540873971083442e+00
-6.576785800944701776e+00
-6.579963713991362262e+00
-6.583075018894524177e+00
-6.586121406777019516e+00
-6.589103366671983153e+00
-6.592022509693274301e+00
-6.594879379215242032e+00
-6.597675514401748487e+00
-6.600411496281354928e+00
-6.603088799605191461e+00
-6.605708031401646529e+00
-6.608270607781336459e+00
-6.610777152885862762e+00
-6.613229028475319460e+00
-6.615626868774112879e+00
-6.617971984419965814e+00
-6.620265014055807917e+00
-6.622507219686370128e+00
-6.624699239759373803e+00
-6.626842289622373094e+00
-6.628937003744085565e+00
-6.630984552432487966e+00
-6.632985563062642420e+00
-6.634941162270494353e+00
-6.636851967771171701e+00
-6.638719063722007263e+00
-6.640543056067438776e+00
-6.642324987559138805e+00
-6.644065450642559156e+00
-6.645765447654193636e+00
-6.647425556136193237e+00
-6.649046738944663026e+00
-6.650629557590385765e+00
-6.652174936346987089e+00
-6.653683419802548293e+00
-6.655155894522189364e+00
-6.656592887483594900e+00
-6.657995248402130528e+00
-6.659363486132955146e+00
-6.660698414390822997e+00
-6.662000523547797926e+00
-6.663270592160977834e+00
-6.664509091889605052e+00
-6.665716766971669927e+00
-6.666894070236831560e+00
-6.668041712438793844e+00
-6.669160127558232176e+00
-6.670249993695580137e+00
-6.671311726046964985e+00
-6.672345970886221167e+00
-6.673353124761419508e+00
-6.674333802941357696e+00
-6.675288383524431879e+00
-6.676217451590053642e+00
-6.677121367038517441e+00
-6.678000685568927786e+00
-6.678855749180948820e+00
-6.679687084995538093e+00
-6.680495017449162631e+00
-6.681280045880019891e+00
-6.682042477534237079e+00
-6.682782784756680527e+00
-6.683501258008380574e+00
-6.684198343426086986e+00
-6.684874315121884791e+00
-6.685529593808349880e+00
-6.686164437716072939e+00
-6.686779242920549038e+00
-6.687374252272138442e+00
-6.687949838005808445e+00
-6.688506228131712028e+00
-6.689043771858961485e+00
-6.689562682944019123e+00
-6.690063288414243914e+00
-6.690545788416330630e+00
-6.691010488683695634e+00
-6.691457576468621937e+00
-6.691887337159157845e+00
-6.692299945916660775e+00
-6.692695668811984078e+00
-6.693074669824692791e+00
-6.693437196834106651e+00
-6.693783403667208809e+00
-6.694113521246220166e+00
-6.694427694398240369e+00
-6.694726138425841633e+00
-6.695008990411309036e+00
-6.695276451437869980e+00
-6.695528652133117653e+00
-6.695765780723877292e+00
-6.695987962565465246e+00
-6.696195374161529656e+00
-6.696388136419243686e+00
-6.696566414709979931e+00
-6.696730325582298526e+00
-6.696880022891477324e+00
-6.697015617709888957e+00
-6.697137250536718156e+00
-6.697245024197943764e+00
-6.697339062193146120e+00
-6.697419454503644509e+00
-6.697486302259206603e+00
-6.697539676571583556e+00
-6.697579649879758179e+00
-6.697606268131884200e+00
-6.697619569293961739e+00
