1.707338574898949746e-01
1.707274369694253835e-01
1.707145930792698663e-01
1.706953201185075486e-01
1.706696095294415183e-01
1.706374498901112868e-01
1.705988269041076311e-01
1.705537233880157488e-01
1.705021192560253196e-01
1.704439915021948304e-01
1.703793141797148303e-01
1.703080583778324442e-01
1.702301921955869102e-01
1.701456807131720428e-01
1.700544859599031899e-01
1.699565668797563267e-01
1.698518792932641186e-01
1.697403758569024090e-01
1.696220060185508471e-01
1.694967159703312798e-01
1.693644485972023439e-01
1.692251434227775575e-01
1.690787365505378725e-01
1.689251606020702179e-01
1.687643446503055700e-01
1.685962141495205846e-01
1.684206908598846475e-01
1.682376927684726409e-01
1.680471340042963557e-01
1.678489247494274472e-01
1.676429711435557524e-01
1.674291751841853193e-01
1.672074346195926153e-01
1.669776428368825172e-01
1.667396887420392049e-01
1.664934566344225264e-01
1.662388260723808298e-01
1.659756717325406306e-01
1.657038632591781024e-01
1.654232651063665127e-01
1.651337363690174309e-01
1.648351306056035082e-01
1.645272956483997406e-01
1.642100734041206933e-01
1.638832996404566700e-01
1.635468037614691839e-01
1.632004085670169524e-01
1.628439299991939204e-01
1.624771768706060049e-01
1.620999505774866623e-01
1.617120447920691872e-01
1.613132451372209231e-01
1.609033288373329096e-01
1.604820643484352050e-01
1.600492109610925917e-01
1.596045183789940036e-01
1.591477262663639480e-01
1.586785637670670157e-01
1.581967489881284106e-01
1.577019884506100089e-01
1.571939765002733913e-01
1.566723946812323409e-01
1.561369110650416281e-01
1.555871795391064183e-01
1.550228390474601425e-01
1.544435127892758441e-01
1.538488073698424108e-01
1.532383119122637805e-01
1.526115971281660211e-01
1.519682143609404068e-01
1.513076946063503514e-01
1.506295475330432787e-01
1.499332605188759271e-01
1.492182977399024724e-01
1.484840993449940694e-01
1.477300807733144816e-01
1.469556322695141359e-01
1.461601186745426773e-01
1.453428795571260201e-01
1.445032297428221757e-01
1.436404602033240219e-01
1.427538390634965348e-01
1.418426119329860846e-01
1.409059995747544980e-01
1.399431885294450395e-01
1.389533069945374233e-01
1.379353782830904929e-01
1.368882591286909034e-01
1.358105994980303710e-01
1.347008605289795324e-01
1.335573779822838425e-01
1.323784305515438020e-01
1.311622923834287191e-01
1.299072710333479819e-01
1.286117370818146699e-01
1.272741494906665383e-01
1.258930783507170581e-01
1.244672253566028869e-01
1.229954417359929164e-01
1.214767431843748469e-01
1.199103213387567590e-01
1.182955514662217961e-01
1.166319962227267137e-01
1.149194056155469351e-01
1.131577135672791889e-01
1.113470317892916034e-01
1.094876419082271429e-01
1.075799870079820753e-01
1.056246638361859058e-01
1.036224169489573382e-01
1.015741359350058881e-01
9.948085666329169185e-02
9.734376716749697234e-02
9.516421842903614869e-02
9.294373989682842840e-02
9.068405920651831376e-02
8.838712518698234322e-02
8.605513297770603365e-02
8.369054987168239590e-02
8.129614043428289027e-02
7.887498946226284557e-02
7.643052150657779487e-02
7.396651591492441058e-02
7.148711670763660542e-02
6.899683701491331200e-02
6.650055832184566251e-02
6.400352533787227738e-02
6.151133798214755005e-02
5.902994273193765823e-02
5.656562648681160571e-02
5.412501717200562251e-02
5.171509663048373673e-02
4.934323298206490238e-02
4.701724163508493037e-02
4.474548649910609771e-02
4.253703548904833043e-02
4.040188653494926341e-02
3.835128059291911806e-02
3.639811360828888731e-02
3.455744438614891112e-02
3.284706057288584030e-02
3.128799778326521452e-02
2.990479699855159643e-02
2.872514227228913086e-02
2.777840779050635284e-02
2.709270762552827214e-02
2.669046833212099928e-02
2.658334715601512813e-02
2.676807389856115243e-02
2.722477946322057057e-02
2.791833137914365159e-02
2.880186917228090560e-02
2.982117039073442152e-02
3.091889833443556973e-02
3.203851510864834384e-02
3.312799591357779710e-02
3.414330811693309237e-02
3.505123375579148604e-02
3.583092451345627066e-02
3.647378458532907902e-02
3.698176393074267820e-02
3.736460734372944875e-02
3.763679776073329541e-02
3.781482194920753742e-02
3.791511061367133090e-02
3.795272904963087335e-02
3.794071364467099111e-02
3.788987605227690791e-02
3.780889834111183373e-02
3.770457942692555242e-02
3.758213771019348198e-02
3.744551304705256295e-02
3.729763876618467922e-02
3.714067209727427848e-02
3.697618154226407078e-02
3.680529486112914250e-02
3.662881344423161989e-02
3.644729923115920533e-02
3.626113988588807596e-02
3.607059712764881104e-02
3.587584223903887704e-02
3.567698194165602743e-02
3.547407712046951600e-02
3.526715628592806684e-02
3.505622519905678136e-02
3.484127371594468447e-02
3.462228063343187473e-02
3.439921710357271567e-02
3.417204903170178304e-02
3.394073875358701031e-02
3.370524620627290274e-02
3.346552974232794991e-02
3.322154669644120789e-02
3.297325377832414223e-02
3.272060734657540604e-02
3.246356359910655687e-02
3.220207870751729679e-02
3.193610891205084928e-02
3.166561059110687554e-02
3.139054031278754042e-02
3.111085487600990726e-02
3.082651134439374010e-02
3.053746707746064076e-02
3.024367976051836951e-02
2.994510743647555567e-02
2.964170854035264729e-02
2.933344193933608290e-02
2.902026697919420084e-02
2.870214354004357871e-02
2.837903210277026647e-02
2.805089382965428313e-02
2.771769066138734389e-02
2.737938543502333247e-02
2.703594202642691652e-02
2.668732552331138166e-02
2.633350243448069963e-02
2.597444094374298101e-02
2.561011121716035704e-02
2.524048577571872190e-02
2.486553994666541867e-02
2.448525241113650233e-02
2.409960586828464868e-02
2.370858784207234213e-02
2.331219166167724371e-02
2.291041765496358920e-02
2.250327460271343838e-02
2.209078151397932815e-02
2.167296979665930476e-02
2.124988591685915765e-02
2.082159466319584776e-02
2.038818316274480791e-02
1.994976583218990851e-02
1.950649049622602688e-02
1.905854596491596276e-02
1.860617143858310160e-02
1.814966820370724626e-02
1.768941420268856785e-02
1.722588220522792979e-02
1.675966248377527487e-02
1.629149109572664705e-02
1.582228509242189843e-02
1.535318618041742883e-02
1.488561449845740396e-02
1.442133413188295514e-02
1.396253156885658188e-02
1.351190717560308598e-02
1.307277741293601941e-02
1.264918120088628396e-02
1.224597670652494488e-02
1.186890426658504874e-02
1.152457770167611417e-02
1.122035326887862831e-02
1.096402102957202279e-02
1.076328060845265291e-02
1.062501499589685316e-02
1.055446087308875396e-02
