3.000965695101621145e-01
3.000965695101621145e-01
3.000965695101621145e-01
3.000965695101621145e-01
3.000965695101621145e-01
3.000965695101621145e-01
3.000965695101621145e-01
3.000965695101621145e-01
3.000965695101621145e-01
3.000965695101621145e-01
3.000965695101621145e-01
3.000965695101621145e-01
3.000965695101621145e-01
3.000965695101621145e-01
3.000965695101621145e-01
3.000965695101621145e-01
3.000965695101621145e-01
3.000965695101621145e-01
3.000965695101621145e-01
3.000965695101621145e-01
3.000965695101621145e-01
3.000965695101621145e-01
3.000965695101621145e-01
3.000965695101620589e-01
3.000965695101620589e-01
3.000965695101620589e-01
3.000965695101620589e-01
3.000965695101620589e-01
3.000965695101620589e-01
3.000965695101620589e-01
3.000965695101620034e-01
3.000965695101620034e-01
3.000965695101619479e-01
3.000965695101619479e-01
3.000965695101618369e-01
3.000965695101617259e-01
3.000965695101615593e-01
3.000965695101612818e-01
3.000965695101608932e-01
3.000965695101602826e-01
3.000965695101592834e-01
3.000965695101577846e-01
3.000965695101552866e-01
3.000965695101513453e-01
3.000965695101449615e-01
3.000965695101344144e-01
3.000965695101169839e-01
3.000965695100877850e-01
3.000965695100384911e-01
3.000965695099544472e-01
3.000965695098097852e-01
3.000965695095585417e-01
3.000965695091179497e-01
3.000965695083380735e-01
3.000965695069445771e-01
3.000965695044314763e-01
3.000965694998569133e-01
3.000965694914524695e-01
3.000965694758687685e-01
3.000965694467063738e-01
3.000965693916319843e-01
3.000965692866698342e-01
3.000965690848078071e-01
3.000965686930691656e-01
3.000965679259942065e-01
3.000965664104913166e-01
3.000965633896401363e-01
3.000965573148769439e-01
3.000965449915518057e-01
3.000965197745812385e-01
3.000964677284777560e-01
3.000963593924239059e-01
3.000961319872433863e-01
3.000956506871783058e-01
3.000946237228911961e-01
3.000924150021886394e-01
3.000876278843161438e-01
3.000771752766643319e-01
3.000541924478334344e-01
3.000033402042294184e-01
2.998902526365380128e-01
2.996380774315189899e-01
2.990768823351361294e-01
2.978426505704851457e-01
2.952122979011463366e-01
2.899703773019886577e-01
2.806928724382975471e-01
2.667854550580793793e-01
2.492913524233573708e-01
2.301457599952823896e-01
2.109489474678365728e-01
1.926003422650246488e-01
1.755023025577045204e-01
1.597992572800557565e-01
1.455149410241975416e-01
1.326163289802776424e-01
1.210421231539122039e-01
1.107162742034168423e-01
1.015553243526297889e-01
9.347301909346120152e-02
8.638346986857431409e-02
8.020338950000130418e-02
7.485362962815078625e-02
7.026017706388729134e-02
6.635471529431274940e-02
6.307485495708665957e-02
6.036410916306328422e-02
5.817168859585552382e-02
5.645216690155566847e-02
5.516506582446576573e-02
5.427438941609383227e-02
5.374813759081586984e-02
5.355781369096664773e-02
5.367794404428892496e-02
5.408561543080057238e-02
5.476004144911009175e-02
5.568215890025379061e-02
5.683426125314119254e-02
5.819966732019386801e-02
5.976242930576714657e-02
6.150707541672328221e-02
6.341838778552258415e-02
6.548120677138651036e-02
6.768025740720544359e-02
6.999998281942904077e-02
7.242437280488021878e-02
7.493676271043028803e-02
7.751957861281923157e-02
8.015398777549237463e-02
8.281940898769822590e-02
8.549281251054692554e-02
8.814772474256502011e-02
9.075281424371207939e-02
9.326990621812113191e-02
9.565122158627004101e-02
9.783561015008640505e-02
9.974354212737224223e-02
1.012707435216930602e-01
1.022807150902750178e-01
1.025972464757730074e-01
1.019997488186439455e-01
1.002271114308161681e-01
9.699942028406624561e-02
9.206887927642282143e-02
8.530573899019960882e-02
7.680457043655720961e-02
6.696269686806069488e-02
5.646277020151138637e-02
4.612651014590431198e-02
3.669444189918484589e-02
2.864834871320940876e-02
2.215874834503467339e-02
1.714729062563327341e-02
1.339631784367655530e-02
1.064541522657940290e-02
8.650914500150585010e-03
7.211517942455043448e-03
6.172605442767293595e-03
5.420503043640031819e-03
4.873723579506982276e-03
4.474575997958222737e-03
4.182355616106881238e-03
3.968261880098664790e-03
3.811779978731283033e-03
3.698170683907941753e-03
3.616749567636002270e-03
3.559709042466456443e-03
3.521307053313444801e-03
3.497301798679825803e-03
3.484552255526103450e-03
3.480731565904234860e-03
3.484118621632516320e-03
3.493444736602897664e-03
3.507779973637561999e-03
3.526448375050954005e-03
3.548964654541128701e-03
3.574986857180385749e-03
3.604281082799491633e-03
3.636695233148213528e-03
3.672139624789282422e-03
3.710572707610717506e-03
3.751990683222623194e-03
3.796419985080028928e-03
3.843911963114916581e-03
3.894539155690347147e-03
3.948392812138489492e-03
4.005581294452398473e-03
4.066229207117841304e-03
4.130477025308046911e-03
4.198481176472495906e-03
4.270414426107187883e-03
4.346466582741975553e-03
4.426845418661851279e-03
4.511777855754556428e-03
4.601511339683921585e-03
4.696315472607525549e-03
4.796483844582097658e-03
4.902336148310064944e-03
5.014220530042926872e-03
5.132516273605600143e-03
5.257636782118106818e-03
5.390032967298569698e-03
5.530197024103180974e-03
5.678666716192390732e-03
5.836030166552299593e-03
6.002931299047972562e-03
6.180075947312485551e-03
6.368238804075624683e-03
6.568271257558093434e-03
6.781110325514831151e-03
7.007788775563730463e-03
7.249446694355147700e-03
7.507344653182397923e-03
7.782878805242896686e-03
8.077598145479999645e-03
8.393224370462927172e-03
8.731674687550781966e-03
9.095088155374355179e-03
9.485856073307149389e-03
9.906657206809273836e-03
1.036049860584706273e-02
1.085076309284716684e-02
1.138126451587417182e-02
1.195631224879107300e-02
1.258078650466998814e-02
1.326022649836414331e-02
1.400093365597347012e-02
1.481009262718063595e-02
1.569591308263066157e-02
1.666779588359891887e-02
1.773652740551439830e-02
1.891450626462137449e-02
2.021600652490409752e-02
2.165748121706178100e-02
2.325790849323372197e-02
2.503918018995667308e-02
2.702652714716704402e-02
2.924896666160975087e-02
3.173974165372693557e-02
3.453669578877380936e-02
3.768248764625541092e-02
4.122448356461647784e-02
4.521407231653064990e-02
4.970500554268208332e-02
5.475017721493824485e-02
6.039602067227596571e-02
6.667346526992069811e-02
7.358428037966950608e-02
8.108190598820309847e-02
8.904698972484287323e-02
9.726042902284816327e-02
1.053811484529210835e-01
1.129413706555371100e-01
1.193755430898600922e-01
1.240944523222740209e-01
1.265985548691724027e-01
