0.000000000000000000e+00
0.000000000000000000e+00
9.125136068968080998e+20
2.737769467329652982e+21
5.476224698307653403e+21
9.128564534202683359e+21
1.369570179563436953e+22
1.917877617875790437e+22
2.557915336233248935e+22
3.289842392997393806e+22
4.113840210369775351e+22
5.030112428511384620e+22
6.038884739904708385e+22
7.140404703490411489e+22
8.334941537921848364e+22
9.622785893363271021e+22
1.100424960104028847e+23
1.247966539986195448e+23
1.404938663918536470e+23
1.571378695693332403e+23
1.747325993199917209e+23
1.932821871003852677e+23
2.127909560144225611e+23
2.332634165047964666e+23
2.547042617426552082e+23
2.771183627042888394e+23
3.005107629199100614e+23
3.248866728822631951e+23
3.502514640986147043e+23
3.766106627728390226e+23
4.039699430996548077e+23
4.323351201566678760e+23
4.617121423748235683e+23
4.921070835719252497e+23
5.235261345282860064e+23
5.559755940883044049e+23
5.894618597655490089e+23
6.239914178342361466e+23
6.595708328833149252e+23
6.962067368152627707e+23
7.339058172644221088e+23
7.726748054163894965e+23
8.125204632019414161e+23
8.534495698466059898e+23
8.954689077481090895e+23
9.385852476626455851e+23
9.828053331710296677e+23
1.028135864405800486e+24
1.074583481009359389e+24
1.122154744304627060e+24
1.170856118647481333e+24
1.220693951943382024e+24
1.271674455296776897e+24
1.323803681777111659e+24
1.377087504269616498e+24
1.431531592396787872e+24
1.487141388478540117e+24
1.543922082519754190e+24
1.601878586193342550e+24
1.661015505811262170e+24
1.721337114252024979e+24
1.782847321841950786e+24
1.845549646159378494e+24
1.909447180765257370e+24
1.974542562830175449e+24
2.040837939669029051e+24
2.108334934154185867e+24
2.177034609027893026e+24
2.246937430084906635e+24
2.318043228256967972e+24
2.390351160567006149e+24
2.463859669992890463e+24
2.538566444191378414e+24
2.614468373105447121e+24
2.691561505321236012e+24
2.769841003040996697e+24
2.849301095119045070e+24
2.929935027125774832e+24
3.011735005737559637e+24
3.094692131567816459e+24
3.178796306449081806e+24
3.264036083432216813e+24
3.350398386217363689e+24
3.437867933546505711e+24
3.526426012470132666e+24
3.616047907496251886e+24
3.706697949309545619e+24
3.798321656838888805e+24
3.890837327490988871e+24
3.984133269824109910e+24
4.078075051938860145e+24
4.172519167325275309e+24
4.267325809322045538e+24
4.362367193103653059e+24
4.457531906883646394e+24
4.552726780172416909e+24
4.647877341197107989e+24
4.742927454774837822e+24
4.837838461855312405e+24
4.932588014996447461e+24
5.027168742650064493e+24
5.121586840173571627e+24
5.215860660341741940e+24
5.310019356230850009e+24
5.404101612476092050e+24
5.498154487452787800e+24
5.592232378037158065e+24
5.686396110665451735e+24
5.780712156460227563e+24
5.875251964408290657e+24
5.970091404016629156e+24
6.065310307684090148e+24
6.160992102426249926e+24
6.257223520769150126e+24
6.354094380976975462e+24
6.451697427538263283e+24
6.550128223537773716e+24
6.649485087450904834e+24
6.749869067647063826e+24
6.851383948743365666e+24
6.954136284610194064e+24
7.058235453546638418e+24
7.163793731660801414e+24
7.270926381035139629e+24
7.379751749603855675e+24
7.490391380017494381e+24
7.602970124910886390e+24
7.717616266091727952e+24
7.834461635026788454e+24
7.953641731747743927e+24
8.075295838716400429e+24
8.199567125347492755e+24
8.326602737532307369e+24
8.456553864611189785e+24
8.589575773467864694e+24
8.725827795605271628e+24
8.865473247781962048e+24
9.008679259863504029e+24
9.155616474839524036e+24
9.306458576267311319e+24
9.461381590044353315e+24
9.620562906297346147e+24
9.784179984853829417e+24
9.952408763475790320e+24
1.012542190509565417e+25
1.030338720934004820e+25
1.048646673454588788e+25
1.067481729757201751e+25
1.086859284075889758e+25
1.106794857671077501e+25
1.127304605599305955e+25
1.148405784416037694e+25
1.170117069593097700e+25
1.192458681800223282e+25
1.215452351619480009e+25
1.239121186382480332e+25
1.263489499881793006e+25
1.288582644951437059e+25
1.314426867640280244e+25
1.341049187313948686e+25
1.368477299732206666e+25
1.396739497614817664e+25
1.425864603129175059e+25
1.455881907617829485e+25
1.486821114961751531e+25
1.518712285928679333e+25
1.551585781595660416e+25
1.585472204472604914e+25
1.620402336330163919e+25
1.656407071995736500e+25
1.693517348561927649e+25
1.731764069579678009e+25
1.771178023902167305e+25
1.811789798917967926e+25
1.853629687971295702e+25
1.896727591818187494e+25
1.941112914014471107e+25
1.986814450175497616e+25
2.033860271091468571e+25
2.082277599725660332e+25
2.132092682167624083e+25
2.183330652658885611e+25
2.236015392856323662e+25
2.290169385546876206e+25
2.345813563078414279e+25
2.402967150823415717e+25
2.461647506046612424e+25
2.521869952602655184e+25
2.583647611946954056e+25
2.646991230999977207e+25
2.711909007463918586e+25
2.778406413248608473e+25
2.846486016722309806e+25
2.916147304560102272e+25
2.987386504019569259e+25
3.060196406527973259e+25
3.134566193517776637e+25
3.210481265497361987e+25
3.287923075389948388e+25
3.366868967216220495e+25
3.447292021233893794e+25
3.529160906679912693e+25
3.612439743287398238e+25
3.697087972769722408e+25
3.783060241476661230e+25
3.870306295433245266e+25
3.958770888968356059e+25
4.048393708129117302e+25
4.139109310055391341e+25
4.230847079459210144e+25
4.323531203312634654e+25
4.417080664798359488e+25
4.511409257515075037e+25
4.606425620860471483e+25
4.702033297431177187e+25
4.798130813189494072e+25
4.894611781042887946e+25
4.991365028372895062e+25
5.088274748927377562e+25
5.185220679362706904e+25
5.282078300582869677e+25
5.378719063879715187e+25
5.475010641725189169e+25
5.570817202911769749e+25
5.665999711573808913e+25
5.760416249460353741e+25
5.853922360660945125e+25
5.946371417821257006e+25
6.037615008715764766e+25
6.127503341883226529e+25
6.215885669866176265e+25
6.302610728442702715e+25
6.387527190085809996e+25
6.470484129747051995e+25
6.551331500925530248e+25
6.629920619865066750e+25
6.706104655610599492e+25
6.779739123562529075e+25
6.850682380086103419e+25
6.918796115673294564e+25
6.983945844110030322e+25
7.046001385083544562e+25
7.104837337666634570e+25
7.160333542152223339e+25
7.212375527778083275e+25
7.260854943995104082e+25
7.305669973093590116e+25
7.346725722228708437e+25
7.383934593177983998e+25
7.417216628526331543e+25
7.446499833369878712e+25
7.471720471990602662e+25
7.492823339116740677e+25
7.509762005120601349e+25
7.522499033549216065e+25
7.531006167641878616e+25
