1.198926441787302216e-05
1.199682056813528400e-05
1.201194731983847659e-05
1.203467362448894488e-05
1.206504302749624274e-05
1.210311381659042552e-05
1.214895921086648687e-05
1.220266761140622388e-05
1.226434288963293317e-05
1.233410474512466033e-05
1.241208909917829586e-05
1.249844856699269111e-05
1.259335296456823761e-05
1.269698990484143189e-05
1.280956542851187862e-05
1.293130473638387660e-05
1.306245295749848927e-05
1.320327603298191845e-05
1.335406163804175167e-05
1.351512023613216734e-05
1.368678617506716581e-05
1.386941893440290732e-05
1.406340442025910086e-05
1.426915643363290846e-05
1.448711819364950740e-05
1.471776406024288712e-05
1.496160132168036573e-05
1.521917221188347739e-05
1.549105600541828115e-05
1.577787137796661366e-05
1.608027886084989336e-05
1.639898360311949004e-05
1.673473824846357424e-05
1.708834616951147536e-05
1.746066484312214047e-05
1.785260964231915863e-05
1.826515780209210475e-05
1.869935287258960290e-05
1.915630938744114676e-05
1.963721810431947142e-05
2.014335151239037249e-05
2.067607001424890485e-05
2.123682843971783844e-05
2.182718335791992826e-05
2.244880080290844056e-05
2.310346494820039896e-05
2.379308729778565956e-05
2.451971701028942579e-05
2.528555186962033770e-05
2.609295061534603328e-05
2.694444608431027303e-05
2.784275999216283550e-05
2.879081873563677608e-05
2.979177118323230399e-05
3.084900775406583789e-05
3.196618192116052777e-05
3.314723334560525520e-05
3.439641398400364032e-05
3.571831626775348123e-05
3.711790495063394354e-05
3.860055159780862409e-05
4.017207362840318678e-05
4.183877673772782213e-05
4.360750300681426523e-05
4.548568335083638881e-05
4.748139711361562689e-05
4.960343724900344238e-05
5.186138453222126761e-05
5.426568898114367891e-05
5.682776274740428249e-05
5.956008232656532977e-05
6.247630541324606073e-05
6.559139983516144249e-05
6.892179135065353067e-05
7.248552733253437743e-05
7.630246547156603804e-05
8.039448493870808923e-05
8.478573483863725499e-05
8.950292404311201752e-05
9.457569021145918926e-05
1.000370978310940334e-04
1.059244230663929781e-04
1.122805415572696936e-04
1.191566693363342648e-04
1.266178151163434924e-04
1.347526012484659180e-04
1.436860836317412277e-04
1.535855541950334794e-04
1.646473653511538147e-04
1.770745465753913845e-04
1.910672777882706631e-04
2.068280769453897765e-04
2.245707619277497878e-04
2.445274892514181586e-04
2.669535992644828212e-04
2.921311971316226021e-04
3.203721623514781017e-04
3.520208586198906079e-04
3.874566477193597540e-04
4.270961440132138077e-04
4.713951515661428783e-04
5.208501338432137496e-04
5.759991177578335396e-04
6.374218566170071400e-04
7.057391526700261845e-04
7.816111703725218442e-04
8.657346732793359855e-04
9.588390551037857508e-04
1.061681164362044457e-03
1.175038862198085057e-03
1.299703404881034224e-03
1.436470673881675309e-03
1.586131441440942350e-03
1.749460765762082641e-03
1.927206775244824383e-03
2.120078964629047279e-03
2.328736279926798408e-03
2.553775074763071917e-03
2.795717155455089854e-03
3.054997868043354478e-03
3.331954288453773273e-03
3.626813227288607638e-03
3.939678824414268032e-03
4.270519038530458736e-03
4.619150306750245683e-03
4.985218975291638710e-03
5.368177855525659015e-03
5.767255192442376048e-03
6.181412594949616326e-03
6.609286618717128553e-03
7.049106909509248592e-03
7.498580419474724403e-03
7.954727457265237806e-03
8.413649427064616784e-03
8.870201803546470115e-03
9.317538405644459204e-03
9.746489212967092419e-03
1.014473949751205570e-02
1.049581106101837510e-02
1.077793549554690623e-02
1.096310485413606178e-02
1.101693665847106908e-02
1.090048910216700334e-02
1.057556929976643557e-02
1.001471135377255892e-02
9.214830802027007550e-03
8.209396586330996656e-03
7.070551860454709660e-03
5.895276674056318215e-03
4.779755691664978878e-03
3.795265411492495817e-03
2.977263870841722910e-03
2.329057258514401121e-03
1.833231485274252259e-03
1.463353797126610515e-03
1.192120430491638286e-03
9.955559708933578618e-04
8.544044600271600426e-04
7.539966643028217855e-04
6.834981615065139401e-04
6.350361327980163541e-04
6.029238603698595586e-04
5.830486469402796322e-04
5.724186634321152276e-04
5.688394687470422866e-04
5.706874312575904631e-04
5.767520277800097751e-04
5.861256895357751066e-04
5.981260254227149711e-04
6.122400361536078917e-04
6.280834000528724313e-04
6.453702461717139094e-04
6.638903979143850236e-04
6.834920527281342041e-04
7.040685204070892432e-04
7.255480346029731693e-04
7.478859374913782556e-04
7.710586984896385544e-04
7.950593713447828099e-04
8.198941657244460416e-04
8.455798966761654501e-04
8.721421089165987345e-04
8.996137341828617032e-04
9.280341534256655086e-04
9.574485823304185444e-04
9.879076996954928424e-04
1.019467475758973046e-03
1.052189150221763663e-03
1.086139341469598328e-03
1.121390255502021337e-03
1.158019991338144535e-03
1.196112922937585558e-03
1.235760164060123369e-03
1.277060103329812589e-03
1.320119022385264889e-03
1.365051789274993824e-03
1.411982644853595429e-03
1.461046078211353759e-03
1.512387813261171533e-03
1.566165906274929456e-03
1.622551981132022486e-03
1.681732606404511042e-03
1.743910846602367412e-03
1.809307997235645856e-03
1.878165543155842351e-03
1.950747357265833959e-03
2.027342188560525820e-03
2.108266466813469089e-03
2.193867485771133774e-03
2.284527006411294844e-03
2.380665359879386832e-03
2.482746111641321706e-03
2.591281391148238765e-03
2.706837976746563103e-03
2.830044274720400384e-03
2.961598322171381335e-03
3.102277001396324101e-03
3.252946652310358556e-03
3.414575339604481244e-03
3.588247042074341545e-03
3.775178118515018673e-03
3.976736432321430204e-03
4.194463626716064299e-03
4.430101093615001692e-03
4.685620318617184435e-03
4.963258365290937162e-03
5.265559436199520466e-03
5.595423559807910507e-03
5.956163656460422041e-03
6.351572361720900402e-03
6.786000180527365123e-03
7.264446608931354916e-03
7.792665911669219986e-03
8.377289012296972037e-03
9.025962469941542499e-03
9.747504347868057861e-03
1.055207472367483343e-02
1.145135482934088282e-02
1.245872258493092334e-02
1.358940193606449423e-02
1.486054699941943141e-02
1.629119634217413709e-02
1.790199411578789757e-02
1.971451869446596075e-02
2.174998314704067875e-02
2.402697764076770770e-02
2.655782950163290343e-02
2.934311132661079555e-02
3.236393788845263325e-02
3.557214370052284858e-02
3.887946940227565706e-02
4.214866163089354273e-02
4.519160195159487720e-02
4.778093534584045704e-02
4.967981824096783655e-02
5.068742407709345837e-02
