0.000000000000000000e+00
0.000000000000000000e+00
9.207020024763522770e+00
2.763974144769403907e+01
5.533558711318084988e+01
9.235084179117542647e+01
1.387608335084427154e+02
1.946601765395105588e+02
2.601630771092301870e+02
3.354037031297669955e+02
4.205366195790010693e+02
5.157372914125473926e+02
6.212026562061533923e+02
7.371517690317089091e+02
8.638265224018907702e+02
1.001492444452922314e+03
1.150439578901890172e+03
1.310983450685118441e+03
1.483466121594734886e+03
1.668257340644861188e+03
1.865755794363600216e+03
2.076390462675027266e+03
2.300622086565825157e+03
2.538944754264656694e+03
2.791887613272111139e+03
3.060016716191230444e+03
3.343937009013259740e+03
3.644294471221345248e+03
3.961778417891893241e+03
4.297123974797015762e+03
4.651114738463836147e+03
5.024585634107177611e+03
5.418425985468437830e+03
5.833582811718244557e+03
6.271064367892005066e+03
6.731943946651525948e+03
7.217363960711948494e+03
7.728540326834659936e+03
8.266767174118645926e+03
8.833421901169811463e+03
9.429970608903808170e+03
1.005797393793235824e+04
1.071909334207542997e+04
1.141509783215873176e+04
1.214787122735511548e+04
1.291941995446117835e+04
1.373188143921843039e+04
1.458753313755270574e+04
1.548880225908519424e+04
1.643827623980752469e+04
1.743871402623376343e+04
1.849305823884134952e+04
1.960444828919806605e+04
2.077623453186509869e+04
2.201199354020525425e+04
2.331554460341183585e+04
2.469096755193550780e+04
2.614262202855012583e+04
2.767516833446454984e+04
2.929358999232348287e+04
3.100321818303329565e+04
3.280975822880204214e+04
3.471931831361367222e+04
3.673844065166793735e+04
3.887413533794626710e+04
4.113391713932593848e+04
4.352584551447915146e+04
4.605856818142184056e+04
4.874136858938854857e+04
5.158421769052985474e+04
5.459783045510169177e+04
5.779372762319410685e+04
6.118430324776148336e+04
6.478289864694655262e+04
6.860388346388828359e+04
7.266274461556834285e+04
7.697618402271273953e+04
8.156222613761489629e+04
8.644033647599714459e+04
9.163155263456053217e+04
9.715862980821584642e+04
1.030462038805343473e+05
1.093209775674052944e+05
1.160119405294095777e+05
1.231506465612407192e+05
1.307715953611572913e+05
1.389128026950783387e+05
1.476166531162672036e+05
1.569310142088994326e+05
1.669103486543507897e+05
1.776165105438486789e+05
1.891192376990081975e+05
2.014966253990168334e+05
2.148357948641562834e+05
2.292338016721966560e+05
2.447987655127114849e+05
2.616512095145567437e+05
2.799256169228862855e+05
2.997722276495172409e+05
3.213591074706201325e+05
3.448745310503611108e+05
3.705297284373568255e+05
3.985620542655787431e+05
4.292386503027781728e+05
4.628606857579124626e+05
4.997682764661114197e+05
5.403462043157861335e+05
5.850305828487473773e+05
6.343166447174142813e+05
6.887678627758147195e+05
7.490266603211429901e+05
8.158270191301339073e+05
8.900093584579039598e+05
9.725381367427860387e+05
1.064522723492860096e+06
1.167242205782994162e+06
1.282174936743634753e+06
1.411033808550876100e+06
1.555808446993001271e+06
1.718815787923769560e+06
1.902760818582765525e+06
2.110809662233185954e+06
2.346677668053420261e+06
2.614735757817034144e+06
2.920138995938855223e+06
3.268982210655513685e+06
3.668488519217500929e+06
4.127237810252220370e+06
4.655443604467296042e+06
5.265288208507116884e+06
5.971327583984687924e+06
6.790978638754069805e+06
7.745102249384862371e+06
8.858694394898433238e+06
1.016169380846793018e+07
1.168990492273251526e+07
1.348601521074577980e+07
1.560064925223274156e+07
1.809333727864945680e+07
2.103316896438249946e+07
2.449873794776393101e+07
2.857675236774828658e+07
3.335842159434191138e+07
3.893254937820446491e+07
4.537444792559981346e+07
5.273077866212823242e+07
6.100257630082246661e+07
7.013160903654964268e+07
7.999700529833051562e+07
9.042711265718755126e+07
1.012252809161871523e+08
1.122013532762325555e+08
1.231983891440917850e+08
1.341079139057504684e+08
1.448731113430773318e+08
1.554835100383668840e+08
1.659655895292803943e+08
1.763726138969194591e+08
1.867754890792979002e+08
1.972553352170456946e+08
2.078978675528265834e+08
2.187894201370184422e+08
2.300143549640386701e+08
2.416535774885976911e+08
2.537838883164548278e+08
2.664779274940490425e+08
2.798045060898411274e+08
2.938291633912395239e+08
3.086148308490896821e+08
3.242225213846197128e+08
3.407119926487120390e+08
3.581423550619781613e+08
3.765726109028415084e+08
3.960621207597907782e+08
4.166709997375665307e+08
4.384604491194657087e+08
4.614930306722722650e+08
4.858328911219695807e+08
5.115459439943120480e+08
5.387000153241202831e+08
5.673649588872910738e+08
5.976127457300956249e+08
6.295175319279792309e+08
6.631557077450741529e+08
6.986059306967889071e+08
7.359491444506070614e+08
7.752685850240666866e+08
8.166497753516330719e+08
8.601805089767653942e+08
9.059508233780653477e+08
9.540529632414143085e+08
1.004581333841328263e+09
1.057632444578647733e+09
1.113304842638241291e+09
1.171699036666129589e+09
1.232917410322740316e+09
1.297064125535316467e+09
1.364245015253168344e+09
1.434567465491537809e+09
1.508140286440487146e+09
1.585073572402215481e+09
1.665478550310357094e+09
1.749467416566565752e+09
1.837153161909760237e+09
1.928649383999507904e+09
2.024070087353782654e+09
2.123529470219177246e+09
2.227141697874620914e+09
2.335020661762184620e+09
2.447279723705365658e+09
2.564031444298295021e+09
2.685387294330634594e+09
2.811457347830144405e+09
2.942349954957500458e+09
3.078171392545515537e+09
3.219025489531906605e+09
3.365013223851347923e+09
3.516232286511353016e+09
3.672776607525379181e+09
3.834735837078351974e+09
4.002194773681308746e+09
4.175232729065725327e+09
4.353922817065599442e+09
4.538331150620561600e+09
4.728515927137623787e+09
4.924526377578714371e+09
5.126401548527565956e+09
5.334168878811077118e+09
5.547842522573906898e+09
5.767421358502585411e+09
5.992886609466436386e+09
6.224198977328881264e+09
6.461295172975161552e+09
6.704083690346842766e+09
6.952439633789580345e+09
7.206198358332793236e+09
7.465147620365374565e+09
7.729017859202238083e+09
7.997470136209305763e+09
8.270081146598526001e+09
8.546324591691489220e+09
8.825548064251932144e+09
9.106944475612831116e+09
9.389516980502592087e+09
9.672036408768634796e+09
9.952990525225761414e+09
1.023052522943147850e+10
1.050237941381988144e+10
1.076581808504881096e+10
1.101757303926692772e+10
1.125380718366020203e+10
1.147012702423683548e+10
1.166167556897685814e+10
1.182333965731431770e+10
1.195009343613333893e+10
1.203746615170287895e+10
