1.368927232916919401e+01
1.368878194386286751e+01
1.368780121998462818e+01
1.368633025109194179e+01
1.368436917726152480e+01
1.368191818535554383e+01
1.367897750841309978e+01
1.367554742609485174e+01
1.367162826376797469e+01
1.366722039313062176e+01
1.366232423098762361e+01
1.365694024005680518e+01
1.365106892743174072e+01
1.364471084557254876e+01
1.363786659045101679e+01
1.363053680272918378e+01
1.362272216558107374e+01
1.361442340606306090e+01
1.360564129260538380e+01
1.359637663657901108e+01
1.358663028944891238e+01
1.357640314454298291e+01
1.356569613385776663e+01
1.355451023003587174e+01
1.354284644281345962e+01
1.353070582121357646e+01
1.351808944962321135e+01
1.350499845021106005e+01
1.349143397862025218e+01
1.347739722662031525e+01
1.346288941739984324e+01
1.344791180846377898e+01
1.343246568650820727e+01
1.341655237057568684e+01
1.340017320649200450e+01
1.338332957029407488e+01
1.336602286220585611e+01
1.334825451035544752e+01
1.333002596426427111e+01
1.331133869887247023e+01
1.329219420751199543e+01
1.327259400626221009e+01
1.325253962637347271e+01
1.323203261897825200e+01
1.321107454692704053e+01
1.318966698988431041e+01
1.316781153553300321e+01
1.314550978508946066e+01
1.312276334382615595e+01
1.309957382704551776e+01
1.307594284986266508e+01
1.305187203368515725e+01
1.302736299518788954e+01
1.300241735335461613e+01
1.297703671756547905e+01
1.295122269526700975e+01
1.292497687907843584e+01
1.289830085517066038e+01
1.287119618927945375e+01
1.284366443589164142e+01
1.281570712303067516e+01
1.278732576237132967e+01
1.275852183263464035e+01
1.272929679078383458e+01
1.269965205383044093e+01
1.266958901131067528e+01
1.263910900526712666e+01
1.260821334428782414e+01
1.257690328141942970e+01
1.254518003025685502e+01
1.251304474072810002e+01
1.248049851843946456e+01
1.244754239947012664e+01
1.241417737727841519e+01
1.238040438398251730e+01
1.234622434398280255e+01
1.231163820178838186e+01
1.227664709625456574e+01
1.224125264366076316e+01
1.220545771248230338e+01
1.216926804808919371e+01
1.213269611411056204e+01
1.209576952508439618e+01
1.205854950166954076e+01
1.202116757034296235e+01
1.198388643733842507e+01
1.194716058260639890e+01
1.191161182845412014e+01
1.187785842159906657e+01
1.184632384981424735e+01
1.181719034402424029e+01
1.179046612960050666e+01
1.176606273694158489e+01
1.174384383249151398e+01
1.172365090325305204e+01
1.170531659432311322e+01
1.168867231025869735e+01
1.167355292401839506e+01
1.165979993785640012e+01
1.164726351970896623e+01
1.163580379488059080e+01
1.162529147329641255e+01
1.161560805285477649e+01
1.160664562735201066e+01
1.159830649007444769e+01
1.159050253239072781e+01
1.158315458593187941e+01
1.157619168209587635e+01
1.156955034220377243e+01
1.156317385364619454e+01
1.155701161967811252e+01
1.155101852759640657e+01
1.154515440575361929e+01
1.153938350954712000e+01
1.153367409572594227e+01
1.152799802440405230e+01
1.152233044095253867e+01
1.151664947860063215e+01
1.151093602921857517e+01
1.150517352576182617e+01
1.149934778079524200e+01
1.149344682797871542e+01
1.148746080914457757e+01
1.148138185786826959e+01
1.147520402151832997e+01
1.146892317737230549e+01
1.146253698533896603e+01
1.145604483845402655e+01
1.144944785576217861e+01
1.144274888582955718e+01
1.143595256995232390e+01
1.142906544319927420e+01
1.142209613093734788e+01
1.141505563389315014e+01
1.140795777431259417e+01
1.140081981735208316e+01
1.139366335883003600e+01
1.138651550847007421e+01
1.137941044865780782e+01
1.137239133204825059e+01
1.136551241037755666e+01
1.135884096025377943e+01
1.135245818758171410e+01
1.134645766366396735e+01
1.134093950915687010e+01
1.133599895812141511e+01
1.133171011963032271e+01
1.132810929376184284e+01
1.132518494697223410e+01
1.132287985160609800e+01
1.132110489881810445e+01
1.131975809870530725e+01
1.131874121481699724e+01
1.131796985616781193e+01
1.131737704528389088e+01
1.131691241935185133e+01
1.131653942940047131e+01
1.131623210417994407e+01
1.131597218615410760e+01
1.131574687096670573e+01
1.131554715671743594e+01
1.131536667021059017e+01
1.131520086457397056e+01
1.131504646181741158e+01
1.131490107962821234e+01
1.131476296671883475e+01
1.131463082705817413e+01
1.131450368882615543e+01
1.131438081921303151e+01
1.131426165588986521e+01
1.131414576507371450e+01
1.131403280377211473e+01
1.131392249954904727e+01
1.131381462864684373e+01
1.131370900701206317e+01
1.131360547685748763e+01
1.131350390360204194e+01
1.131340416698488660e+01
1.131330616108979825e+01
1.131320978793440979e+01
1.131311495906607334e+01
1.131302159051375789e+01
1.131292960515055412e+01
1.131283892841677918e+01
1.131274949102633975e+01
1.131266122514974448e+01
1.131257406724555992e+01
1.131248795454058609e+01
1.131240282787480389e+01
1.131231862839348778e+01
1.131223530034931457e+01
1.131215278796105039e+01
1.131207103814457149e+01
1.131198999751297762e+01
1.131190961502238324e+01
1.131182983909855189e+01
1.131175062019024224e+01
1.131167190801267708e+01
1.131159365400469063e+01
1.131151580868198181e+01
1.131143832399596327e+01
1.131136115079117310e+01
1.131128424106453245e+01
1.131120754552203422e+01
1.131113101573745006e+01
1.131105460180388889e+01
1.131097825439112015e+01
1.131090192248786508e+01
1.131082555535693857e+01
1.131074910036437053e+01
1.131067250483161502e+01
1.131059571394785479e+01
1.131051867251865062e+01
1.131044132295821747e+01
1.131036360693425102e+01
1.131028546343769747e+01
1.131020683032438257e+01
1.131012764246115410e+01
1.131004783316666362e+01
1.130996733243532226e+01
1.130988606828282528e+01
1.130980396505404251e+01
1.130972094468494760e+01
1.130963692510882979e+01
1.130955182145734739e+01
1.130946554459438680e+01
1.130937800229872003e+01
1.130928909798148929e+01
1.130919873192852876e+01
1.130910680030516602e+01
1.130901319660000581e+01
1.130891781110635108e+01
1.130882053282384625e+01
1.130872124975963189e+01
1.130861985175016038e+01
1.130851623220084967e+01
1.130841029265822328e+01
1.130830194709561631e+01
1.130819112971041918e+01
1.130807780370438032e+01
1.130796197485864418e+01
1.130784370810198958e+01
1.130772315102129610e+01
1.130760056328393404e+01
1.130747635591205125e+01
1.130735113958965599e+01
1.130722578460033745e+01
1.130710148912100976e+01
1.130697985242442982e+01
1.130686293992273583e+01
1.130675332088224039e+01
1.130665404664722828e+01
1.130656853280946450e+01
1.130650031261327726e+01
1.130645265943793198e+01
1.130642812848648582e+01
