-4.979040026369050409e+00
-4.978754099770302588e+00
-4.978182273847028938e+00
-4.977324603099279265e+00
-4.976181169276032712e+00
-4.974752081229858014e+00
-4.973037474963191151e+00
-4.971037513385672568e+00
-4.968752386383739506e+00
-4.966182310479908324e+00
-4.963327528926002152e+00
-4.960188311263345362e+00
-4.956764953439942722e+00
-4.953057777270335471e+00
-4.949067130577178730e+00
-4.944793386549120484e+00
-4.940236943907313716e+00
-4.935398226159418478e+00
-4.930277681791689126e+00
-4.924875783416803543e+00
-4.919193027992331935e+00
-4.913229935859699360e+00
-4.906987050989996213e+00
-4.900464939910991191e+00
-4.893664191981349276e+00
-4.886585418202216147e+00
-4.879229251521106647e+00
-4.871596345524071836e+00
-4.863687374770684357e+00
-4.855503033362318810e+00
-4.847044035309953536e+00
-4.838311112973410211e+00
-4.829305017463957128e+00
-4.820026516948759721e+00
-4.810476397090574174e+00
-4.800655459210918963e+00
-4.790564520769497570e+00
-4.780204413378770667e+00
-4.769575983326189927e+00
-4.758680089431908122e+00
-4.747517603617405157e+00
-4.736089408596982686e+00
-4.724396398496999439e+00
-4.712439476370515301e+00
-4.700219554872079541e+00
-4.687737553583460226e+00
-4.674994399749824225e+00
-4.661991025402706157e+00
-4.648728368164552371e+00
-4.635207368153085206e+00
-4.621428968862503872e+00
-4.607394113830938664e+00
-4.593103747608290988e+00
-4.578558812165584690e+00
-4.563760247961525351e+00
-4.548708990068937474e+00
-4.533405969354862286e+00
-4.517852108294870384e+00
-4.502048322284917248e+00
-4.485995515108843534e+00
-4.469694580404684814e+00
-4.453146396743657753e+00
-4.436351829279363557e+00
-4.419311724387291918e+00
-4.402026911532756159e+00
-4.384498197406712983e+00
-4.366726368056053076e+00
-4.348712182429629536e+00
-4.330456374815796927e+00
-4.311959647661684158e+00
-4.293222674320437804e+00
-4.274246090838213163e+00
-4.255030498739969858e+00
-4.235576454764297338e+00
-4.215884471970436032e+00
-4.195955003002675987e+00
-4.175788430366781157e+00
-4.155385021739053109e+00
-4.134744861797583049e+00
-4.113867670070617599e+00
-4.092752426798133669e+00
-4.071396492073695583e+00
-4.049793685144221556e+00
-4.027930099076834303e+00
-4.005775862450882130e+00
-3.983271800909778282e+00
-3.960317461907218561e+00
-3.936781027904771246e+00
-3.912544091185305106e+00
-3.887547698500799953e+00
-3.861799642350880912e+00
-3.835353466575247783e+00
-3.808286336248253079e+00
-3.780685217291076317e+00
-3.752639560947571784e+00
-3.724237478897237441e+00
-3.695563595140298752e+00
-3.666697783193400895e+00
-3.637714406155751590e+00
-3.608681922275144061e+00
-3.579662736138288448e+00
-3.550713255502459198e+00
-3.521884077109694644e+00
-3.493220281732177135e+00
-3.464761780733390584e+00
-3.436543707489220001e+00
-3.408596811537750071e+00
-3.380947859247164899e+00
-3.353620010884217795e+00
-3.326633184886458316e+00
-3.300004387408804529e+00
-3.273748021818456699e+00
-3.247876161318919319e+00
-3.222398800996284951e+00
-3.197324075488930717e+00
-3.172658458816748350e+00
-3.148406934312175665e+00
-3.124573150685264977e+00
-3.101159553162064153e+00
-3.078167504851291980e+00
-3.055597387834021017e+00
-3.033448698066880667e+00
-3.011720123855749165e+00
-2.990409620812311431e+00
-2.969514473079703176e+00
-2.949031352457941679e+00
-2.928956365014371510e+00
-2.909285095379973374e+00
-2.890012637816816277e+00
-2.871133622541119035e+00
-2.852642225388215991e+00
-2.834532166992739910e+00
-2.816796687666582866e+00
-2.799428500734874259e+00
-2.782419707209518478e+00
-2.765761669817476065e+00
-2.749444825263425152e+00
-2.733458429677058543e+00
-2.717790219477690172e+00
-2.702425999122299416e+00
-2.687349183685462606e+00
-2.672540403269358933e+00
-2.657977366338168945e+00
-2.643635326818754017e+00
-2.629488571131807895e+00
-2.615513226868170893e+00
-2.601691150915718342e+00
-2.588013798360001338e+00
-2.574484339060695071e+00
-2.561116739519166075e+00
-2.547932035332880485e+00
-2.534953473556045722e+00
-2.522202403256982528e+00
-2.509695902710194826e+00
-2.497446075043879166e+00
-2.485460427642838255e+00
-2.473742721821398316e+00
-2.462293896134315041e+00
-2.451112865222893511e+00
-2.440197143203478802e+00
-2.429543296593976276e+00
-2.419147265444324901e+00
-2.409004582968118591e+00
-2.399110528117105900e+00
-2.389460228083315041e+00
-2.380048730966336290e+00
-2.370871054293803404e+00
-2.361922221054058024e+00
-2.353197283277288943e+00
-2.344691340775073130e+00
-2.336399552679026659e+00
-2.328317147564983092e+00
-2.320439428862385967e+00
-2.312761780459442473e+00
-2.305279668862503684e+00
-2.297988646338625429e+00
-2.290884351307574285e+00
-2.283962510103793253e+00
-2.277218936392348514e+00
-2.270649532134778603e+00
-2.264250286458896255e+00
-2.258017276148355457e+00
-2.251946664201927906e+00
-2.246034700023847197e+00
-2.240277717803321522e+00
-2.234672136505475137e+00
-2.229214458145490241e+00
-2.223901267638704660e+00
-2.218729231013555125e+00
-2.213695095157202974e+00
-2.208795685995354585e+00
-2.204027908157871529e+00
-2.199388743144680802e+00
-2.194875248929158751e+00
-2.190484558124467185e+00
-2.186213877538544459e+00
-2.182060486352177531e+00
-2.178021735636998191e+00
-2.174095046554634703e+00
-2.170277909847348585e+00
-2.166567884066203042e+00
-2.162962595042719371e+00
-2.159459734152828769e+00
-2.156057057776884278e+00
-2.152752385605332108e+00
-2.149543600093467788e+00
-2.146428644813940689e+00
-2.143405523911963595e+00
-2.140472300509144610e+00
-2.137627096164039564e+00
-2.134868089331221963e+00
-2.132193514831582704e+00
-2.129601662369936310e+00
-2.127090876018801868e+00
-2.124659552797333983e+00
-2.122306142171782817e+00
-2.120029144697899603e+00
-2.117827111540494300e+00
-2.115698643180722982e+00
-2.113642388956255225e+00
-2.111657045833755131e+00
-2.109741357969685538e+00
-2.107894115546544711e+00
-2.106114154352118906e+00
-2.104400354675048046e+00
-2.102751640896395546e+00
-2.101166980435090093e+00
-2.099645383338891946e+00
-2.098185901261219843e+00
-2.096787627026631906e+00
-2.095449693604539032e+00
-2.094171273602825067e+00
-2.092951578175362481e+00
-2.091789856358919231e+00
-2.090685393799817327e+00
-2.089637511780479961e+00
-2.088645565558615136e+00
-2.087708942807396273e+00
-2.086827061199366451e+00
-2.085999365773862912e+00
-2.085225325127865403e+00
-2.084504426887279216e+00
-2.083836171464530373e+00
-2.083220064365114421e+00
-2.082655606050787700e+00
-2.082142279566693066e+00
-2.081679535273760262e+00
-2.081266773503178236e+00
-2.080903325981398488e+00
-2.080588439284399183e+00
-2.080321265095709915e+00
-2.080100865296830914e+00
-2.079926241017843402e+00
-2.079796393829342005e+00
-2.079710419635970364e+00
-2.079667622789511672e+00
