5.671220704291511261e+00
5.671159406128220226e+00
5.671036815643440754e+00
5.670852944531854511e+00
5.670607810303052609e+00
5.670301436314804988e+00
5.669933851696999483e+00
5.669505091407218700e+00
5.669015196116358624e+00
5.668464212286689730e+00
5.667852192018814961e+00
5.667179193152462879e+00
5.666445279074329378e+00
5.665650518841930605e+00
5.664794986951738665e+00
5.663878763486509982e+00
5.662901933842996449e+00
5.661864588903244844e+00
5.660766824721035206e+00
5.659608742717738394e+00
5.658390449326476279e+00
5.657112056213234652e+00
5.655773679877582616e+00
5.654375441899845534e+00
5.652917468497044240e+00
5.651399890797058845e+00
5.649822844348263651e+00
5.648186469421744071e+00
5.646490910472893532e+00
5.644736316472901194e+00
5.642922840320342637e+00
5.641050639203334605e+00
5.639119873958888363e+00
5.637130709467323086e+00
5.635083313956862128e+00
5.632977859432121370e+00
5.630814520921093802e+00
5.628593476939792950e+00
5.626314908678395454e+00
5.623979000504420789e+00
5.621585939084360994e+00
5.619135913928138493e+00
5.616629116442045877e+00
5.614065740517643732e+00
5.611445981511241854e+00
5.608770036880900811e+00
5.606038105086986967e+00
5.603250386281544593e+00
5.600407081123631059e+00
5.597508391526051952e+00
5.594554519378195145e+00
5.591545667356006888e+00
5.588482037543847980e+00
5.585363832314689247e+00
5.582191252841046669e+00
5.578964500053738007e+00
5.575683773030166712e+00
5.572349270041694780e+00
5.568961186805293728e+00
5.565519717631817187e+00
5.562025053524195961e+00
5.558477383441777775e+00
5.554876892224691609e+00
5.551223761993341554e+00
5.547518169874167349e+00
5.543760289559195975e+00
5.539950288803752620e+00
5.536088331181340472e+00
5.532174573322790501e+00
5.528209166927468665e+00
5.524192255736374513e+00
5.520123977950294858e+00
5.516004463079127618e+00
5.511833835305163909e+00
5.507612211143176673e+00
5.503339706143211885e+00
5.499016438368910187e+00
5.494642550177182727e+00
5.490218243602957848e+00
5.485743877205649710e+00
5.481220169156511446e+00
5.476648677409182042e+00
5.472032853780911310e+00
5.467380350854054605e+00
5.462707609438232303e+00
5.458047467812665587e+00
5.453456735971161429e+00
5.449013141702127250e+00
5.444793965845245332e+00
5.440852144372143151e+00
5.437210456148392268e+00
5.433869929345425120e+00
5.430819505263060343e+00
5.428042142206801479e+00
5.425518026051993736e+00
5.423226237435751607e+00
5.421145701927699179e+00
5.419255778647661614e+00
5.417536655377412025e+00
5.415969603108982788e+00
5.414537137505435638e+00
5.413223097307413134e+00
5.412012669752209071e+00
5.410892366564363343e+00
5.409849974404668416e+00
5.408874479694202542e+00
5.407955986386847158e+00
5.407085623407346553e+00
5.406255455920833342e+00
5.405458394851136106e+00
5.404688115605125631e+00
5.403938979094912831e+00
5.403205963864563977e+00
5.402484601838752454e+00
5.401770925111105015e+00
5.401061416195868325e+00
5.400352968264429343e+00
5.399642847970440585e+00
5.398928666797684350e+00
5.398208353865590503e+00
5.397480135744767260e+00
5.396742516642701659e+00
5.395994264288433762e+00
5.395234395378896153e+00
5.394462165835153478e+00
5.393677060316900196e+00
5.392878786312732764e+00
5.392067267952115550e+00
5.391242645115633891e+00
5.390405273874057102e+00
5.389555734389402275e+00
5.388694843545271063e+00
5.387823679512530717e+00
5.386943617382005556e+00
5.386056384934436281e+00
5.385164140314372183e+00
5.384269582999116288e+00
5.383376101704120842e+00
5.382487969227588209e+00
5.381610579651392889e+00
5.380750714442556593e+00
5.379916783177084660e+00
5.379118936593076050e+00
5.378368871103357485e+00
5.377679101789970773e+00
5.377061532910539121e+00
5.376525428099152570e+00
5.376075324865592364e+00
5.375709781516890828e+00
5.375421644596124260e+00
5.375199775497625510e+00
5.375031425483525638e+00
5.374904314997486665e+00
5.374807895166338056e+00
5.374733793805848592e+00
5.374675715564343648e+00
5.374629091820421145e+00
5.374590676167855463e+00
5.374558186414625460e+00
5.374530022016200448e+00
5.374505057735041724e+00
5.374482496921685559e+00
5.374461771217108108e+00
5.374442470872538458e+00
5.374424298098888109e+00
5.374407033985216131e+00
5.374390516527633999e+00
5.374374624248630994e+00
5.374359265546990727e+00
5.374344370131595383e+00
5.374329883779576100e+00
5.374315763616876573e+00
5.374301975588992697e+00
5.374288491726217032e+00
5.374275289021870350e+00
5.374262347752548408e+00
5.374249651095617253e+00
5.374237184018472391e+00
5.374224933281587013e+00
5.374212886637163678e+00
5.374201033028620955e+00
5.374189361959581746e+00
5.374177863789181053e+00
5.374166529197458964e+00
5.374155349523654479e+00
5.374144316289080514e+00
5.374133421551056777e+00
5.374122657462935493e+00
5.374112016629712052e+00
5.374101491694547761e+00
5.374091075689026553e+00
5.374080761640493087e+00
5.374070542913433002e+00
5.374060412834483991e+00
5.374050365023159692e+00
5.374040393032680996e+00
5.374030490669142068e+00
5.374020651646946867e+00
5.374010869895948339e+00
5.374001139230609958e+00
5.373991453644856975e+00
5.373981806994258648e+00
5.373972193278428122e+00
5.373962606335616066e+00
5.373953040112542823e+00
5.373943488370848343e+00
5.373933944944251806e+00
5.373924403456345367e+00
5.373914857564979108e+00
5.373905300690908327e+00
5.373895726249314109e+00
5.373886127388844081e+00
5.373876497210193115e+00
5.373866828515138749e+00
5.373857114012143832e+00
5.373847346075073972e+00
5.373837516935910052e+00
5.373827618453006494e+00
5.373817642291195185e+00
5.373807579699777293e+00
5.373797421680714947e+00
5.373787158777117767e+00
5.373776781230980681e+00
5.373766278783965511e+00
5.373755640827530655e+00
5.373744856219659916e+00
5.373733913432701570e+00
5.373722800393047727e+00
5.373711504636427883e+00
5.373700013183507984e+00
5.373688312720362958e+00
5.373676389533655673e+00
5.373664229748342791e+00
5.373651819365315774e+00
5.373639144614132057e+00
5.373626192170468663e+00
5.373612949727640142e+00
5.373599406532314049e+00
5.373585554359164185e+00
5.373571388608409549e+00
5.373556910002692533e+00
5.373542126658110263e+00
5.373527057023023801e+00
5.373511733555853986e+00
5.373496207634368638e+00
5.373480555594069230e+00
5.373464886220403969e+00
5.373449349285488452e+00
5.373434144698415516e+00
5.373419530635703545e+00
5.373405828255641836e+00
5.373393418976265323e+00
5.373382729746545294e+00
5.373374202222021445e+00
5.373368245575103508e+00
5.373365179206173181e+00
