9.256765201529708165e+00
9.254733964587344985e+00
9.250673021415371622e+00
9.244585430991953956e+00
9.236475776522317105e+00
9.226350158116725098e+00
9.214216184754322470e+00
9.200082962146989729e+00
9.183961080785891795e+00
9.165862599090527141e+00
9.145801027658215787e+00
9.123791307835631414e+00
9.099849792328459586e+00
9.073994219369511782e+00
9.046243689881620753e+00
9.016618637449939300e+00
8.985140802264449889e+00
8.951833197135847797e+00
8.916720078474524414e+00
8.879826908617497239e+00
8.841180324128515622e+00
8.800808094728319375e+00
8.758739089224757635e+00
8.715003231360048730e+00
8.669631463700195440e+00
8.622655700730550876e+00
8.574108791050731426e+00
8.524024468063103654e+00
8.472437310832164670e+00
8.419382692720070338e+00
8.364896741278929682e+00
8.309016285191924922e+00
8.251778813572247628e+00
8.193222421569444691e+00
8.133385769450224956e+00
8.072308027226256399e+00
8.010028833889712985e+00
7.946588241411380871e+00
7.882026674498322727e+00
7.816384874299723506e+00
7.749703859045313337e+00
7.682024867781091615e+00
7.613389322235749823e+00
7.543838770889525591e+00
7.473414852401791819e+00
7.402159240294255760e+00
7.330113608256956681e+00
7.257319575701224323e+00
7.183818675244050489e+00
7.109652299358047323e+00
7.034861670315536664e+00
6.959487788131209385e+00
6.883571403228671670e+00
6.807152965837588887e+00
6.730272601627052431e+00
6.652970062681673902e+00
6.575284706329474815e+00
6.497255447781399518e+00
6.418920742366457155e+00
6.340318539875569925e+00
6.261486270405717924e+00
6.182460800400914280e+00
6.103278422300466133e+00
6.023974812215105779e+00
5.944585023573988991e+00
5.865143446306674058e+00
5.785683804683314335e+00
5.706239117776268799e+00
5.626841701660989514e+00
5.547523130728189145e+00
5.468314244217721942e+00
5.389245107315764116e+00
5.310345020941521277e+00
5.231642478949519948e+00
5.153165174825552697e+00
5.074939939227833818e+00
4.996992711138491750e+00
4.919348381078638255e+00
4.842030563514216013e+00
4.765060976851871466e+00
4.688458196752927520e+00
4.612234745978329720e+00
4.536390868414995836e+00
4.460901209570734771e+00
4.385689287246616885e+00
4.310587906353736010e+00
4.235308597172580569e+00
4.159485185122579587e+00
4.082823472471978299e+00
4.005239328850912273e+00
3.926863331913848398e+00
3.847958634183617832e+00
3.768842753972061033e+00
3.689840937812500776e+00
3.611262788546677704e+00
3.533391273655434706e+00
3.456477792119877712e+00
3.380740478539460359e+00
3.306364336721322683e+00
3.233502590848625680e+00
3.162278761240153280e+00
3.092789229942261464e+00
3.025106008584549588e+00
2.959279596185645289e+00
2.895341749731775050e+00
2.833308133479978341e+00
2.773180746567729837e+00
2.714950144565182466e+00
2.658597402686812661e+00
2.604095862140190398e+00
2.551412633524204665e+00
2.500509908257922298e+00
2.451346064114178880e+00
2.403876616037802005e+00
2.358055002742090345e+00
2.313833256082202361e+00
2.271162544418420914e+00
2.229993631279421962e+00
2.190277239793945618e+00
2.151964358434751645e+00
2.115006477412038954e+00
2.079355785998489914e+00
2.044965319041683216e+00
2.011789078339689674e+00
1.979782116226428856e+00
1.948900603045095048e+00
1.919101865089060555e+00
1.890344411148439985e+00
1.862587933474388668e+00
1.835793297952900804e+00
1.809922508241684325e+00
1.784938655076026670e+00
1.760805833661395647e+00
1.737489035949358218e+00
1.714953997628926086e+00
1.693167001311479236e+00
1.672094612548578940e+00
1.651703347855910220e+00
1.631959257905777338e+00
1.612827446699864886e+00
1.594271565706498750e+00
1.576253414151914667e+00
1.558732873115698414e+00
1.541668556667629142e+00
1.525019614568972282e+00
1.508748952076717220e+00
1.492827486294320494e+00
1.477238117401697526e+00
1.461977488865546126e+00
1.447054269675756677e+00
1.432484454393889273e+00
1.418285720423882568e+00
1.404472932010141228e+00
1.391055763797343525e+00
1.378038223980617927e+00
1.365419335016434310e+00
1.353194258509168080e+00
1.341355428540166095e+00
1.329893492495249463e+00
1.318798021424156808e+00
1.308058010343787769e+00
1.297662220509164133e+00
1.287599403519509966e+00
1.277858448253796242e+00
1.268428471807528046e+00
1.259298877256674887e+00
1.250459385629364428e+00
1.241900054633624517e+00
1.233611284921031004e+00
1.225583821700349407e+00
1.217808749754209385e+00
1.210277487555950326e+00
1.202981777494015914e+00
1.195913676883076260e+00
1.189065546406654406e+00
1.182430040110625802e+00
1.176000093509971922e+00
1.169768913571876290e+00
1.163729967176014846e+00
1.157876971558772450e+00
1.152203883435310328e+00
1.146704890103726449e+00
1.141374399342780732e+00
1.136207031236608822e+00
1.131197608864849435e+00
1.126341150840476368e+00
1.121632862762877769e+00
1.117068130430340922e+00
1.112642512006775108e+00
1.108351731858119971e+00
1.104191673376986094e+00
1.100158373389439337e+00
1.096248015581765989e+00
1.092456925425622005e+00
1.088781564154126746e+00
1.085218524156760900e+00
1.081764523456023364e+00
1.078416401527594326e+00
1.075171114233141711e+00
1.072025730025386814e+00
1.068977425296892880e+00
1.066023480933689482e+00
1.063161278043776692e+00
1.060388294826635880e+00
1.057702102648902187e+00
1.055100363200382807e+00
1.052580824887602073e+00
1.050141320250058463e+00
1.047779762645375756e+00
1.045494143902138129e+00
1.043282531273068248e+00
1.041143065303336890e+00
1.039073957030533624e+00
1.037073486049431059e+00
1.035139997939663603e+00
1.033271902509860452e+00
1.031467671435718714e+00
1.029725836667925387e+00
1.028044988264775084e+00
1.026423772949498714e+00
1.024860892122562150e+00
1.023355100554565134e+00
1.021905204563664293e+00
1.020510060830032817e+00
1.019168574723033904e+00
1.017879699221575951e+00
1.016642433373144527e+00
1.015455821300421446e+00
1.014318950768555494e+00
1.013230952250364414e+00
1.012190997567047335e+00
1.011198298968826403e+00
1.010252107793389476e+00
1.009351713490262314e+00
1.008496442202644339e+00
1.007685655611917586e+00
1.006918749278878478e+00
1.006195151091761941e+00
1.005514319080060170e+00
1.004875739088833653e+00
1.004278921571953864e+00
1.003723397857608779e+00
1.003208715119639827e+00
1.002734430257885334e+00
1.002300101923210729e+00
1.001905280846690172e+00
1.001549497964364432e+00
1.001232250962499126e+00
1.000952989889066780e+00
1.000711104325881173e+00
1.000505915775200316e+00
1.000336681410296524e+00
1.000202616182491289e+00
1.000102939556313908e+00
1.000036947308923230e+00
1.000004098841227540e+00
