2.644344796903664246e+03
2.643598434195856044e+03
2.642106411779586779e+03
2.639870134595805212e+03
2.636891706683259144e+03
2.633173928018628885e+03
2.628720288855883609e+03
2.623534964504254276e+03
2.617622806904265872e+03
2.610989337409448126e+03
2.603640735678320198e+03
2.595583830550745915e+03
2.586826086359664714e+03
2.577375592016671362e+03
2.567241044870259884e+03
2.556431738137202046e+03
2.544957542455129442e+03
2.532828891816304804e+03
2.520056762981259908e+03
2.506652660089314850e+03
2.492628592116385789e+03
2.477997056351976426e+03
2.462771014097982061e+03
2.446963873214564956e+03
2.430589462267687850e+03
2.413662012356261585e+03
2.396196129924046090e+03
2.378206778087610019e+03
2.359709248333127562e+03
2.340719141569042677e+03
2.321252338930115002e+03
2.301324982780218761e+03
2.280953446844810969e+03
2.260154317388151412e+03
2.238944362891220862e+03
2.217340515623952342e+03
2.195359841078638055e+03
2.173019520151710367e+03
2.150336818532968209e+03
2.127329069703266214e+03
2.104013644467684117e+03
2.080407934965415734e+03
2.056529324520458886e+03
2.032395172848415768e+03
2.008022786381563947e+03
1.983429404844508781e+03
1.958632172191865038e+03
1.933648124711104629e+03
1.908494162690705934e+03
1.883187040194541851e+03
1.857743337556404413e+03
1.832179452956355817e+03
1.806511575814101889e+03
1.780755680284399659e+03
1.754927499596913094e+03
1.729042521575563342e+03
1.703115963946228248e+03
1.677162771974545876e+03
1.651197594734898757e+03
1.625234784953487861e+03
1.599288376202193149e+03
1.573372085029823211e+03
1.547499289012348981e+03
1.521683031257088260e+03
1.495935999206644965e+03
1.470270531612999321e+03
1.444698597960339157e+03
1.419231808043214642e+03
1.393881391866184003e+03
1.368658212080513749e+03
1.343572744347963635e+03
1.318635093349879980e+03
1.293854974403784581e+03
1.269241735748239535e+03
1.244804346257834595e+03
1.220551435969341128e+03
1.196491314751760683e+03
1.172632087953216796e+03
1.148981830280555414e+03
1.125549056139565664e+03
1.102343668562642051e+03
1.079379159534465089e+03
1.056677308393909243e+03
1.034278210667626354e+03
1.012259572945665354e+03
9.907671744203521484e+02
9.700411228396859542e+02
9.503924052167900527e+02
9.321045015876683237e+02
9.153368831683059170e+02
9.001141438710072862e+02
8.863730284765460965e+02
8.740085562161427788e+02
8.629009718606503156e+02
8.529286954495448754e+02
8.439741572170186146e+02
8.359264699602670134e+02
8.286826210384080014e+02
8.221479618022622162e+02
8.162362528929859309e+02
8.108694692356480118e+02
8.059774077531005787e+02
8.014972068508182019e+02
7.973727814978781225e+02
7.935542510998517400e+02
7.899973474902535600e+02
7.866628596037606940e+02
7.835160920117060641e+02
7.805263795468493981e+02
7.776666296674178511e+02
7.749129254301456058e+02
7.722441585969747848e+02
7.696417199148039572e+02
7.670892161002932426e+02
7.645722369645299068e+02
7.620781433557841638e+02
7.595958970575646845e+02
7.571159049881676992e+02
7.546298973096029385e+02
7.521308136792447385e+02
7.496127162316380463e+02
7.470707055312944931e+02
7.445008574771339909e+02
7.419001595303732302e+02
7.392664640354395260e+02
7.365984393060061848e+02
7.338955364576883085e+02
7.311579552228913599e+02
7.283866274775618876e+02
7.255832047641326881e+02
7.227500701380748751e+02
7.198903646462615598e+02
7.170080518553359070e+02
7.141080165458440661e+02
7.111962263541738594e+02
7.082799604060764977e+02
7.053681401693052067e+02
7.024717716789767792e+02
6.996045287987159327e+02
6.967834600310052338e+02
6.940297746868928925e+02
6.913695373832117639e+02
6.888339550796000594e+02
6.864587037720318676e+02
6.842816237975890772e+02
6.823382849067558027e+02
6.806557691724362940e+02
6.792463657500975387e+02
6.781038915490244108e+02
6.772046989437131970e+02
6.765131218251860901e+02
6.759888376769060869e+02
6.755932529786942951e+02
6.752933360787458241e+02
6.750629319640100903e+02
6.748824036496527015e+02
6.747375150179502725e+02
6.746181573453981173e+02
6.745172279588031188e+02
6.744297475011849201e+02
6.743522163016593822e+02
6.742821571836517478e+02
6.742178031267993674e+02
6.741578803868872001e+02
6.741014633406629173e+02
6.740478715859370595e+02
6.739966016105573772e+02
6.739472758625602182e+02
6.738996096383153827e+02
6.738533844581055519e+02
6.738084317721318257e+02
6.737646182964758736e+02
6.737218381516620411e+02
6.736800043676763607e+02
6.736390453967211442e+02
6.735988998968077794e+02
6.735595155413991506e+02
6.735208455709594091e+02
6.734828488002717677e+02
6.734454871311767192e+02
6.734087261699644387e+02
6.733725332692691836e+02
6.733368784430221012e+02
6.733017327078428025e+02
6.732670691314350506e+02
6.732328613526045729e+02
6.731990846781910705e+02
6.731657147185309213e+02
6.731327284896092351e+02
6.731001031308793472e+02
6.730678169907821484e+02
6.730358484092980689e+02
6.730041767758791593e+02
6.729727813669678653e+02
6.729416423708504453e+02
6.729107397743454158e+02
6.728800543517958204e+02
6.728495665971519202e+02
6.728192576756448489e+02
6.727891083985285832e+02
6.727591001366264436e+02
6.727292138355373936e+02
6.726994308905615298e+02
6.726697322004716852e+02
6.726400990034544520e+02
6.726105119677346238e+02
6.725809519882116092e+02
6.725513993123300907e+02
6.725218342971154470e+02
6.724922365687709771e+02
6.724625857398332300e+02
6.724328606010807334e+02
6.724030397985746959e+02
6.723731010566342547e+02
6.723430218146769448e+02
6.723127784802987890e+02
6.722823470261656666e+02
6.722517022727731728e+02
6.722208184463044063e+02
6.721896684916331424e+02
6.721582245933326476e+02
6.721264575212815089e+02
6.720943371193577605e+02
6.720618316892222310e+02
6.720289084554916599e+02
6.719955329990445989e+02
6.719616697151201379e+02
6.719272813177949502e+02
6.718923293211837517e+02
6.718567736551709686e+02
6.718205732245241961e+02
6.717836857090183003e+02
6.717460682995254047e+02
6.717076778150540122e+02
6.716684717943759324e+02
6.716284091689128672e+02
6.715874520304189446e+02
6.715455672872744799e+02
6.715027296774803744e+02
6.714589251603570119e+02
6.714141561598858061e+02
6.713684479624416781e+02
6.713218577943017635e+02
6.712744861793065638e+02
6.712264920977737575e+02
6.711781116282486437e+02
6.711296810742251182e+02
6.710816633094110557e+02
6.710346760102750068e+02
6.709895167312067770e+02
6.709471774260520078e+02
6.709088360083208045e+02
6.708758108493090049e+02
6.708494656027675092e+02
6.708310635333850769e+02
6.708215906936734427e+02
