5.418996025765835528e-02
5.417806920859487285e-02
5.415429607140202772e-02
5.411865875362115164e-02
5.407118408575982416e-02
5.401190777842812540e-02
5.394087437529422602e-02
5.385813718203826678e-02
5.376375819637573689e-02
5.365780800941045980e-02
5.354036571342962042e-02
5.341151877645957530e-02
5.327136292875293139e-02
5.312000201156635154e-02
5.295754784346999589e-02
5.278412004456260742e-02
5.259984588392850602e-02
5.240486008069149271e-02
5.219930463412305460e-02
5.198332860310080072e-02
5.175708792053428098e-02
5.152074515293893903e-02
5.127446930098792516e-02
5.101843554103779182e-02
5.075282501373384880e-02
5.047782454942721653e-02
5.019362644686036629e-02
4.990042818449299394e-02
4.959843219136914755e-02
4.928784554642491600e-02
4.896887974369416169e-02
4.864175038169692850e-02
4.830667692517167516e-02
4.796388238664980180e-02
4.761359308691083536e-02
4.725603833082851063e-02
4.689145016873181443e-02
4.652006306856479312e-02
4.614211368030412402e-02
4.575784050640797906e-02
4.536748367138966620e-02
4.497128459244138093e-02
4.456948575619671532e-02
4.416233039130453009e-02
4.375006225433069468e-02
4.333292530592842279e-02
4.291116350773633431e-02
4.248502050364048183e-02
4.205473942942481586e-02
4.162056260045513684e-02
4.118273133572896566e-02
4.074148565312710885e-02
4.029706410940103734e-02
3.984970350393911981e-02
3.939963873612208761e-02
3.894710251833254089e-02
3.849232525201147503e-02
3.803553475040557380e-02
3.757695613457014139e-02
3.711681156609370619e-02
3.665532016422835826e-02
3.619269774854956545e-02
3.572915677835609982e-02
3.526490610490223138e-02
3.480015093420663064e-02
3.433509258809992748e-02
3.386992849158097785e-02
3.340485194135547203e-02
3.294005211872016309e-02
3.247571386308066577e-02
3.201201771020144304e-02
3.154913966446507706e-02
3.108725125616457891e-02
3.062651929096161033e-02
3.016710588908519744e-02
2.970916811969186166e-02
2.925285783198379452e-02
2.879832073737533318e-02
2.834569507713578101e-02
2.789510799282780146e-02
2.744666822809206652e-02
2.700044909233020873e-02
2.655645201327881677e-02
2.611452856339389200e-02
2.567423100880403611e-02
2.523458057398389465e-02
2.479388853049589031e-02
2.435001125845374925e-02
2.390122649710605882e-02
2.344704173948087764e-02
2.298822139925317184e-02
2.252630599564790781e-02
2.206315431025078488e-02
2.160067036637134535e-02
2.114066660770070119e-02
2.068479955206200399e-02
2.023454091235909677e-02
1.979116766872681885e-02
1.935576285057535526e-02
1.892922344645472585e-02
1.851227255574362102e-02
1.810547440786213630e-02
1.770925056555504307e-02
1.732389665475136606e-02
1.694959858378777481e-02
1.658644805267479178e-02
1.623445676454822809e-02
1.589356943084161908e-02
1.556367526410891607e-02
1.524461820131180027e-02
1.493620570485206314e-02
1.463821643979751862e-02
1.435040674577795806e-02
1.407251620316305428e-02
1.380427223787094107e-02
1.354539403994197387e-02
1.329559574443760044e-02
1.305458911649756519e-02
1.282208568475664764e-02
1.259779853119808064e-02
1.238144367502250036e-02
1.217274122780703099e-02
1.197141625120248971e-02
1.177719946747739048e-02
1.158982774883432140e-02
1.140904451240564929e-02
1.123459994236307956e-02
1.106625114532368281e-02
1.090376215599500771e-02
1.074690387965156896e-02
1.059545388218880585e-02
1.044919609335492362e-02
1.030792032315953205e-02
1.017142163124690191e-02
1.003949943116914413e-02
9.911956338212535647e-03
9.788596624021362463e-03
9.669224273179354706e-03
9.553640543179966679e-03
9.441641149619234286e-03
9.333013304828467402e-03
9.227533377942341922e-03
9.124966509087515179e-03
9.025070421197959811e-03
8.927605973195197955e-03
8.832356009020308346e-03
8.739150274705132990e-03
8.647888666320206752e-03
8.558551534408912267e-03
8.471189628040434391e-03
8.385896580858538674e-03
8.302775878022024963e-03
8.221914536193412892e-03
8.143369191638095278e-03
8.067163308701335786e-03
7.993291164752830760e-03
7.921724435376772608e-03
7.852418828985095745e-03
7.785319594508757074e-03
7.720365679907666492e-03
7.657492660992178644e-03
7.596634745108979403e-03
7.537726083078820534e-03
7.480701629370798723e-03
7.425497674454724362e-03
7.372052182956515855e-03
7.320304980823453406e-03
7.270197864958113758e-03
7.221674639886347877e-03
7.174681127203682077e-03
7.129165136402473325e-03
7.085076430431383292e-03
7.042366668468069517e-03
7.000989353297468534e-03
6.960899763653860192e-03
6.922054895641888313e-03
6.884413393112395751e-03
6.847935489022539783e-03
6.812582937881264157e-03
6.778318959808858450e-03
6.745108176856536887e-03
6.712916560929365652e-03
6.681711374646609643e-03
6.651461123482857625e-03
6.622135501267161807e-03
6.593705346498812334e-03
6.566142592312878071e-03
6.539420226745460731e-03
6.513512246876968469e-03
6.488393622749876258e-03
6.464040255363511477e-03
6.440428943930846459e-03
6.417537347398179735e-03
6.395343954736486432e-03
6.373828049676915145e-03
6.352969683752088779e-03
6.332749643961950968e-03
6.313149428304609331e-03
6.294151216112512000e-03
6.275737845836561364e-03
6.257892787817479797e-03
6.240600124110413580e-03
6.223844523479201037e-03
6.207611223070201231e-03
6.191886005438910351e-03
6.176655181901034679e-03
6.161905571419969141e-03
6.147624485481329587e-03
6.133799708687511995e-03
6.120419485017180271e-03
6.107472499988888040e-03
6.094947868181957613e-03
6.082835116844863624e-03
6.071124174566168603e-03
6.059805356215926253e-03
6.048869352666672028e-03
6.038307216966480075e-03
6.028110355018794463e-03
6.018270512894376319e-03
6.008779768385764421e-03
5.999630519371090993e-03
5.990815476162196507e-03
5.982327650835087170e-03
5.974160350289674064e-03
5.966307166456896564e-03
5.958761969978375317e-03
5.951518901185448573e-03
5.944572364283821388e-03
5.937917018966243528e-03
5.931547774940110034e-03
5.925459783970066924e-03
5.919648434496005591e-03
5.914109343779455283e-03
5.908838352192176922e-03
5.903831514914087072e-03
5.899085095168919712e-03
5.894595554513629328e-03
5.890359543752994413e-03
5.886373890141497270e-03
5.882635583768533287e-03
5.879141758785758239e-03
5.875889671545004959e-03
5.872876671160028560e-03
5.870100163681472513e-03
5.867557565410653868e-03
5.865246246285696873e-03
5.863163460362768968e-03
5.861306267050779215e-03
5.859671446879656000e-03
5.858255426404839969e-03
5.857054233637751066e-03
5.856063520001971064e-03
5.855278689749875490e-03
5.854695173554576998e-03
5.854308848830382626e-03
5.854116550860172935e-03
