-2.405524333285515488e-06
-2.407271145460629705e-06
-2.410156156581304321e-06
-2.414709133715410307e-06
-2.420656904981393883e-06
-2.428212188737461671e-06
-2.437231070280533908e-06
-2.447861263673297258e-06
-2.460011528527546573e-06
-2.473802301532313745e-06
-2.489173601139316254e-06
-2.506232704220359305e-06
-2.524941853919669253e-06
-2.545402253658034733e-06
-2.567593870795153225e-06
-2.591616091541278534e-06
-2.617464220888957844e-06
-2.645238759191405927e-06
-2.674949123293354617e-06
-2.706699193330767843e-06
-2.740511999562820643e-06
-2.776496735549896465e-06
-2.814690059652232696e-06
-2.855208270746925438e-06
-2.898102074276939483e-06
-2.943496646844914276e-06
-2.991457511883803281e-06
-3.042120564890846269e-06
-3.095567251752441342e-06
-3.151946168886089239e-06
-3.211356127364874752e-06
-3.273960613053408891e-06
-3.339877605615923780e-06
-3.409287941378266597e-06
-3.482330970766342047e-06
-3.559207684712978206e-06
-3.640081458814523363e-06
-3.725176665693414081e-06
-3.814683882880392344e-06
-3.908854607257247448e-06
-4.007910406621175044e-06
-4.112134270145226334e-06
-4.221783267569758765e-06
-4.337177006230048618e-06
-4.458613432085102659e-06
-4.586454815672397770e-06
-4.721046389256428871e-06
-4.862800248604135557e-06
-5.012116573951110983e-06
-5.169465809959584327e-06
-5.335312267259044810e-06
-5.510194928783351752e-06
-5.694653275834190125e-06
-5.889307064759839260e-06
-6.094784268928103923e-06
-6.311800176008881216e-06
-6.541087387279193945e-06
-6.783474603115602026e-06
-7.039818675996773133e-06
-7.311083481798701121e-06
-7.598274084939110685e-06
-7.902516136561079095e-06
-8.224992281776107784e-06
-8.567022584294387217e-06
-8.930003386889133289e-06
-9.315489335295495875e-06
-9.725134993890290555e-06
-1.016077912794766424e-05
-1.062438947613277053e-05
-1.111815005438128849e-05
-1.164440961560730282e-05
-1.220577292514441237e-05
-1.280505376945315746e-05
-1.344537186669243362e-05
-1.413011291470175883e-05
-1.486303669951167997e-05
-1.564825599945643547e-05
-1.649038394067569289e-05
-1.739459758796798089e-05
-1.836698233923095546e-05
-1.941505545509119890e-05
-2.054919132251730354e-05
-2.178561147883860812e-05
-2.315305759412330809e-05
-2.470501470768215956e-05
-2.653501123468335224e-05
-2.877357203285914750e-05
-3.153673085124444371e-05
-3.486368457721755352e-05
-3.873193544347024224e-05
-4.311875871379796776e-05
-4.803017141181293166e-05
-5.349750134130827037e-05
-5.956779866116520454e-05
-6.629720238741918024e-05
-7.374751494163860250e-05
-8.198409263457304673e-05
-9.107438317239823205e-05
-1.010862256411845301e-04
-1.120860342272161106e-04
-1.241363601949928427e-04
-1.372931600466422548e-04
-1.516023491077207080e-04
-1.670960612302329208e-04
-1.837882476600837347e-04
-2.016701307472486791e-04
-2.207052121991495502e-04
-2.408244549949517868e-04
-2.619214083373796716e-04
-2.838479839798571159e-04
-3.064106998624367370e-04
-3.293681424035853106e-04
-3.524294584460085553e-04
-3.752545968140637679e-04
-3.974560364232477432e-04
-4.186026028963895653e-04
-4.382249704072492644e-04
-4.558232562361891164e-04
-4.708761234945225060e-04
-4.828515577683605941e-04
-4.912185495554808462e-04
-4.954595948673004525e-04
-4.950830957617866328e-04
-4.896353314542644091e-04
-4.787109771539027440e-04
-4.619616005066649466e-04
-4.391010193077985878e-04
-4.099066437059194342e-04
-3.742155032856555089e-04
-3.319135748083455392e-04
-2.829166808476359465e-04
-2.271407306959682471e-04
-1.644588809284930244e-04
-9.464255202104475330e-05
-1.728413139767323502e-05
6.829942321951489861e-05
1.631761222021005820e-04
2.689029110168258420e-04
3.875759758217959552e-04
5.217294588582509478e-04
6.739045320547814352e-04
8.456259943794323334e-04
1.035514340961163566e-03
1.236540246308609958e-03
1.433255573320280172e-03
1.601145412837669214e-03
1.710871760600882283e-03
1.738050365443502381e-03
1.674188543217668829e-03
1.531296214333131237e-03
1.336572850175209810e-03
1.121308932980722090e-03
9.112978159450519072e-04
7.226830667129627425e-04
5.625320688186193421e-04
4.315629369171145556e-04
3.269964940645132844e-04
2.446588513353630196e-04
1.802326108364207021e-04
1.298640212627524522e-04
9.037038414168084381e-05
5.923794757926231834e-05
3.452915579959393014e-05
1.476690272846380789e-05
-1.173813623033641886e-06
-1.415415675498981092e-05
-2.483944469739773827e-05
-3.374866640192278279e-05
-4.129073537475906505e-05
-4.779014549149823834e-05
-5.350615619674072118e-05
-5.864657018176792382e-05
-6.337871879988219359e-05
-6.783753205357354282e-05
-7.213246124230421775e-05
-7.635255874947109256e-05
-8.057112617135355522e-05
-8.484900126768941779e-05
-8.923776863651413694e-05
-9.378186700568690514e-05
-9.852083967808324778e-05
-1.034906472470683604e-04
-1.087252814254637435e-04
-1.142575563178099618e-04
-1.201203208343080227e-04
-1.263469277268520184e-04
-1.329722160327116850e-04
-1.400328016877294701e-04
-1.475679537058642056e-04
-1.556198097263334983e-04
-1.642342362517348908e-04
-1.734610457322189540e-04
-1.833549107555468185e-04
-1.939756446003256299e-04
-2.053892300501873906e-04
-2.176682209720124609e-04
-2.308929468568619706e-04
-2.451520977180761981e-04
-2.605441747379341148e-04
-2.771783344022165241e-04
-2.951761741831765841e-04
-3.146729353685140873e-04
-3.358197423386602193e-04
-3.587852997233458886e-04
-3.837587482023929394e-04
-4.109520451647033761e-04
-4.406036652633989713e-04
-4.729819325271492807e-04
-5.083898898640555305e-04
-5.471699668616680041e-04
-5.897104845986841145e-04
-6.364522164583497500e-04
-6.878972071317836527e-04
-7.446180441438129049e-04
-8.072699913057786733e-04
-8.766041847452141472e-04
-9.534845724934707008e-04
-1.038906858400183214e-03
-1.134022500006357870e-03
-1.240166172711157887e-03
-1.358890268033937244e-03
-1.492005143917984542e-03
-1.641629447625069741e-03
-1.810249791334048956e-03
-2.000795226584703348e-03
-2.216726784365357413e-03
-2.462149246088130624e-03
-2.741947091035486662e-03
-3.061954440916000737e-03
-3.429163720927612142e-03
-3.851986936755562828e-03
-4.340578685582825204e-03
-4.907240849844264619e-03
-5.566924528981763778e-03
-6.337857259047458523e-03
-7.242318779410113032e-03
-8.307601110031823458e-03
-9.567179442858161909e-03
-1.106212523047142397e-02
-1.284276427758622614e-02
-1.497055376621630497e-02
-1.752005832117848119e-02
-2.058076694488964603e-02
-2.425821323811427899e-02
-2.867343848741464585e-02
-3.395914695121086263e-02
-4.024998580312281332e-02
-4.766328792550957039e-02
-5.626590590314437673e-02
-6.602353313444819793e-02
-7.673336907971982368e-02
-8.795158585382105432e-02
-9.894435243862290119e-02
-1.087081782749939468e-01
-1.161040255516385400e-01
-1.201085215399620709e-01
