-1.265276663978908255e+04
-1.263759220339430249e+04
-1.260729990565056323e+04
-1.256200248667784217e+04
-1.250186822243244751e+04
-1.242711970620723878e+04
-1.233803261767902040e+04
-1.223493373736025933e+04
-1.211819916305318293e+04
-1.198825162468143208e+04
-1.184555821940067472e+04
-1.169062711637094799e+04
-1.152400490003693994e+04
-1.134627277256633533e+04
-1.115804360867177093e+04
-1.095995777671781798e+04
-1.075268001737400482e+04
-1.053689501229867528e+04
-1.031330420262785992e+04
-1.008262123650853027e+04
-9.845568841936448734e+03
-9.602874281388814779e+03
-9.355266387135818150e+03
-9.103471143205275439e+03
-8.848208980553083165e+03
-8.590190594255516771e+03
-8.330114581589183217e+03
-8.068663586516560827e+03
-7.806502346689326259e+03
-7.544274238965257609e+03
-7.282599782598029378e+03
-7.022073639703226945e+03
-6.763263602447347694e+03
-6.506708082106810252e+03
-6.252915588878229755e+03
-6.002362723407284648e+03
-5.755494139790384907e+03
-5.512721035033662702e+03
-5.274421569644569900e+03
-5.040939834119515581e+03
-4.812586687796344449e+03
-4.589639167687567351e+03
-4.372341695379696830e+03
-4.160905882657315487e+03
-3.955512048395213696e+03
-3.756309367618029682e+03
-3.563417635567018806e+03
-3.376927702083980421e+03
-3.196903418219197192e+03
-3.023382295956990220e+03
-2.856377573606873739e+03
-2.695879041608693115e+03
-2.541855166155980442e+03
-2.394254024763696179e+03
-2.253005432685949017e+03
-2.118021936661914424e+03
-1.989200895252742384e+03
-1.866425485248278392e+03
-1.749566694592147087e+03
-1.638484302881254735e+03
-1.533028753624116462e+03
-1.433042077669150103e+03
-1.338359619739809659e+03
-1.248810881095135528e+03
-1.164221083245918635e+03
-1.084411913345850735e+03
-1.009202915411274034e+03
-9.384121285859415593e+02
-8.718573028199315331e+02
-8.093564260260645824e+02
-7.507287668450090905e+02
-6.957952916590646737e+02
-6.443795416637844937e+02
-5.963079446317744896e+02
-5.514105369734703572e+02
-5.095211780173427201e+02
-4.704781300840993481e+02
-4.341241849005077142e+02
-4.003071160055264954e+02
-3.688797278339106924e+02
-3.397001951504021804e+02
-3.126320454749495070e+02
-2.875443998853431253e+02
-2.643118990011308256e+02
-2.428148586255321675e+02
-2.229391486819263548e+02
-2.045762760182204261e+02
-1.876232247222320382e+02
-1.719824772093110425e+02
-1.575618234297407128e+02
-1.442743302851000351e+02
-1.320381265257634027e+02
-1.207763297070252548e+02
-1.104168131251151124e+02
-1.008920989610178509e+02
-9.213911340128549909e+01
-8.409905427212406437e+01
-7.671714044302967750e+01
-6.994246200640235145e+01
-6.372773002341304505e+01
-5.802911700237182657e+01
-5.280601286111746617e+01
-4.802086295577800712e+01
-4.363893567552791097e+01
-3.962816447447111301e+01
-3.595893171939864175e+01
-3.260392005748811783e+01
-2.953791602322601761e+01
-2.673767469075532688e+01
-2.418174520733566979e+01
-2.185035115636279812e+01
-1.972523877061003361e+01
-1.778957393188594693e+01
-1.602781249532451113e+01
-1.442561353488855858e+01
-1.296973012779880818e+01
-1.164793744581344903e+01
-1.044894160440297348e+01
-9.362320562613179575e+00
-8.378448267514865933e+00
-7.488446058978674991e+00
-6.684119305408221301e+00
-5.957917055292162090e+00
-5.302878586206722034e+00
-4.712599307126126291e+00
-4.181185025636818153e+00
-3.703222477556861847e+00
-3.273739557838609926e+00
-2.888179252755129767e+00
-2.542364522902051505e+00
-2.232474829330616473e+00
-1.955014865532274770e+00
-1.706793462289409202e+00
-1.484896203465514875e+00
-1.286667567708858595e+00
-1.109688747988098578e+00
-9.517648990550038324e-01
-8.109093668982956249e-01
-6.853354178486118498e-01
-5.734427098448255933e-01
-4.738060719032634038e-01
-3.851560322550510174e-01
-3.063604165449342887e-01
-2.364016087555791401e-01
-1.743584226043576879e-01
-1.193847137452734852e-01
-7.068017748611726825e-02
-2.743242561841630067e-02
1.123841858708896080e-02
4.612238313375199850e-02
7.760845284354067619e-02
1.057635407626006940e-01
1.306248739681923343e-01
1.523175484667198820e-01
1.710564450919418444e-01
1.871136610591085936e-01
2.007881157468440758e-01
2.123804547375053309e-01
2.221771889856918591e-01
2.304405443509136842e-01
2.374042368665030822e-01
2.432720929080192107e-01
2.482194322546171228e-01
2.523952043512267540e-01
2.559251062261173604e-01
2.589144540255587934e-01
2.614512822591725794e-01
2.636088600613922805e-01
2.654482102389483233e-01
2.670200011524863637e-01
2.683664349368705682e-01
2.695225590351111866e-01
2.705176386548455159e-01
2.713760145469457652e-01
2.721180990789171528e-01
2.727609035765903300e-01
2.733187758032493142e-01
2.738036933251611349e-01
2.742258304448879636e-01
2.745936863391792992e-01
2.749145438765741578e-01
2.751944791042487681e-01
2.754387553323697224e-01
2.756517444273046680e-01
2.758372863268724884e-01
2.759985413554297828e-01
2.761383365213251340e-01
2.762589603366499835e-01
2.763625115502640339e-01
2.764506426053661703e-01
2.765249229058743263e-01
2.765865332533481435e-01
2.766366536560750378e-01
2.766761082772324354e-01
2.767057867280175998e-01
2.767262368349044377e-01
2.767381280266421606e-01
2.767417873142058449e-01
2.767377136156113360e-01
2.767260505381358149e-01
2.767071611927411356e-01
2.766810295193854463e-01
2.766479062898065111e-01
2.766076286898734304e-01
2.765603498058739618e-01
2.765057638433413012e-01
2.764439334875427035e-01
2.763744053551365210e-01
2.762971523033939669e-01
2.762115603118434071e-01
2.761175062202417818e-01
2.760141930102269492e-01
2.759013877669050929e-01
2.757780769965685885e-01
2.756438950890904294e-01
2.754975644894925302e-01
2.753385519406788551e-01
2.751652495020504574e-01
2.749769048561603313e-01
2.747714876016869590e-01
2.745479515736742315e-01
2.743037154783636855e-01
2.740373304135761412e-01
2.737454832259196280e-01
2.734261624798303703e-01
2.730750646319231034e-01
2.726893783145011851e-01
2.722634341145607206e-01
2.717932625815775438e-01
2.712712728309787935e-01
2.706917873487799664e-01
2.700444546947862734e-01
2.693210280837641801e-01
2.685071005331022276e-01
2.675904792177039027e-01
2.665506583048065092e-01
2.653692517065214806e-01
2.640163628733061540e-01
2.624636755837814195e-01
2.606665161122104779e-01
2.585803545802870529e-01
2.561369221392267304e-01
2.532650125159425225e-01
2.498589374549313458e-01
2.458046092705321317e-01
2.409412861412243978e-01
2.350941191978103140e-01
2.280481647750394192e-01
2.195881560982249348e-01
2.096048629342305292e-01
1.980698956689763979e-01
1.856745488043263226e-01
1.678821144335198023e-01
1.308759144672283492e-01
9.353940048608305746e-02
8.636733946654295835e-02
