0.000000000000000000e+00
0.000000000000000000e+00
6.334895050530240856e+22
1.900740442866296459e+23
3.802296717291095169e+23
6.338974306338815324e+23
9.511861406306888424e+23
1.332231862542250759e+24
1.777197922006253078e+24
2.286274937924831075e+24
2.859680854692937865e+24
3.497660979006301111e+24
4.200488019844642860e+24
4.968462132658035734e+24
5.801910965991845969e+24
6.701189711806601934e+24
7.666681157361035320e+24
8.698795740141361708e+24
9.797971603331711985e+24
1.096467465353419031e+25
1.219939861785228911e+25
1.350266510226958992e+25
1.487502364804761462e+25
1.631705178829561495e+25
1.782935510103567079e+25
1.941256726113995162e+25
2.106735008704205493e+25
2.279439358482826217e+25
2.459441598517767847e+25
2.646816377597882412e+25
2.841641172564548735e+25
3.043996290018430587e+25
3.253964866857016755e+25
3.471632869970641724e+25
3.697089094504552503e+25
3.930425161036520260e+25
4.171735511028020695e+25
4.421117400920537791e+25
4.678670894182667350e+25
4.944498851702536297e+25
5.218706919776226547e+25
5.501403516109898492e+25
5.792699813029331036e+25
6.092709718337619149e+25
6.401549852955761382e+25
6.719339525810065120e+25
7.046200705039797359e+25
7.382257986012734201e+25
7.727638555158246269e+25
8.082472150130036511e+25
8.446891015241505417e+25
8.821029852712047373e+25
9.205025768597404151e+25
9.599018213969888502e+25
1.000314892014956093e+26
1.041756182858106660e+26
1.084240301408264188e+26
1.127782060209325122e+26
1.172396467856710238e+26
1.218098719317547057e+26
1.264904185438547149e+26
1.312828401711331528e+26
1.361887056143934181e+26
1.412095976312450797e+26
1.463471115433127094e+26
1.516028537533556795e+26
1.569784401554668798e+26
1.624754944467517050e+26
1.680956463227801940e+26
1.738405295658165641e+26
1.797117800072398421e+26
1.857110333738480442e+26
1.918399229985760454e+26
1.981000774061090571e+26
2.044931177530459381e+26
2.110206551340011140e+26
2.176842877324268334e+26
2.244855978286046028e+26
2.314261486427241369e+26
2.385074810267212890e+26
2.457311099819592145e+26
2.530985210178359040e+26
2.606111663275974949e+26
2.682704607980785989e+26
2.760777778288755482e+26
2.840344449795676030e+26
2.921417394197714313e+26
3.004008832028175002e+26
3.088130383371668016e+26
3.173793016788612390e+26
3.261006996185146667e+26
3.349781825890123752e+26
3.440126193668704864e+26
3.532047911967142326e+26
3.625553857113261010e+26
3.720649906804818067e+26
3.817340875605666468e+26
3.915630448824697063e+26
4.015521114493124425e+26
4.117014093863781677e+26
4.220109270143515936e+26
4.324805115937422050e+26
4.431098619111184219e+26
4.538985207612360142e+26
4.648458672950946120e+26
4.759511092950101452e+26
4.872132753459407336e+26
4.986312069720330315e+26
5.102035507065231858e+26
5.219287501727881489e+26
5.338050381431372407e+26
5.458304286630256146e+26
5.580027092050883337e+26
5.703194329517513381e+26
5.827779111677237068e+26
5.953752057735563061e+26
6.081081220772498055e+26
6.209732017890506405e+26
6.339667162704895442e+26
6.470846601585169586e+26
6.603227453077228308e+26
6.736763952093034140e+26
6.871407398189213241e+26
7.007106109724086311e+26
7.143805383070571450e+26
7.281447458907527100e+26
7.419971494577163850e+26
7.559313544801702316e+26
7.699406549498758446e+26
7.840180331306004752e+26
7.981561601233093007e+26
8.123473975427085885e+26
8.265838001057266906e+26
8.408571194751620530e+26
8.551588091071792935e+26
8.694800304982929550e+26
8.838116605169950139e+26
8.981443002738993238e+26
9.124682851412153211e+26
9.267736964216989043e+26
9.410503741783445449e+26
9.552879316137281237e+26
9.694757700532826429e+26
9.836030931027564551e+26
9.976589133093326061e+26
1.011632027212431131e+27
1.025510875106531474e+27
1.039282988940108136e+27
1.052933194035779299e+27
1.066439324803151664e+27
1.079767478025813122e+27
1.092873904619890714e+27
1.105714358916843237e+27
1.118252291828122731e+27
1.130461764559923676e+27
1.142327240428744558e+27
1.153842246276543859e+27
1.165007732478815730e+27
1.175830435101914578e+27
1.186321392488032837e+27
1.196494671955120447e+27
1.206366328710587396e+27
1.215953581254885058e+27
1.225274181491449653e+27
1.234345945581347910e+27
1.243186417133877686e+27
1.251812632532065921e+27
1.260240966213096629e+27
1.268487034672928844e+27
1.276565644848124151e+27
1.284490773492488231e+27
1.292275569207571141e+27
1.299932369178625995e+27
1.307472726154613582e+27
1.314907441116010041e+27
1.322246599461888196e+27
1.329499608164836587e+27
1.336675233003237110e+27
1.343781634467309809e+27
1.350826402125466731e+27
1.357816586691460799e+27
1.364758729916216620e+27
1.371658891901046227e+27
1.378522676108227702e+27
1.385355251860314914e+27
1.392161374658793819e+27
1.398945404218686969e+27
1.405711320555483122e+27
1.412462738077416973e+27
1.419202918002634398e+27
1.425934779084427281e+27
1.432660906938492905e+27
1.439383561971729728e+27
1.446104686179143119e+27
1.452825908817609296e+27
1.459548551197146513e+27
1.466273630604129772e+27
1.473001863573872835e+27
1.479733668530942395e+27
1.486469167994336676e+27
1.493208190368842209e+27
1.499950271502055271e+27
1.506694656030617329e+27
1.513440298679658010e+27
1.520185865540460326e+27
1.526929735476409488e+27
1.533670001682819203e+27
1.540404473537695064e+27
1.547130678768515454e+27
1.553845866059500717e+27
1.560547008122613186e+27
1.567230805344119927e+27
1.573893690026621577e+27
1.580531831325298801e+27
1.587141140893336876e+27
1.593717279321454410e+27
1.600255663379896602e+27
1.606751474133076246e+27
1.613199665926970502e+27
1.619594976303747380e+27
1.625931936833933289e+27
1.632204884903907488e+27
1.638407976437941566e+27
1.644535199575031725e+27
1.650580389267608067e+27
1.656537242804215181e+27
1.662399336210476294e+27
1.668160141511940399e+27
1.673813044800136920e+27
1.679351365067027376e+27
1.684768373736410532e+27
1.690057314839567963e+27
1.695211425751711411e+27
1.700223958419491541e+27
1.705088200985404291e+27
1.709797499723653400e+27
1.714345281184223329e+27
1.718725074445657333e+27
1.722930533366160139e+27
1.726955458721193099e+27
1.730793820111962458e+27
1.734439777522238438e+27
1.737887702403956085e+27
1.741132198159163060e+27
1.744168119894444232e+27
1.746990593304732887e+27
1.749595032554592195e+27
1.751977157000355776e+27
1.754133006605379679e+27
1.756058955881548831e+27
1.757751726200093667e+27
1.759208396379551478e+27
1.760426411557966533e+27
1.761403590818222014e+27
1.762138134640563922e+27
1.762628641003320755e+27
