4.771484905622640049e+00
4.771726572992052162e+00
4.772209852210092862e+00
4.772934625377467377e+00
4.773900725834915093e+00
4.775107917587550155e+00
4.776555922545799859e+00
4.778244386224226758e+00
4.780172918612938915e+00
4.782341046137926988e+00
4.784748266175177456e+00
4.787393985254688289e+00
4.790277587233568113e+00
4.793398357721041947e+00
4.796755565931065668e+00
4.800348375300818482e+00
4.804175939048311861e+00
4.808237296952020401e+00
4.812531484643849389e+00
4.817057416513778278e+00
4.821814008774074622e+00
4.826800048448848024e+00
4.832014330251996448e+00
4.837455511618922621e+00
4.843122263448228715e+00
4.849013111131141862e+00
4.855126599215968675e+00
4.861461118391321889e+00
4.868015084143904048e+00
4.874786749653752693e+00
4.881774398530660974e+00
4.888976143585982648e+00
4.896390133751594043e+00
4.904014338703522213e+00
4.911846770091977454e+00
4.919885252008940668e+00
4.928127656689924585e+00
4.936571660843007692e+00
4.945214996024449583e+00
4.954055190882863613e+00
4.963089836464835258e+00
4.972316314476914911e+00
4.981732077846506179e+00
4.991334365169791454e+00
5.001120496940052007e+00
5.011087576433378210e+00
5.021232802123141603e+00
5.031553155359670626e+00
5.042045729617178118e+00
5.052707405446974498e+00
5.063535197349662731e+00
5.074525916621674959e+00
5.085676536804945691e+00
5.096983845193879148e+00
5.108444827975182179e+00
5.120056311301521390e+00
5.131815367376096226e+00
5.143718946104756107e+00
5.155764303472505361e+00
5.167948624823664794e+00
5.180269476880986268e+00
5.192724423626923880e+00
5.205311503181149213e+00
5.218028837014176524e+00
5.230875132572129438e+00
5.243849286094008022e+00
5.256950911306001117e+00
5.270179935395829851e+00
5.283537153264180830e+00
5.297023815221443499e+00
5.310642205189570753e+00
5.324395217462800645e+00
5.338286955963441827e+00
5.352322296044782490e+00
5.366507500549303700e+00
5.380849761295009692e+00
5.395357826461645523e+00
5.410041515314073735e+00
5.424912350593314336e+00
5.439983039444484803e+00
5.455268104260776241e+00
5.470783322923550074e+00
5.486546352128229387e+00
5.502576121049825630e+00
5.518893442640928626e+00
5.535520356700643241e+00
5.552480726885605122e+00
5.569799531706798312e+00
5.587503447773270793e+00
5.605620090135859712e+00
5.624178585198222891e+00
5.643208764642223763e+00
5.662741734051933484e+00
5.682809026965115251e+00
5.703443177173268097e+00
5.724676840920795762e+00
5.746543381819302354e+00
5.769075969703952644e+00
5.792308187075875026e+00
5.816273112667753153e+00
5.841003957439568239e+00
5.866533139721434864e+00
5.892892957322614755e+00
5.920114659549279956e+00
5.948229160321229614e+00
5.977266110806005450e+00
6.007254656983613827e+00
6.038222515517574607e+00
6.070196778396399040e+00
6.103202994429566708e+00
6.137266023920236790e+00
6.172409129403320982e+00
6.208654885463015027e+00
6.246024285910260154e+00
6.284537719021093594e+00
6.324214105857980606e+00
6.365071961499647379e+00
6.407128593533968797e+00
6.450401289161902696e+00
6.494906629204951543e+00
6.540661876046146794e+00
6.587684505379002964e+00
6.635993931190651729e+00
6.685611436605728208e+00
6.736562470671977998e+00
6.788877277470604099e+00
6.842594128322983416e+00
6.897761067641099864e+00
6.954440505831732899e+00
7.012712412936625839e+00
7.072680295824498309e+00
7.134475189614158275e+00
7.198261099583810108e+00
7.264235787532735245e+00
7.332628683802012048e+00
7.403687965179027941e+00
7.477657701791182276e+00
7.554738582589952678e+00
7.635038801977040102e+00
7.718518431907886779e+00
7.804944884937737193e+00
7.893868468898449287e+00
7.984630663548434093e+00
8.076398762790278241e+00
8.168222065533875309e+00
8.259092790337707157e+00
8.348007507546924444e+00
8.434019584454144791e+00
8.516286438535230374e+00
8.594106490614931815e+00
8.666950767773569098e+00
8.734480840452295780e+00
8.796554699781708564e+00
8.853214470730916830e+00
8.904663576089744126e+00
8.951231493599463462e+00
8.993336770754538634e+00
9.031447459805663769e+00
9.066048885301047022e+00
9.097615189454419493e+00
9.126591588053939219e+00
9.153380763468311088e+00
9.178338499620608104e+00
9.201770744521081014e+00
9.223937107893789289e+00
9.245053025095698374e+00
9.265296267553100762e+00
9.284810392713758631e+00
9.303711515939598442e+00
9.322091216319403628e+00
9.340022470172700153e+00
9.357561438588385627e+00
9.374752351723682153e+00
9.391628191221846222e+00
9.408214674405723343e+00
9.424530042822862441e+00
9.440588385623719603e+00
9.456398766751796359e+00
9.471968107953083305e+00
9.487299846325147001e+00
9.502396547646554836e+00
9.517258233946252588e+00
9.531884848653424669e+00
9.546274348848831082e+00
9.560425104772786398e+00
9.574333817648064127e+00
9.587997908214481058e+00
9.601413297446255157e+00
9.614576820023298609e+00
9.627483889512737036e+00
9.640130960596430043e+00
9.652513090026570097e+00
9.664626463920010124e+00
9.676465859196303754e+00
9.688027247767429628e+00
9.699305158907018054e+00
9.710295369628894946e+00
9.720992165622890369e+00
9.731391125814973009e+00
9.741486277547403816e+00
9.751272982793382837e+00
9.760744981777481399e+00
9.769897388296651997e+00
9.778723614727745428e+00
9.787218484216593239e+00
9.795375028843100296e+00
9.803187726983864536e+00
9.810649165192343091e+00
9.817753409766236672e+00
9.824492521566332570e+00
9.830860071700872282e+00
9.836847496979535421e+00
9.842447770653549810e+00
9.847651584402370872e+00
9.852451186238695868e+00
9.856836372767103782e+00
9.860798507675154312e+00
9.864326305371154291e+00
9.867410044930988278e+00
9.870037122963227105e+00
9.872196479446119000e+00
9.873873893569875548e+00
9.875056639529899982e+00
9.875728493856328782e+00
9.875874640825642814e+00
9.875476352965009141e+00
9.874516167106511588e+00
9.872972190694868644e+00
9.870823570267411640e+00
9.868044363911890215e+00
9.864609323445327149e+00
9.860487256360530139e+00
9.855647140026754016e+00
9.850050872450250239e+00
9.843659729437673533e+00
9.836426369149268822e+00
9.828301628227533726e+00
9.819225596210999996e+00
9.809134720259161000e+00
9.797951699515381918e+00
9.785592830240956275e+00
9.771956400509115070e+00
9.756930187486863915e+00
9.740378054824475385e+00
9.722147694828876752e+00
9.702055735003844106e+00
9.679897163994162668e+00
9.655432901855942163e+00
9.628409949092647580e+00
9.598575139101770404e+00
9.565757429383259236e+00
9.530048385100593933e+00
9.492339775883609221e+00
9.455943694801231203e+00
9.426856239821388428e+00
9.410546280948180353e+00
