2.009673513105497689e-02
2.009656259531278355e-02
2.009663168435893432e-02
2.009658736823682901e-02
2.009662037120280020e-02
2.009659431886590131e-02
2.009661624349345921e-02
2.009659779142447533e-02
2.009661430680176331e-02
2.009660005355023982e-02
2.009661337497142819e-02
2.009660179857913898e-02
2.009661302436549501e-02
2.009660331252921539e-02
2.009661306880328180e-02
2.009660473768420941e-02
2.009661341643814714e-02
2.009660615551583929e-02
2.009661401955697979e-02
2.009660761866771672e-02
2.009661485386182722e-02
2.009660916518962726e-02
2.009661590890898797e-02
2.009661082561736700e-02
2.009661718335198355e-02
2.009661262684864225e-02
2.009661868247381022e-02
2.009661459447170673e-02
2.009662041691134826e-02
2.009661675430901573e-02
2.009662240205439820e-02
2.009661913355670348e-02
2.009662465786249408e-02
2.009662176172510861e-02
2.009662720896843169e-02
2.009662467149908593e-02
2.009663008500184311e-02
2.009662789959448803e-02
2.009663332110195322e-02
2.009663148766466234e-02
2.009663695860997024e-02
2.009663548329837512e-02
2.009664104594327538e-02
2.009663994114579966e-02
2.009664563966384598e-02
2.009664492420426551e-02
2.009665080575639973e-02
2.009665050529529928e-02
2.009665662113668816e-02
2.009665676875899143e-02
2.009666317540620417e-02
2.009666381238828237e-02
2.009667057286862457e-02
2.009667174961660141e-02
2.009667893480948653e-02
2.009668071195530592e-02
2.009668840202466500e-02
2.009669085165649571e-02
2.009669913755407489e-02
2.009670234454080662e-02
2.009671132953716466e-02
2.009671539287960496e-02
2.009672519404820390e-02
2.009673022815772203e-02
2.009674097769609258e-02
2.009674711345582621e-02
2.009675895967805159e-02
2.009676634508889004e-02
2.009677945286530987e-02
2.009678825301813854e-02
2.009680280337494684e-02
2.009681319942713262e-02
2.009682938795659402e-02
2.009684157473545785e-02
2.009685960841728347e-02
2.009687379023178400e-02
2.009689388224189521e-02
2.009691026648041667e-02
2.009693262858025520e-02
2.009695141671746788e-02
2.009697624889594803e-02
2.009699762464556283e-02
2.009702510183836166e-02
2.009704921638394426e-02
2.009707947233035918e-02
2.009710642684225945e-02
2.009713953545377851e-02
2.009716936144428923e-02
2.009720531642672503e-02
2.009723795487688980e-02
2.009727664872801300e-02
2.009731192928804200e-02
2.009735313313387728e-02
2.009739075499222816e-02
2.009743410095721217e-02
2.009747361713343228e-02
2.009751858501018784e-02
2.009755939179197481e-02
2.009760530163035019e-02
2.009764663461388601e-02
2.009769264646465992e-02
2.009773358414401745e-02
2.009777870554774193e-02
2.009781818062172931e-02
2.009786128151980211e-02
2.009789809902218227e-02
2.009793793253794592e-02
2.009797079247727103e-02
2.009800601836403411e-02
2.009803353861705499e-02
2.009806274384889901e-02
2.009808347622926705e-02
2.009810518372057153e-02
2.009811761175350764e-02
2.009813026258566726e-02
2.009813276228356038e-02
2.009813464740278777e-02
2.009812538003485916e-02
2.009811448132581280e-02
2.009809116633226589e-02
2.009806484024628803e-02
2.009802432291213359e-02
2.009797871925084189e-02
2.009791620165829462e-02
2.009784526383140424e-02
2.009775303401983848e-02
2.009764693314258777e-02
2.009751252476921213e-02
2.009735566127301976e-02
2.009715999610972581e-02
2.009692989824429787e-02
2.009664805073474447e-02
2.009631978987591605e-02
2.009593154425043382e-02
2.009549717584974138e-02
2.009501675159219847e-02
2.009452159494290457e-02
2.009402361738354958e-02
2.009353365681348924e-02
2.009292917120397703e-02
2.009171140869614458e-02
2.008796413159608107e-02
2.007485235910466681e-02
2.002775657004834953e-02
1.985786754654378372e-02
1.924668462510270572e-02
1.710473397217571190e-02
1.031643324924030880e-02
-6.249635796571006985e-03
-3.314368431205635956e-02
-6.391043513634567241e-02
-9.342068889040816559e-02
-1.199340429036208910e-01
-1.431587617974441617e-01
-1.632378675121884948e-01
-1.804464744301119139e-01
-1.951019279624380820e-01
-2.075259503201473121e-01
-2.180254870667514000e-01
-2.268815977807038531e-01
-2.343447314464560671e-01
-2.406333762048410430e-01
-2.459353941802521482e-01
-2.504104623748151237e-01
-2.541932556752436456e-01
-2.573966901063110546e-01
-2.601150710770848140e-01
-2.624269717071645580e-01
-2.643977424773627516e-01
-2.660817382033099920e-01
-2.675241326912877748e-01
-2.687625437715729371e-01
-2.698282739191088520e-01
-2.707474715041385260e-01
-2.715419441241471166e-01
-2.722299910273422441e-01
-2.728269124322603156e-01
-2.733456196546092953e-01
-2.737969314291054390e-01
-2.741900389900426283e-01
-2.745326524991557604e-01
-2.748313750586466320e-01
-2.750917414029064312e-01
-2.753185381211886162e-01
-2.755157619817615866e-01
-2.756869122655064008e-01
-2.758348859155361210e-01
-2.759622603853975065e-01
-2.760711358410749550e-01
-2.761634221248259746e-01
-2.762406334111278117e-01
-2.763041899244051414e-01
-2.763551670093576385e-01
-2.763946205370358400e-01
-2.764232897731176974e-01
-2.764419545828549207e-01
-2.764510894120546514e-01
-2.764512602193740509e-01
-2.764427250750827736e-01
-2.764258790683104539e-01
-2.764007952956563652e-01
-2.763677267386056569e-01
-2.763265796127147289e-01
-2.762774823636540145e-01
-2.762201813492979330e-01
-2.761546886784597699e-01
-2.760805878734153285e-01
-2.759977743253697047e-01
-2.759056557884891903e-01
-2.758040018379722125e-01
-2.756920206009955132e-01
-2.755693369041765650e-01
-2.754349223219550447e-01
-2.752882258650728442e-01
-2.751279289128063521e-01
-2.749532575571628223e-01
-2.747625268516821762e-01
-2.745546705965173362e-01
-2.743275299708636816e-01
-2.740796450239097459e-01
-2.738082302680677760e-01
-2.735112829408383184e-01
-2.731851711893099610e-01
-2.728271279102241764e-01
-2.724323537076338009e-01
-2.719969824912537582e-01
-2.715145682027029772e-01
-2.709796299361167393e-01
-2.703833432008792559e-01
-2.697177980817105913e-01
-2.689706434905019261e-01
-2.681302197479867311e-01
-2.671787917183715000e-01
-2.660987394127722894e-01
-2.648638327184246188e-01
-2.634466569437963757e-01
-2.618070675835799110e-01
-2.599009267765033382e-01
-2.576643033887025536e-01
-2.550232187104859438e-01
-2.518710387510408322e-01
-2.480777538452204611e-01
-2.434556761508689382e-01
-2.377632803654131100e-01
-2.306492182729987794e-01
-2.216352941709695545e-01
-2.100182071433436271e-01
-1.947849241690866318e-01
-1.744420339647660689e-01
-1.467318099107405849e-01
-1.085532885494177868e-01
-5.565410797273925847e-02
8.244831141774322525e-03
5.342332599409371774e-02
7.329551939809775263e-02
9.434561676576430633e-02
