1.453499741088506880e+00
1.453521246733991967e+00
1.453564217715122675e+00
1.453628559146368016e+00
1.453714149851859760e+00
1.453820799561911237e+00
1.453948305491812976e+00
1.454096380983020520e+00
1.454264740391507882e+00
1.454452999143960534e+00
1.454660786959919516e+00
1.454887619281328703e+00
1.455133038860587646e+00
1.455396458509705671e+00
1.455677331094331839e+00
1.455974963536331046e+00
1.456288715261823574e+00
1.456617783378349573e+00
1.456961429632885219e+00
1.457318736671810999e+00
1.457688863572733196e+00
1.458070773082394744e+00
1.458463515794024667e+00
1.458865928244899024e+00
1.459276945819011573e+00
1.459695271572371666e+00
1.460119717949138751e+00
1.460548846189043681e+00
1.460981336953885990e+00
1.461415600157880856e+00
1.461850174610883624e+00
1.462283308099342038e+00
1.462713386163187579e+00
1.463138482242652971e+00
1.463556815718076942e+00
1.463966271926821605e+00
1.464364889609872433e+00
1.464750350594135719e+00
1.465120496807726935e+00
1.465472789417055166e+00
1.465804855594976308e+00
1.466113916900372294e+00
1.466397366011450210e+00
1.466652164139297332e+00
1.466875447973588154e+00
1.467063895932154916e+00
1.467214365609719628e+00
1.467323228683789171e+00
1.467387039209657518e+00
1.467401837029332912e+00
1.467363847317919801e+00
1.467268752376247098e+00
1.467112422903410485e+00
1.466890158092721386e+00
1.466597449179015911e+00
1.466229187796379119e+00
1.465780462420161356e+00
1.465245734975006986e+00
1.464619670850154431e+00
1.463896283755337535e+00
1.463069800019504818e+00
1.462133771664329007e+00
1.461081975683933498e+00
1.459907495222874552e+00
1.458603654459986521e+00
1.457163067622964103e+00
1.455578609948199986e+00
1.453842434026963559e+00
1.451946977080252887e+00
1.449883943814027853e+00
1.447645349945045457e+00
1.445222470367695466e+00
1.442606918528113846e+00
1.439789558320700769e+00
1.436761618595187251e+00
1.433513566881353007e+00
1.430036258111207159e+00
1.426319768108013086e+00
1.422354575608424376e+00
1.418130353539544641e+00
1.413637183716705215e+00
1.408864304337142270e+00
1.403801357350977774e+00
1.398437091336218296e+00
1.392760642470414867e+00
1.386760192957805948e+00
1.380424287665310334e+00
1.373740449410406628e+00
1.366696534494929782e+00
1.359279307236706869e+00
1.351475838629347725e+00
1.343272043304626795e+00
1.334654126172476030e+00
1.325607085371948379e+00
1.316116211881219078e+00
1.306165561885718862e+00
1.295739513986279512e+00
1.284821213842644694e+00
1.273394192872466357e+00
1.261440787203911285e+00
1.248943820890864309e+00
1.235885000420472446e+00
1.222246664801248661e+00
1.208010156484214503e+00
1.193157640603726311e+00
1.177670453608081536e+00
1.161530994909192094e+00
1.144721056296163608e+00
1.127223791876833525e+00
1.109022035186278954e+00
1.090100358482317233e+00
1.070443391523785426e+00
1.050037990546837552e+00
1.028871585025190161e+00
1.006934492760063637e+00
9.842183422639081414e-01
9.607185983457245948e-01
9.364331447884057802e-01
9.113651335204698833e-01
8.855218767193285823e-01
8.589182172932205983e-01
8.315759905451131084e-01
8.035282573181523613e-01
7.748197788458301982e-01
7.455126817559855068e-01
7.156886617157148800e-01
6.854569506456558159e-01
6.549592535609282118e-01
6.243810695479359296e-01
5.939602550113768364e-01
5.640020148014357471e-01
5.348900896021520079e-01
5.071019051991387805e-01
4.812147094542830184e-01
4.579072057448131394e-01
4.379398706440448263e-01
4.221166932866931565e-01
4.112141975702805485e-01
4.058916662051612056e-01
4.065875412398348709e-01
4.134375123589961176e-01
4.262297869844635101e-01
4.444223915351551146e-01
4.672063098433185679e-01
4.936035780313467458e-01
5.225617718827995084e-01
5.530309554433712194e-01
5.839891424766116002e-01
6.144220904839404751e-01
6.433575956236171622e-01
6.700530915287301603e-01
6.940792723053081925e-01
7.152428929507967936e-01
7.335101445878670079e-01
7.489640310372109866e-01
7.617704222713406192e-01
7.721517242138369319e-01
7.803599465537801594e-01
7.866584668354305032e-01
7.913039770237981774e-01
7.945381779762531460e-01
7.965785825570179668e-01
7.976181011271998855e-01
7.978216331878587031e-01
7.973300602556071537e-01
7.962594122700553667e-01
7.947065446891203866e-01
7.927488213483832036e-01
7.904500006026702330e-01
7.878594854857903229e-01
7.850178480300284978e-01
7.819553649978289167e-01
7.786970797074210804e-01
7.752606437390914262e-01
7.716610011856683826e-01
7.679076540323176436e-01
7.640090982144907006e-01
7.599696370012469782e-01
7.557936869874102292e-01
7.514822397236893270e-01
7.470371293855592176e-01
7.424572140422336375e-01
7.377426712453944990e-01
7.328909457675765182e-01
7.279011194717834865e-01
7.227696539397187037e-01
7.174948670016034757e-01
7.120724857053977175e-01
7.065002526933727989e-01
7.007732960961891022e-01
6.948888832403680160e-01
6.888416080291247523e-01
6.826283061662219431e-01
6.762430564276264988e-01
6.696822698926548911e-01
6.629394985138442609e-01
6.560107102083798658e-01
6.488888958156816544e-01
6.415695419646439968e-01
6.340450255450911232e-01
6.263102968077765009e-01
6.183570486483775941e-01
6.101796232860585700e-01
6.017689418146869862e-01
5.931186489697934938e-01
5.842187864271326525e-01
5.750621915726642497e-01
5.656378958267185286e-01
5.559377949679491504e-01
5.459497512392490481e-01
5.356645546490499399e-01
5.250687046718174322e-01
5.141516840732387461e-01
5.028983925321177662e-01
4.912967569277751911e-01
4.793297850295200613e-01
4.669835388614990146e-01
4.542387715301096085e-01
4.410792932522267229e-01
4.274831481520854903e-01
4.134314057915886020e-01
3.988988270002203906e-01
3.838631172332027663e-01
3.682950206942391946e-01
3.521680754552214410e-01
3.354480625848400566e-01
3.181033064707435298e-01
3.000933893878273695e-01
2.813800434782970927e-01
2.619150198152253028e-01
2.416516203876832858e-01
2.205315824294848681e-01
1.984972986501933878e-01
1.754775403081191287e-01
1.514004110261608360e-01
1.261776844086737737e-01
9.971853199495581133e-02
7.191219649996795360e-02
4.264253677846908952e-02
1.176871856860613880e-02
-2.085933069734625250e-02
-5.542246211256182664e-02
-9.211559132649288495e-02
-1.311711861831340864e-01
-1.728398712466331366e-01
-2.174132372263281321e-01
-2.651960440985025591e-01
-3.165161919277387215e-01
-3.716652584975919105e-01
-4.308431414579733110e-01
-4.939592270659273199e-01
-5.601548372564789657e-01
-6.256790545741062193e-01
-6.776777495117749517e-01
-7.080954576767271025e-01
-7.228415071262560554e-01
