3.219955395198703219e+00
3.220563475035374879e+00
3.221778985155006936e+00
3.223600619881958451e+00
3.226026435356060595e+00
3.229053829807154941e+00
3.232679579429025285e+00
3.236899805434083177e+00
3.241710027861807841e+00
3.247105119308580257e+00
3.253079376667029177e+00
3.259626461382839402e+00
3.266739489119472317e+00
3.274410956349786517e+00
3.282632847938552700e+00
3.291396549832293683e+00
3.300692974550360148e+00
3.310512459691902443e+00
3.320844911325839810e+00
3.331679687989930194e+00
3.343005761971540757e+00
3.354811588431068969e+00
3.367085284569861781e+00
3.379814483469421482e+00
3.392986531150893104e+00
3.406588324683019753e+00
3.420606527149957721e+00
3.435027389545138643e+00
3.449836983681315861e+00
3.465021007354341265e+00
3.480565035251520722e+00
3.496454306838798320e+00
3.512673995350779066e+00
3.529208977826578053e+00
3.546044122297255186e+00
3.563164039369119074e+00
3.580553387761777451e+00
3.598196606812389398e+00
3.616078240559846613e+00
3.634182650518771762e+00
3.652494358552403231e+00
3.670997739240248414e+00
3.689677381833956993e+00
3.708517761516768374e+00
3.727503620793036987e+00
3.746619618910085325e+00
3.765850733093039526e+00
3.785181885369730992e+00
3.804598364128246590e+00
3.824085427552085026e+00
3.843628746048479261e+00
3.863213981463204938e+00
3.882827251003561742e+00
3.902454681358825006e+00
3.922082894823101018e+00
3.941698537397234858e+00
3.961288787903896047e+00
3.980840859088284223e+00
4.000342530611280978e+00
4.019781622097693408e+00
4.039146550993725882e+00
4.058425776430629739e+00
4.077608383040651319e+00
4.096683494408226878e+00
4.115640884054680981e+00
4.134470357135147545e+00
4.153162389927356202e+00
4.171707478295996196e+00
4.190096807155708092e+00
4.208321564060049980e+00
4.226373640253746622e+00
4.244244907543444079e+00
4.261927952709466005e+00
4.279415315569940148e+00
4.296700258687296881e+00
4.313775964231952642e+00
4.330636341091705255e+00
4.347275177756118048e+00
4.363686989113891634e+00
4.379866122085879887e+00
4.395807644569609707e+00
4.411506399906249598e+00
4.426957940591031537e+00
4.442157526806991719e+00
4.457101107646356475e+00
4.471784257790247352e+00
4.486203209047937790e+00
4.500353717662808783e+00
4.514232148916921261e+00
4.527834265255745727e+00
4.541156366407354206e+00
4.554193985094114439e+00
4.566943084313569656e+00
4.579398641954012028e+00
4.591555904952595135e+00
4.603408834777572345e+00
4.614951413663373359e+00
4.626175905623499673e+00
4.637074199861859647e+00
4.647635809129434747e+00
4.657849219567240517e+00
4.667699510674442998e+00
4.677169786743720969e+00
4.686238868554576165e+00
4.694885979769802375e+00
4.703100113871192534e+00
4.710905022978687740e+00
4.718344166264830442e+00
4.725444049458494611e+00
4.732215577157386832e+00
4.738673568941173642e+00
4.744843143828559207e+00
4.750762163441654806e+00
4.756472530353340389e+00
4.762013019745634956e+00
4.767411219392780453e+00
4.772685804543296939e+00
4.777846607733371442e+00
4.782900294020071108e+00
4.787849427665401336e+00
4.792696888291769319e+00
4.797443120361949198e+00
4.802090173257894890e+00
4.806637895780657033e+00
4.811088360931266905e+00
4.815441173531796792e+00
4.819698709704755224e+00
4.823860331695253301e+00
4.827928897145313591e+00
4.831903363970649679e+00
4.835787345568346218e+00
4.839579028648654635e+00
4.843283510139742454e+00
4.846897710673496285e+00
4.850433903211515130e+00
4.853916910286939945e+00
4.857561178273850366e+00
4.861635454980422821e+00
4.866120334122730817e+00
4.870875804521912045e+00
4.875774941533200568e+00
4.880721687420061627e+00
4.885646275885052070e+00
4.890504929312854188e+00
4.895268544644053144e+00
4.899922032734952637e+00
4.904455679358040499e+00
4.908866562351173357e+00
4.913152729229254945e+00
4.917315767670744187e+00
4.921356595158611569e+00
4.925278326737940304e+00
4.929082907054291418e+00
4.932773895422023713e+00
4.936353582092239733e+00
4.939825577186588212e+00
4.943192253022840710e+00
4.946457124012364481e+00
4.949622536626322677e+00
4.952691856149059824e+00
4.955667357663225303e+00
4.958552240934317012e+00
4.961348690579516330e+00
4.964059739332030929e+00
4.966687473828906185e+00
4.969234764006173144e+00
4.971703596192257102e+00
4.974096683778406636e+00
4.976415912910651329e+00
4.978663847245103469e+00
4.980842274150440119e+00
4.982953614379624696e+00
4.984999558680580201e+00
4.986982391578630214e+00
4.988903709847506640e+00
4.990765668252270082e+00
4.992569772577937215e+00
4.994318054077807822e+00
4.996011930770915654e+00
4.997653316428640302e+00
4.999243544687990592e+00
5.000784417651433778e+00
5.002277188058926072e+00
5.003723551941500425e+00
5.005124684679191915e+00
5.006482181614188676e+00
5.007797144315957460e+00
5.009071072605887132e+00
5.010304997771815039e+00
5.011500329068320880e+00
5.012658030983578428e+00
5.013779426946187279e+00
5.014865418058278124e+00
5.015917246451634171e+00
5.016935753170540302e+00
5.017922103369646614e+00
5.018877081264880857e+00
5.019801779146813026e+00
5.020696927523620623e+00
5.021563549731757448e+00
5.022402325575898274e+00
5.023214213149448604e+00
5.023999844436211504e+00
5.024760115803443838e+00
5.025495614171774150e+00
5.026207177510225499e+00
5.026895350307261090e+00
5.027560915278178832e+00
5.028204376983134161e+00
5.028826465850671390e+00
5.029427648889933877e+00
5.030008607038175761e+00
5.030569772005740070e+00
5.031111777868686907e+00
5.031635023167749132e+00
5.032140097588690963e+00
5.032627368511379373e+00
5.033097383549099746e+00
5.033550480812061245e+00
5.033987168011743840e+00
5.034407755765508696e+00
5.034812713912331539e+00
5.035202327242357612e+00
5.035577029615515343e+00
5.035937081552419592e+00
5.036282882696784036e+00
5.036614670752599388e+00
5.036932812784463920e+00
5.037237525030923813e+00
5.037529143493358674e+00
5.037807864197183960e+00
5.038073993479402546e+00
5.038327708308408148e+00
5.038569286642393230e+00
5.038798887455036457e+00
5.039016761501383890e+00
5.039223050731089337e+00
5.039417979764807320e+00
5.039601674409129650e+00
5.039774334114794918e+00
5.039936069338255997e+00
5.040087055222790546e+00
5.040227387580983098e+00
5.040357218011035201e+00
5.040476628302487327e+00
5.040585747172407594e+00
5.040684642923635828e+00
5.040773421958947509e+00
5.040852139547152611e+00
5.040920880247571567e+00
5.040979686664583070e+00
5.041028621889758199e+00
5.041067716150063660e+00
5.041097011350548662e+00
5.041116525545543681e+00
5.041126279640803176e+00
