0.000000000000000000e+00
0.000000000000000000e+00
8.935223669385171874e+00
2.683264302846910709e+01
5.374633331076356058e+01
8.975773619666426839e+01
1.349760568595465315e+02
1.895387973958427210e+02
2.536124302416192791e+02
3.273932159563770483e+02
4.111081709282336760e+02
5.050161913360134349e+02
6.094093410620907889e+02
7.246143120581316452e+02
8.509940672590856821e+02
9.889496770017982499e+02
1.138922361791750063e+03
1.301395755202729788e+03
1.476898402947518662e+03
1.666006515209452118e+03
1.869346992032337766e+03
2.087600742763124799e+03
2.321506323811350285e+03
2.571863920372396933e+03
2.839539701726428120e+03
3.125470581341642173e+03
3.430669417835879813e+03
3.756230694759052312e+03
4.103336723050225373e+03
4.473264412293675377e+03
4.867392664110803707e+03
5.287210443746080273e+03
5.734325594757855470e+03
6.210474465004623198e+03
6.717532423013859443e+03
7.257525347791940476e+03
7.832642188582342897e+03
8.445248695910846436e+03
9.097902441899315818e+03
9.793369253735301754e+03
1.053464120483708029e+04
1.132495631550506369e+04
1.216782014055350010e+04
1.306702943035934186e+04
1.402669808385622309e+04
1.505128562307815082e+04
1.614562845905920040e+04
1.731497423268414786e+04
1.856501956462243106e+04
1.990195156573413624e+04
2.133249352311151961e+04
2.286395519863633672e+04
2.450428825774599682e+04
2.626214737360148865e+04
2.814695765471006962e+04
3.016898907911744391e+04
3.233943874984411377e+04
3.467052183127721946e+04
3.717557219539240032e+04
3.986915386501339526e+04
4.276718456008920475e+04
4.588707272922853736e+04
4.924786973345133447e+04
5.287043894985000225e+04
5.677764393597476737e+04
6.099455793033991358e+04
6.554869745717431942e+04
7.047028298561583506e+04
7.579253024972294224e+04
8.155197608544112882e+04
8.778884352267255599e+04
9.454745121840451611e+04
1.018766735147464497e+05
1.098304578979538346e+05
1.184684082801703626e+05
1.278564432343818771e+05
1.380675406026254932e+05
1.491825809367481852e+05
1.612913054610363615e+05
1.744934057985518302e+05
1.888997673296014545e+05
2.046338904138558137e+05
2.218335204441008973e+05
2.406525213632595260e+05
2.612630372578242968e+05
2.838579924229883472e+05
3.086539953620787710e+05
3.358947214700256009e+05
3.658548723558000056e+05
3.988448249534123461e+05
4.352161201237547211e+05
4.753679658560935059e+05
5.197549893289412139e+05
5.688965157997920178e+05
6.233877513436097652e+05
6.839133246310509276e+05
7.512638162686441792e+05
8.263560509954047156e+05
9.102582470574867912e+05
1.004221401308570988e+06
1.109718874714138918e+06
1.228496534398769960e+06
1.362636011686119949e+06
1.514629376822070219e+06
1.687438320941259386e+06
1.884385336599309230e+06
2.108394955917401705e+06
2.360688502529094927e+06
2.641358298872362357e+06
2.951632836204689927e+06
3.294511970474383794e+06
3.674128085644936189e+06
4.095442861911408603e+06
4.564255826984656043e+06
5.087323840415841900e+06
5.672532378821262158e+06
6.329110487443096936e+06
7.067893070062066428e+06
7.901637628723862581e+06
8.845404228480931371e+06
9.917009144196739420e+06
1.113756195831479505e+07
1.253209388850162178e+07
1.413027727268790640e+07
1.596722247616400570e+07
1.808430898359661549e+07
2.052995914505939186e+07
2.336017645349405333e+07
2.663854219359460101e+07
3.043517633774823695e+07
3.482396573689317703e+07
3.987722481953438371e+07
4.565715495103941113e+07
5.220431217088685930e+07
5.952506301885682344e+07
6.758205625112558901e+07
7.629254805734892190e+07
8.553667624108424783e+07
9.517399568725976348e+07
1.050643269319826961e+08
1.150858565492640883e+08
1.251454410135402828e+08
1.351820562743833959e+08
1.451663122558254004e+08
1.550983412746106386e+08
1.650052511365138888e+08
1.749382986983121932e+08
1.849693961018281281e+08
1.951866058930240870e+08
2.056887449616922140e+08
2.165797812597885728e+08
2.279639597666344345e+08
2.399423896635598540e+08
2.526113240925217867e+08
2.660619000129134655e+08
2.803808687997301221e+08
2.956518429955703616e+08
3.119567007002285719e+08
3.293769297610787749e+08
3.479948062397823930e+08
3.678943742692325711e+08
3.891622343150813580e+08
4.118881641129164696e+08
4.361656019982930422e+08
4.620920201856582165e+08
4.897692120444574952e+08
5.193035115903731585e+08
5.508059596401040554e+08
5.843924259679991007e+08
6.201836946523616314e+08
6.583055159890922308e+08
6.988886277316027880e+08
7.420687455496989489e+08
7.879865230629462004e+08
8.367874794544774294e+08
8.886218938362227678e+08
9.436446634041695595e+08
1.002015124049038768e+09
1.063896830003529668e+09
1.129457291063709974e+09
1.198867663807087183e+09
1.272302395449437857e+09
1.349938816810087919e+09
1.431956683305069685e+09
1.518537660659200907e+09
1.609864754688814163e+09
1.706121682237992048e+09
1.807492183206829548e+09
1.914159271322689533e+09
2.026304424338163853e+09
2.144106712057952166e+09
2.267741863783197403e+09
2.397381274512506485e+09
2.533190952547999859e+09
2.675330408963344097e+09
2.823951492784227848e+09
2.979197173622215271e+09
3.141200276933315754e+09
3.310082175068110943e+09
3.485951440689806461e+09
3.668902467257106304e+09
3.859014064592524052e+09
4.056348035817422867e+09
4.260947745100008011e+09
4.472836684075263023e+09
4.692017047721582413e+09
4.918468329052159309e+09
5.152145944579814911e+09
5.392979901252576828e+09
5.640873517745229721e+09
5.895702211896661758e+09
6.157312367771222115e+09
6.425520294891318321e+09
6.700111293295134544e+09
6.980838837304023743e+09
7.267423891334706306e+09
7.559554370481935501e+09
7.856884758329899788e+09
8.159035894001228333e+09
8.465594939422901154e+09
8.776115537501424789e+09
9.090118170086179733e+09
9.407090724482585907e+09
9.726489274682580948e+09
1.004773908354506302e+10
1.037023582881467628e+10
1.069334705613694763e+10
1.101641385819031906e+10
1.133875277955827332e+10
1.165965794232378006e+10
1.197840338813495827e+10
1.229424562736529922e+10
1.260642638705784798e+10
1.291417554387599182e+10
1.321671422968529129e+10
1.351325809174718094e+10
1.380302069127677345e+10
1.408521701847374535e+10
1.435906710430443764e+10
1.462379970385572243e+10
1.487865602866214371e+10
1.512289350031932259e+10
1.535578950069173431e+10
1.557664508947298241e+10
1.578478866324711800e+10
1.597957952634195328e+10
1.616041134750799370e+10
1.632671547341759109e+10
1.647796407400471306e+10
1.661367309254121590e+10
1.673340497755863953e+10
1.683677117257076836e+10
1.692343434383640862e+10
1.699311032623238945e+10
1.704556977152845383e+10
1.708063948413973045e+10
