4.600386408798507465e-01
4.592635536547138853e-01
4.577171274552847557e-01
4.554068408807208090e-01
4.523438211318377977e-01
4.485427913294637303e-01
4.440219100705844468e-01
4.388026869827831855e-01
4.329097495222576919e-01
4.263707315863534686e-01
4.192159760731881679e-01
4.114784028907073621e-01
4.031931579406061728e-01
3.943974680021153922e-01
3.851302484077863686e-01
3.754319529821661949e-01
3.653441536781855126e-01
3.549093939846656998e-01
3.441707541610201093e-01
3.331717162934602627e-01
3.219557285122635060e-01
3.105660892049801336e-01
2.990455227703331387e-01
2.874360894444062953e-01
2.757787838144644121e-01
2.641134753595382745e-01
2.524785392166456477e-01
2.409108309732712616e-01
2.294453571641872636e-01
2.181152861809604326e-01
2.069516638039376744e-01
1.959834604136632130e-01
1.852373346530067078e-01
1.747377155317604569e-01
1.645066151824425282e-01
1.545637430243458066e-01
1.449263666228294556e-01
1.356094538876402023e-01
1.266255793488737791e-01
1.179850894521136256e-01
1.096960501811972827e-01
1.017644299042715084e-01
9.419408323684870521e-02
8.698694559274666727e-02
8.014304749994653754e-02
7.366071500468575339e-02
6.753660831586950908e-02
6.176592246986598034e-02
5.634244415723215632e-02
5.125874753922309013e-02
4.650626336001388583e-02
4.207546546562780654e-02
3.795594677240134857e-02
3.413659282603100087e-02
3.060565982511760305e-02
2.735093244029796269e-02
2.435979985790056798e-02
2.161939621812773021e-02
1.911667219693594794e-02
1.683852094209545638e-02
1.477185791115054152e-02
1.290379885261120838e-02
1.122200319093667222e-02
9.715585882926420017e-03
8.375850811119460448e-03
7.194754638248726693e-03
6.162583480907244705e-03
5.267517436267089501e-03
4.496334918067842502e-03
3.835301058475884452e-03
3.270905455916811415e-03
2.790394801703253557e-03
2.382091625549261071e-03
2.035550909878547192e-03
1.741589130553524139e-03
1.492238307948948791e-03
1.280650231454454925e-03
1.100982145837397412e-03
9.482737121652558233e-04
8.183300122721027473e-04
7.076115463073883501e-04
6.131372973050252520e-04
5.323984050252254970e-04
4.632846943095120153e-04
4.040209070118166708e-04
3.531133824668902495e-04
3.093043621967181932e-04
2.715341396413108090e-04
2.389088118171898848e-04
2.106737009372198946e-04
1.861907558797668504e-04
1.649199748794931831e-04
1.464036061241059852e-04
1.302531751742916181e-04
1.161384335166246217e-04
1.037782880030542476e-04
9.293305297054338344e-05
8.339809067556632925e-05
7.499836088906593472e-05
6.758394560046051614e-05
6.102619875279567647e-05
5.521458314197597467e-05
5.005393766447753995e-05
4.546223068662232401e-05
4.136861055087791592e-05
3.771180128912198062e-05
3.443870441688045539e-05
3.150324658510823481e-05
2.886537117933144099e-05
2.649020512930913690e-05
2.434732743909982699e-05
2.241016202254492409e-05
2.065544387521321478e-05
1.906277212937352867e-05
1.761421826635079175e-05
1.629399374741765887e-05
1.508816642837524195e-05
1.398442723867632385e-05
1.297194310368974954e-05
1.204131670763723131e-05
1.118463057889291608e-05
1.039529313968695560e-05
9.667653331769710700e-06
8.996676127086042550e-06
8.377769819165771509e-06
7.806724930610812985e-06
7.279671663378564608e-06
6.793060821328995527e-06
6.343630917256460346e-06
5.928400280327994898e-06
5.544715963490474457e-06
5.190648800721686368e-06
4.865077422507007516e-06
4.566668964353673005e-06
4.293621434790020321e-06
4.043895885331582637e-06
3.815411253989618221e-06
3.606175006606216456e-06
3.414338384059917814e-06
3.238220960705462385e-06
3.076307371711386803e-06
2.927240253595303560e-06
2.789804348171093088e-06
2.662914123658189110e-06
2.545598045879247549e-06
2.436987344957084087e-06
2.336302998141620572e-06
2.242846732806826040e-06
2.155990743917306367e-06
2.075170748825531261e-06
1.999877954958804425e-06
1.929653755636925141e-06
1.864083450607544302e-06
1.802792201894125969e-06
1.745440099987176381e-06
1.691719076022769510e-06
1.641349000194508559e-06
1.594075318779322987e-06
1.549665947567251394e-06
1.507909459517245438e-06
1.468612594013277195e-06
1.431598864229205941e-06
1.396706546367865491e-06
1.363787608113814669e-06
1.332706074332081146e-06
1.303337202043172989e-06
1.275566143234272602e-06
1.249287309748244412e-06
1.224403272034767410e-06
1.200824270800223954e-06
1.178467304263372829e-06
1.157255753536888896e-06
1.137118621393580193e-06
1.117990245999241389e-06
1.099809662175620149e-06
1.082520383908489788e-06
1.066069865225609876e-06
1.050409336326541492e-06
1.035493345931455001e-06
1.021279639262647352e-06
1.007728767399619728e-06
9.948039979413352241e-07
9.824709797754281568e-07
9.706976792542788951e-07
9.594540910403427986e-07
9.487121941799985190e-07
9.384457014645750841e-07
9.286300309906738276e-07
9.192420878852612562e-07
9.102602478797591195e-07
9.016641663694733494e-07
8.934347712628973440e-07
8.855540952432954609e-07
8.780052757300603156e-07
8.707724069320676972e-07
8.638405452105335362e-07
8.571955780964307565e-07
8.508242337011875262e-07
8.447139643431916820e-07
8.388529589345852975e-07
8.332300392474326571e-07
8.278346744281468152e-07
8.226568882487580884e-07
8.176872750781985317e-07
8.129169167234071509e-07
8.083373993271769435e-07
8.039407386178150467e-07
7.997193973157276136e-07
7.956662177875273133e-07
7.917744396328408779e-07
7.880376388863821432e-07
7.844497455278393689e-07
7.810049884988692730e-07
7.776979129356342133e-07
7.745233303712919020e-07
7.714763355362762160e-07
7.685522612040834624e-07
7.657466944404738709e-07
7.630554356242398454e-07
7.604745140555006122e-07
7.580001507459233650e-07
7.556287733190148358e-07
7.533569822179011066e-07
7.511815648488828037e-07
7.490994649006993854e-07
7.471077956968489430e-07
7.452038123599644784e-07
7.433849243496890800e-07
7.416486702398087586e-07
7.399927294273481303e-07
7.384148993199389977e-07
7.369131062083285903e-07
7.354853846874121439e-07
7.341298876896664914e-07
7.328448679857626662e-07
7.316286873803346239e-07
7.304798001582147724e-07
7.293967614464174484e-07
7.283782124898318880e-07
7.274228881853547695e-07
7.265296040864140640e-07
7.256972631164318959e-07
7.249248442156131412e-07
7.242114082414233125e-07
7.235560881840079541e-07
7.229580942612195920e-07
7.224167056406027510e-07
7.219312747363765323e-07
7.215012203864171457e-07
7.211260313578235113e-07
7.208052609370761146e-07
7.205385296501945900e-07
7.203255212333030993e-07
7.201659845720130618e-07
7.200597310284135422e-07
7.200066356032177122e-07
