-3.670098000426742058e+00
-3.670610565420122651e+00
-3.671635786968197479e+00
-3.673173918927573833e+00
-3.675225237777659970e+00
-3.677790254954420579e+00
-3.680869437277138889e+00
-3.684463561278846555e+00
-3.688573293274702625e+00
-3.693199686354466049e+00
-3.698343619403037241e+00
-3.704006437695487985e+00
-3.710189249944679357e+00
-3.716893713723580017e+00
-3.724121189373999385e+00
-3.731873671778271895e+00
-3.740152799715017906e+00
-3.748960935816509021e+00
-3.758300029700111011e+00
-3.768172848284012666e+00
-3.778581690753945121e+00
-3.789529771774934108e+00
-3.801019786068377648e+00
-3.813055447459580805e+00
-3.825639900536093929e+00
-3.838777418920734874e+00
-3.852471661152120586e+00
-3.866727532085558305e+00
-3.881549279772817940e+00
-3.896942524488276938e+00
-3.912912192975461334e+00
-3.929464720301361069e+00
-3.946605817364741142e+00
-3.964342851636491361e+00
-3.982682443264295991e+00
-4.001633031817859454e+00
-4.021202295636681967e+00
-4.041399913050436332e+00
-4.062234798739240205e+00
-4.083718069669158623e+00
-4.105860091066121598e+00
-4.128673659695514253e+00
-4.152170850419252268e+00
-4.176366432783455096e+00
-4.201274506730666936e+00
-4.226912173293058572e+00
-4.253295944311783039e+00
-4.280445695346802637e+00
-4.308380828139501517e+00
-4.337124545487799132e+00
-4.366699734485067985e+00
-4.397133622792511964e+00
-4.428453330630244267e+00
-4.460691003910545405e+00
-4.493878942745241467e+00
-4.528055381925970124e+00
-4.563259024694852783e+00
-4.599535862159175537e+00
-4.636932962789201973e+00
-4.675508350101863719e+00
-4.715328808780287595e+00
-4.756512494612568531e+00
-4.799337223702982769e+00
-4.844525707021529293e+00
-4.893029637064128856e+00
-4.945205460007998433e+00
-5.000752399173200580e+00
-5.059147423719527303e+00
-5.119815567559027336e+00
-5.182211760186003602e+00
-5.245837796344800630e+00
-5.310267039137870348e+00
-5.375136130083419950e+00
-5.440150967216253797e+00
-5.505069219593341501e+00
-5.569701279952166573e+00
-5.633892086362632057e+00
-5.697523107064390580e+00
-5.760496185288920934e+00
-5.822737992205574642e+00
-5.884185897653413377e+00
-5.944794654177248283e+00
-6.004523586351723452e+00
-6.063344965914152951e+00
-6.121231840226393217e+00
-6.178167669307481624e+00
-6.234134297629458032e+00
-6.289122590791158984e+00
-6.343120214708557469e+00
-6.396123140770720639e+00
-6.448123002334694043e+00
-6.499119425887784018e+00
-6.549106796237684769e+00
-6.598087429763530132e+00
-6.646057610969392293e+00
-6.693021664346415101e+00
-6.738977136330688289e+00
-6.783929852754922329e+00
-6.827878117717832929e+00
-6.870828868951756263e+00
-6.912780751689572512e+00
-6.953741507457791293e+00
-6.993709758031465995e+00
-7.032693786113958012e+00
-7.070691832033887181e+00
-7.107712448304126518e+00
-7.143753068225366043e+00
-7.178822138565400302e+00
-7.212915659971699256e+00
-7.246041315336933408e+00
-7.278192598937251567e+00
-7.309375145985161915e+00
-7.339577966850056256e+00
-7.368802155066894954e+00
-7.397028858767373372e+00
-7.424251128456126558e+00
-7.450441484207943610e+00
-7.475597095304714834e+00
-7.499739976167346889e+00
-7.523018530311237129e+00
-7.545688642360870446e+00
-7.567999786428933007e+00
-7.590066996568106461e+00
-7.611936822937320990e+00
-7.633599439086911076e+00
-7.655063562064352567e+00
-7.676306814720525118e+00
-7.697344392391062939e+00
-7.718149531145097164e+00
-7.738768679344894430e+00
-7.759428945494802221e+00
-7.781194227637420191e+00
-7.804583790932240639e+00
-7.828955125923743985e+00
-7.853727715327836201e+00
-7.878418688025675465e+00
-7.902772281095361784e+00
-7.926603332994922368e+00
-7.949843204592453638e+00
-7.972432842111591533e+00
-7.994369969533129172e+00
-8.015639631919015073e+00
-8.036260061429191026e+00
-8.056231775178472887e+00
-8.075578578783723316e+00
-8.094306681578730789e+00
-8.112440656013461648e+00
-8.129988883381539466e+00
-8.146975194803211195e+00
-8.163408795382490979e+00
-8.179312357185908766e+00
-8.194695345261761688e+00
-8.209579203301851535e+00
-8.223973386098212046e+00
-8.237898140681169323e+00
-8.251362760318842859e+00
-8.264386350678613269e+00
-8.276977948246882377e+00
-8.289155574630948209e+00
-8.300927946134564195e+00
-8.312312054863957300e+00
-8.323316254634971045e+00
-8.333956559520185436e+00
-8.344240933768888979e+00
-8.354184462282681523e+00
-8.363794704093606924e+00
-8.373085861648135619e+00
-8.382065081818314667e+00
-8.390745729461809077e+00
-8.399134539008745293e+00
-8.407244080911333128e+00
-8.415080681957928022e+00
-8.422656159778057372e+00
-8.429976442166010386e+00
-8.437052633944919222e+00
-8.443890275436269022e+00
-8.450499797115492484e+00
-8.456886365453168963e+00
-8.463059773476178549e+00
-8.469024828910878711e+00
-8.474790722671285081e+00
-8.480361919839321416e+00
-8.485747042987183519e+00
-8.490950231252821112e+00
-8.495979571077361570e+00
-8.500838892643157507e+00
-8.505535776921876234e+00
-8.510073762168469003e+00
-8.514459953015622418e+00
-8.518697612663347130e+00
-8.522793397029687412e+00
-8.526750310823851819e+00
-8.530574587398477959e+00
-8.534268989110460168e+00
-8.537839351457801484e+00
-8.541288210069410525e+00
-8.544621025902189970e+00
-8.547840122902478299e+00
-8.550950609447465212e+00
-8.553954612222138820e+00
-8.556856907681243740e+00
-8.559659439015799620e+00
-8.562366670161647875e+00
-8.564980373912888467e+00
-8.567504719887830689e+00
-8.569941322904082170e+00
-8.572294075314292883e+00
-8.574564445705343374e+00
-8.576756065119157668e+00
-8.578870266991486915e+00
-8.580910435963797767e+00
-8.582877780747496743e+00
-8.584775453500473219e+00
-8.586604548000766002e+00
-8.588367996896103307e+00
-8.590066788205799497e+00
-8.591703647145406464e+00
-8.593279464554870017e+00
-8.594796769446091389e+00
-8.596256363485499818e+00
-8.597660589903744821e+00
-8.599010168647907904e+00
-8.600307266824428254e+00
-8.601552529584830964e+00
-8.602747956840712362e+00
-8.603894125361883027e+00
-8.604992876101526633e+00
-8.606044723370679606e+00
-8.607051356739269465e+00
-8.608013233509298701e+00
-8.608931898809903061e+00
-8.609807757926711602e+00
-8.610642217883748728e+00
-8.611435636500536006e+00
-8.612189288448153235e+00
-8.612903488201457236e+00
-8.613579383268378464e+00
-8.614217248484418832e+00
-8.614818108841486577e+00
-8.615382202837153613e+00
-8.615910437070329664e+00
-8.616403016610595600e+00
-8.616860733280875095e+00
-8.617283761254224572e+00
-8.617672780706646662e+00
-8.618027937081391698e+00
-8.618349801567054769e+00
-8.618638492693698083e+00
-8.618894474870835154e+00
-8.619117841197143193e+00
-8.619308951078538783e+00
-8.619467873344534681e+00
-8.619594863757116698e+00
-8.619689967733599190e+00
-8.619753338351118899e+00
-8.619784998178563029e+00
