2.219702244173046068e+00
2.219779667065652440e+00
2.219934003386885291e+00
2.220166289812825156e+00
2.220474997596256994e+00
2.220862202201404845e+00
2.221325354536836993e+00
2.221867573103468274e+00
2.222485286713299146e+00
2.223182663338610254e+00
2.223955107276186727e+00
2.224807844666612855e+00
2.225735252243526308e+00
2.226743625380124492e+00
2.227826309620906109e+00
2.228990683140507745e+00
2.230229056158568035e+00
2.231549905898036812e+00
2.232944502697899125e+00
2.234422441969909467e+00
2.235973949312578313e+00
2.237609760625399513e+00
2.239319051752249656e+00
2.241113724861222956e+00
2.242981901065236983e+00
2.244936678457814860e+00
2.246965118729288058e+00
2.249081549911324363e+00
2.251271970181803805e+00
2.253551976464605922e+00
2.255906500345097765e+00
2.258352452251334963e+00
2.260873695632257707e+00
2.263488505570378617e+00
2.266179678052185675e+00
2.268966911590752034e+00
2.271831938488349412e+00
2.274795948441487692e+00
2.277839618110079289e+00
2.280985706792641121e+00
2.284213849337999758e+00
2.287548465856521940e+00
2.290968171031357414e+00
2.294499152478530313e+00
2.298119036888181643e+00
2.301855904991637392e+00
2.305686441867230041e+00
2.309640770279489441e+00
2.313694699361687590e+00
2.317880571758512254e+00
2.322173412771029177e+00
2.326607998805902078e+00
2.331158700296824371e+00
2.335862985807539260e+00
2.340694752085529462e+00
2.345694468986935899e+00
2.350835807975378167e+00
2.356162552423259005e+00
2.361648291455562543e+00
2.367339383459564406e+00
2.373204723395681004e+00
2.379268863409823798e+00
2.385391614123784976e+00
2.391263865533075794e+00
2.396303389656091021e+00
2.400234501000342746e+00
2.402984970434747680e+00
2.404683429721078181e+00
2.405401207817820186e+00
2.405309185802792626e+00
2.404474319090886159e+00
2.403049388142918463e+00
2.401067540775385645e+00
2.398650520125892083e+00
2.395795326144133153e+00
2.392596917180938920e+00
2.389023146461558333e+00
2.385150465447759327e+00
2.380925049432298213e+00
2.376411810016887838e+00
2.371540481255407506e+00
2.366369065952489414e+00
2.360813800353846137e+00
2.354928506832659085e+00
2.348617197269559309e+00
2.341931026441290697e+00
2.334762030858331894e+00
2.327159615307847318e+00
2.319003608443811260e+00
2.310342513255220886e+00
2.301043680241846801e+00
2.291155918082314891e+00
2.280534098396310494e+00
2.269229157251873463e+00
2.257083804748300615e+00
2.244153476045857687e+00
2.230268994242947223e+00
2.215492730403874511e+00
2.199643060963385910e+00
2.182791014199064072e+00
2.164740176650303383e+00
2.145570610929368183e+00
2.125066411932475585e+00
2.103315814053039912e+00
2.080076595644247295e+00
2.055444160370714535e+00
2.029141927642078791e+00
2.001273017074364446e+00
1.971517911113612076e+00
1.939990859190194872e+00
1.906319319972905602e+00
1.870634749719596979e+00
1.832495329166484499e+00
1.792055069509464804e+00
1.748767429029299603e+00
1.702801450233290881e+00
1.653412052794605680e+00
1.600712442270290081e+00
1.543449621321431486e+00
1.481297089549273416e+00
1.411356637573270900e+00
1.331453344561314811e+00
1.243345691702962386e+00
1.202236423725254966e+00
1.171401904529901561e+00
1.142696703182241258e+00
1.119029390707005023e+00
1.103123862549235001e+00
1.098454119091957448e+00
1.107077384880482018e+00
1.129669084134660384e+00
1.164722781658769746e+00
1.209242814700953961e+00
1.258832680499932355e+00
1.309738078958000207e+00
1.358757189289693024e+00
1.403977238246188364e+00
1.444258590678214382e+00
1.479570526322498081e+00
1.510278586658712285e+00
1.537246393491037866e+00
1.561193395048801946e+00
1.582913342194831818e+00
1.602875471220793546e+00
1.621556544379519460e+00
1.639157909333375684e+00
1.655934823975482306e+00
1.671941613243334457e+00
1.687323636559638906e+00
1.702073023583452249e+00
1.716287266275385415e+00
1.729936761581692073e+00
1.743098516538744702e+00
1.755737337755591598e+00
1.767920537127249059e+00
1.779612950827596629e+00
1.790876218535958575e+00
1.801676847652633473e+00
1.812072328194326731e+00
1.822031137761969122e+00
1.831607274126036966e+00
1.840771089437233110e+00
1.849573454105169601e+00
1.857986412530287845e+00
1.866057967405746476e+00
1.873761675247248792e+00
1.881142884528052894e+00
1.888176506553039369e+00
1.894905422186567767e+00
1.901305764637526430e+00
1.907418114265212239e+00
1.913219714958902307e+00
1.918748997929081268e+00
1.923984224901776896e+00
1.928961816037934707e+00
1.933660973539067740e+00
1.938116233262876298e+00
1.942307673606481044e+00
1.946268063064584997e+00
1.949978303071084662e+00
1.953469503184745770e+00
1.956723344242132567e+00
1.959769377879923891e+00
1.962590028928855146e+00
1.965213385654195344e+00
1.967622588641766423e+00
1.969844351704856278e+00
1.971862509258278440e+00
1.973702484689094927e+00
1.975348789936186567e+00
1.976825637753765630e+00
1.978118206365078180e+00
1.979249574050134353e+00
1.980205578697379343e+00
1.981008237179645803e+00
1.981644044696827534e+00
1.982134027183106939e+00
1.982465338776121966e+00
1.982658082785972331e+00
1.982700077659235838e+00
1.982610570635642722e+00
1.982378053381596228e+00
1.982020982194494518e+00
1.981528534214645143e+00
1.980918438764811107e+00
1.980180573843953518e+00
1.979332004787281996e+00
1.978363328711473246e+00
1.977291009041984182e+00
1.976106382813974882e+00
1.974825372646882959e+00
1.973440078390413133e+00
1.971965941751757434e+00
1.970395849783561859e+00
1.968744821517441679e+00
1.967006556282663965e+00
1.965195706310725487e+00
1.963306807904936502e+00
1.961354199002628640e+00
1.959333275835814403e+00
1.957258109825617209e+00
1.955124976628459965e+00
1.952947722454036139e+00
1.950723516322688811e+00
1.948466011913398299e+00
1.946173277508843835e+00
1.943858795769981995e+00
1.941521529258298351e+00
1.939174797082649837e+00
1.936818437108170476e+00
1.934465595219132972e+00
1.932116948397477607e+00
1.929785439388519874e+00
1.927472527806466607e+00
1.925190900277004236e+00
1.922942719648929044e+00
1.920740338217026499e+00
1.918586518029319121e+00
1.916493172557853786e+00
1.914463534019161139e+00
1.912508946839813095e+00
1.910632960865481067e+00
1.908846198123124616e+00
1.907152353768802655e+00
1.905561155916251082e+00
1.904076259125009773e+00
1.902706315359388167e+00
1.901454747679649726e+00
1.900328948611034185e+00
1.899331924389179305e+00
1.898469635046750481e+00
1.897744501996128763e+00
1.897160901888164997e+00
1.896720532428846306e+00
1.896426069475503073e+00
1.896278387759083861e+00
