4.289768280678050360e+04
4.282594754434090282e+04
4.268284611928226514e+04
4.246910930382201332e+04
4.218583153610617592e+04
4.183444887825573096e+04
4.141674316400843236e+04
4.093480605000942887e+04
4.039104562304665887e+04
3.978813768143888592e+04
3.912903522229833470e+04
3.841690845809963503e+04
3.765515767794390558e+04
3.684734379386898217e+04
3.599720509449968085e+04
3.510858031406055670e+04
3.418542976877980982e+04
3.323175304295706155e+04
3.225161491943452711e+04
3.124905978193225019e+04
3.022814262642753238e+04
2.919284219396665139e+04
2.814709718933543627e+04
2.709471999539667013e+04
2.603943804111236750e+04
2.498480972292738443e+04
2.393427066969435691e+04
2.289105322687585431e+04
2.185823717523466621e+04
2.083867383885551317e+04
1.983504064069195738e+04
1.884977059416981137e+04
1.788510993305206284e+04
1.694305345549482445e+04
1.602540435671210616e+04
1.513371562783433001e+04
1.426935115281788239e+04
1.343343313291140657e+04
1.262690348620536133e+04
1.185047707877086577e+04
1.110470248502568575e+04
1.038992066189970137e+04
9.706324186831405314e+03
9.053920911491994048e+03
8.432590885601463015e+03
7.842054468883259688e+03
7.281926265357048578e+03
6.751687151251691830e+03
6.250734677600371469e+03
5.778358481381261299e+03
5.333786755650204213e+03
4.916164544101548927e+03
4.524596019690920912e+03
4.158125211963110814e+03
3.815773970240801646e+03
3.496524731772143696e+03
3.199354168512672459e+03
2.923217666576744250e+03
2.667078762348983219e+03
2.429895065144042292e+03
2.210643676315115044e+03
2.008308343878494270e+03
1.821901126355825681e+03
1.650450618014224119e+03
1.493020167564806570e+03
1.348697054296890883e+03
1.216607601655864755e+03
1.095907217507655105e+03
9.857927560033879217e+02
8.854933598027556627e+02
7.942804229617737519e+02
7.114591899944588249e+02
6.363766604979241492e+02
5.684139105804599694e+02
5.069922593062137253e+02
4.515662835570591369e+02
4.016285397409976099e+02
3.567032448894914296e+02
3.163498167786452768e+02
2.801571932090434984e+02
2.477464217475828150e+02
2.187655867553557414e+02
1.928916480086917602e+02
1.698259419996607846e+02
1.492954379973688219e+02
1.310487771087705084e+02
1.148570857976256718e+02
1.005105136263295833e+02
8.781871844245007708e+01
7.660786191358751296e+01
6.672085782959803169e+01
5.801478363006484074e+01
5.036096364071344311e+01
4.364275479287810100e+01
3.775552002881703828e+01
3.260474724889120779e+01
2.810595437264228735e+01
2.418310209071655947e+01
2.076846087921756379e+01
1.780128023831298734e+01
1.522763904536074797e+01
1.299933653044923787e+01
1.107374048741673533e+01
9.412868232463312168e+00
7.983242186652622863e+00
6.755132460138330686e+00
5.702425938882051959e+00
4.802005773328066773e+00
4.033637910131517401e+00
3.379466229718048886e+00
2.823918801861080574e+00
2.353300163734432626e+00
1.955717838546965792e+00
1.620755000914933186e+00
1.339415890501423512e+00
1.103863283537709350e+00
9.073799456372120265e-01
7.441568465133802102e-01
6.092669358546242142e-01
4.984903523661882163e-01
4.082795214141954343e-01
3.355241517060779666e-01
2.771841099897668914e-01
2.302519221043158315e-01
1.930881890532047951e-01
1.650552064105793026e-01
1.452480101604758655e-01
1.324810306887722056e-01
1.255088831564401819e-01
1.232430997407216872e-01
1.247881811508343014e-01
1.294548230947076828e-01
1.366559920375019777e-01
1.457934504035044987e-01
1.559849909328827888e-01
1.657028864719316263e-01
1.722468471392289424e-01
1.716154368060107127e-01
1.597420877423141317e-01
1.358807735679034012e-01
1.051160988309779720e-01
7.552609833863155320e-02
5.247931804131176353e-02
3.687127884569932346e-02
2.713392007376201273e-02
2.133390084483704000e-02
1.799350681776116720e-02
1.616353713157264033e-02
1.526841376723317260e-02
1.496846684348729015e-02
1.506000096187523618e-02
1.542552464729814513e-02
1.599573201834068176e-02
1.673864455348968161e-02
1.764039813979902463e-02
1.871020812772535707e-02
1.995139803643665791e-02
2.086691554831121218e-02
2.001486425043406611e-02
1.887018338817371757e-02
1.781196718724518263e-02
1.683848678659001855e-02
1.594553957174695349e-02
1.512505825133796458e-02
1.437254340528928802e-02
1.368146736376989886e-02
1.304765721552463703e-02
1.246572539077524591e-02
1.193199168158525295e-02
1.144200205290109296e-02
1.099260494074165602e-02
1.058012763598644226e-02
1.020192094668534791e-02
9.854965202642668523e-03
9.537061010195200042e-03
9.245731449374752775e-03
8.979166839248818241e-03
8.735339286616902038e-03
8.512770524953071696e-03
8.309803324379005582e-03
8.125238467130396769e-03
7.957724813413103587e-03
7.806297193176507145e-03
7.669857993308673572e-03
7.547638525801398691e-03
7.438752373382110684e-03
7.342596648504297850e-03
7.258462399086748271e-03
7.185887962740894995e-03
7.124315304680110122e-03
7.073404718676918473e-03
7.032728541381063486e-03
7.002054337254494040e-03
6.981069321440437972e-03
6.969637624709762100e-03
6.967550165647386738e-03
6.974760450526336711e-03
6.991155702359776875e-03
7.016774794503518459e-03
7.051597263382204661e-03
7.095746325385879696e-03
7.149293037853814842e-03
7.212446852543823693e-03
7.285372692819650636e-03
7.368371115774123223e-03
7.461706476608794339e-03
7.565778478347630169e-03
7.680959922058248554e-03
7.807761198251399540e-03
7.946676392095418373e-03
8.098342098973027384e-03
8.263390880063220881e-03
8.442605653540762034e-03
8.636779685795441946e-03
8.846867707062389119e-03
9.073851779458805625e-03
9.318890196384304464e-03
9.583188684944420055e-03
9.868148050018702919e-03
1.017524022739002207e-02
1.050615548902183657e-02
1.086268282465773470e-02
1.124685727022478599e-02
1.166084388270546487e-02
1.210708527515162378e-02
1.258818792020175402e-02
1.310706907400073333e-02
1.366684304569173135e-02
1.427096502673633888e-02
1.492311286542793644e-02
1.562732231993547646e-02
1.638785607540765507e-02
1.720931971926620632e-02
1.809650317942471109e-02
1.905445803289457923e-02
2.008828589078378440e-02
2.120314416034920629e-02
2.240394016058730800e-02
2.369521395267436964e-02
2.508067764275881406e-02
2.656290486298964332e-02
2.814264137346569883e-02
2.981822853551697669e-02
3.158463257139575153e-02
3.343258728873674951e-02
3.534740567027889330e-02
3.730802086101805970e-02
3.928593536539914943e-02
4.124472793438695856e-02
4.313995340422954045e-02
4.492012142566463584e-02
4.652862710511335154e-02
4.790708509246723729e-02
4.899963869648508996e-02
4.975806858319163639e-02
5.014675410071250949e-02
