1.443727154213409988e-08
1.444950748459004592e-08
1.447400871342088854e-08
1.451083829177657048e-08
1.456008473975042230e-08
1.462187521041666735e-08
1.469635887652837620e-08
1.478372905854632493e-08
1.488419808131417832e-08
1.499802860941372454e-08
1.512549970136376631e-08
1.526694771665842677e-08
1.542272319675533406e-08
1.559324182427360884e-08
1.577893165513588908e-08
1.598029473599892454e-08
1.619784409842363740e-08
1.643217677832614207e-08
1.668389985880208949e-08
1.695371578819002761e-08
1.724233662074351054e-08
1.755058270123609614e-08
1.787928409925739072e-08
1.822939392214090405e-08
1.860187576609989537e-08
1.899783314029172661e-08
1.941838156259530112e-08
1.986479583139701720e-08
2.033836517126193282e-08
2.084056038209672447e-08
2.137287018525629689e-08
2.193699062003824865e-08
2.253464044799279826e-08
2.316777556372183431e-08
2.383838097736435189e-08
2.454871347196315649e-08
2.530106729306227671e-08
2.609804883247056351e-08
2.694231269987744433e-08
2.783687285986652404e-08
2.878480523186888683e-08
2.978960047481341653e-08
3.085482864482229255e-08
3.198453973597311742e-08
3.318288520355956651e-08
3.445457346229736694e-08
3.580444223724043172e-08
3.723797753266047551e-08
3.876082977964528292e-08
4.037940637020497846e-08
4.210032340261052277e-08
4.393108378959901941e-08
4.587945502695812672e-08
4.795424721255371634e-08
5.016460564183340834e-08
5.252090591862005963e-08
5.503394826756103701e-08
5.771599041032926475e-08
6.057982822639316811e-08
6.363999138043296321e-08
6.691169229777016267e-08
7.041221488349958591e-08
7.415971063787010264e-08
7.817481749842489917e-08
8.247927822674601782e-08
8.709783482168050682e-08
9.205663998137564414e-08
9.738548320155426909e-08
1.031159610778261805e-07
1.092841048275955870e-07
1.159282693860114567e-07
1.230922496477776625e-07
1.308228417068897962e-07
1.391735579608009935e-07
1.482018065193797751e-07
1.579733453616533316e-07
1.685590181364389884e-07
1.800401275542129430e-07
1.925046580874421418e-07
2.060538027182225523e-07
2.207975965791784776e-07
2.368629050069126832e-07
2.543883891733346215e-07
2.735343661189840915e-07
2.944770320525024446e-07
3.174207505343749947e-07
3.425914788685384393e-07
3.702522505390059544e-07
4.006957981423656304e-07
4.342643043820795898e-07
4.713413132175339781e-07
5.123772818547042299e-07
5.578810533155013216e-07
6.084534238194847903e-07
6.647787551406943807e-07
7.276697684029206119e-07
7.980603260497305802e-07
8.770660479610704871e-07
9.659798217964637145e-07
1.066354573147346392e-06
1.180003351593406200e-06
1.309112350137940165e-06
1.456246649730923630e-06
1.624502556732309140e-06
1.817516734855491097e-06
2.039665770762409122e-06
2.296068310634109990e-06
2.592835176309720661e-06
2.937039294820032952e-06
3.337011995206351604e-06
3.802233907811330150e-06
4.343666447787926525e-06
4.973491483019050222e-06
5.705470022431652797e-06
6.554432193216389472e-06
7.536674926778563122e-06
8.669066195506988201e-06
9.969518840483531887e-06
1.145548211652407769e-05
1.314456785604115879e-05
1.505267094626386872e-05
1.720019113962914327e-05
1.964054808958650477e-05
2.251307369392815312e-05
2.597107635859794792e-05
3.009105567256625160e-05
3.489767309399576363e-05
4.037618103840486970e-05
4.647593492572181983e-05
5.310370298087505926e-05
6.012038977598098215e-05
6.733085779396574876e-05
7.447115473427867954e-05
8.118438826601172232e-05
8.698405642223336017e-05
9.120982168192553064e-05
9.300931163794742547e-05
9.145517310021054110e-05
8.594261839964661965e-05
7.682539183525763761e-05
6.568880322211158339e-05
5.469963049382759704e-05
4.554519835296402992e-05
3.896964293282856410e-05
3.499693924431523934e-05
3.334445368067790285e-05
3.369296513630415060e-05
3.580001500153855452e-05
3.951471383752825354e-05
4.476959500842544223e-05
5.155970522072696118e-05
5.994060375428163494e-05
7.001584170404184619e-05
8.195194735684089866e-05
9.596610084812478214e-05
1.123616463605301932e-04
1.314232918760057918e-04
1.498164696418528494e-04
1.559507039681773670e-04
1.592076924486072651e-04
1.623597038297350486e-04
1.654654754657562872e-04
1.685377723795967390e-04
1.715716085205634212e-04
1.745767925258324938e-04
1.775511933483931717e-04
1.805035105111796247e-04
1.834329444363044998e-04
1.863473544000717721e-04
1.892466661072018778e-04
1.921381046228209412e-04
1.950220489327963633e-04
1.979052418812002193e-04
2.007883803141182811e-04
2.036778396760559621e-04
2.065745651747544133e-04
2.094846565360243735e-04
2.124092744302747478e-04
2.153543203998312713e-04
2.183211601355220834e-04
2.213155657898067746e-04
2.243391124859989985e-04
2.273975063932114397e-04
2.304925470268424990e-04
2.336299348710621374e-04
2.368117169042987765e-04
2.400436468514521003e-04
2.433280490533107690e-04
2.466707895001742155e-04
2.500745060974932099e-04
2.535452375845755882e-04
2.570859779399497190e-04
2.607030019306017703e-04
2.643997088195414332e-04
2.681826768440844703e-04
2.720557671777199481e-04
2.760259345768612134e-04
2.800975671465561574e-04
2.842780763622447114e-04
2.885724518984995380e-04
2.929886509687884165e-04
2.975323505136973686e-04
3.022121531199314470e-04
3.070345213830909183e-04
3.120088154247279148e-04
3.171423963541766594e-04
3.224455084855797397e-04
3.279265405975685319e-04
3.335967642623174629e-04
3.394657430848139535e-04
3.455459369975587519e-04
3.518482508649296153e-04
3.583865130642998470e-04
3.651731557397000483e-04
3.722235743491130052e-04
3.795519323672315423e-04
3.871754065433895210e-04
3.951101088293481516e-04
4.033752195860541259e-04
4.119890186733952161e-04
4.209729053420278345e-04
4.303475283035333851e-04
4.401366858855520104e-04
4.503635407470193844e-04
4.610543860340469264e-04
4.722349230167517133e-04
4.839338668861726850e-04
4.961792531253787514e-04
5.090018378976707628e-04
5.224313787342117028e-04
5.364997559139207195e-04
5.512371414635934379e-04
5.666747254943030635e-04
5.828406406630867601e-04
5.997621176093842488e-04
6.174609681364906944e-04
6.359549179531542341e-04
6.552523782267511820e-04
6.753526288475172933e-04
6.962395577844501110e-04
7.178803510480199221e-04
7.402179443925350306e-04
7.631680563158541562e-04
7.866104762610634429e-04
8.103849205018963170e-04
8.342823000927630231e-04
8.580413316080254694e-04
8.813428583890740332e-04
9.038114372989078295e-04
9.250181490265337340e-04
9.444931977701953195e-04
9.617430102990139583e-04
9.762776590002465206e-04
9.876422495737622112e-04
9.954533382432167316e-04
9.994322213309335835e-04
