3.546268160964399785e-01
3.548770064647824851e-01
3.553771611284792797e-01
3.561267412435054625e-01
3.571250722067592642e-01
3.583710834157931568e-01
3.598636625446933190e-01
3.616012213220608507e-01
3.635822275764969413e-01
3.658045962970414289e-01
3.682664002105595635e-01
3.709650850881117679e-01
3.738983598778619077e-01
3.770632349135663031e-01
3.804570928944633890e-01
3.840765483364215749e-01
3.879187009669012309e-01
3.919798144333330736e-01
3.962567539684833662e-01
4.007454820330303980e-01
4.054426824071686863e-01
4.103440700928843721e-01
4.154462043041407537e-01
4.207446095874592951e-01
4.262357805187469983e-01
4.319151106162262832e-01
4.377790919104063150e-01
4.438230478197184858e-01
4.500435311448469644e-01
4.564358566529601036e-01
4.629967014633083466e-01
4.697214326397186612e-01
4.766069143871542457e-01
4.836486254843503918e-01
4.908436782096586848e-01
4.981877199616790985e-01
5.056781693914731424e-01
5.133108960724686032e-01
5.210836799631065608e-01
5.289926625327009413e-01
5.370360364708709477e-01
5.452102613328420055e-01
5.535139914704720887e-01
5.619440492070391091e-01
5.704996005501974388e-01
5.791778795312789718e-01
5.879786239316886487e-01
5.968995465457505034e-01
6.059410480561370216e-01
6.151014362075218900e-01
6.243819421887722987e-01
6.337816995684506516e-01
6.433031065765157930e-01
6.529465943054119093e-01
6.627163970753812139e-01
6.726151505685764587e-01
6.826501237172554193e-01
6.928276288357211321e-01
7.031596354950199190e-01
7.136577428509349730e-01
7.243398176123195809e-01
7.352230736840659198e-01
7.463304730888857819e-01
7.576829615959517206e-01
7.693061730663918185e-01
7.812225261576706270e-01
7.934588999153111555e-01
8.060388294096226813e-01
8.189911002941479001e-01
8.323417128004099164e-01
8.461231157346258414e-01
8.603656555563203856e-01
8.751073375795901388e-01
8.903846213250286024e-01
9.062426797307294724e-01
9.227253916734832195e-01
9.398860065772133288e-01
9.577760506129419094e-01
9.764561488831354774e-01
9.959833608546762029e-01
1.016421733026965146e+00
1.037827404933526765e+00
1.060258397639749273e+00
1.083756862781268371e+00
1.108357866084532573e+00
1.134068582639597977e+00
1.160876524791387698e+00
1.188726254816276251e+00
1.217528312877397267e+00
1.247134480893395292e+00
1.277348660918471435e+00
1.307900777913685308e+00
1.338459012689025673e+00
1.368599373275478870e+00
1.397814917382330879e+00
1.425473531118474746e+00
1.450815735806446405e+00
1.472890155513680188e+00
1.490532229007905496e+00
1.502274121702471099e+00
1.506317910447013242e+00
1.500459002563200084e+00
1.482139658276468985e+00
1.448518080249444173e+00
1.396763965425575682e+00
1.324369769831649668e+00
1.229606920626965527e+00
1.111720743674919465e+00
9.710429219395595446e-01
8.086731463588614499e-01
6.262987612457970865e-01
4.257748230458602290e-01
2.096388284770883126e-01
-1.947530908890863013e-02
-2.591217834207913961e-01
-5.057766324861108220e-01
-7.543956820541770636e-01
-9.978329954563651683e-01
-1.226904799627682952e+00
-1.431270775798604955e+00
-1.601838777354636090e+00
-1.733687474848823351e+00
-1.827827164255613868e+00
-1.890195179450484542e+00
-1.928922049735188216e+00
-1.951699135733040658e+00
-1.964515585217645022e+00
-1.971453471530936197e+00
-1.975086930961527543e+00
-1.976923473266759990e+00
-1.977822407886045353e+00
-1.978239303958631012e+00
-1.978421934664731152e+00
-1.978487373241730074e+00
-1.978501475333842130e+00
-1.978488041374327766e+00
-1.978465458868876148e+00
-1.978435103722165245e+00
-1.978404172191764010e+00
-1.978369453133640432e+00
-1.978335590044229875e+00
-1.978298728646622262e+00
-1.978262809312924864e+00
-1.978224087367083994e+00
-1.978186174864907665e+00
-1.978145544819513546e+00
-1.978105567702547196e+00
-1.978062929768647615e+00
-1.978020793370614205e+00
-1.977976038830355998e+00
-1.977931642495487363e+00
-1.977884660316445498e+00
-1.977837900586138398e+00
-1.977788578916743090e+00
-1.977739350839486931e+00
-1.977687577929459817e+00
-1.977635776174542226e+00
-1.977581441311550225e+00
-1.977526961308126108e+00
-1.977469955842156457e+00
-1.977412694979078678e+00
-1.977352913442717242e+00
-1.977292772340051297e+00
-1.977230113665805478e+00
-1.977166997523328584e+00
-1.977101366356494916e+00
-1.977035186381211451e+00
-1.976966494485300041e+00
-1.976897169397179743e+00
-1.976825337146570716e+00
-1.976752794758669385e+00
-1.976677752711321512e+00
-1.976601931577721682e+00
-1.976523622118202761e+00
-1.976444473240287270e+00
-1.976362852280980187e+00
-1.976280340859869034e+00
-1.976195379585632184e+00
-1.976109486805598614e+00
-1.976021173444596712e+00
-1.975931898269630338e+00
-1.975840239870427339e+00
-1.975747600833346551e+00
-1.975652625025999365e+00
-1.975556661986967555e+00
-1.975458418702964014e+00
-1.975359194551830067e+00
-1.975257757676286863e+00
-1.975155359951050293e+00
-1.975050828877807918e+00
-1.974945371269570815e+00
-1.974837872328858657e+00
-1.974729496042295640e+00
-1.974619183769036557e+00
-1.974508058706244462e+00
-1.974395116916429105e+00
-1.974281442651663943e+00
-1.974166085294170703e+00
-1.974050091806932805e+00
-1.973932563558432385e+00
-1.973814511693248619e+00
-1.973695088264980857e+00
-1.973575269887569039e+00
-1.973454258014778917e+00
-1.973332995836546866e+00
-1.973210732923640576e+00
-1.973088379969377471e+00
-1.972965233367665050e+00
-1.972842172065157218e+00
-1.972718537963652485e+00
-1.972595178838338459e+00
-1.972471480753584805e+00
-1.972348260716739521e+00
-1.972224947572765341e+00
-1.972102327797619958e+00
-1.971979871593828593e+00
-1.971858334980598482e+00
-1.971737228051845925e+00
-1.971617276289812093e+00
-1.971498028170564298e+00
-1.971380178412743600e+00
-1.971263312324675221e+00
-1.971148093498353626e+00
-1.971034142488602425e+00
-1.970922091272838461e+00
-1.970811594037754189e+00
-1.970703250546710805e+00
-1.970596746983774183e+00
-1.970492650201974616e+00
-1.970390676739490088e+00
-1.970291359762149641e+00
-1.970194444523111654e+00
-1.970100429660893937e+00
-1.970009087522931246e+00
-1.969920881335650797e+00
-1.969835608954144668e+00
-1.969753697282365934e+00
-1.969674968147057115e+00
-1.969599811213326168e+00
-1.969528070811375153e+00
-1.969460098464698605e+00
-1.969395759623794984e+00
-1.969335366800823994e+00
-1.969278805285537892e+00
-1.969226347760696605e+00
-1.969177898192859155e+00
-1.969133688686648398e+00
-1.969093640857006555e+00
-1.969057945567012746e+00
-1.969026541199719871e+00
-1.968999576813076136e+00
-1.968977006838344979e+00
-1.968958938076724285e+00
-1.968945340458425397e+00
-1.968936278198131884e+00
-1.968931736354298412e+00
