-4.387712024626230778e-02
-4.096310987757029176e-02
-4.206234359809027379e-02
-4.123472419637883024e-02
-4.167371911623102276e-02
-4.109313426781119327e-02
-4.128922564537465534e-02
-4.077616424788632621e-02
-4.082274209884739768e-02
-4.031861091969068944e-02
-4.025074535415409938e-02
-3.972778976858931665e-02
-3.956124159004817398e-02
-3.900289936335721297e-02
-3.874481179758448857e-02
-3.813923568866561808e-02
-3.779200294474657773e-02
-3.712934169559012343e-02
-3.669222825822665568e-02
-3.596325813695422369e-02
-3.543311159999820714e-02
-3.462842617956918279e-02
-3.399996439787097979e-02
-3.310941331978159430e-02
-3.237528252838137166e-02
-3.138752164751418272e-02
-3.053821336410550424e-02
-2.944029764748390399e-02
-2.846396533203526813e-02
-2.724094629315970684e-02
-2.612314073253646507e-02
-2.475764479505249138e-02
-2.348097647902591678e-02
-2.195274896349991289e-02
-2.049648161973838256e-02
-1.878188818265918991e-02
-1.712146961708277404e-02
-1.519295769989786882e-02
-1.329950540740010290e-02
-1.112504979607048528e-02
-8.964838153596887960e-03
-6.507441163385419003e-03
-4.041503987662453667e-03
-1.258921264017387465e-03
1.556970007457469940e-03
4.711891509162291491e-03
7.926300433945709933e-03
1.150383125814163909e-02
1.516655519376391981e-02
1.921507768432462182e-02
2.336937965248608862e-02
2.792372425370348576e-02
3.258932326570457283e-02
3.764675140791529095e-02
4.278728889960836668e-02
4.826591505708349716e-02
5.374046210325672535e-02
5.943112503315606254e-02
6.496162999731569521e-02
7.053478071485841383e-02
7.577938874854639462e-02
8.094067266153326390e-02
8.571620149453251791e-02
9.044034711863008225e-02
9.488851085081911885e-02
9.945743719809385652e-02
1.039493605419892219e-01
1.087738302679593372e-01
1.137217701606667575e-01
1.191983872637886188e-01
1.249785149732975942e-01
1.314703072587550814e-01
1.384409401747357382e-01
1.463131546176835718e-01
1.548531051641089396e-01
1.645040120684246876e-01
1.750284109041452818e-01
1.868830855809283098e-01
1.998066888857725765e-01
2.142388823172804990e-01
2.298427011937875797e-01
2.469695634414527108e-01
2.651055715146909408e-01
2.843843164480326369e-01
3.039501005620812712e-01
3.235241721789932079e-01
3.416883441817410993e-01
3.575180547447578405e-01
3.688074936475514987e-01
3.737908430938695625e-01
3.693499687104707663e-01
3.528433546761836626e-01
3.203508654764534169e-01
2.686089295947491351e-01
1.933551021734194464e-01
9.134302920151704530e-02
-4.110413835565260299e-02
-2.059779585520197798e-01
-4.045200387570940248e-01
-6.347592173608216370e-01
-8.913228991816722901e-01
-1.162420764644364723e+00
-1.428845182184896201e+00
-1.663030375574912512e+00
-1.832426181720503200e+00
-1.907556962771749465e+00
-1.872287412334096901e+00
-1.732380889595997786e+00
-1.513423950715019783e+00
-1.252889587315279663e+00
-9.867508221653777944e-01
-7.542478824478913157e-01
-6.392547703708253426e-01
-5.579684258393233787e-01
-4.847974984749734984e-01
-4.245344973015138246e-01
-3.775575494786193032e-01
-3.438182848986072737e-01
-3.201978553029913299e-01
-3.049378617278275527e-01
-2.948404717233268357e-01
-2.888441161982200356e-01
-2.848200310823579273e-01
-2.826707939609622300e-01
-2.810597405099399260e-01
-2.804057307909118002e-01
-2.797242124139878161e-01
-2.796375459395847862e-01
-2.792996863322088630e-01
-2.794153132086397706e-01
-2.791927758443257246e-01
-2.793740103027189670e-01
-2.791840669591985069e-01
-2.793850903260832186e-01
-2.792006069236891985e-01
-2.794083338425829566e-01
-2.792210555842587483e-01
-2.794327574959230565e-01
-2.792400664901190099e-01
-2.794558684150428851e-01
-2.792566269345230778e-01
-2.794773279499305207e-01
-2.792707347902220194e-01
-2.794972622375119786e-01
-2.792825714882842814e-01
-2.795158683676526867e-01
-2.792923239203132790e-01
-2.795333356706329875e-01
-2.793001536753119685e-01
-2.795498341238249473e-01
-2.793061952461619035e-01
-2.795655150737777483e-01
-2.793105587771873566e-01
-2.795805136476821051e-01
-2.793133329877421911e-01
-2.795949510790919912e-01
-2.793145876610081402e-01
-2.796089367335515274e-01
-2.793143756946584455e-01
-2.796225698566245921e-01
-2.793127347826267481e-01
-2.796359410942440560e-01
-2.793096887937637218e-01
-2.796491338311462571e-01
-2.793052489019876572e-01
-2.796622253881682618e-01
-2.792994145108267379e-01
-2.796752881150547654e-01
-2.792921740090711369e-01
-2.796883904103525942e-01
-2.792835053849529459e-01
-2.797015976990444019e-01
-2.792733767229835240e-01
-2.797149733954686357e-01
-2.792617466000338888e-01
-2.797285798785569821e-01
-2.792485643940770812e-01
-2.797424795049978097e-01
-2.792337705133092207e-01
-2.797567356879137046e-01
-2.792172965491524494e-01
-2.797714140664342986e-01
-2.791990653509679454e-01
-2.797865837958111723e-01
-2.791789910132020380e-01
-2.798023189872679839e-01
-2.791569787610154729e-01
-2.798187003318162724e-01
-2.791329247095514776e-01
-2.798358169440487986e-01
-2.791067154619844004e-01
-2.798537684707596562e-01
-2.790782275008847901e-01
-2.798726675134680097e-01
-2.790473263083623756e-01
-2.798926424273409097e-01
-2.790138651364247324e-01
-2.799138405731050327e-01
-2.789776833169014258e-01
-2.799364321177210679e-01
-2.789386039775365034e-01
-2.799606145088064935e-01
-2.788964309855764823e-01
-2.799866177864348549e-01
-2.788509448901041465e-01
-2.800147109483607233e-01
-2.788018975632190477e-01
-2.800452096634748478e-01
-2.787490051518488055e-01
-2.800784857288529106e-01
-2.786919388149834975e-01
-2.801149788192442980e-01
-2.786303125514294488e-01
-2.801552112957004792e-01
-2.785636671557307764e-01
-2.801998071429736559e-01
-2.784914489771306845e-01
-2.802495165720045311e-01
-2.784129815976421063e-01
-2.803052485020154916e-01
-2.783274277196378099e-01
-2.803681141813046396e-01
-2.782337372641944806e-01
-2.804394868138522234e-01
-2.781305756813761132e-01
-2.805210846321888885e-01
-2.780162232001199829e-01
-2.806150890362084649e-01
-2.778884303912538822e-01
-2.807243164375435307e-01
-2.777442062005096024e-01
-2.808524746167033737e-01
-2.775794984025876100e-01
-2.810045563274381486e-01
-2.773886965550474426e-01
-2.811874639841503987e-01
-2.771638301902649149e-01
-2.814110404548476052e-01
-2.768932185410367119e-01
-2.816898506305309802e-01
-2.765590765024457665e-01
-2.820464387723140565e-01
-2.761329944332055475e-01
-2.825177145411824631e-01
-2.755667034429576945e-01
-2.831686393639527566e-01
-2.747711782798413216e-01
-2.841252370997936483e-01
-2.735623078916364914e-01
-2.856685506490906912e-01
-2.714880328736545834e-01
-2.885791542745078653e-01
-2.670628188509219791e-01
-2.961353422574256600e-01
-2.508779929907491990e-01
-3.640694574426623920e-01
