4.202879040985244785e+00
4.201700460663952086e+00
4.199345075263893889e+00
4.195814647594850122e+00
4.191114486196600986e+00
4.185248085610781210e+00
4.178224236160347438e+00
4.170048102028946602e+00
4.160731869630921231e+00
4.150282279824181408e+00
4.138714795494887078e+00
4.126037610534945443e+00
4.112269311108973646e+00
4.097419390111276982e+00
4.081509370678161552e+00
4.064549860644183887e+00
4.046565101264853581e+00
4.027566601664424262e+00
4.007581070491110786e+00
3.986620675441360451e+00
3.964714310722726509e+00
3.941874531411455163e+00
3.918132105179870539e+00
3.893499675463017784e+00
3.868009541940778284e+00
3.841674110234031048e+00
3.814526842128756368e+00
3.786579552787008307e+00
3.757866468663261461e+00
3.728398436014727757e+00
3.698210021884150933e+00
3.667310700074425167e+00
3.635734928451776149e+00
3.603490380608480592e+00
3.570610931090042683e+00
3.537102002892174468e+00
3.502996391108331942e+00
3.468296798538510917e+00
3.433034427910835351e+00
3.397208780871285860e+00
3.360848949914625905e+00
3.323950761130991527e+00
3.286540700588759911e+00
3.248610490903740544e+00
3.210183595931054068e+00
3.171247340385256575e+00
3.131821957417253888e+00
3.091890398642430426e+00
3.051469933500545739e+00
3.010539871036452375e+00
2.969115807675871466e+00
2.927175614094021050e+00
2.884736574867595937e+00
2.841780175615256532e+00
2.798332515573972668e+00
2.754388462464595566e+00
2.709995425310865347e+00
2.665176569233923320e+00
2.620016269799602782e+00
2.574579347957746567e+00
2.528993554451743009e+00
2.483360170607799677e+00
2.437831087238945926e+00
2.392512924126082297e+00
2.347545668538452812e+00
2.303009070300661154e+00
2.259009601861345029e+00
2.215591101652410799e+00
2.172828039837492398e+00
2.130736276551127517e+00
2.089368851716615350e+00
2.048724105147279317e+00
2.008842745951790132e+00
1.969712769807350439e+00
1.931368046826398510e+00
1.893790147406049229e+00
1.857008997139503848e+00
1.821001672324805032e+00
1.785795638356709070e+00
1.751364388636075464e+00
1.717733744601294132e+00
1.684874042675040373e+00
1.652809992252726623e+00
1.621508970102829350e+00
1.590995003638464356e+00
1.561232589183735753e+00
1.532245485039046562e+00
1.503995307565441530e+00
1.476505983933587673e+00
1.449736177221608635e+00
1.423710474408788951e+00
1.398384423991119396e+00
1.373783844818376121e+00
1.349860892026585102e+00
1.326643308336003413e+00
1.304079410540937900e+00
1.282199738397096223e+00
1.260948078959133856e+00
1.240358926773544646e+00
1.220370462731032557e+00
1.201022764425324407e+00
1.182246688198155482e+00
1.164090354256173576e+00
1.146474412468678539e+00
1.129459092090806083e+00
1.112949595788133683e+00
1.097025856245704700e+00
1.081566780723399512e+00
1.066688975591146837e+00
1.052217311988037141e+00
1.038356414322082921e+00
1.024930627378231929e+00
1.014284271162332329e+00
1.008032746645980193e+00
1.004506655331653509e+00
1.002675640070592955e+00
1.001662140618139407e+00
1.001165537267667327e+00
1.000864546832175961e+00
1.000724199804379211e+00
1.000612969064906599e+00
1.000564494892136169e+00
1.000506483803934810e+00
1.000483060447153738e+00
1.000442775117261540e+00
1.000427186110149025e+00
1.000394627563499172e+00
1.000382190655019876e+00
1.000354178760040735e+00
1.000343555183519362e+00
1.000318871388156561e+00
1.000309623604509701e+00
1.000287647545211600e+00
1.000279572180282406e+00
1.000259891249077882e+00
1.000252846826905850e+00
1.000235143363593204e+00
1.000229010351112224e+00
1.000213025272495448e+00
1.000207697768779935e+00
1.000193215003354341e+00
1.000188598804731432e+00
1.000175436118717842e+00
1.000171447710538342e+00
1.000159450209043621e+00
1.000156015778318030e+00
1.000145050958067605e+00
1.000142105380110058e+00
1.000132059254412509e+00
1.000129545109411211e+00
1.000120319125621382e+00
1.000118185784467650e+00
1.000109694344065936e+00
1.000107897141053748e+00
1.000100065585772802e+00
1.000098565082141455e+00
1.000091328045202621e+00
1.000090089380275993e+00
1.000083389426750902e+00
1.000082381749874516e+00
1.000076168248166253e+00
1.000075364223286467e+00
1.000069592402892615e+00
1.000068967777396178e+00
1.000063597937906668e+00
1.000063131167731489e+00
1.000058128011432457e+00
1.000057799935131442e+00
1.000053132001247347e+00
1.000052925556451866e+00
1.000048564739427714e+00
1.000048464715949104e+00
1.000044385853573248e+00
1.000044378678155210e+00
1.000040559198017265e+00
1.000040632746359570e+00
1.000037052361252066e+00
1.000037195793610278e+00
1.000033836238169105e+00
1.000034039855302037e+00
1.000030884657542751e+00
1.000031139774269606e+00
1.000028174056772468e+00
1.000028472890775344e+00
1.000025683197145021e+00
1.000026018771018599e+00
1.000023392913980125e+00
1.000023758968779930e+00
1.000021285896863121e+00
1.000021676815678218e+00
1.000019346495908401e+00
1.000019757236195073e+00
1.000017560550636064e+00
1.000017986584190277e+00
1.000015915238494646e+00
1.000016352498145578e+00
1.000014398940550331e+00
1.000014843772739415e+00
1.000013001122175949e+00
1.000013450244724655e+00
1.000011712226898997e+00
1.000012162691346074e+00
1.000010523581815303e+00
1.000010972739785231e+00
1.000009427313171884e+00
1.000009872786326692e+00
1.000008416270959044e+00
1.000008855924103823e+00
1.000007483961433241e+00
1.000007915878430964e+00
1.000006624486685647e+00
1.000007046948873102e+00
1.000005832490464153e+00
1.000006243957273222e+00
1.000005103109538274e+00
1.000005502201107177e+00
1.000004431930020754e+00
1.000004817411561442e+00
1.000003814948096537e+00
1.000004185715831273e+00
1.000003248534688582e+00
1.000003603603202951e+00
1.000002729403653090e+00
1.000003067894501108e+00
1.000002254583139072e+00
1.000002575714584507e+00
1.000001821389792545e+00
1.000002124467570308e+00
1.000001427405526888e+00
1.000001711814513028e+00
1.000001070456604468e+00
1.000001335653331047e+00
1.000000748594837674e+00
1.000000994100757046e+00
1.000000460080704867e+00
1.000000685476146511e+00
1.000000203368224927e+00
1.000000408286993991e+00
9.999999770914617114e-01
1.000000161216031414e+00
9.999997800525425307e-01
9.999999431097834623e-01
9.999996112110716151e-01
9.999997529685158426e-01
9.999994696748819578e-01
9.999995899374710673e-01
9.999993546920459275e-01
9.999994532993479179e-01
9.999992656440810368e-01
9.999993424679702869e-01
9.999992020403318804e-01
9.999992569830924438e-01
9.999991635134551915e-01
9.999991965063257382e-01
9.999991498160150094e-01
9.999991608181542091e-01
