1.678734781461111158e-01
1.707385476987319795e-01
1.695414671540933782e-01
1.702218942253149458e-01
1.695864627710033101e-01
1.699204799549505207e-01
1.694278481166632822e-01
1.695930458284737041e-01
1.691474803300696550e-01
1.691996613073224742e-01
1.687628310591378633e-01
1.687259845315792206e-01
1.682778277801443567e-01
1.681636353228520009e-01
1.676915084373650777e-01
1.675056414951315853e-01
1.670002488287771203e-01
1.667448628027354274e-01
1.661983874347078560e-01
1.658732130361957879e-01
1.652782975351476391e-01
1.648811126428550433e-01
1.642301988403442325e-01
1.637569785794973920e-01
1.630417967184591421e-01
1.624866647407639531e-01
1.616977677227910415e-01
1.610527987941403893e-01
1.601790797420302725e-01
1.594339685092289183e-01
1.584621165594223280e-01
1.576037069964242032e-01
1.565175608121282258e-01
1.555292162267322698e-01
1.543089726088943681e-01
1.531697533621185492e-01
1.517909821925701730e-01
1.504745861135297624e-01
1.489069948009716371e-01
1.473804047464451761e-01
1.455862893437577521e-01
1.438080686168503042e-01
1.417403942069178080e-01
1.396585878767419020e-01
1.372586806038834650e-01
1.348083542070821761e-01
1.320033152562812284e-01
1.291039728495639860e-01
1.258042608540285434e-01
1.223579056058842485e-01
1.184563205716394063e-01
1.143480709728121325e-01
1.097229830862143096e-01
1.048282729801530699e-01
9.935642697354940545e-02
9.356113344466449044e-02
8.714617142636105207e-02
8.038279470675430138e-02
7.299467389908889658e-02
6.527546053808663817e-02
5.696305421259392765e-02
4.835793010957306626e-02
3.918696260360926553e-02
2.973278432949744143e-02
1.969327180482749462e-02
9.328956899532225844e-03
-1.686337678127813877e-03
-1.310317791817244837e-02
-2.526304542688995181e-02
-3.792121372670492763e-02
-5.143403698252158041e-02
-6.556327860896327131e-02
-8.068682800437315672e-02
-9.658099201158842906e-02
-1.136585819254338214e-01
-1.317269664601751211e-01
-1.512586818470644801e-01
-1.721245732287535191e-01
-1.949029535659774215e-01
-2.195889869165381092e-01
-2.469483942587580305e-01
-2.772057682044749560e-01
-3.114461306029465693e-01
-3.502845458924990218e-01
-3.953103923051556334e-01
-4.477363753593892604e-01
-5.098626614661083689e-01
-5.836943408150681023e-01
-6.723739212765564854e-01
-7.787456768273710583e-01
-9.066681385276234018e-01
-1.059500154947007999e+00
-1.241165955045594016e+00
-1.454549701701203457e+00
-1.702144819819119803e+00
-1.984367421691241917e+00
-2.299567020007966534e+00
-2.642298459068072702e+00
-3.002444497505256216e+00
-3.363680709342435016e+00
-3.701920611974818698e+00
-3.985472338179689267e+00
-4.175413282017379935e+00
-4.232372670203896625e+00
-4.124122142804462321e+00
-3.840750159813649312e+00
-3.400955656831335716e+00
-2.854646285064751154e+00
-2.265911386928822324e+00
-1.698071781330992680e+00
-1.195054619995652656e+00
-7.800543089083005199e-01
-4.548728614493156019e-01
-2.163021474906156594e-01
-4.738319121099565656e-02
6.812119882624084743e-02
1.456902251347019228e-01
1.959018613941913289e-01
2.282306747403399505e-01
2.480693083789755615e-01
2.605868369020584718e-01
2.678839949959613276e-01
2.726235224045975847e-01
2.751781106080663508e-01
2.770268280550990947e-01
2.778269336159157055e-01
2.786037446268678774e-01
2.787575918041027556e-01
2.791466239651966275e-01
2.790730453679753920e-01
2.793319474461172236e-01
2.791834800636366354e-01
2.794034827443846458e-01
2.792305106350142507e-01
2.794412369559923781e-01
2.792582647476276048e-01
2.794688402268227789e-01
2.792791900342517786e-01
2.794926798843959670e-01
2.792965955811016476e-01
2.795144575077706528e-01
2.793114283352989835e-01
2.795347263201461985e-01
2.793240678722500592e-01
2.795537722262071423e-01
2.793347503746915206e-01
2.795718109571190824e-01
2.793436610635756101e-01
2.795890298110335070e-01
2.793509551622888609e-01
2.796055977376597501e-01
2.793567646314072395e-01
2.796216693569508749e-01
2.793612019176112127e-01
2.796373876601216946e-01
2.793643627679909813e-01
2.796528862258746417e-01
2.793663285135172814e-01
2.796682911218226764e-01
2.793671679474961644e-01
2.796837225548471917e-01
2.793669388684999477e-01
2.796992963121332498e-01
2.793656893388438700e-01
2.797151250256570965e-01
2.793634586966689537e-01
2.797313192884826050e-01
2.793602783493906450e-01
2.797479886444548813e-01
2.793561723697208232e-01
2.797652424717325115e-01
2.793511579070120376e-01
2.797831907754383951e-01
2.793452454221696524e-01
2.798019449053928409e-01
2.793384387487069520e-01
2.798216182124740325e-01
2.793307349788982652e-01
2.798423266582889535e-01
2.793221241678750522e-01
2.798641893933131453e-01
2.793125888473322882e-01
2.798873293212608138e-01
2.793021033334581182e-01
2.799118736720191403e-01
2.792906328118534565e-01
2.799379546080624781e-01
2.792781321752681456e-01
2.799657098984222325e-01
2.792645445866182574e-01
2.799952837028613639e-01
2.792497997296000123e-01
2.800268275183126487e-01
2.792338117038925538e-01
2.800605013577083802e-01
2.792164765076081689e-01
2.800964752445221362e-01
2.791976690347906520e-01
2.801349311377265838e-01
2.791772394959363690e-01
2.801760654240334492e-01
2.791550091397625444e-01
2.802200921590636273e-01
2.791307651153546177e-01
2.802672472887588473e-01
2.791042542610228661e-01
2.803177941531483364e-01
2.790751755271274059e-01
2.803720306626115710e-01
2.790431706393041722e-01
2.804302986735219272e-01
2.790078124548177607e-01
2.804929962596546256e-01
2.789685902467309853e-01
2.805605938430152935e-01
2.789248908474932231e-01
2.806336555103845498e-01
2.788759741167328166e-01
2.807128674005588964e-01
2.788209405197391577e-01
2.807990758728320380e-01
2.787586875584495694e-01
2.808933394563571939e-01
2.786878501886731474e-01
2.809970005800162540e-01
2.786067177838827957e-01
2.811117863558901808e-01
2.785131160266288153e-01
2.812399530435142903e-01
2.784042350886483663e-01
2.813844980387302241e-01
2.782763732931308742e-01
2.815494794367219833e-01
2.781245435253029696e-01
2.817405130910757838e-01
2.779418485561120367e-01
2.819655744312075107e-01
2.777184502570859137e-01
2.822363487431358564e-01
2.774397880360173763e-01
2.825706252115166572e-01
2.770833214926942123e-01
2.829968171202182914e-01
2.766121443902449517e-01
2.835631965654287212e-01
2.759612982889892985e-01
2.843587915674041233e-01
2.750047618788391546e-01
2.855677155079442975e-01
2.734614943688336020e-01
2.876420296807648547e-01
2.705509231642759804e-01
2.920672699075169687e-01
2.629947552085624696e-01
3.082521100236045863e-01
1.950606484370145943e-01
