1.681452895924813173e-01
1.681689940655944349e-01
1.682163864976619627e-01
1.682876804573566476e-01
1.683828279325714494e-01
1.685022599531175724e-01
1.686459016497630914e-01
1.688144094083697533e-01
1.690076894050318856e-01
1.692266355038511694e-01
1.694711463498470017e-01
1.697423699846412337e-01
1.700402128468367635e-01
1.703660989234510037e-01
1.707199621918191745e-01
1.711035300789442715e-01
1.715167889533498746e-01
1.719618037643287078e-01
1.724386441258884128e-01
1.729497542946672184e-01
1.734953251457236334e-01
1.740782311720630304e-01
1.746988311915826653e-01
1.753604918747836694e-01
1.760637972939891049e-01
1.768126816859865724e-01
1.776080248992233657e-01
1.784544207713628095e-01
1.793531320758134928e-01
1.803095251619406814e-01
1.813253540622438431e-01
1.824068970580103033e-01
1.835565350759441050e-01
1.847816317966489985e-01
1.860853662096525474e-01
1.874764050155216522e-01
1.889589430430006489e-01
1.905432252962334094e-01
1.922347416147072441e-01
1.940456661081943479e-01
1.959831435614851070e-01
1.980617264747945305e-01
2.002906795723984057e-01
2.026875092934307121e-01
2.052641979468775857e-01
2.080419365962551115e-01
2.110361788866593757e-01
2.142727031287321449e-01
2.177713409270091161e-01
2.215635003928688451e-01
2.256743622202144472e-01
2.301419766570809711e-01
2.349976039685782725e-01
2.402864281277855563e-01
2.460455268774060233e-01
2.523261379528383697e-01
2.591685615377664065e-01
2.666260163025916952e-01
2.747360701484882761e-01
2.835471174490861168e-01
2.930872861550991582e-01
3.033962626501906512e-01
3.144932354942591712e-01
3.264158259439378651e-01
3.391854410642285433e-01
3.528516579896702754e-01
3.674511981541323524e-01
3.830568626548778721e-01
3.997286272886751979e-01
4.175690438802491244e-01
4.366663717722095162e-01
4.571590400847236335e-01
4.791701418703295801e-01
5.028833767420234357e-01
5.284673864736132431e-01
5.561657815056912924e-01
5.862090657474833266e-01
6.189218638046880550e-01
6.546192233625721668e-01
6.937347422676398701e-01
7.366964136762275128e-01
7.840797742528985426e-01
8.364556627685827417e-01
8.945725636520602819e-01
9.591640582258154080e-01
1.031164043426031185e+00
1.111454467035255078e+00
1.201115840272700908e+00
1.301084851808127274e+00
1.412439953223893152e+00
1.535921538944539089e+00
1.672246940632826862e+00
1.821420251233064613e+00
1.983062061880298099e+00
2.155403352523443505e+00
2.335613881400999681e+00
2.518366312150817077e+00
2.696223931010266917e+00
2.857827889240438513e+00
2.988824922473013235e+00
3.070501143284178003e+00
3.082955004026301626e+00
3.006471530323783892e+00
2.829245725121528832e+00
2.551599391581393039e+00
2.193096627566268886e+00
1.788571675252398574e+00
1.382168829451846825e+00
1.012390945291993916e+00
7.050885512271937161e-01
4.683815913131721409e-01
2.982416695119098349e-01
1.814242278895286942e-01
1.053852507998941368e-01
5.916944882192806676e-02
3.250563108929419714e-02
1.773950002317734725e-02
9.788644402450525153e-03
5.585296928411660061e-03
3.375286931533637465e-03
2.207138694119963745e-03
1.579269579895649410e-03
1.233941142346179883e-03
1.038286989320759673e-03
9.235717464102552021e-04
8.530544604084849998e-04
8.070587780854265305e-04
7.746321136615967693e-04
7.499322347205645200e-04
7.296364446788193526e-04
7.120839880587456804e-04
6.962680330302853165e-04
6.817590445857869830e-04
6.682193125534917214e-04
6.555524264008264325e-04
6.436038659154975873e-04
6.323588039952345030e-04
6.217149186998310439e-04
6.116757688042239512e-04
6.021585016000133598e-04
5.931708171422710174e-04
5.846410028284264055e-04
5.765779469775939893e-04
5.689183260389339865e-04
5.616715855043805713e-04
5.547813399679280087e-04
5.482573954669495717e-04
5.420492568799923890e-04
5.361669766223840132e-04
5.305651094403914143e-04
5.252538638303667689e-04
5.201921514602748193e-04
5.153902611314461210e-04
5.108108844155170554e-04
5.064643268726788617e-04
5.023165764673169628e-04
4.983779026946651538e-04
4.946171825546687943e-04
4.910446059452159293e-04
4.876315939690233602e-04
4.843882213345721281e-04
4.812881597756133844e-04
4.783413399309937469e-04
4.755234333409519829e-04
4.728442033213542070e-04
4.702811059130339506e-04
4.678437185425361939e-04
4.655110961668444485e-04
4.632926156409971881e-04
4.611687702365773996e-04
4.591487247597171822e-04
4.572142712861789631e-04
4.553743537303257729e-04
4.536119413419116239e-04
4.519357504594409981e-04
4.503298210963285341e-04
4.488026370946046010e-04
4.473392158278663151e-04
4.459478051576181270e-04
4.446143175729361783e-04
4.433467626378228546e-04
4.421318753219781613e-04
4.409774255206699183e-04
4.398709063563031353e-04
4.388198474489038718e-04
4.378124429531928853e-04
4.368559822240728461e-04
4.359393096048078163e-04
4.350694746919439603e-04
4.342359266594996142e-04
4.334454762515108518e-04
4.326881369273503464e-04
4.319704818050072942e-04
4.312830523205893460e-04
4.306321854499940856e-04
4.300089180408507030e-04
4.294193526178635679e-04
4.288549921943198657e-04
4.283217067013320644e-04
4.278114390255702390e-04
4.273298284969234652e-04
4.268692342203864892e-04
4.264350670262823302e-04
4.260200809455514130e-04
4.256294604997895191e-04
4.252563354769061245e-04
4.249056663535805481e-04
4.245709414198824616e-04
4.242568994312939006e-04
4.239573716557271696e-04
4.236768774999448320e-04
4.234095772537529610e-04
4.231597733869506641e-04
4.229219426799325798e-04
4.227001731076710758e-04
4.224892467063579384e-04
4.222930394203209203e-04
4.221066284882746072e-04
4.219336803015491847e-04
4.217695583259828927e-04
4.216177218820217685e-04
4.214738126710364306e-04
4.213410854195147673e-04
4.212154529705949640e-04
4.210999679181436127e-04
4.209908079721219262e-04
4.208908260280574140e-04
4.207964591338562879e-04
4.207103628814889387e-04
4.206292288063680045e-04
4.205555175388654698e-04
4.204861708670248194e-04
4.204234567345522611e-04
4.203645635043353184e-04
4.203115686262198216e-04
4.202619038626465736e-04
4.202174582648868857e-04
4.201759042713357705e-04
4.201389445166060625e-04
4.201044897959983304e-04
4.200740581801827751e-04
4.200457968635324291e-04
4.200210410605913647e-04
4.199981727285156670e-04
4.199783457735979013e-04
4.199601755651756626e-04
4.199446360749747582e-04
4.199305749877590651e-04
4.199187875272147462e-04
4.199083528228637853e-04
4.198998883379982130e-04
4.198927039789641501e-04
4.198872402275949508e-04
4.198830372829159764e-04
4.198803592074773191e-04
4.198789761782730293e-04
