1.801041120151453123e-01
1.801293483581035415e-01
1.801798027501539667e-01
1.802557011209501570e-01
1.803569901801944653e-01
1.804841258241202118e-01
1.806370245881988024e-01
1.808163805152700199e-01
1.810220881660510317e-01
1.812550922691355537e-01
1.815152772368609224e-01
1.818038557151901158e-01
1.821207177829705925e-01
1.824673663903393916e-01
1.828437175732309794e-01
1.832515927372588282e-01
1.836909592731265084e-01
1.841639917373455171e-01
1.846707401811767957e-01
1.852137745321829343e-01
1.857932657191304904e-01
1.864122300055126025e-01
1.870710055702018426e-01
1.877731162259373976e-01
1.885191234591701570e-01
1.893131319257349288e-01
1.901559940138799754e-01
1.910524827870127285e-01
1.920038228501211308e-01
1.930155600356703027e-01
1.940893886457972506e-01
1.952317511505131664e-01
1.964449276329021388e-01
1.977364030131188444e-01
1.991091795617144777e-01
2.005719534397007731e-01
2.021286051473462075e-01
2.037892308903385963e-01
2.055587581769206251e-01
2.074488793492896277e-01
2.094657289411604451e-01
2.116227637449693555e-01
2.139274222330209974e-01
2.163949815658096631e-01
2.190340914566963892e-01
2.218616007058242523e-01
2.248868062910048260e-01
2.281271552798453950e-01
2.315909534127265079e-01
2.352936716855714150e-01
2.392386968606316500e-01
2.434336766238101579e-01
2.478687362109118220e-01
2.525320502999763295e-01
2.573853350486525193e-01
2.623786436595804683e-01
2.674257291391289870e-01
2.724223140238094532e-01
2.772308859497374378e-01
2.817122027276848795e-01
2.857290483808533343e-01
2.891864799017688781e-01
2.920360033966635793e-01
2.942917368451947735e-01
2.960097979817630787e-01
2.972768223088905759e-01
2.981845000659838485e-01
2.988201455312542443e-01
2.992561882988814537e-01
2.995505571102429765e-01
2.997461801836079354e-01
2.998745457829944394e-01
2.999576263087789241e-01
3.000107698872478412e-01
3.000443006159284609e-01
3.000651970229072374e-01
3.000780270037261555e-01
3.000857950049922729e-01
3.000904190891763856e-01
3.000931269661787915e-01
3.000946817763178176e-01
3.000955573930284559e-01
3.000960393490508804e-01
3.000962986884710970e-01
3.000964346414203843e-01
3.000965041123505039e-01
3.000965386125908907e-01
3.000965552871268649e-01
3.000965631159787095e-01
3.000965666973456902e-01
3.000965682935530787e-01
3.000965689903609124e-01
3.000965692889852043e-01
3.000965694156519925e-01
3.000965694690891361e-01
3.000965694917615556e-01
3.000965695014994328e-01
3.000965695057840055e-01
3.000965695077159601e-01
3.000965695085995311e-01
3.000965695089687912e-01
3.000965695090161423e-01
3.000965695086888485e-01
3.000965695074572781e-01
3.000965695025638036e-01
3.000965694756267399e-01
3.000965692448372968e-01
3.000965660169064297e-01
3.000964909218074017e-01
3.000936427885176339e-01
2.999222065171014973e-01
2.875647569484992006e-01
1.941938631889616462e-01
1.129484708513981278e-01
6.341624391409399208e-02
3.483867278295115638e-02
1.901272536350145231e-02
1.049120930475089773e-02
5.986173028257085922e-03
3.617542961663305912e-03
2.365552680494785020e-03
1.692619225922996698e-03
1.322505370698353819e-03
1.112808441650693517e-03
9.898596885508101698e-04
9.142811327640308584e-04
8.649841810589271396e-04
8.302301426508966811e-04
8.037574678740392036e-04
7.820049787060883838e-04
7.631927214983739516e-04
7.462416006142027136e-04
7.306912518311437215e-04
7.161797263490770780e-04
7.026036939176819908e-04
6.897975438739967517e-04
6.777453849232813968e-04
6.663375511253876501e-04
6.555778566808519777e-04
6.453775022555120668e-04
6.357447405640539182e-04
6.266027119421130939e-04
6.179609426542429385e-04
6.097515641990998306e-04
6.019847000042793288e-04
5.945999176879503871e-04
5.876077271007421098e-04
5.809540089114937841e-04
5.746495370321880267e-04
5.686456044458754059e-04
5.629531523480386327e-04
5.575281433547823150e-04
5.523816047303340684e-04
5.474735502912446818e-04
5.428150252634437751e-04
5.383695764497527540e-04
5.341482104226368032e-04
5.301175703765630175e-04
5.262885775736735397e-04
5.226306019102717896e-04
5.191544411915504937e-04
5.158318774804295870e-04
5.126735541720909770e-04
5.096533966689780404e-04
5.067818690339425574e-04
5.040348092498094087e-04
5.014224821481887357e-04
4.989224393878039778e-04
4.965447308330473136e-04
4.942684496900605438e-04
4.921034185548453250e-04
4.900301226573958733e-04
4.880581478477778387e-04
4.861692410198303416e-04
4.843727441138530039e-04
4.826515516397612794e-04
4.810147563543035556e-04
4.794463002761022315e-04
4.779550232442403681e-04
4.765258266383566653e-04
4.751672948965952881e-04
4.738652109115010095e-04
4.726279022506285252e-04
4.714419643744723835e-04
4.703154673299594652e-04
4.692357579254166850e-04
4.682106486979876786e-04
4.672281833108258078e-04
4.662959173344307273e-04
4.654025426735075447e-04
4.645553589027742129e-04
4.637436627130037993e-04
4.629744989976232808e-04
4.622377303188591525e-04
4.615401484793110699e-04
4.608721470101274616e-04
4.602402664353408561e-04
4.596353999100809750e-04
4.590638386707410960e-04
4.585169473170694733e-04
4.580007699331878086e-04
4.575071172105993626e-04
4.570417883336546933e-04
4.565970172650053358e-04
4.561783606373136409e-04
4.557784551395789650e-04
4.554026172790677464e-04
4.550438679778808946e-04
4.547072861083895795e-04
4.543862601872446162e-04
4.540856339946806072e-04
4.537991486842827236e-04
4.535314155290051034e-04
4.532765148886468707e-04
4.530388281462989410e-04
4.528127628268232207e-04
4.526024730644925007e-04
4.524026827743986203e-04
4.522173214974725079e-04
4.520414199194415354e-04
4.518786856481581083e-04
4.517244475748094902e-04
4.515821940288732234e-04
4.514475445040875461e-04
4.513237706895505369e-04
4.512067759562325936e-04
4.510996179618515021e-04
4.509984780289047436e-04
4.509062023503935981e-04
4.508192450017715642e-04
4.507402432213724426e-04
4.506659192987784272e-04
4.505987039558683404e-04
4.505355837545987592e-04
4.504787852505842075e-04
4.504255558749633128e-04
4.503779202627578851e-04
4.503333837952073928e-04
4.502937713109062511e-04
4.502568436556997778e-04
4.502242278574465520e-04
4.501939381282444035e-04
4.501674055156083582e-04
4.501428958441571577e-04
4.501216458400334125e-04
4.501021714928376931e-04
4.500855166796190361e-04
4.500704463794868190e-04
4.500578128920847717e-04
4.500466292528719839e-04
4.500375572426189926e-04
4.500298572372610044e-04
4.500240013335375417e-04
4.500194967289661350e-04
4.500166264387803206e-04
4.500151441447812419e-04
