0.000000000000000000e+00
0.000000000000000000e+00
1.319387713140922713e+01
3.962805285860979154e+01
7.939560614933756710e+01
1.326367699637271187e+02
1.995396444123519757e+02
2.803412008479130577e+02
3.753284872429991310e+02
4.848401621157154295e+02
6.092682171922801899e+02
7.490600744768033792e+02
9.047208609816291300e+02
1.076816113145644977e+03
1.265974647582902890e+03
1.472891927440100744e+03
1.698333581182283979e+03
1.943139494749972300e+03
2.208228036431085457e+03
2.494600945782672170e+03
2.803348325091993502e+03
3.135654399238420410e+03
3.492803330666027250e+03
3.876185920913760583e+03
4.287306292537879926e+03
4.727789588590217136e+03
5.199389535503714797e+03
5.703997164603514648e+03
6.243649215209922659e+03
6.820537841918165213e+03
7.437019722448781067e+03
8.095626609944245502e+03
8.799074852484172879e+03
9.550276476548597202e+03
1.035234856831254729e+04
1.120862429541220081e+04
1.212266118563238706e+04
1.309825105288046689e+04
1.413942553996718743e+04
1.525046322903634245e+04
1.643588973142452596e+04
1.770047925134897378e+04
1.904924495871245745e+04
2.048743240444625553e+04
2.202050591080580853e+04
2.365422431328271705e+04
2.539525640936882337e+04
2.725333250132343892e+04
2.924342126718432337e+04
3.138508244906870823e+04
3.370077481183825876e+04
3.621522945031530980e+04
3.895540292667286121e+04
4.195068159436751012e+04
4.523322487553533574e+04
4.883845150419073616e+04
5.280560406041912211e+04
5.717842304515750584e+04
6.200588539923006465e+04
6.734306863275612704e+04
7.325210063728220121e+04
7.980328384680958698e+04
8.707634686353865254e+04
9.516194605488340312e+04
1.041633556714737206e+05
1.141985182965236600e+05
1.254023727057093347e+05
1.379297062039074372e+05
1.519584184821408708e+05
1.676935614727379580e+05
1.853720007307536434e+05
2.052682506137963210e+05
2.277012723456912790e+05
2.530430974742348772e+05
2.817289921416030265e+05
3.142705586894811131e+05
3.512714036744380137e+05
3.934477368186038802e+05
4.416534612497772905e+05
4.969139930980590871e+05
5.604684391189203598e+05
6.338283144077815814e+05
7.188530679941297276e+05
8.178598544319702778e+05
9.337706964617195772e+05
1.070339045250877738e+06
1.232428583598987432e+06
1.422140750512834871e+06
1.628510695878603961e+06
1.840000064321635058e+06
2.055934851108762436e+06
2.276769657594912220e+06
2.503003200114979874e+06
2.735191707941119559e+06
2.973945644361950923e+06
3.219943584846504033e+06
3.473935934928816278e+06
3.736758413655227982e+06
4.009340676669068169e+06
4.292722127298613079e+06
4.588065911016518250e+06
4.896679391815965064e+06
5.220035335047334433e+06
5.559800081211055629e+06
5.917865243691126816e+06
6.296388142687184736e+06
6.697839557243227027e+06
7.125063601699960418e+06
7.581350532539155334e+06
8.070527536901657470e+06
8.597071171490605921e+06
9.166247611473700032e+06
9.784288322940725833e+06
1.045860851476680860e+07
1.119807610241796263e+07
1.201332092421070859e+07
1.291705508697035722e+07
1.392440158562739752e+07
1.505337837547254190e+07
1.632568239420043305e+07
1.776777681965004280e+07
1.941224128167044371e+07
2.129948288845679909e+07
2.347991812929115817e+07
2.601680532403156534e+07
2.898984913129702583e+07
3.249975935190809891e+07
3.667371765517602861e+07
4.167148748729152977e+07
4.769082097138172388e+07
5.496907476594530046e+07
6.377383680643568933e+07
7.437037262528225780e+07
8.695086384818719327e+07
1.015266385657683462e+08
1.178305767162714750e+08
1.353206559073521197e+08
1.533242568177977204e+08
1.712321496103692949e+08
1.886079761912769973e+08
2.052168813220295310e+08
2.210271979168366194e+08
2.361686903234109879e+08
2.508776460200831890e+08
2.654522055522943139e+08
2.802094418871456385e+08
2.954505562483779788e+08
3.114407560189055204e+08
3.284060850064679980e+08
3.465410819607699513e+08
3.660205025597776175e+08
3.870102777110701799e+08
4.096762371402785778e+08
4.341903891026481390e+08
4.607354446513879895e+08
4.895080689460455179e+08
5.207214455661964417e+08
5.546073962019273043e+08
5.914183524679298401e+08
6.314292382552485466e+08
6.749394048177194595e+08
7.222746028736335039e+08
7.737890686363632679e+08
8.298676869847068787e+08
8.909282811613774300e+08
9.574239892587893009e+08
1.029845762526938677e+09
1.108724946942205191e+09
1.194635972760758162e+09
1.288199114381190062e+09
1.390083336008795977e+09
1.501009184924783468e+09
1.621751738781822681e+09
1.753143566631270409e+09
1.896077700904414415e+09
2.051510576448531866e+09
2.220464924455710888e+09
2.404032572424223900e+09
2.603377128501237869e+09
2.819736495244928360e+09
3.054425181765007019e+09
3.308836352336361408e+09
3.584443571485032558e+09
3.882802176256812096e+09
4.205550227600458622e+09
4.554408964266256332e+09
4.931182704570239067e+09
5.337758112827200890e+09
5.776102771422383308e+09
6.248262970191425323e+09
6.756360652716939926e+09
7.302589428389962196e+09
7.889209592387969017e+09
8.518542062819409370e+09
9.192961184536275864e+09
9.914886313410043716e+09
1.068677214358391953e+10
1.151109770104537392e+10
1.239035398542526054e+10
1.332703019863985443e+10
1.432359856854776764e+10
1.538249772770944023e+10
1.650611468872148132e+10
1.769676540401430130e+10
1.895667399164101410e+10
2.028795064876308441e+10
2.169256838036048126e+10
2.317233860385367203e+10
2.472888580769050980e+10
2.636362136728014755e+10
2.807771674931514359e+10
2.987207625218944931e+10
3.174730956629809952e+10
3.370370434519979858e+10
3.574119912065220642e+10
3.785935679151451111e+10
4.005733906150715637e+10
4.233388208701087952e+10
4.468727374066281891e+10
4.711533277157534790e+10
4.961539028355667114e+10
5.218427381667378235e+10
5.481829445042996216e+10
5.751323720015689087e+10
6.026435510019149780e+10
6.306636721113289642e+10
6.591346089664725494e+10
6.879929855111033630e+10
7.171702905166572571e+10
7.465930403858088684e+10
7.761829920309094238e+10
8.058574058981689453e+10
8.355293597915371704e+10
8.651081124430078125e+10
8.944995162011027527e+10
9.236064765587240601e+10
9.523294565320512390e+10
9.805670223548002625e+10
1.008216427141667633e+11
1.035174227777755432e+11
1.061336930420776520e+11
1.086601658801088257e+11
1.110866839620911102e+11
1.134032898386647034e+11
1.156002959157052002e+11
1.176683540987422485e+11
1.195985244073136292e+11
1.213823418176461945e+11
1.230118806252315979e+11
1.244798156056610107e+11
1.257794792982776184e+11
1.269049147516998596e+11
1.278509231301948853e+11
1.286131056194564209e+11
1.291878991431590729e+11
1.295726054623271942e+11
