1.296429598270448125e+01
1.292405541157542892e+01
1.284391536837273051e+01
1.272456982543551085e+01
1.256702384031153663e+01
1.237262875655388683e+01
1.214300016201954691e+01
1.188007614295353775e+01
1.158599795948032352e+01
1.126319070714932025e+01
1.091421092919806490e+01
1.054184873730092598e+01
1.014894756787536778e+01
9.738526479958970583e+00
9.313577937966934783e+00
8.877208646333226483e+00
8.432421577648749889e+00
7.982273336314860579e+00
7.529646649127633040e+00
7.077421896201228968e+00
6.628245965495283443e+00
6.184715275984755678e+00
5.749146313528178176e+00
5.323767227674551350e+00
4.910494573422534259e+00
4.511130416817876743e+00
4.127148873024336417e+00
3.759895630451334014e+00
3.410386868081473288e+00
3.079508220875024183e+00
2.767827639714463217e+00
2.475791083930525271e+00
2.203549903290011880e+00
1.951150964911855690e+00
1.718378215970753242e+00
1.504935543124744424e+00
1.310301316337030952e+00
1.133903065087833228e+00
9.749829665037694770e-01
8.327644514831072931e-01
7.063256435204711137e-01
5.947590112544753893e-01
4.970468526299575140e-01
4.122040376723724031e-01
3.390802753809302739e-01
2.761643981132688164e-01
2.214104068792140112e-01
1.741734919271806792e-01
1.350365047667614893e-01
1.039989779197933728e-01
8.031160472849147025e-02
6.278172204584785143e-02
5.013370074056593823e-02
4.119407452160100264e-02
3.499698094477510235e-02
3.078540231562986243e-02
2.799802469673229322e-02
2.622308530972997098e-02
2.517081464391370330e-02
2.463402829708617736e-02
2.447233535107809846e-02
2.458565736387146108e-02
2.490978380735068068e-02
2.539821034653958615e-02
2.602495545250091760e-02
2.677034579192044336e-02
2.762834036833291748e-02
2.859351540313996229e-02
2.967164366565708256e-02
3.086621564950759247e-02
3.219204413267422182e-02
3.366016013487305170e-02
3.529495290446952455e-02
3.711639204224751604e-02
3.916196216909922923e-02
4.146501251646188269e-02
4.408386018961744923e-02
4.707471461112881783e-02
5.053246688586356117e-02
5.455617331719760793e-02
5.931093418948432672e-02
6.498389111375520166e-02
7.188966912580492530e-02
8.041850971841758844e-02
9.124908238225164225e-02
1.052693770142979768e-01
1.187914631719447500e-01
1.203007493744630146e-01
1.205136158253219264e-01
1.207952825427233007e-01
1.210584676083180933e-01
1.213992674157178125e-01
1.217718026182740831e-01
1.222489946220698814e-01
1.228074502502690124e-01
1.235129077049295643e-01
1.243570373947725100e-01
1.254058226961726474e-01
1.266645410852218212e-01
1.282053389900470464e-01
1.300491558442548601e-01
1.322813699637414298e-01
1.349443440310206244e-01
1.381470968349574613e-01
1.419644914400838287e-01
1.465458740081731215e-01
1.520182807925262169e-01
1.585992305451078555e-01
1.665025128985408998e-01
1.760620419203139109e-01
1.876404443574755110e-01
2.017736613016841152e-01
2.190790808661849109e-01
2.404076057056711013e-01
2.666469023909109337e-01
2.986549798354375396e-01
3.368683107282057776e-01
3.816873895408989803e-01
4.335484825574763557e-01
4.931638733719208023e-01
5.611044017759582170e-01
6.380381339912899463e-01
7.242338052500257861e-01
8.199212324845488453e-01
9.245712413200860569e-01
1.037295174346053006e+00
1.155638620099654013e+00
1.275765858138276476e+00
1.390174047501822496e+00
1.487134661306457328e+00
1.547082327276692704e+00
1.543712492279192716e+00
1.447822809320097326e+00
1.247230091198605395e+00
9.672843430479151072e-01
6.717454106119151724e-01
4.226514060119276883e-01
2.463311257336493754e-01
1.349383897360164897e-01
7.160049768538022386e-02
3.852183899730984157e-02
2.184196812863870019e-02
1.349230600469481824e-02
9.235634432946558323e-03
6.997414484968071322e-03
5.766434506527604552e-03
5.052474938655399442e-03
4.607598917091934587e-03
4.307182676396234706e-03
4.084946860156181414e-03
3.907819595772544889e-03
3.757377842325555772e-03
3.625047573445195140e-03
3.505338688923958015e-03
3.396047343413308769e-03
3.295086453520674162e-03
3.201805874940943757e-03
3.115045382037787136e-03
3.034529028451918558e-03
2.959416130293200577e-03
2.889538829626743695e-03
2.824221899664618434e-03
2.763346117059489564e-03
2.706350887005964066e-03
2.653149050909236941e-03
2.603268728449819724e-03
2.556647169211091319e-03
2.512883529853144043e-03
2.471934252887239211e-03
2.433456162881411557e-03
2.397420861664423340e-03
2.363532412487383879e-03
2.331774374698417258e-03
2.301889807796816522e-03
2.273871675529304595e-03
2.247495460752617011e-03
2.222761492615230473e-03
2.199472394489480637e-03
2.177634229795173248e-03
2.157072485248089002e-03
2.137797650875734694e-03
2.119654589726851449e-03
2.102657167400150563e-03
2.086666761658949928e-03
2.071699766457059475e-03
2.057631711072448188e-03
2.044480832743240245e-03
2.032134848923329313e-03
2.020613284326093148e-03
2.009814404088751134e-03
1.999758567898730997e-03
1.990353210378122302e-03
1.981619156501030887e-03
1.973471846590361262e-03
1.965932267846313801e-03
1.958922878868632478e-03
1.952464579866403484e-03
1.946486006264950240e-03
1.941007765821908078e-03
1.935963950945513269e-03
1.931374707295588659e-03
1.927178966423280689e-03
1.923396271823463871e-03
1.919969862529112472e-03
1.916918564513622140e-03
1.914189466005418233e-03
1.911800581034803995e-03
1.909702451732454061e-03
1.907912203798847479e-03
1.906383492533649708e-03
1.905132494754416825e-03
1.904115685891499257e-03
1.903348247513491709e-03
1.902789224235800717e-03
1.902452768982175468e-03
1.902300282108924760e-03
1.902344866580495120e-03
1.902550098759811775e-03
1.902928021765539152e-03
1.903444238776696128e-03
1.904109734107068937e-03
1.904892016412137751e-03
1.905801022747795337e-03
1.906806071408036207e-03
1.907916073834508121e-03
1.909102085503939193e-03
1.910372023525627651e-03
1.911698629500866451e-03
1.913088866563761358e-03
1.914517130845379798e-03
1.915989480226216318e-03
1.917481951285886178e-03
1.918999752841185451e-03
1.920520563334949431e-03
1.922048805073152010e-03
1.923563813153013552e-03
1.925069290961403147e-03
1.926546256178615114e-03
1.927997764363148818e-03
1.929406550488876318e-03
1.930775095142459041e-03
1.932087891631266950e-03
1.933346918301309626e-03
1.934538471651221087e-03
1.935664098398566556e-03
1.936711944393798871e-03
1.937683191184175202e-03
1.938567878985457535e-03
1.939366884482621352e-03
1.940072183812731896e-03
1.940684401078408795e-03
1.941197484348788265e-03
1.941611847719925277e-03
1.941923439873094459e-03
1.942132496371140864e-03
1.942236986445336619e-03
