4.484093714754954441e+00
4.481921325443152249e+00
4.477574888081044868e+00
4.471050587084445915e+00
4.462343407388484451e+00
4.451445635440277826e+00
4.438348781768835849e+00
4.423041066817848588e+00
4.405510324705081082e+00
4.385740449437610877e+00
4.363715304625685576e+00
4.339414094325540816e+00
4.312816313272509028e+00
4.283895993630281396e+00
4.252627741604606548e+00
4.218979796017589656e+00
4.182921210580824223e+00
4.144413641503438051e+00
4.103419751097840518e+00
4.059893618269439841e+00
4.013790459719195347e+00
3.965055527338801511e+00
3.913635269882913992e+00
3.859464542425669720e+00
3.802479366835916252e+00
3.742602226826635015e+00
3.679756634504681934e+00
3.613850214774089853e+00
3.544791355623459150e+00
3.472469689930934411e+00
3.396775213592158060e+00
3.317575640129256875e+00
3.234738541771079223e+00
3.148104868405993351e+00
3.057514962103148992e+00
2.962777282806536849e+00
2.863699701428035205e+00
2.760052164449134260e+00
2.651605812678231366e+00
2.538088047034283701e+00
2.419234637054399784e+00
2.294736195602756101e+00
2.164316698517157800e+00
2.027688400785143674e+00
1.884789583663318169e+00
1.736400348964738161e+00
1.585638262742934179e+00
1.436424671622305693e+00
1.291428652683208389e+00
1.152966559361128684e+00
1.023406781341645200e+00
9.052727151381303461e-01
8.009862219985361964e-01
7.125425249709308462e-01
6.410549540242846955e-01
5.864795487302061350e-01
5.476286747866307980e-01
5.224659522234461617e-01
5.085909104534646064e-01
5.036083142339686791e-01
5.054435626204577536e-01
5.123874492976541184e-01
5.231681346656669174e-01
5.368170434230048471e-01
5.526858653122781462e-01
5.702847219299203019e-01
5.893290617554923783e-01
6.095878309051265820e-01
6.309696613251560837e-01
6.533759404964876172e-01
6.768195540819067491e-01
7.012719593518480510e-01
7.268102152065003541e-01
7.534488957358113081e-01
7.813160422292763085e-01
8.104617777608450480e-01
8.410685213532689275e-01
8.732271581111321623e-01
9.071924187652641303e-01
9.431139595999590286e-01
9.813568258851923520e-01
1.022167315911134411e+00
1.066096702420524123e+00
1.113566398751541620e+00
1.165472771728623069e+00
1.222376698193149647e+00
1.266921306595264696e+00
1.263261409767227006e+00
1.255288709843985773e+00
1.247799142799221217e+00
1.240639356113681702e+00
1.234041461229754999e+00
1.227931565928181090e+00
1.222484960623249295e+00
1.217674846378252296e+00
1.213653734468824297e+00
1.210422944488126262e+00
1.208125617822313425e+00
1.206784162388066850e+00
1.206540102828473904e+00
1.207434910051963906e+00
1.209614580855580934e+00
1.213140300290221907e+00
1.218167886909953257e+00
1.224779649043663765e+00
1.233144532659568471e+00
1.243364709683946412e+00
1.255619457964969321e+00
1.270021066365534024e+00
1.286743973690059883e+00
1.305885989101697175e+00
1.327584476159765270e+00
1.351880474044136582e+00
1.378820325059064045e+00
1.408306722528988475e+00
1.440164560989832143e+00
1.474022796633609689e+00
1.509512470962557140e+00
1.546224209116966231e+00
1.583807515039623137e+00
1.621850095666292235e+00
1.659982881663229159e+00
1.697775491707859130e+00
1.734836016275190795e+00
1.770684088583327265e+00
1.804813373634651885e+00
1.836502824326025296e+00
1.864783804310903959e+00
1.888091380493132077e+00
1.903990666065354498e+00
1.908493573579540081e+00
1.895502956325832766e+00
1.856343803662928726e+00
1.780856650831902588e+00
1.660477090753830431e+00
1.492687053144041487e+00
1.282716020893027720e+00
1.041279827538125424e+00
7.806002608969327961e-01
5.145414260027809661e-01
2.584496768334316186e-01
2.742748015666043176e-02
-1.655205165846408977e-01
-3.133068340850826972e-01
-4.168700048620050391e-01
-4.837667559269352990e-01
-5.240647125383377514e-01
-5.469334881203956611e-01
-5.591198402350548990e-01
-5.650168047059471732e-01
-5.672345831975551533e-01
-5.672560691883274941e-01
-5.658792678211070903e-01
-5.635354331564734753e-01
-5.604479227493052163e-01
-5.567431859865599186e-01
-5.524908893281059719e-01
-5.477396545595882849e-01
-5.425223874517282052e-01
-5.368686608958138651e-01
-5.308027876392649169e-01
-5.243488082228229263e-01
-5.175284460872777714e-01
-5.103631092338543063e-01
-5.028730880941953973e-01
-4.950778386476746284e-01
-4.869964429395046146e-01
-4.786466574001890795e-01
-4.700464275083556798e-01
-4.612119766829239631e-01
-4.521601682378375564e-01
-4.429058336694237097e-01
-4.334648100882263488e-01
-4.238506638236901880e-01
-4.140782640391062475e-01
-4.041600272839310226e-01
-3.941099139550761077e-01
-3.839392963334546938e-01
-3.736612849316449103e-01
-3.632863044764327864e-01
-3.528266732876365053e-01
-3.422919573203452304e-01
-3.316937385782328662e-01
-3.210408058151244526e-01
-3.103440583520994389e-01
-2.996115827112709740e-01
-2.888536466363170740e-01
-2.780777033121470398e-01
-2.672934372995711683e-01
-2.565077317229123577e-01
-2.457297335353998413e-01
-2.349658138589151846e-01
-2.242246247384941937e-01
-2.135120784834908803e-01
-2.028363720332519993e-01
-1.922030075131441473e-01
-1.816197636649418690e-01
-1.710917767659078104e-01
-1.606264413911742961e-01
-1.502285682474009954e-01
-1.399051989220645997e-01
-1.296608549742414851e-01
-1.195022533599331138e-01
-1.094336592357936511e-01
-9.946149048973025597e-02
-8.958978509636293663e-02
-7.982468467590596306e-02
-7.017002584949193211e-02
-6.063169403622901271e-02
-5.121334705708220636e-02
-4.192063149233695579e-02
-3.275704574543734926e-02
-2.372801224699633976e-02
-1.483688629137763608e-02
-6.088878211428308714e-03
2.512786480408939985e-03
1.096310009140494951e-02
1.925895645065636361e-02
2.739554358845907797e-02
3.536986702136293848e-02
4.317730605776107233e-02
5.081497292242319330e-02
5.827843614233398778e-02
6.556491221910150380e-02
7.267015911546921558e-02
7.959149757924308122e-02
8.632487736857608063e-02
9.286772567722687000e-02
9.921618839817432367e-02
1.053678034042711820e-01
1.113189188498111409e-01
1.170671893281277909e-01
1.226091729446010664e-01
1.279426486086430170e-01
1.330643933753962171e-01
1.379723193384699287e-01
1.426634325276544268e-01
1.471357880543957553e-01
1.513866316665348766e-01
1.554141719648139408e-01
1.592159055500929621e-01
1.627902052792037368e-01
1.661348297929648998e-01
1.692483269165550586e-01
1.721287282265744900e-01
1.747747668262158438e-01
1.771847574944645232e-01
1.793576281834596275e-01
1.812919861902596574e-01
1.829869628338150478e-01
1.844414659986712279e-01
1.856548375537634410e-01
1.866262925360367142e-01
1.873553889738520384e-01
1.878416539046743883e-01
1.880848653642096524e-01
