5.586502870957240852e+00
5.586329172431727663e+00
5.585981691702843754e+00
5.585460087211382429e+00
5.584764105411452739e+00
5.583893056508113517e+00
5.582846509449322703e+00
5.581623412581609323e+00
5.580223144272459912e+00
5.578644269881896101e+00
5.576885958145431310e+00
5.574946361914285831e+00
5.572824414453661390e+00
5.570517816902577302e+00
5.568025233293663945e+00
5.565343862382688300e+00
5.562472055733180376e+00
5.559406445142927922e+00
5.556145014909234625e+00
5.552683748090040616e+00
5.549020192562496234e+00
5.545149579166301912e+00
5.541068932095043031e+00
5.536772598649508659e+00
5.532256968906980710e+00
5.527515338957774027e+00
5.522543324293357259e+00
5.517332953816533880e+00
5.511878888536239529e+00
5.506171608781629701e+00
5.500204588824541219e+00
5.493966388610659557e+00
5.487448993173614120e+00
5.480638542267456614e+00
5.473525134225160294e+00
5.466091802481877870e+00
5.458326232632197517e+00
5.450207385205802169e+00
5.441719835492238921e+00
5.432837068621424237e+00
5.423539654119014841e+00
5.413793636952058286e+00
5.403575400190666400e+00
5.392847478702624819e+00
5.381630353230353769e+00
5.370187687702761892e+00
5.359457596091157683e+00
5.350329124544913384e+00
5.342925462759518851e+00
5.337062310663396758e+00
5.332457555037971808e+00
5.328842964620467804e+00
5.325966457714511826e+00
5.323633035190288076e+00
5.321681457961380701e+00
5.320000079800024650e+00
5.318499595366622756e+00
5.317123304895531533e+00
5.315824211062822435e+00
5.314575469658220364e+00
5.313352089530982703e+00
5.312142069085813212e+00
5.310931192329584327e+00
5.309714456821078343e+00
5.308482675429863740e+00
5.307233955533600778e+00
5.305961240008180368e+00
5.304663827628270489e+00
5.303335260173290600e+00
5.301975030159542079e+00
5.300576345925738231e+00
5.299138279559604925e+00
5.297652960037324554e+00
5.296118512028648695e+00
5.294525156008607958e+00
5.292869413139498214e+00
5.291138412775658217e+00
5.289326029403744300e+00
5.287414339286502063e+00
5.285392674302683780e+00
5.283234435032487575e+00
5.280920608460714760e+00
5.278408493773465437e+00
5.275662216588202114e+00
5.272605856819706283e+00
5.269163594260142247e+00
5.265241577354238700e+00
5.261100951180083918e+00
5.257009933379889866e+00
5.252941345040616383e+00
5.248922482000542011e+00
5.244935038844121600e+00
5.240994757923262526e+00
5.237088241456351767e+00
5.233225937880058076e+00
5.229395784520934676e+00
5.225604719105501950e+00
5.221840527799822773e+00
5.218107247498047663e+00
5.214391607946790685e+00
5.210694839496536446e+00
5.207001820497814570e+00
5.203310676783894806e+00
5.199603480753003382e+00
5.195874487106637574e+00
5.192101578961560548e+00
5.188273681408144711e+00
5.184362317710784041e+00
5.180348554608963596e+00
5.176194145750695697e+00
5.171868389460673399e+00
5.167319014760657581e+00
5.162501470328132669e+00
5.157357238089539386e+00
5.151867886581151801e+00
5.146073273979248519e+00
5.140112520578139943e+00
5.134110190927401618e+00
5.128146039977039550e+00
5.122239286080432663e+00
5.116408714343438469e+00
5.110649503673153404e+00
5.104974054794539029e+00
5.099374379831797199e+00
5.093863208923207431e+00
5.088430972572560052e+00
5.083091528935164582e+00
5.077833469012952960e+00
5.072672264056913960e+00
5.067594084770547624e+00
5.062616726933119260e+00
5.057723017638820373e+00
5.052934226144956575e+00
5.048228383514004491e+00
5.043631870523261007e+00
5.039116948930248086e+00
5.034710841174952378e+00
5.030596898823227470e+00
5.027761199578852924e+00
5.026335642620248123e+00
5.025571945527227413e+00
5.025191324768078616e+00
5.024959669397964568e+00
5.024829696702854065e+00
5.024728353442201367e+00
5.024662044669122807e+00
5.024598694051401360e+00
5.024552761265921319e+00
5.024504523627703279e+00
5.024467870194328611e+00
5.024428133516037676e+00
5.024397388334362446e+00
5.024363700694300050e+00
5.024337466995583590e+00
5.024308550742485835e+00
5.024285995431156948e+00
5.024260985883579167e+00
5.024241493401916614e+00
5.024219732101124158e+00
5.024202812023697895e+00
5.024183776088280595e+00
5.024169028908993972e+00
5.024152296040169219e+00
5.024139393558760602e+00
5.024124619278039106e+00
5.024113290357447248e+00
5.024100191440853180e+00
5.024090210933002787e+00
5.024078552880996362e+00
5.024069732882639805e+00
5.024059320282692198e+00
5.024051503197844326e+00
5.024042172231097503e+00
5.024035225246610281e+00
5.024026837809581814e+00
5.024020648478317419e+00
5.024013087534834554e+00
5.024007560228836766e+00
5.024000726107919590e+00
5.023995779157066188e+00
5.023989586584226785e+00
5.023985149956974539e+00
5.023979525658495149e+00
5.023975539073116892e+00
5.023970419831112366e+00
5.023966831210286976e+00
5.023962162274750121e+00
5.023958926475221354e+00
5.023954660260525173e+00
5.023951738024146074e+00
5.023947833033519217e+00
5.023945190117259152e+00
5.023941610051017470e+00
5.023939216502300908e+00
5.023935929514955490e+00
5.023933759065530857e+00
5.023930737144143066e+00
5.023928766701056148e+00
5.023925985142819073e+00
5.023924194359255857e+00
5.023921631330657611e+00
5.023920002242775240e+00
5.023917638406150132e+00
5.023916155124625860e+00
5.023913973320590642e+00
5.023912621767737896e+00
5.023910606744198759e+00
5.023909374429159413e+00
5.023907512609247838e+00
5.023906388435123382e+00
5.023904667717821404e+00
5.023903641815696375e+00
5.023902051404008695e+00
5.023901114989677730e+00
5.023899645242083878e+00
5.023898790492020261e+00
5.023897432793696716e+00
5.023896652737373181e+00
5.023895399388227823e+00
5.023894687814389748e+00
5.023893531931466150e+00
5.023892883306325885e+00
5.023891818738514203e+00
5.023891228134178100e+00
5.023890249387500617e+00
5.023889712419206788e+00
5.023888814591242813e+00
5.023888327362202588e+00
5.023887506084413701e+00
5.023887065137260244e+00
5.023886316524190931e+00
5.023885918798171701e+00
5.023885239402669178e+00
5.023884882195884138e+00
5.023884268969600164e+00
5.023883949905683544e+00
5.023883400164264046e+00
5.023883117163007839e+00
5.023882628555456975e+00
5.023882379806987153e+00
5.023881950288796361e+00
5.023881734230940310e+00
5.023881362040638621e+00
5.023881177339239557e+00
5.023880860978090723e+00
5.023880706510021277e+00
5.023880444724646566e+00
5.023880319563373220e+00
5.023880111331120446e+00
5.023880014734677601e+00
5.023879859251607627e+00
5.023879790652868493e+00
5.023879687324253496e+00
5.023879646323440085e+00
5.023879594756695433e+00
5.023879581116056592e+00
