1.791955690760776154e-01
1.791863785787790597e-01
1.791679633040349495e-01
1.791403743049536645e-01
1.791035087140349924e-01
1.790574688636841216e-01
1.790020832196778655e-01
1.789375058525414508e-01
1.788634964351744905e-01
1.787802614808841895e-01
1.786874917063475121e-01
1.785854470387255311e-01
1.784737490522388392e-01
1.783527123543131032e-01
1.782218891875042011e-01
1.780816504399441724e-01
1.779314788572174677e-01
1.777718035930387352e-01
1.776020377902287062e-01
1.774226713021346546e-01
1.772330476693489976e-01
1.770337204106430806e-01
1.768239636325474040e-01
1.766043981218620440e-01
1.763742289670962859e-01
1.761341485963074383e-01
1.758832938491309561e-01
1.756224341097019637e-01
1.753506392294863214e-01
1.750687620246578480e-01
1.747758072938784268e-01
1.744727192062831833e-01
1.741584403614438170e-01
1.738340160173728888e-01
1.734983306734997344e-01
1.731525427149938900e-01
1.727954843280628816e-01
1.724284420155143271e-01
1.720502037314284860e-01
1.716622029163235030e-01
1.712631944966837294e-01
1.708547826295303274e-01
1.704357042180399406e-01
1.700077609851937954e-01
1.695696670993980526e-01
1.691232806943169797e-01
1.686665002097171295e-01
1.681995608153159794e-01
1.677184379056394781e-01
1.672227144328762571e-01
1.667081833169317406e-01
1.661747526903054328e-01
1.656183052732541072e-01
1.650391149863087992e-01
1.644330591464400193e-01
1.638006591849800742e-01
1.631376223008859927e-01
1.624445898122549581e-01
1.617169469511585689e-01
1.609553556555667342e-01
1.601547473157627355e-01
1.593157270697836136e-01
1.584326452832732768e-01
1.575059798861442040e-01
1.565293600198152391e-01
1.555030592654416122e-01
1.544198147224430384e-01
1.532795987361351420e-01
1.520740346054504089e-01
1.508026616535175779e-01
1.494556887974041182e-01
1.480320343166740826e-01
1.465200704019563038e-01
1.449178162919208812e-01
1.432111920987199360e-01
1.413968927816346977e-01
1.394574524010800953e-01
1.373875663963736449e-01
1.351648943124041102e-01
1.327810116774290616e-01
1.302061840418289040e-01
1.274269045781779575e-01
1.244014470046126142e-01
1.211075059762242445e-01
1.174823192309551317e-01
1.134858108815695182e-01
1.090813652519113247e-01
1.046298582119885023e-01
1.004232438330066035e-01
9.641644903543029888e-02
9.261864015300419473e-02
8.899837537874812077e-02
8.555457087351429901e-02
8.226440123995934495e-02
7.912370283159726736e-02
7.611425447244782316e-02
7.323083679337157037e-02
7.045823699230237269e-02
6.779092525202287667e-02
6.521584473075528465e-02
6.272744456440471073e-02
6.031427830423597564e-02
5.797087431401616586e-02
5.568702235164293968e-02
5.345737492087970083e-02
5.127273959016847432e-02
4.912799798686546399e-02
4.701496824810736525e-02
4.492904598330568766e-02
4.286333535264528344e-02
4.081427683802048290e-02
3.877679448921123040e-02
3.674904904532821925e-02
3.472837250096603295e-02
3.271527039188942831e-02
3.071014045932059580e-02
2.871681696928644542e-02
2.673970092828512057e-02
2.478605132323229154e-02
2.286310560370145850e-02
2.097996318497944920e-02
1.914542754883712464e-02
1.736963833127632209e-02
1.566238160901099047e-02
1.403438091621951253e-02
1.249598039595038387e-02
1.105818870029034486e-02
9.731825848961804873e-03
8.528600893068803701e-03
7.460959157800586480e-03
6.543420728454747357e-03
5.792760471217155670e-03
5.228068452756261947e-03
4.867631426928481150e-03
4.723372258920272362e-03
4.794621950651992669e-03
5.067420343961160333e-03
5.519301321577230884e-03
6.124089213293354428e-03
6.849851385951009550e-03
7.651570904692065953e-03
8.465120779263925546e-03
9.213592524570624401e-03
9.829828454962538653e-03
1.028235383469650738e-02
1.058092777819509035e-02
1.076045140917866738e-02
1.085979320599841924e-02
1.091034021660720887e-02
1.093310651668451088e-02
1.094096268711041049e-02
1.094103518669124406e-02
1.093727401623852645e-02
1.093158278950093730e-02
1.092502966106348970e-02
1.091800515942299016e-02
1.091080675294740267e-02
1.090345105525437029e-02
1.089605424054386831e-02
1.088855315342606746e-02
1.088102479576399245e-02
1.087339275409222525e-02
1.086572516258317925e-02
1.085794566387166503e-02
1.085011930946386607e-02
1.084217212845576227e-02
1.083416710564226795e-02
1.082603297002449755e-02
1.081783083337571963e-02
1.080949211322616670e-02
1.080107612179946087e-02
1.079251691454799489e-02
1.078387206804700023e-02
1.077507822862097328e-02
1.076619130587765615e-02
1.075715049856955374e-02
1.074801012325233250e-02
1.073871190100476880e-02
1.072930863330938053e-02
1.071974454087298856e-02
1.071007099094584483e-02
1.070023468754437504e-02
1.069028564629270414e-02
1.068017304353712470e-02
1.066994562662528824e-02
1.065955503752936094e-02
1.064904883842998466e-02
1.063838113340695966e-02
1.062759838137136183e-02
1.061665714705681968e-02
1.060560286580976633e-02
1.059439456247424083e-02
1.058307672534582362e-02
1.057161083856047318e-02
1.056004051566322016e-02
1.054832969777706568e-02
1.053652119073730103e-02
1.052458138763296205e-02
1.051255234730799626e-02
1.050040290584359874e-02
1.048817442841715533e-02
1.047583817994665774e-02
1.046343487680907042e-02
1.045093819221845979e-02
1.043838822911783738e-02
1.042576104093435874e-02
1.041309614204660207e-02
1.040037192938180269e-02
1.038762734219919950e-02
1.037484307459101557e-02
1.036205749188451493e-02
1.034925352851119584e-02
1.033646896408642497e-02
1.032368890534886632e-02
1.031095052089844866e-02
1.029824101000918583e-02
1.028559689106507517e-02
1.027300736404334995e-02
1.026050824385328283e-02
1.024809062720270780e-02
1.023578955828857891e-02
1.022359791462229550e-02
1.021154988881616509e-02
1.019964001177834506e-02
1.018790153065861868e-02
1.017633049165565622e-02
1.016495909050162474e-02
1.015378474097567395e-02
1.014283847059629061e-02
1.013211890482232369e-02
1.012165577686295267e-02
1.011144876148935452e-02
1.010152616404308250e-02
1.009188854179074273e-02
1.008256263329571426e-02
1.007354970933567115e-02
1.006487479978403210e-02
1.005653972028530165e-02
1.004856764965901365e-02
1.004096078279414529e-02
1.003374030733137669e-02
1.002690863759957487e-02
1.002048483494561749e-02
1.001447138199028190e-02
1.000888508645903473e-02
1.000372835958065858e-02
9.999015638626295929e-03
9.994749137906367570e-03
9.990940820457049759e-03
9.987592594800634091e-03
9.984713861337373916e-03
9.982306132814101549e-03
9.980376175997264510e-03
9.978925038632534272e-03
9.977956801908435119e-03
9.977472001574914928e-03
