5.360964156523328333e-02
5.357631677972753137e-02
5.350970160485841315e-02
5.340987835454215349e-02
5.327694978842025669e-02
5.311107970997793609e-02
5.291243795989319237e-02
5.268126819297299507e-02
5.241780520624197970e-02
5.212237007430666619e-02
5.179525960193429729e-02
5.143686908902871113e-02
5.104755359953873362e-02
5.062777874038000558e-02
5.017795331401384701e-02
4.969860863942972967e-02
4.919020199410446131e-02
4.865332519141885026e-02
4.808847800495173047e-02
4.749630696151790898e-02
4.687734765750868615e-02
4.623229505273623863e-02
4.556171320728825969e-02
4.486633880124216156e-02
4.414675630074910151e-02
4.340373703150894602e-02
4.263787706286357310e-02
4.184997500464649606e-02
4.104062888084170774e-02
4.021065702201778724e-02
3.936064872662380087e-02
3.849143438878595280e-02
3.760358254376770792e-02
3.669792806111434741e-02
3.577500475321060414e-02
3.483564473658984362e-02
3.388033022309161479e-02
3.290988429124894893e-02
3.192471590598326692e-02
3.092563485824719252e-02
2.991294601941825448e-02
2.888744021634566395e-02
2.784923543918384897e-02
2.679884695331658656e-02
2.573439452892490806e-02
2.464595126434007688e-02
2.350546136032102482e-02
2.230047726789216589e-02
2.105289052638338945e-02
1.979298224298751269e-02
1.854860652420829356e-02
1.734091186027102507e-02
1.618491666411454519e-02
1.508952908072223528e-02
1.405945945250038076e-02
1.309593976517573269e-02
1.219823633001049408e-02
1.136405512803632077e-02
1.059044679872676170e-02
9.873896229651409062e-03
9.210835806243537760e-03
8.597576573963552904e-03
8.030614407779128328e-03
7.506503626241318658e-03
7.022058061304416697e-03
6.574212791447654226e-03
6.160170461032937923e-03
5.777267996557929053e-03
5.423092983056205900e-03
5.095359781428643840e-03
4.792008971786116366e-03
4.511092408869370185e-03
4.250863368520098676e-03
4.009668264514971645e-03
3.786032742666411814e-03
3.578557035229130816e-03
3.386002391319882249e-03
3.207186471187307378e-03
3.041074723533399374e-03
2.886671305293095433e-03
2.743121531231726418e-03
2.609591984764087630e-03
2.485394186167300470e-03
2.369843940230218285e-03
2.262426213713511838e-03
2.162621342658934635e-03
2.069962665569238455e-03
1.982964580311888207e-03
1.900470486737029178e-03
1.822340210534627693e-03
1.748281641637406151e-03
1.678141263808430143e-03
1.611681114364469508e-03
1.548746472577292987e-03
1.489130636281413376e-03
1.432687279350061725e-03
1.379233172803220409e-03
1.328633146238939215e-03
1.280723541640671655e-03
1.235381166064118859e-03
1.192459573669807501e-03
1.151847754391915587e-03
1.113414970992784078e-03
1.077062499579610044e-03
1.042674455507700514e-03
1.010164698836783607e-03
9.794319937404879096e-04
9.504035389101972301e-04
9.229933274505730490e-04
8.971433293125770847e-04
8.727840495805507491e-04
8.498733997216401321e-04
8.283561799665644732e-04
8.081924322631510579e-04
7.892924562565411519e-04
7.715063824066115128e-04
7.545929601610704444e-04
7.383623220629244007e-04
7.227000775339747400e-04
7.075703294932946582e-04
6.929411852726897461e-04
6.788071074877767303e-04
6.651447126945814105e-04
6.519517201820222057e-04
6.392049424688621634e-04
6.269033233726473966e-04
6.150230642819407966e-04
6.035645059816262909e-04
5.925028739386165293e-04
5.818403715022303722e-04
5.715507250740874557e-04
5.616387210449740996e-04
5.520757406235801126e-04
5.428702530715648822e-04
5.339901179353906489e-04
5.254481217691477990e-04
5.172121495480976137e-04
5.091322376446175569e-04
5.004795613022548556e-04
4.912524386101197599e-04
4.820768484292066751e-04
4.731671446178366183e-04
4.646782328765577713e-04
4.566169800012371367e-04
4.490053671381201861e-04
4.418090741714297246e-04
4.350216893875002728e-04
4.286067088410452095e-04
4.225524003050495545e-04
4.168265566964589742e-04
4.114172716469267628e-04
4.062969949627016930e-04
4.014548547940132773e-04
3.968673080408869811e-04
3.925247411347600060e-04
3.884069212822886244e-04
3.845054512268579537e-04
3.808028291534442181e-04
3.772917623064249914e-04
3.739570193247094870e-04
3.707922871314308245e-04
3.677842384315409643e-04
3.649274196975917008e-04
3.622101130277369805e-04
3.596276147601163526e-04
3.571695766880618418e-04
3.548319473221878215e-04
3.526055512377234660e-04
3.504869032659763974e-04
3.484678376361893966e-04
3.465453606294849028e-04
3.447121800095402622e-04
3.429657284924007149e-04
3.412994730689701594e-04
3.397112165579030938e-04
3.381950886393867480e-04
3.367492134665339568e-04
3.353683014555149068e-04
3.340507558717745835e-04
3.327917979647571295e-04
3.315900735333525721e-04
3.304412547742479256e-04
3.293441982961880328e-04
3.282949757289274216e-04
3.272926269419083509e-04
3.263335785164872050e-04
3.254170296232591322e-04
3.245397232496064085e-04
3.237009969969004640e-04
3.228978767454565579e-04
3.221298203187473834e-04
3.213941072615430377e-04
3.206902997075919632e-04
3.200159053001020186e-04
3.193705765566537923e-04
3.187520267954291569e-04
3.181599867106515945e-04
3.175923555781692354e-04
3.170489315532366262e-04
3.165277824904341427e-04
3.160287645868884213e-04
3.155500989241008438e-04
3.150916914508201396e-04
3.146519028863808336e-04
3.142306816256632256e-04
3.138265159740425856e-04
3.134393903274361633e-04
3.130679098699007119e-04
3.127120893062200631e-04
3.123706411706553255e-04
3.120436054444763129e-04
3.117297935199568929e-04
3.114292662014908120e-04
3.111409261603451993e-04
3.108648510793393790e-04
3.106000281363401148e-04
3.103465483953473346e-04
3.101034774825716517e-04
3.098709167399888386e-04
3.096480048176862218e-04
3.094348505798658511e-04
3.092306608398787148e-04
3.090355495351682232e-04
3.088487872846935140e-04
3.086704909214693670e-04
3.084999909623044041e-04
3.083374051985252311e-04
3.081821205407660603e-04
3.080342540149515413e-04
3.078932457850856990e-04
3.077592105782546005e-04
3.076316390000841789e-04
3.075106421155951670e-04
3.073957584588154135e-04
3.072870942224156777e-04
3.071842336281098646e-04
3.070872769241737464e-04
3.069958520294289550e-04
3.069100523014557289e-04
3.068295475966544353e-04
3.067544235508562912e-04
3.066843904133787564e-04
3.066195253737406595e-04
3.065595777306980561e-04
3.065046156022323081e-04
3.064544261828758319e-04
3.064090679872686468e-04
3.063683651325251316e-04
3.063323660868995987e-04
3.063009310897488310e-04
3.062740982049480683e-04
3.062517631605841581e-04
3.062339533404312224e-04
3.062205994900251728e-04
3.062117181174726314e-04
3.062072746733721725e-04
