0.000000000000000000e+00
0.000000000000000000e+00
7.476492650456592060e+00
2.246016149195722633e+01
4.501254142525279178e+01
7.522649790871902553e+01
1.132267362544721294e+02
1.591707776656407987e+02
2.132498277791861767e+02
2.756902856206458523e+02
3.467550018853069105e+02
4.267453769508707637e+02
5.160030534695340521e+02
6.149126821915589289e+02
7.239041095226584730e+02
8.434559161319925806e+02
9.740981789594361544e+02
1.116416918662846683e+03
1.271057538030215483e+03
1.438730351782446633e+03
1.620214830541692663e+03
1.816366432218022965e+03
2.028121813947820101e+03
2.256507240587676279e+03
2.502644968035607235e+03
2.767763574165108366e+03
3.053205767771849878e+03
3.360441074313661375e+03
3.691075388026764813e+03
4.046866553807477430e+03
4.429736059155622570e+03
4.841788190452481103e+03
5.285324360553654515e+03
5.762866690277940506e+03
6.277175592073717780e+03
6.831278845603980699e+03
7.428493214810860991e+03
8.072460362752791298e+03
8.767173477339631063e+03
9.517021721401430113e+03
1.032682309252993400e+04
1.120187955085442627e+04
1.214801765507738128e+04
1.317165707992967509e+04
1.427986097187892847e+04
1.548042129616279999e+04
1.678192136512798970e+04
1.819384238712091610e+04
1.972664126786595807e+04
2.139188393022739183e+04
2.320234231269531665e+04
2.517216156821245022e+04
2.731698123261828368e+04
2.965414539436811174e+04
3.220285434220415846e+04
3.498442935915943963e+04
3.802250286255375977e+04
4.134335279008545331e+04
4.497614141807111446e+04
4.895333860430979257e+04
5.331102224119922903e+04
5.808941520124384260e+04
6.333326391306810547e+04
6.909252111807426263e+04
7.542282355355215259e+04
8.238636209616428823e+04
9.005248525060138491e+04
9.849881061638226674e+04
1.078119881222576369e+05
1.180891229145083053e+05
1.294387414155540901e+05
1.419826168873908173e+05
1.558569928504560667e+05
1.712149302883661003e+05
1.882278571908684098e+05
2.070885926723261946e+05
2.280133088119433087e+05
2.512454344867693726e+05
2.770581364943429362e+05
3.057593679881524295e+05
3.376949997965923976e+05
3.732553591140165227e+05
4.128791675375460181e+05
4.570620199478402501e+05
5.063613091800607508e+05
5.614072279644324444e+05
6.229088723482897040e+05
6.916685153730119346e+05
7.685890628839253914e+05
8.546925466219000518e+05
9.511290154842829797e+05
1.059200417734072078e+06
1.180370759612689726e+06
1.316296756788281258e+06
1.468838485508701531e+06
1.640098295348717831e+06
1.832429759589205030e+06
2.048486169752629008e+06
2.291222192005598918e+06
2.563952508888429496e+06
2.870332275256236084e+06
3.214430435302382335e+06
3.600902910118771717e+06
4.036877697559769265e+06
4.534348848987178877e+06
5.109613730505572632e+06
5.782096016478115693e+06
6.575033575045654550e+06
7.516501814214352518e+06
8.641323010801292956e+06
9.992960526979919523e+06
1.162676423393807001e+07
1.361326469936302863e+07
1.604401283510542661e+07
1.903772143590341881e+07
2.275145729667256400e+07
2.739277573790655285e+07
3.324237991450748593e+07
4.067934003929170221e+07
5.022963671907532215e+07
6.262155848922809958e+07
7.889771590925092995e+07
1.005475652873428315e+08
1.298019512133698612e+08
1.700155226079100072e+08
2.267118508485907316e+08
3.093912608611654639e+08
4.390555110067519546e+08
6.245883322418870926e+08
8.605597928667855263e+08
1.155101985036815882e+09
1.520082495333694935e+09
1.962677555264503479e+09
2.478644098871649742e+09
3.047922208372825623e+09
3.640393580262124062e+09
4.228677303144925594e+09
4.796932129615748405e+09
5.340603641349775314e+09
5.861524109144774437e+09
6.363140338037662506e+09
6.848514815640687943e+09
7.319849576265629768e+09
7.778766117973876953e+09
8.226521553887616158e+09
8.664261426614862442e+09
9.093084979641775131e+09
9.514140498207853317e+09
9.928607296276514053e+09
1.033773075110027885e+10
1.074278741275942802e+10
1.114510416827623558e+10
1.154602815741098976e+10
1.194694351363068008e+10
1.234925017004433060e+10
1.275438116927141571e+10
1.316378945377670860e+10
1.357896582438166046e+10
1.400143189698422813e+10
1.443275821916259384e+10
1.487456180999830627e+10
1.532852403112661171e+10
1.579639158688732910e+10
1.627999395155365944e+10
1.678124711269679260e+10
1.730217051741613007e+10
1.784489312850139236e+10
1.841166993769061279e+10
1.900489008001408768e+10
1.962709298135706329e+10
2.028097836661322021e+10
2.096942207951736832e+10
2.169548784809907913e+10
2.246244275080882263e+10
2.327377058457690811e+10
2.413318686142489243e+10
2.504465357031279373e+10
2.601239347746147537e+10
2.704090598896911621e+10
2.813498039844733047e+10
2.929971244659088898e+10
3.054051601311701584e+10
3.186313983468819809e+10
3.327367697650900269e+10
3.477858101408283997e+10
3.638467244627066803e+10
3.809915347326274109e+10
3.992961033232875061e+10
4.188402561982837677e+10
4.397077535043497467e+10
4.619863758300772095e+10
4.857678283352978516e+10
5.111477758390312958e+10
5.382256653083444214e+10
5.671046939665850067e+10
5.978915338642522430e+10
6.306962159720988464e+10
6.656317400188633728e+10
7.028138568725302124e+10
7.423605470585894775e+10
7.843916838511828613e+10
8.290283651003175354e+10
8.763924405815090942e+10
9.266056841850314331e+10
9.797891714399641418e+10
1.036062282966837311e+11
1.095541921919776154e+11
1.158341345062642517e+11
1.224569215350482178e+11
1.294328264196842804e+11
1.367714181680790100e+11
1.444814122595851746e+11
1.525705445881687927e+11
1.610454087852160645e+11
1.699113173367511902e+11
1.791721292072960205e+11
1.888301016370387878e+11
1.988857130248370667e+11
2.093375102939054565e+11
2.201819334489244690e+11
2.314131648560052185e+11
2.430229633568000183e+11
2.550005232635300598e+11
2.673323272973356628e+11
2.800020244499916382e+11
2.929903121940566406e+11
3.062748434804073486e+11
3.198301494974903564e+11
3.336275868016963501e+11
3.476353122116958008e+11
3.618182812269619141e+11
3.761382862425883179e+11
3.905540168052209473e+11
4.050211710309002686e+11
4.194925866841518555e+11
4.339184333006594849e+11
4.482464203897678223e+11
4.624220741796610718e+11
4.763890253387216797e+11
4.900893694424008789e+11
5.034640315036774902e+11
5.164532033229924316e+11
5.289967760009108276e+11
5.410348405873504028e+11
5.525081730234152832e+11
5.633587774954395752e+11
5.735304015545166016e+11
5.829690950717124023e+11
5.916237274538088379e+11
5.994465300182978516e+11
6.063935832133730469e+11
6.124253075468072510e+11
6.175068874278449707e+11
6.216086762969549561e+11
6.247065257826420898e+11
6.267820748253538818e+11
