2.643427313008017452e-08
2.646367860074764692e-08
2.652278034195895804e-08
2.661139046962871345e-08
2.673038645086631294e-08
2.687939133635249946e-08
2.705988460757345233e-08
2.727129789537889312e-08
2.751573876248295115e-08
2.779244390895422603e-08
2.810418651869248814e-08
2.845000372372461812e-08
2.883338444022868265e-08
2.925316051744619915e-08
2.971360077467208604e-08
3.021332506215769468e-08
3.075746227580759638e-08
3.134441266459835408e-08
3.198026385939387139e-08
3.266318819139145509e-08
3.340035230172404898e-08
3.418969182428779770e-08
3.503959822941700665e-08
3.594776157397368396e-08
3.692397442816603462e-08
3.796567281111307778e-08
3.908426324420828300e-08
4.027692040201656546e-08
4.155692185183434437e-08
4.292117580523515077e-08
4.438514181535908194e-08
4.594546015199689911e-08
4.762014920379134611e-08
4.940558548388242982e-08
5.132280419549881680e-08
5.336793076397223737e-08
5.556557559925062708e-08
5.791163812084845353e-08
6.043498729309753094e-08
6.313133949045438735e-08
6.603466194094412192e-08
6.914055642633125769e-08
7.248912492445041657e-08
7.607595920291579113e-08
7.994858156153829427e-08
8.410272933245609579e-08
8.859494794680849170e-08
9.342134775560353727e-08
9.864950675933498867e-08
1.042762370970212974e-07
1.103826834852202742e-07
1.169668316084808085e-07
1.241266089554558292e-07
1.318618488158597237e-07
1.402913703940540613e-07
1.494178159189761792e-07
1.593861837199701411e-07
1.702032960526844639e-07
1.820471864279502695e-07
1.949308158329483552e-07
2.090742159977642558e-07
2.244992934517111116e-07
2.414798986818844616e-07
2.600509234610020382e-07
2.805557733198394670e-07
3.030481718640032919e-07
3.279622418993822399e-07
3.553790579596232305e-07
3.858522314852687462e-07
4.195026999946126237e-07
4.570431446970928604e-07
4.986529113106520398e-07
5.452589053602846156e-07
5.971266560954497012e-07
6.554752282812169945e-07
7.206984264877064793e-07
7.944192900516321187e-07
8.772245366338769004e-07
9.713043081460533408e-07
1.077538983728918983e-06
1.198928217237936049e-06
1.336805727476392057e-06
1.495348316048924450e-06
1.676600916253103509e-06
1.886487814658475907e-06
2.128190525787407386e-06
2.410288374122598698e-06
2.737818087800224990e-06
3.123500149076241272e-06
3.575473987171564073e-06
4.113115429050417535e-06
4.749900082633062388e-06
5.516275124796508273e-06
6.435194277961697615e-06
7.556278686973407670e-06
8.919952776556744535e-06
1.061066616505723135e-05
1.270242754433413723e-05
1.534670580695147725e-05
1.868522301691673349e-05
2.300997304567352871e-05
2.870697283517490087e-05
3.718312084961608046e-05
5.052639284668284758e-05
7.105218262185952587e-05
1.018255474812267440e-04
1.473459022478810685e-04
2.136050816777621409e-04
3.095552728821605393e-04
4.465897703830304290e-04
6.417693898175855878e-04
9.154594995197004289e-04
1.298272421536113145e-03
1.823575470894849395e-03
2.542621822277521364e-03
3.504314102805886327e-03
4.789183643418728695e-03
6.459631257069259509e-03
8.638196309072705692e-03
1.139160597461870601e-02
1.491514563812520837e-02
1.926960606993775860e-02
2.484006535700565912e-02
3.174917520934989607e-02
4.123494092857256377e-02
5.454389473404686051e-02
8.090140341483148534e-02
9.748275528248893929e-02
1.100524246857573496e-01
1.219256804361482510e-01
1.294175579120632746e-01
1.292287871874673033e-01
1.176382806765481626e-01
9.737863831707217754e-02
7.562680169217186887e-02
5.899775632371050127e-02
4.873363981213817836e-02
4.355712762055369974e-02
4.160512537226867397e-02
4.166029724278722673e-02
4.279338915900613577e-02
4.456315096650254048e-02
4.658624367415535594e-02
4.876132000380964393e-02
5.091828112680416712e-02
5.307953896782497544e-02
5.514794345557370858e-02
5.718418383268893124e-02
5.911363149416927476e-02
6.100667745861133862e-02
6.279598556633129991e-02
6.455337438567612662e-02
6.621473409504602392e-02
6.785098299092480467e-02
6.940013008531428773e-02
7.093143221490613715e-02
7.238463770339004233e-02
7.382703708319578173e-02
7.519994455591182125e-02
7.656856558528217505e-02
7.787568819541584864e-02
7.918441519343273616e-02
8.043895666193906502e-02
8.170035469527661687e-02
8.291420973803816097e-02
8.413957867369230292e-02
8.532342908120335578e-02
8.652292485031762292e-02
8.768637947217693129e-02
8.886916212513362723e-02
9.002090978346667660e-02
9.119529478654364585e-02
9.234325270315256462e-02
9.351685272264015358e-02
9.466830150474558891e-02
9.584815250262260222e-02
9.700985373395284994e-02
9.820252296144423021e-02
9.938081818713143112e-02
1.005924936157862049e-01
1.017933848302159522e-01
1.030299464204748189e-01
1.042591586521065261e-01
1.055262320743973053e-01
1.067892586565616642e-01
1.080922519143938526e-01
1.093943827401222951e-01
1.107385057787876742e-01
1.120848384099070311e-01
1.134751053338420163e-01
1.148705383483497738e-01
1.163117513732281477e-01
1.177609588379369548e-01
1.192576726323368308e-01
1.207650581495552378e-01
1.223215228401411392e-01
1.238911513057779079e-01
1.255112322025645211e-01
1.271467373111815347e-01
1.288338094668247669e-01
1.305382752423875914e-01
1.322950914408789203e-01
1.340709068265975024e-01
1.358994386814114941e-01
1.377481256766710793e-01
1.396493794096441421e-01
1.415713976015197939e-01
1.435452089536733422e-01
1.455397426990302501e-01
1.475845593682463819e-01
1.496492983160521428e-01
1.517619631706376426e-01
1.538928919522205008e-01
1.560684454920675257e-01
1.582596634569843896e-01
1.604911885055373133e-01
1.627347839714992916e-01
1.650133177398676876e-01
1.672993215045688598e-01
1.696138580077939106e-01
1.719302959167818001e-01
1.742678935758587289e-01
1.766009465878775331e-01
1.789469413512114748e-01
1.812812044653715204e-01
1.836195098826555461e-01
1.859383218036394503e-01
1.882517788458559771e-01
1.905375781137366720e-01
1.928083055921566979e-01
1.950429625881572315e-01
1.972526596036003055e-01
1.994177417469581437e-01
2.015479089344875130e-01
2.036248581466053309e-01
2.056569313763378370e-01
2.076271626971261108e-01
2.095425833752892764e-01
2.113875421816475142e-01
2.131678126801530293e-01
2.148690462112924082e-01
2.164958296670006221e-01
2.180351310774193974e-01
2.194904489461767250e-01
2.208501185474570361e-01
2.221166789300471900e-01
2.232799216537366960e-01
2.243415820200082844e-01
2.252930288360299738e-01
2.261353651967786538e-01
2.268616760902793239e-01
2.274726034187329327e-01
2.279630865100395198e-01
2.283334574953815033e-01
2.285806273084194928e-01
2.287047316651842355e-01
