3.786937222574508750e+14
3.786937222574508750e+14
3.786937222574508750e+14
3.786937222574508750e+14
3.786937222574508750e+14
3.786937222574508750e+14
3.786937222574508750e+14
3.786937222574508750e+14
3.786937222574508750e+14
3.786937222574508750e+14
3.786937222574508750e+14
3.786937222574508750e+14
3.786937222574508750e+14
3.786937222574508750e+14
3.786937222574508750e+14
3.786937222574508750e+14
3.786937222574508750e+14
3.786937222574508750e+14
3.786937222574508750e+14
3.786937222574508750e+14
3.786937222574508750e+14
3.786937222574508750e+14
3.786937222574508750e+14
3.786937222574508750e+14
3.786937222574508750e+14
3.786937222574508750e+14
3.786937222574508750e+14
3.786937222574508750e+14
3.786937222574508750e+14
3.786937222574508750e+14
3.786937222574508750e+14
3.786937222574508750e+14
3.786937222574508750e+14
3.786937222574508750e+14
3.786937222574508750e+14
3.786937222574508750e+14
3.786937222574508750e+14
3.786937222574508750e+14
3.786937222574508750e+14
3.786937222574508750e+14
3.786937222574508750e+14
3.786937222574508750e+14
3.786937222574508750e+14
3.786937222574508750e+14
3.786937222574508750e+14
3.786937222574508750e+14
3.786937222574508750e+14
3.786937222574508750e+14
3.786937222574508750e+14
3.786937222574508750e+14
3.786937222574508750e+14
3.786937222574508750e+14
3.786937222574508750e+14
3.786937222574508750e+14
3.786937222574508750e+14
3.786937222574508750e+14
3.786937222574508750e+14
3.786937222574508750e+14
3.786937222574508750e+14
3.786937222574508750e+14
3.786937222574508750e+14
3.786937222574508750e+14
3.786937222574508750e+14
3.786937222574508750e+14
3.786937222574508750e+14
3.786937222574508750e+14
3.786937222574508750e+14
3.786937222574508750e+14
3.786937222574508750e+14
3.786937222574508750e+14
3.786937222574508750e+14
3.786937222574508750e+14
3.786937222574508750e+14
3.786937222574508750e+14
3.786937222574508750e+14
3.786937222574508750e+14
3.786937222574508750e+14
3.786937222574508750e+14
3.786937222574508750e+14
3.786937222574508750e+14
3.786937222574508750e+14
3.786937222574508750e+14
3.786937222574508750e+14
3.786937222574508750e+14
3.786937222574508750e+14
3.786937222574508750e+14
3.786937222574508750e+14
3.786937222574508750e+14
3.786937222574508750e+14
3.786937222574508750e+14
3.786937222574508750e+14
3.786937222574508750e+14
3.786937222574508750e+14
3.786937222574508750e+14
3.786937222574508750e+14
3.786937222574508750e+14
3.786937222574508750e+14
3.786937222574508750e+14
3.786937222574508750e+14
3.786937222574508750e+14
3.786937222574508750e+14
3.786937222574508750e+14
3.786937222574508750e+14
3.786937222574508750e+14
3.786937222574508750e+14
3.786937222574508750e+14
3.786937222574508750e+14
3.786937222574508750e+14
3.786937222574508750e+14
3.786937222574508750e+14
3.786937222574508750e+14
3.786937222574508750e+14
3.786937222574508750e+14
3.786937222574508750e+14
3.786937222574508750e+14
3.786937222574508750e+14
3.786937222574508750e+14
3.786937222574503750e+14
3.786937222573185000e+14
3.786937222404406875e+14
3.786937210136197500e+14
3.786936649086223750e+14
3.786919245742798125e+14
3.786556682457916250e+14
3.781634435522018750e+14
3.739450883025565625e+14
3.519222427757656250e+14
2.845419968445880625e+14
1.688208664341573438e+14
6.249177258646786719e+13
1.303197204623950781e+13
2.092408094188685791e+12
9.971508718484464111e+11
9.477721725619669189e+11
9.467445902506876221e+11
9.467343565206005859e+11
9.467343057742231445e+11
9.467343056438159180e+11
9.467343056436271973e+11
9.467343056436271973e+11
9.467343056436271973e+11
9.467343056436271973e+11
9.467343056436271973e+11
9.467343056436271973e+11
9.467343056436271973e+11
9.467343056436271973e+11
9.467343056436271973e+11
9.467343056436271973e+11
9.467343056436271973e+11
9.467343056436271973e+11
9.467343056436271973e+11
9.467343056436271973e+11
9.467343056436271973e+11
9.467343056436271973e+11
9.467343056436271973e+11
9.467343056436271973e+11
9.467343056436271973e+11
9.467343056436271973e+11
9.467343056436271973e+11
9.467343056436271973e+11
9.467343056436271973e+11
9.467343056436271973e+11
9.467343056436271973e+11
9.467343056436271973e+11
9.467343056436271973e+11
9.467343056436271973e+11
9.467343056436271973e+11
9.467343056436271973e+11
9.467343056436271973e+11
9.467343056436271973e+11
9.467343056436271973e+11
9.467343056436271973e+11
9.467343056436271973e+11
9.467343056436271973e+11
9.467343056436271973e+11
9.467343056436271973e+11
9.467343056436271973e+11
9.467343056436271973e+11
9.467343056436271973e+11
9.467343056436271973e+11
9.467343056436271973e+11
9.467343056436271973e+11
9.467343056436271973e+11
9.467343056436271973e+11
9.467343056436271973e+11
9.467343056436271973e+11
9.467343056436271973e+11
9.467343056436271973e+11
9.467343056436271973e+11
9.467343056436271973e+11
9.467343056436271973e+11
9.467343056436271973e+11
9.467343056436271973e+11
9.467343056436271973e+11
9.467343056436271973e+11
9.467343056436271973e+11
9.467343056436271973e+11
9.467343056436271973e+11
9.467343056436271973e+11
9.467343056436271973e+11
9.467343056436271973e+11
9.467343056436271973e+11
9.467343056436271973e+11
9.467343056436271973e+11
9.467343056436271973e+11
9.467343056436271973e+11
9.467343056436271973e+11
9.467343056436271973e+11
9.467343056436271973e+11
9.467343056436271973e+11
9.467343056436271973e+11
9.467343056436271973e+11
9.467343056436271973e+11
9.467343056436271973e+11
9.467343056436271973e+11
9.467343056436271973e+11
9.467343056436271973e+11
9.467343056436271973e+11
9.467343056436271973e+11
9.467343056436271973e+11
9.467343056436271973e+11
9.467343056436271973e+11
9.467343056436271973e+11
9.467343056436271973e+11
9.467343056436271973e+11
9.467343056436271973e+11
9.467343056436271973e+11
9.467343056436271973e+11
9.467343056436271973e+11
9.467343056436271973e+11
9.467343056436271973e+11
9.467343056436271973e+11
9.467343056436271973e+11
9.467343056436271973e+11
9.467343056436271973e+11
9.467343056436271973e+11
9.467343056436271973e+11
9.467343056436271973e+11
9.467343056436271973e+11
9.467343056436271973e+11
9.467343056436271973e+11
9.467343056436271973e+11
9.467343056436271973e+11
9.467343056436271973e+11
9.467343056436271973e+11
9.467343056436271973e+11
9.467343056436271973e+11
9.467343056436271973e+11
9.467343056436271973e+11
9.467343056436271973e+11
9.467343056436271973e+11
9.467343056436271973e+11
9.467343056436271973e+11
9.467343056436271973e+11
9.467343056436271973e+11
9.467343056436271973e+11
