4.000000000000000777e-02
4.000000000000000777e-02
4.000000000000000777e-02
4.000000000000000777e-02
4.000000000000000777e-02
4.000000000000000777e-02
4.000000000000000777e-02
4.000000000000000777e-02
4.000000000000000777e-02
4.000000000000000777e-02
4.000000000000000777e-02
4.000000000000000777e-02
4.000000000000000777e-02
4.000000000000000777e-02
4.000000000000000777e-02
4.000000000000000777e-02
4.000000000000000777e-02
4.000000000000000083e-02
4.000000000000001471e-02
4.000000000000000777e-02
4.000000000000000777e-02
4.000000000000000777e-02
4.000000000000000777e-02
4.000000000000000777e-02
4.000000000000000777e-02
4.000000000000000777e-02
4.000000000000000777e-02
4.000000000000000777e-02
4.000000000000000777e-02
4.000000000000000083e-02
4.000000000000001471e-02
4.000000000000000777e-02
4.000000000000000777e-02
4.000000000000001471e-02
4.000000000000000083e-02
4.000000000000000083e-02
4.000000000000001471e-02
4.000000000000000777e-02
4.000000000000000777e-02
4.000000000000000777e-02
4.000000000000000777e-02
4.000000000000000777e-02
4.000000000000000777e-02
4.000000000000000083e-02
4.000000000000001471e-02
4.000000000000000777e-02
4.000000000000000777e-02
4.000000000000000777e-02
4.000000000000000777e-02
4.000000000000001471e-02
4.000000000000000083e-02
4.000000000000000777e-02
4.000000000000000777e-02
4.000000000000000777e-02
4.000000000000000777e-02
4.000000000000000777e-02
4.000000000000000777e-02
4.000000000000000083e-02
4.000000000000001471e-02
4.000000000000000777e-02
4.000000000000000777e-02
4.000000000000000777e-02
4.000000000000000777e-02
4.000000000000000777e-02
4.000000000000000777e-02
4.000000000000001471e-02
4.000000000000000083e-02
4.000000000000000777e-02
4.000000000000000777e-02
4.000000000000001471e-02
4.000000000000000083e-02
4.000000000000000777e-02
4.000000000000000777e-02
4.000000000000000777e-02
4.000000000000000777e-02
4.000000000000000777e-02
4.000000000000000777e-02
4.000000000000000777e-02
4.000000000000000777e-02
4.000000000000000777e-02
4.000000000000000777e-02
4.000000000000000083e-02
4.000000000000001471e-02
4.000000000000000777e-02
4.000000000000000777e-02
3.999999999999999389e-02
4.000000000000002165e-02
4.000000000000000777e-02
4.000000000000000777e-02
4.000000000000000777e-02
4.000000000000000777e-02
4.000000000000000083e-02
4.000000000000001471e-02
4.000000000000000777e-02
4.000000000000000777e-02
4.000000000000000777e-02
4.000000000000000777e-02
4.000000000000000777e-02
4.000000000000000777e-02
4.000000000000000777e-02
4.000000000000000777e-02
4.000000000000000777e-02
4.000000000000000777e-02
4.000000000000000777e-02
4.000000000000000777e-02
4.000000000000001471e-02
4.000000000000000083e-02
4.000000000000000083e-02
4.000000000000001471e-02
4.000000000000001471e-02
4.000000000000000083e-02
4.000000000000000777e-02
4.000000000000000777e-02
4.000000000000001471e-02
4.000000000000000083e-02
4.000000000000000777e-02
4.000000000000000777e-02
4.000000000000000777e-02
4.000000000000000777e-02
4.000000000000000777e-02
4.000000000000000777e-02
4.000000000000001471e-02
4.000000000000000083e-02
4.000000000000000777e-02
4.000000000000000777e-02
4.000000000000000777e-02
4.000000000000000777e-02
4.000000000000000777e-02
4.000000000000000777e-02
4.000000000000000083e-02
4.000000000000001471e-02
4.000000000000000777e-02
4.000000000000000777e-02
4.000000000000000777e-02
4.000000000000000777e-02
4.000000000000000777e-02
4.000000000000000777e-02
4.000000000000001471e-02
4.000000000000000083e-02
4.000000000000001471e-02
4.000000000000000083e-02
4.000000000000000777e-02
4.000000000000000777e-02
4.000000000000000777e-02
4.000000000000000777e-02
4.000000000000000777e-02
4.000000000000000777e-02
4.000000000000001471e-02
4.000000000000000083e-02
4.000000000000000777e-02
4.000000000000000777e-02
4.000000000000000777e-02
4.000000000000000777e-02
4.000000000000000083e-02
4.000000000000001471e-02
4.000000000000000777e-02
4.000000000000000777e-02
4.000000000000000777e-02
4.000000000000000777e-02
4.000000000000000777e-02
4.000000000000000777e-02
4.000000000000000777e-02
4.000000000000000777e-02
4.000000000000001471e-02
4.000000000000000083e-02
4.000000000000001471e-02
4.000000000000000083e-02
4.000000000000000777e-02
4.000000000000000777e-02
4.000000000000001471e-02
4.000000000000000083e-02
4.000000000000000777e-02
4.000000000000000777e-02
4.000000000000001471e-02
4.000000000000000083e-02
4.000000000000000777e-02
4.000000000000000777e-02
4.000000000000000777e-02
4.000000000000000777e-02
4.000000000000000083e-02
4.000000000000001471e-02
3.999999999999999389e-02
4.000000000000002165e-02
4.000000000000000777e-02
4.000000000000000777e-02
4.000000000000000083e-02
4.000000000000001471e-02
4.000000000000000083e-02
4.000000000000001471e-02
4.000000000000000777e-02
4.000000000000000777e-02
4.000000000000000777e-02
4.000000000000000777e-02
4.000000000000000777e-02
4.000000000000000777e-02
4.000000000000000777e-02
4.000000000000000777e-02
4.000000000000001471e-02
4.000000000000000083e-02
4.000000000000001471e-02
4.000000000000000083e-02
4.000000000000000777e-02
4.000000000000000777e-02
4.000000000000001471e-02
4.000000000000000083e-02
4.000000000000000777e-02
4.000000000000000777e-02
4.000000000000000777e-02
4.000000000000000777e-02
4.000000000000000777e-02
4.000000000000000777e-02
4.000000000000000777e-02
4.000000000000000777e-02
4.000000000000000777e-02
4.000000000000000777e-02
4.000000000000000777e-02
4.000000000000000777e-02
4.000000000000000083e-02
4.000000000000001471e-02
4.000000000000000777e-02
4.000000000000000777e-02
4.000000000000001471e-02
4.000000000000000083e-02
4.000000000000000777e-02
4.000000000000000777e-02
4.000000000000001471e-02
4.000000000000000083e-02
4.000000000000001471e-02
4.000000000000000083e-02
4.000000000000001471e-02
4.000000000000000083e-02
4.000000000000000777e-02
4.000000000000000777e-02
4.000000000000000777e-02
4.000000000000000777e-02
4.000000000000000083e-02
4.000000000000001471e-02
4.000000000000000777e-02
4.000000000000000777e-02
4.000000000000000777e-02
4.000000000000000777e-02
4.000000000000000777e-02
4.000000000000000777e-02
4.000000000000000083e-02
4.000000000000001471e-02
4.000000000000000083e-02
4.000000000000001471e-02
4.000000000000000777e-02
4.000000000000000777e-02
4.000000000000000777e-02
4.000000000000000777e-02
4.000000000000000777e-02
4.000000000000000777e-02
4.000000000000000083e-02
4.000000000000001471e-02
4.000000000000000777e-02
