1.468854564927547202e+01
1.468619111492067475e+01
1.468148098618281239e+01
1.467441313638506095e+01
1.466498436375215597e+01
1.465319037138871217e+01
1.463902575002354034e+01
1.462248394409475516e+01
1.460355722495823549e+01
1.458223664222839311e+01
1.455851198630724674e+01
1.453237172372086938e+01
1.450380294734982733e+01
1.447279129401701425e+01
1.443932088023257876e+01
1.440337419969651478e+01
1.436493204167401672e+01
1.432397336533399113e+01
1.428047519699372003e+01
1.423441247726404058e+01
1.418575793227710236e+01
1.413448188837211994e+01
1.408055211095113002e+01
1.402393357980482769e+01
1.396458828729396195e+01
1.390247496522504278e+01
1.383754883143545911e+01
1.376976125615507129e+01
1.369905944249785534e+01
1.362538601615213985e+01
1.354867862033216319e+01
1.346886940692588475e+01
1.338588451951535596e+01
1.329964345604333076e+01
1.321005840372015783e+01
1.311703343202635530e+01
1.302046363051425892e+01
1.292023407923073108e+01
1.281621873936401812e+01
1.270827919657360816e+01
1.259626351058487437e+01
1.248000581004134091e+01
1.235932969627746303e+01
1.223406607492375286e+01
1.210411276004203529e+01
1.196954612381850680e+01
1.183068192792596207e+01
1.168800209822355107e+01
1.154205322083898189e+01
1.139338730172616643e+01
1.124253138821840814e+01
1.108997106520747167e+01
1.093614211336005937e+01
1.078142810503816307e+01
1.062616191850790059e+01
1.047062972788831381e+01
1.031507608662536946e+01
1.015970934296857564e+01
1.000470673421624923e+01
9.850218963301152542e+00
9.696374046808486469e+00
9.543280502801632537e+00
9.391029842399323257e+00
9.239698504525335920e+00
9.089349235874287558e+00
8.940032043710516518e+00
8.791784709400221942e+00
8.644632950669560501e+00
8.498590187444182931e+00
8.353656946900468228e+00
8.209819812744161283e+00
8.067049879409637470e+00
7.925300527666875539e+00
7.784504350881108259e+00
7.644568878746052398e+00
7.505370747852492030e+00
7.366748033836302056e+00
7.228492028321407581e+00
7.090345923651663718e+00
6.952032803148892270e+00
6.813326443679819988e+00
6.674101081719187256e+00
6.534305908198816404e+00
6.393921954430052956e+00
6.252940679438281357e+00
6.111357001661399835e+00
5.969167600447660149e+00
5.826370707588074183e+00
5.682966409291109855e+00
5.538957052245562451e+00
5.394347750865479796e+00
5.249146903839096545e+00
5.103366779429276967e+00
4.957024117645897121e+00
4.810140806011226289e+00
4.662744590386358468e+00
4.514869871772498655e+00
4.366558556575164118e+00
4.217861002698413131e+00
4.068837026640983900e+00
3.919556997321235414e+00
3.770102966303188197e+00
3.620569828827487235e+00
3.471066431704717292e+00
3.321716573816824170e+00
3.172659767840330769e+00
3.024051657427831774e+00
2.876063926213485278e+00
2.728883581988979845e+00
2.582711488082088724e+00
2.437760103442672577e+00
2.294250432875438506e+00
2.152408302521616967e+00
2.012460126324676857e+00
1.874628413970189200e+00
1.739127280406347342e+00
1.606158235776241394e+00
1.475906486936001905e+00
1.348537940387830592e+00
1.224197014948811724e+00
1.103005307235974453e+00
9.850610781698642127e-01
8.704394785188190875e-01
7.591933924602964900e-01
6.513547602860962904e-01
5.469362409189476582e-01
4.459330820724197730e-01
3.483250887995392731e-01
2.540785967559386904e-01
1.631483862814329944e-01
7.547948510799282196e-02
-8.991165156027020045e-03
-9.033320040280082286e-02
-1.686214825061282119e-01
-2.439349089887544453e-01
-3.163553696182231367e-01
-3.859668462999183425e-01
-4.528546366479737628e-01
-5.171046957771294750e-01
-5.788030758514923768e-01
-6.380354589888193040e-01
-6.948867642899108077e-01
-7.494408267009813329e-01
-8.017801304159544173e-01
-8.519855967485012727e-01
-9.001364111544637447e-01
-9.463098912674826613e-01
-9.905813823715408084e-01
-1.033024183698433074e+00
-1.073709493420376138e+00
-1.112706376853278112e+00
-1.150081746911352898e+00
-1.185900362117636053e+00
-1.220224832153544270e+00
-1.253115636772945685e+00
-1.284631148828685676e+00
-1.314827667553251755e+00
-1.343759453473163612e+00
-1.371478771261979146e+00
-1.398035932444820384e+00
-1.423479344310042860e+00
-1.447855557401993121e+00
-1.471209317919628390e+00
-1.493583617802212160e+00
-1.515019748738059668e+00
-1.535557353243810930e+00
-1.555234478920379360e+00
-1.574087629369009145e+00
-1.592151817713688855e+00
-1.609460616526078969e+00
-1.626046209919745689e+00
-1.641939441902035446e+00
-1.657169866559167426e+00
-1.671765794438177410e+00
-1.685754340502561233e+00
-1.699161468286165544e+00
-1.712012035420106493e+00
-1.724329835404903033e+00
-1.736137640600049270e+00
-1.747457241539344563e+00
-1.758309487342448074e+00
-1.768714322556747653e+00
-1.778690825001147502e+00
-1.788257240161203132e+00
-1.797431016512252011e+00
-1.806228837526681064e+00
-1.814666654550405545e+00
-1.822759716503578264e+00
-1.830522600403722944e+00
-1.837969238856598242e+00
-1.845112948332249037e+00
-1.851966454553152897e+00
-1.858541918637213630e+00
-1.864850960496578169e+00
-1.870904682965891075e+00
-1.876713693328051047e+00
-1.882288125547564750e+00
-1.887637660039926724e+00
-1.892771544129111083e+00
-1.897698610175871270e+00
-1.902427294376170419e+00
-1.906965653360833679e+00
-1.911321381448006340e+00
-1.915501825822847559e+00
-1.919514002352833648e+00
-1.923364609451287954e+00
-1.927060042559490149e+00
-1.930606406792851448e+00
-1.934009530188283588e+00
-1.937274975226352947e+00
-1.940408050936874407e+00
-1.943413823384707362e+00
-1.946297126720903714e+00
-1.949062572714340025e+00
-1.951714560829671097e+00
-1.954257286881655231e+00
-1.956694752215646149e+00
-1.959030771555914541e+00
-1.961268981358760044e+00
-1.963412846921017252e+00
-1.965465669970693607e+00
-1.967430595096313350e+00
-1.969310616635241207e+00
-1.971108584479698944e+00
-1.972827210317778412e+00
-1.974469072867464758e+00
-1.976036623520619928e+00
-1.977532191051966759e+00
-1.978957986712144734e+00
-1.980316108454186041e+00
-1.981608545517426601e+00
-1.982837182210451132e+00
-1.984003802023572405e+00
-1.985110091003446264e+00
-1.986157641428184739e+00
-1.987147954805230210e+00
-1.988082445139931043e+00
-1.988962441584687157e+00
-1.989789191328679818e+00
-1.990563861923342115e+00
-1.991287543817532368e+00
-1.991961252381561742e+00
-1.992585930109345149e+00
-1.993162448360285000e+00
-1.993691609247060681e+00
-1.994174147112337092e+00
-1.994610730118071107e+00
-1.995001961471387641e+00
-1.995348380728863891e+00
-1.995650464783675915e+00
-1.995908628895721293e+00
-1.996123227449867032e+00
-1.996294554720688508e+00
-1.996422845408917235e+00
-1.996508275147659495e+00
-1.996550960822278675e+00
