-1.313963484199915044e+01
-1.313823266784580213e+01
-1.313542766421420893e+01
-1.313121846568490447e+01
-1.312560309428049088e+01
-1.311857879452871423e+01
-1.311014222943441432e+01
-1.310028920346783110e+01
-1.308901495879833377e+01
-1.307631378294640712e+01
-1.306217940809338884e+01
-1.304660449865245653e+01
-1.302958115755130564e+01
-1.301110028729900137e+01
-1.299115220835855666e+01
-1.296972588533169812e+01
-1.294680966394781763e+01
-1.292239035165275851e+01
-1.289645408140719240e+01
-1.286898523310942366e+01
-1.283996743440986421e+01
-1.280938230583284998e+01
-1.277721061129502367e+01
-1.274343080525735772e+01
-1.270802034874957442e+01
-1.267095403101670925e+01
-1.263220547082437761e+01
-1.259174517735575982e+01
-1.254954226170005960e+01
-1.250556219149816961e+01
-1.245976874413913826e+01
-1.241212139588074592e+01
-1.236257755649614865e+01
-1.231108951481087210e+01
-1.225760700207094978e+01
-1.220207358603517456e+01
-1.214442959232517971e+01
-1.208460773061094784e+01
-1.202253607196127660e+01
-1.195813153797697659e+01
-1.189129807355709012e+01
-1.182189992139949197e+01
-1.174968629942799225e+01
-1.167402876552248081e+01
-1.159339349262661578e+01
-1.150537711524756013e+01
-1.140823228672492284e+01
-1.130172729931031661e+01
-1.118652291701802959e+01
-1.106362672166590144e+01
-1.093413684655826401e+01
-1.079914631524053803e+01
-1.065967233384734669e+01
-1.051663296843324247e+01
-1.037082494421230194e+01
-1.022293036437096880e+01
-1.007351752840833647e+01
-9.923058772153646956e+00
-9.771938179567063898e+00
-9.620469793030633099e+00
-9.468904724827599040e+00
-9.317445941325246395e+00
-9.166252696802395405e+00
-9.015451558536833332e+00
-8.865138319701367564e+00
-8.715386068706141742e+00
-8.566245336692908552e+00
-8.417750178313198717e+00
-8.269917353179906172e+00
-8.122751357781694992e+00
-7.976243586206920533e+00
-7.830377903903331216e+00
-7.685133221770913181e+00
-7.540500303866296328e+00
-7.396524975265164947e+00
-7.253472583874038371e+00
-7.112403475001998210e+00
-6.977079427010425938e+00
-6.858393997937306530e+00
-6.774780462184359919e+00
-6.731685457791721561e+00
-6.712912762013948154e+00
-6.703777785480106388e+00
-6.698279726314465776e+00
-6.694576516338344163e+00
-6.692146300679755910e+00
-6.690837205715990166e+00
-6.690597214318944275e+00
-6.691397631207487429e+00
-6.693213752747205092e+00
-6.696018007906042513e+00
-6.699779539430731568e+00
-6.704462798713437088e+00
-6.710028468396711077e+00
-6.716432576066853954e+00
-6.723627411217766081e+00
-6.731560717023691964e+00
-6.740176489590707476e+00
-6.749414183979970616e+00
-6.759209407914941181e+00
-6.769493162953024168e+00
-6.780192518571053206e+00
-6.791230005600044528e+00
-6.802524461505276676e+00
-6.813990808931571053e+00
-6.825541359197159430e+00
-6.837086259840391200e+00
-6.848535501238461443e+00
-6.859800149013422832e+00
-6.870794984918618731e+00
-6.881440211332637169e+00
-6.891664187366861150e+00
-6.901404893605564972e+00
-6.910611999468035727e+00
-6.919247387715668829e+00
-6.927286029476335649e+00
-6.934715278410421568e+00
-6.941534523526286193e+00
-6.947753458904953661e+00
-6.953390916274826417e+00
-6.958472637556526230e+00
-6.963029870303058644e+00
-6.967097203561168683e+00
-6.970711408652358720e+00
-6.973909699809024865e+00
-6.976729051037718676e+00
-6.979204984981176807e+00
-6.981371367866568534e+00
-6.983259652330671585e+00
-6.984899032276610242e+00
-6.986315999149743661e+00
-6.987534715572178534e+00
-6.988576752765250255e+00
-6.989461569084114423e+00
-6.990206333247605208e+00
-6.990826433332302692e+00
-6.991335328154746342e+00
-6.991745045499579980e+00
-6.992066031934537129e+00
-6.992307621397649164e+00
-6.992477871128099487e+00
-6.992583994710923179e+00
-6.992632181295457272e+00
-6.992627993782043916e+00
-6.992576172988062666e+00
-6.992481004459080829e+00
-6.992346110923601366e+00
-6.992174791995246608e+00
-6.991969808523473162e+00
-6.991733699285852310e+00
-6.991468560486524098e+00
-6.991176342996840987e+00
-6.990858629690402282e+00
-6.990516916164178696e+00
-6.990152388024615249e+00
-6.989766187438057443e+00
-6.989359191976602048e+00
-6.988932268851822727e+00
-6.988486056514787492e+00
-6.988021208027400455e+00
-6.987538176285531755e+00
-6.987037447668288159e+00
-6.986519331503836305e+00
-6.985984184894161508e+00
-6.985432206855199944e+00
-6.984863655028546781e+00
-6.984278644787248247e+00
-6.983677358403476809e+00
-6.983059849307788447e+00
-6.982426244172679652e+00
-6.981776552436705252e+00
-6.981110861679915125e+00
-6.980429152468434317e+00
-6.979731487332709428e+00
-6.979017830947223722e+00
-6.978288232971745053e+00
-6.977542653551124907e+00
-6.976781140239476819e+00
-6.976003658783448635e+00
-6.975210264317137643e+00
-6.974400937376557863e+00
-6.973575749526940371e+00
-6.972734704544908624e+00
-6.971877898618275005e+00
-6.971005366624395627e+00
-6.970117237024417101e+00
-6.969213583160684955e+00
-6.968294572952006050e+00
-6.967360325128991505e+00
-6.966411053823716060e+00
-6.965446929659027120e+00
-6.964468219314481345e+00
-6.963475151384054485e+00
-6.962468050989803814e+00
-6.961447210321480839e+00
-6.960413018360443793e+00
-6.959365836014204554e+00
-6.958306121005085387e+00
-6.957234307512827343e+00
-6.956150926275489255e+00
-6.955056488653941216e+00
-6.953951601986100073e+00
-6.952836857988428321e+00
-6.951712943399347644e+00
-6.950580532634444531e+00
-6.949440393750534462e+00
-6.948293285273629216e+00
-6.947140057511641764e+00
-6.945981553477207804e+00
-6.944818705574550499e+00
-6.943652440543027105e+00
-6.942483771542264037e+00
-6.941313707047072512e+00
-6.940143338354572755e+00
-6.938973752366695003e+00
-6.937806114544119218e+00
-6.936641585519063291e+00
-6.935481399522962498e+00
-6.934326784779934805e+00
-6.933179037438553571e+00
-6.932039445705050262e+00
-6.930909359314032514e+00
-6.929790117370226099e+00
-6.928683113398762750e+00
-6.927589726874770371e+00
-6.926511383900463059e+00
-6.925449492413465080e+00
-6.924405498545355364e+00
-6.923380825511318726e+00
-6.922376925712997675e+00
-6.921395223324159574e+00
-6.920437162208917137e+00
-6.919504152230183003e+00
-6.918597613062280161e+00
-6.917718924260642055e+00
-6.916869465055138555e+00
-6.916050568230162732e+00
-6.915263555991438160e+00
-6.914509697714712466e+00
-6.913790241983715390e+00
-6.913106378273232266e+00
-6.912459265258496188e+00
-6.911849996503635296e+00
-6.911279625143401439e+00
-6.910749133650489817e+00
-6.910259454988170624e+00
-6.909811446529833923e+00
-6.909405907776026368e+00
-6.909043558496303916e+00
-6.908725053096121727e+00
-6.908450963044936444e+00
-6.908221787967475436e+00
-6.908037942413123744e+00
-6.907899763732596732e+00
-6.907807503232169744e+00
-6.907761330881139195e+00
