2.145342953172491463e+01
2.145341781480012955e+01
2.145339437648186376e+01
2.145335920938738994e+01
2.145331230011853663e+01
2.145325363392745288e+01
2.145318318851052197e+01
2.145310094179047766e+01
2.145300686259934864e+01
2.145290092158542095e+01
2.145278307877577717e+01
2.145265329762029083e+01
2.145251152942091366e+01
2.145235773052856487e+01
2.145219184362293774e+01
2.145201381808178098e+01
2.145182358809189083e+01
2.145162109621388069e+01
2.145140626830143660e+01
2.145117904028882094e+01
2.145093932989189511e+01
2.145068706664951108e+01
2.145042216037627369e+01
2.145014453449320868e+01
2.144985409119844277e+01
2.144955074812687457e+01
2.144923440020115635e+01
2.144890495966477317e+01
2.144856231457151097e+01
2.144820637224134430e+01
2.144783701434233336e+01
2.144745414382385462e+01
2.144705763654062025e+01
2.144664739172319301e+01
2.144622328008908241e+01
2.144578519791658877e+01
2.144533301158304894e+01
2.144486661531429306e+01
2.144438587208503932e+01
2.144389067512317482e+01
2.144338088510176377e+01
2.144285639548484212e+01
2.144231706593486209e+01
2.144176279159463760e+01
2.144119343262811483e+01
2.144060888754185612e+01
2.144000901877063114e+01
2.143939373015159688e+01
2.143876288845939015e+01
2.143811640515678363e+01
2.143745415377694741e+01
2.143677605608612069e+01
2.143608199520311430e+01
2.143537190632288159e+01
2.143464568545545390e+01
2.143390328487386753e+01
2.143314461734678034e+01
2.143236965649072090e+01
2.143157833636222165e+01
2.143077065691337069e+01
2.142994657880067066e+01
2.142910613416461629e+01
2.142824931650420339e+01
2.142737619702611696e+01
2.142648680942622619e+01
2.142558127208311447e+01
2.142465966758131657e+01
2.142372217105861054e+01
2.142276892430146162e+01
2.142180017059683550e+01
2.142081612323002204e+01
2.141981710724267174e+01
2.141880342216867916e+01
2.141777549116484991e+01
2.141673371783427982e+01
2.141567864328481008e+01
2.141461079690224878e+01
2.141353086203315925e+01
2.141243952038759701e+01
2.141133762661960560e+01
2.141022603735321894e+01
2.140910573124771688e+01
2.140797710474676663e+01
2.140683836480948798e+01
2.140568454123132369e+01
2.140450983736525359e+01
2.140330875895707408e+01
2.140207657285092324e+01
2.140080910193977104e+01
2.139950284459182228e+01
2.139815463710720422e+01
2.139676176137750829e+01
2.139532161278752298e+01
2.139383185806706678e+01
2.139229012862133317e+01
2.139069422617571092e+01
2.138904182917109864e+01
2.138733073367659898e+01
2.138555855973159936e+01
2.138372301905374329e+01
2.138182161256809977e+01
2.137985192095872122e+01
2.137781128779200657e+01
2.137569713186027087e+01
2.137350661193535473e+01
2.137123696155849828e+01
2.136888513210432805e+01
2.136644815174389578e+01
2.136392274358411214e+01
2.136130571131913314e+01
2.135859352897120544e+01
2.135578275643464963e+01
2.135286959690566277e+01
2.134985034618959432e+01
2.134672091336096500e+01
2.134347730833136936e+01
2.134011512077026751e+01
2.133663005083602471e+01
2.133301734128089677e+01
2.132927235582963021e+01
2.132538996076102222e+01
2.132136515230299167e+01
2.131719239021191825e+01
2.131286626349353952e+01
2.130838080163832871e+01
2.130373012366395358e+01
2.129890785285903831e+01
2.129390760293980733e+01
2.128872413720797496e+01
2.128336210100039949e+01
2.127789241182524904e+01
2.127247630298040448e+01
2.126721411117222615e+01
2.126211246325548032e+01
2.125716240450687522e+01
2.125235033513019189e+01
2.124766554591102263e+01
2.124309655352309889e+01
2.123863407974522133e+01
2.123426850119145115e+01
2.122999185044002957e+01
2.122579596826699344e+01
2.122167400078095767e+01
2.121761896671448966e+01
2.121362494688900568e+01
2.120968592196260971e+01
2.120579675622741433e+01
2.120195222462307427e+01
2.119814784997246804e+01
2.119437906943941385e+01
2.119064196221177099e+01
2.118693252275039995e+01
2.118324730350133578e+01
2.117958277243412368e+01
2.117593588788709980e+01
2.117230352426673079e+01
2.116868299138239706e+01
2.116507151637477335e+01
2.116146671674695057e+01
2.115786612946231315e+01
2.115426764471142462e+01
2.115066907514904315e+01
2.114706855589784240e+01
2.114346414836703403e+01
2.113985421087226868e+01
2.113623703257148279e+01
2.113261117824349000e+01
2.112897514870399363e+01
2.112532770264822091e+01
2.112166754054680595e+01
2.111799360596360131e+01
2.111430479042876485e+01
2.111060021625365479e+01
2.110687896027199528e+01
2.110314031986252203e+01
2.109938355376446850e+01
2.109560813276671354e+01
2.109181349605848865e+01
2.108799928783758659e+01
2.108416512786525843e+01
2.108031083507517067e+01
2.107643621117275146e+01
2.107254125218372920e+01
2.106862594408044131e+01
2.106469046308834336e+01
2.106073498244039754e+01
2.105675986215792150e+01
2.105276546613393407e+01
2.104875234201733036e+01
2.104472104791066300e+01
2.104067232291142631e+01
2.103660692278203115e+01
2.103252578163700193e+01
2.102842985600475956e+01
2.102432027809351567e+01
2.102019820771808156e+01
2.101606497752846536e+01
2.101192195232177440e+01
2.100777066657523662e+01
2.100361269070470271e+01
2.099944976120728413e+01
2.099528365346478509e+01
2.099111630476972934e+01
2.098694969330560767e+01
2.098278595430324245e+01
2.097862726486025764e+01
2.097447595345240501e+01
2.097033439028340140e+01
2.096620509035700408e+01
2.096209060907568045e+01
2.095799363906454005e+01
2.095391691076327234e+01
2.094986328318170976e+01
2.094583564925519426e+01
2.094183702070336039e+01
2.093787043794453240e+01
2.093393904922416482e+01
2.093004602490919908e+01
2.092619463105038236e+01
2.092238814790290746e+01
2.091862993808713611e+01
2.091492336920729400e+01
2.091127187677766841e+01
2.090767889083680942e+01
2.090414789381039284e+01
2.090068235104408600e+01
2.089728576377978086e+01
2.089396160355563126e+01
2.089071336047889815e+01
2.088754448146612575e+01
2.088445841400263348e+01
2.088145854821947012e+01
2.087854825633600342e+01
2.087573083859230039e+01
2.087300955857662998e+01
2.087038759305209368e+01
2.086786806337469358e+01
2.086545398927040296e+01
2.086314831655101543e+01
2.086095387491242192e+01
2.085887340215412777e+01
2.085690950608033845e+01
2.085506468542452652e+01
2.085334129594203390e+01
2.085174156823262237e+01
2.085026757811633047e+01
2.084892126153467728e+01
2.084770438930025449e+01
2.084661857924092487e+01
2.084566527540814462e+01
2.084484575760835412e+01
2.084416112514569974e+01
2.084361230386086916e+01
2.084320003447107084e+01
2.084292487720951570e+01
2.084278720480986635e+01
