-1.813936659380018668e+01
-1.813851357942056097e+01
-1.813680757714664082e+01
-1.813424824521170819e+01
-1.813083566175741623e+01
-1.812656913944698900e+01
-1.812144880411543468e+01
-1.811547361519581045e+01
-1.810864373954515116e+01
-1.810095777174050369e+01
-1.809241591017924122e+01
-1.808301636882446672e+01
-1.807275936517530823e+01
-1.806164271246181130e+01
-1.804966663169437169e+01
-1.803682851059227943e+01
-1.802312855468503727e+01
-1.800856369637018517e+01
-1.799313410299125238e+01
-1.797683621631754036e+01
-1.795967013870639661e+01
-1.794163177993358005e+01
-1.792272114600933719e+01
-1.790293356660976798e+01
-1.788226891491313353e+01
-1.786072188482643952e+01
-1.783829217440701598e+01
-1.781497377757045442e+01
-1.779076616833964763e+01
-1.776566256667205224e+01
-1.773966216602724089e+01
-1.771275732725665364e+01
-1.768494689791370433e+01
-1.765622228167847041e+01
-1.762658190458725116e+01
-1.759601610005993422e+01
-1.756452278496629305e+01
-1.753209109178835590e+01
-1.749871832637666458e+01
-1.746439226886957385e+01
-1.742910949538305942e+01
-1.739285625771476163e+01
-1.735562826338378528e+01
-1.731741003047645222e+01
-1.727819623482594125e+01
-1.723796942010357824e+01
-1.719672303804133051e+01
-1.715443737437978911e+01
-1.711110442859156677e+01
-1.706670189269890159e+01
-1.702122004188143478e+01
-1.697463357431863784e+01
-1.692693071460094956e+01
-1.687808268707598813e+01
-1.682807527181059015e+01
-1.677687563928544279e+01
-1.672446664609467604e+01
-1.667081070226067041e+01
-1.661588715415355821e+01
-1.655965278295999710e+01
-1.650208270008641520e+01
-1.644312698030957876e+01
-1.638275559691918914e+01
-1.632091056682247299e+01
-1.625755558884620555e+01
-1.619262290708876151e+01
-1.612606850116095814e+01
-1.605781263783216062e+01
-1.598780171948154205e+01
-1.591594116098433531e+01
-1.584216536713809731e+01
-1.576636109410063646e+01
-1.568844754794887031e+01
-1.560828770348516237e+01
-1.552578124569300222e+01
-1.544076038341306578e+01
-1.535309920642854742e+01
-1.526258959993615782e+01
-1.516906981705096591e+01
-1.507227382844760832e+01
-1.497192818547322979e+01
-1.486724817656468467e+01
-1.475470586743344903e+01
-1.462622746779964977e+01
-1.447796467142579679e+01
-1.431282050668468742e+01
-1.413482202121224418e+01
-1.394806663222671084e+01
-1.375586096622187959e+01
-1.356094400694909119e+01
-1.336526623015685367e+01
-1.317033257575868710e+01
-1.297713327516289716e+01
-1.278642612422850888e+01
-1.259867138276216636e+01
-1.241423487581071505e+01
-1.223330984841584801e+01
-1.205606540855216657e+01
-1.188256355736319669e+01
-1.171287429370684130e+01
-1.154699456087321430e+01
-1.138494279047540658e+01
-1.122668275721103370e+01
-1.107220464202501731e+01
-1.092145459678173935e+01
-1.077440630218411322e+01
-1.063099607943545344e+01
-1.049118729662485450e+01
-1.035491052254607069e+01
-1.022212227318202693e+01
-1.009274963178977558e+01
-9.966744347302201490e+00
-9.844031377817236361e+00
-9.724559069298415181e+00
-9.608251144817252509e+00
-9.495053513616337426e+00
-9.384889297174499490e+00
-9.277702699597307756e+00
-9.173416723798874628e+00
-9.071974450133296841e+00
-8.973299149642084416e+00
-8.877333254869599344e+00
-8.784000624373804911e+00
-8.693243439519187987e+00
-8.604986454952529229e+00
-8.519172393333898086e+00
-8.435732593396755519e+00
-8.354668582382190678e+00
-8.276488089049513164e+00
-8.205889044629715912e+00
-8.161648374404817829e+00
-8.148724207883423887e+00
-8.145525764585054063e+00
-8.143792062907335705e+00
-8.142276656161227422e+00
-8.140818975585208506e+00
-8.139393521605285287e+00
-8.137996850902887047e+00
-8.136624504601552843e+00
-8.135276206667139576e+00
-8.133948217411518300e+00
-8.132640526133194214e+00
-8.131349672610262758e+00
-8.130075803513374666e+00
-8.128815702837066226e+00
-8.127569641417286661e+00
-8.126334623173010030e+00
-8.125111018637863225e+00
-8.123896029791481510e+00
-8.122690107438492291e+00
-8.121490632326663572e+00
-8.120298119953389460e+00
-8.119110113109535121e+00
-8.117927179495953993e+00
-8.116747009620489450e+00
-8.115570213433839442e+00
-8.114394617004906607e+00
-8.113220864689706602e+00
-8.112046907892997538e+00
-8.110873419300824949e+00
-8.109698467131158495e+00
-8.108522747817634269e+00
-8.107344439362744737e+00
-8.106164258630188968e+00
-8.104980487685834234e+00
-8.103793861580591340e+00
-8.102602761864712733e+00
-8.101407940447893807e+00
-8.100207874781832018e+00
-8.099003333084082712e+00
-8.097792885991305312e+00
-8.096577318137130774e+00
-8.095355291377542173e+00
-8.094127607425747328e+00
-8.092893018037724318e+00
-8.091652343132231806e+00
-8.090404423596858408e+00
-8.089150099059875032e+00
-8.087888299234588629e+00
-8.086619885262335217e+00
-8.085343875755290455e+00
-8.084061155396781828e+00
-8.082770832070409028e+00
-8.081473816184363557e+00
-8.080169305488233533e+00
-8.078858238381918966e+00
-8.077539903221570228e+00
-8.076215268680213555e+00
-8.074883714531980061e+00
-8.073546241949493663e+00
-8.072202322931715912e+00
-8.070852993252527696e+00
-8.069497817862588462e+00
-8.068137869043184196e+00
-8.066772805267653723e+00
-8.065403736963951076e+00
-8.064030416467254270e+00
-8.062653993652880047e+00
-8.061274314749091729e+00
-8.059892569968994280e+00
-8.058508699082203464e+00
-8.057123933048845998e+00
-8.055738304371338643e+00
-8.054353084615675229e+00
-8.052968397680599466e+00
-8.051585554980071890e+00
-8.050204769877247202e+00
-8.048827392197257069e+00
-8.047453722178129709e+00
-8.046085145884154244e+00
-8.044722047125594244e+00
-8.043365845249745405e+00
-8.042017003576674483e+00
-8.040676970956889491e+00
-8.039346285361672173e+00
-8.038026420513080694e+00
-8.036717983355039507e+00
-8.035422466982787171e+00
-8.034140540804820318e+00
-8.032873710924585353e+00
-8.031622701884538529e+00
-8.030389025582028495e+00
-8.029173453564904861e+00
-8.027977495496548599e+00
-8.026801961047786094e+00
-8.025648348862102210e+00
-8.024517497161443913e+00
-8.023410884101453533e+00
-8.022329366279196350e+00
-8.021274391309498597e+00
-8.020246823490429833e+00
-8.019248069375352728e+00
-8.018278989917471122e+00
-8.017340939757147567e+00
-8.016434765229881521e+00
-8.015561758035012474e+00
-8.014722738552062964e+00
-8.013918924504135788e+00
-8.013151099085796147e+00
-8.012420395182505928e+00
-8.011727547868868982e+00
-8.011073594693673527e+00
-8.010459212160355946e+00
-8.009885332535716884e+00
-8.009352563975173922e+00
-8.008861724260986747e+00
-8.008413344283505708e+00
-8.008008119062195007e+00
-8.007646494340187715e+00
-8.007329035188618604e+00
-8.007056095515487470e+00
-8.006828104500449683e+00
-8.006645318861380645e+00
-8.006508027312337461e+00
-8.006416385471768038e+00
-8.006370538481892396e+00
