1.107964358100917224e+01
1.107905361775885034e+01
1.107787409146009061e+01
1.107610580242258536e+01
1.107374995087086234e+01
1.107080813664323848e+01
1.106728235876855670e+01
1.106317501490296529e+01
1.105848890060398837e+01
1.105322720841684259e+01
1.104739352674305763e+01
1.104099183846044063e+01
1.103402651925931544e+01
1.102650233566011906e+01
1.101842444267416354e+01
1.100979838107131670e+01
1.100063007421544370e+01
1.099092582443249455e+01
1.098069230887380598e+01
1.096993657484296314e+01
1.095866603455292498e+01
1.094688845928759413e+01
1.093461197294096898e+01
1.092184504491573271e+01
1.090859648236284762e+01
1.089487542175326062e+01
1.088069131977302639e+01
1.086605394354339538e+01
1.085097336016754710e+01
1.083545992561660576e+01
1.081952427296711328e+01
1.080317730001342014e+01
1.078643015627748980e+01
1.076929422944955483e+01
1.075178113129139668e+01
1.073390268304446593e+01
1.071567090038255188e+01
1.069709797795828976e+01
1.067819627358919021e+01
1.065897829213786530e+01
1.063945666913606125e+01
1.061964415421035390e+01
1.059955359436108147e+01
1.057919791715353419e+01
1.055859011387291524e+01
1.053774322270120578e+01
1.051667031196573276e+01
1.049538446351493448e+01
1.047389875626778988e+01
1.045222624998853611e+01
1.043037996932833700e+01
1.040837288818066320e+01
1.038621791438662889e+01
1.036392787483107902e+01
1.034151550095977079e+01
1.031899341475234877e+01
1.029637411517502699e+01
1.027366996514151687e+01
1.025089317899990426e+01
1.022805581056772262e+01
1.020516974172712743e+01
1.018224667159642038e+01
1.015929810628434282e+01
1.013633534923797797e+01
1.011336949218560832e+01
1.009041140668057501e+01
1.006747173624286340e+01
1.004456088910035483e+01
1.002168903152251467e+01
9.998866081744726131e+00
9.976101704472849718e+00
9.953405305963036298e+00
9.930786029663702053e+00
9.908252752412064268e+00
9.885814081169996825e+00
9.863478350289531349e+00
9.841253619291032706e+00
9.819147671142674838e+00
9.797168011023037693e+00
9.775321865554190026e+00
9.753616182486055664e+00
9.732057630818651717e+00
9.710652601342342649e+00
9.689407207581938408e+00
9.668327287124734326e+00
9.647418403317708169e+00
9.626685847313993349e+00
9.606134640453655393e+00
9.585769536959015014e+00
9.565595026929589295e+00
9.545615339617139483e+00
9.525834446966134905e+00
9.506256067400480347e+00
9.486883669842198330e+00
9.467720477943478485e+00
9.448769474518119438e+00
9.430033406154546327e+00
9.411514787996898335e+00
9.393215908677136738e+00
9.375138835385225633e+00
9.357285419061252441e+00
9.339657299697091020e+00
9.322255911732455047e+00
9.305082489533621271e+00
9.288138072940569145e+00
9.271423512871633577e+00
9.254939476972358747e+00
9.238686455298408262e+00
9.222664766020264082e+00
9.206874561140310220e+00
9.191315832211078174e+00
9.175988416046079621e+00
9.160892000412941272e+00
9.146026129701176899e+00
9.131390210555249354e+00
9.116983517466032083e+00
9.102805198312438506e+00
9.088854279846986017e+00
9.075129673118118134e+00
9.061630178823792292e+00
9.048354492590087617e+00
9.035301210170114672e+00
9.022468832557876794e+00
9.009855771013072001e+00
8.997460351992344840e+00
8.985280821983691268e+00
8.973315352240346598e+00
8.961562043411438694e+00
8.950018930066578449e+00
8.938683985112298558e+00
8.927555124098123684e+00
8.916630209410845609e+00
8.905907054355425956e+00
8.895383427121611675e+00
8.885057054635325358e+00
8.874925626294309922e+00
8.864986797587803835e+00
8.855238193600008856e+00
8.845677412397677131e+00
8.836302028302061018e+00
8.827109595045829593e+00
8.818097648815681922e+00
8.809263711181637646e+00
8.800605291913980111e+00
8.792119891689216260e+00
8.783805004686300322e+00
8.775658121074830120e+00
8.767676729396523427e+00
8.759858318842145053e+00
8.752200381425275566e+00
8.744700414055269988e+00
8.737355920511017615e+00
8.730164413318043160e+00
8.723123415530553260e+00
8.716230462421238556e+00
8.709483103080506439e+00
8.702878901927975974e+00
8.696415440138011377e+00
8.690090316982271190e+00
8.683901151090971382e+00
8.677845581635942551e+00
8.671921269437211421e+00
8.666125897996129979e+00
8.660457174456904994e+00
8.654912830499373655e+00
8.649490623165020153e+00
8.644188335618979480e+00
8.639003777849946886e+00
8.633934787310799663e+00
8.628979229501682724e+00
8.624134998498446336e+00
8.619400017427958360e+00
8.614772238893275258e+00
8.610249645350005920e+00
8.605830249436841939e+00
8.601512094261476449e+00
8.597293253644789246e+00
8.593171832324507875e+00
8.589145966121037645e+00
8.585213822066627642e+00
8.581373598500469768e+00
8.577623525130810833e+00
8.573961863066553946e+00
8.570386904819329743e+00
8.566896974278492394e+00
8.563490426659805976e+00
8.560165648430183793e+00
8.556921057209359915e+00
8.553755101650475368e+00
8.550666261300452931e+00
8.547653046442182045e+00
8.544713997919123116e+00
8.541847686944324280e+00
8.539052714894394214e+00
8.536327713090246405e+00
8.533671342565170903e+00
8.531082293821910412e+00
8.528559286579191934e+00
8.526101069509323338e+00
8.523706419967236769e+00
8.521374143712503013e+00
8.519103074624581495e+00
8.516892074412794500e+00
8.514740032321208574e+00
8.512645864829833542e+00
8.510608515352210190e+00
8.508626953930789938e+00
8.506700176930118928e+00
8.504827206729030920e+00
8.503007091412005281e+00
8.501238904460663548e+00
8.499521744445573290e+00
8.497854734719251013e+00
8.496237023110520425e+00
8.494667781621025426e+00
8.493146206123999065e+00
8.491671516066080727e+00
8.490242954172169121e+00
8.488859786154121068e+00
8.487521300423219728e+00
8.486226807807197403e+00
8.484975641271613966e+00
8.483767155646436464e+00
8.482600727357596071e+00
8.481475754164186753e+00
8.480391654901234588e+00
8.479347869228567092e+00
8.478343857385642224e+00
8.477379099952958796e+00
8.476453097619817356e+00
8.475565370958971556e+00
8.474715460208022577e+00
8.473902925058000690e+00
8.473127344448981191e+00
8.472388316373178796e+00
8.471685457685314447e+00
8.471018403920712814e+00
8.470386809120876492e+00
8.469790345666998732e+00
8.469228704121153584e+00
8.468701593075557810e+00
8.468208739009751795e+00
8.467749886155891303e+00
8.467324796372158957e+00
8.466933249024416241e+00
8.466575040876042735e+00
8.466249985986140203e+00
8.465957915616023399e+00
8.465698678144139677e+00
8.465472138989369455e+00
8.465278180542796349e+00
8.465116702107927438e+00
8.464987619849448919e+00
8.464890866750440779e+00
8.464826392578185477e+00
8.464794163858471165e+00
