-3.366329767951558583e-01
-3.366806884535506472e-01
-3.367759593113040517e-01
-3.369184853634030197e-01
-3.371078128775075178e-01
-3.373433411031805385e-01
-3.376243258495301713e-01
-3.379498839017317513e-01
-3.383189982402917684e-01
-3.387305240199738887e-01
-3.391831952595020794e-01
-3.396756321868865114e-01
-3.402063491804555029e-01
-3.407737632403293748e-01
-3.413762029215846594e-01
-3.420119176561629004e-01
-3.426790873885724453e-01
-3.433758324475907897e-01
-3.441002235758086614e-01
-3.448502920375150493e-01
-3.456240397267894560e-01
-3.464194491978922485e-01
-3.472344935431499469e-01
-3.480671460453018118e-01
-3.489153895360240232e-01
-3.497772253955379607e-01
-3.506506821344024805e-01
-3.515338235029746294e-01
-3.524247560813688618e-01
-3.533216363080033395e-01
-3.542226769129476760e-01
-3.551261527280414332e-01
-3.560304058542353434e-01
-3.569338501724416690e-01
-3.578349751925916089e-01
-3.587323492410970927e-01
-3.596246219948470157e-01
-3.605105263746633537e-01
-3.613888798182415818e-01
-3.622585849564032845e-01
-3.631186297224786586e-01
-3.639680869272506891e-01
-3.648061133366079511e-01
-3.656319482903830909e-01
-3.664449119042310632e-01
-3.672444028964562124e-01
-3.680298960837798949e-01
-3.688009395889114139e-01
-3.695571518037008008e-01
-3.702982181495095282e-01
-3.710238876763645721e-01
-3.717339695395219801e-01
-3.724283293912344917e-01
-3.731068857220138923e-01
-3.737696061843183148e-01
-3.744165039277690954e-01
-3.750476339733319064e-01
-3.756630896499651984e-01
-3.762629991154605724e-01
-3.768475219793499531e-01
-3.774168460440230910e-01
-3.779711841765804881e-01
-3.785107713223897496e-01
-3.790358616680191695e-01
-3.795467259599260013e-01
-3.800436489823786901e-01
-3.805269271970878608e-01
-3.809968665445517266e-01
-3.814537804064265791e-01
-3.818979877261899358e-01
-3.823298112849630725e-01
-3.827495761277244779e-01
-3.831576081350113738e-01
-3.835542327339402369e-01
-3.839397737424679602e-01
-3.843145523398773800e-01
-3.846788861567385642e-01
-3.850330884769395667e-01
-3.853774675447806941e-01
-3.857123259696972895e-01
-3.860379602216689188e-01
-3.863546602101287086e-01
-3.866627089397264849e-01
-3.869623822362050491e-01
-3.872539485362050948e-01
-3.875376687348291993e-01
-3.878137960853416111e-01
-3.880825761454815837e-01
-3.883442467653784869e-01
-3.885990381122201853e-01
-3.888471727272887479e-01
-3.890888656111870514e-01
-3.893243243334758574e-01
-3.895537491631900218e-01
-3.897773332170266225e-01
-3.899952626222713548e-01
-3.902077166917816697e-01
-3.904148681086382910e-01
-3.906168831182521006e-01
-3.908139217260267473e-01
-3.910061378987746417e-01
-3.911936797684139044e-01
-3.913766898365000912e-01
-3.915553051784886329e-01
-3.917296576465812419e-01
-3.918998740703700800e-01
-3.920660764543802967e-01
-3.922283821719908525e-01
-3.923869041550395176e-01
-3.925417510788112851e-01
-3.926930275418797356e-01
-3.928408342406843334e-01
-3.929852681384389812e-01
-3.931264226284049146e-01
-3.932643876912187419e-01
-3.933992500464306707e-01
-3.935310932980134457e-01
-3.936599980740928539e-01
-3.937860421607111694e-01
-3.939093006299490551e-01
-3.940298459622497140e-01
-3.941477481633275937e-01
-3.942630748755275305e-01
-3.943758914840586050e-01
-3.944862612179756978e-01
-3.945942452463661598e-01
-3.946999027696156959e-01
-3.948032911062325789e-01
-3.949044657750968579e-01
-3.950034805736311050e-01
-3.951003876517482638e-01
-3.951952375820809715e-01
-3.952880794263354813e-01
-3.953789607982799992e-01
-3.954679279231916866e-01
-3.955550256942775289e-01
-3.956402977258741127e-01
-3.957237864039387931e-01
-3.958055329336226391e-01
-3.958855773844348613e-01
-3.959639587327662413e-01
-3.960407149022837636e-01
-3.961158828019427647e-01
-3.961894983621239708e-01
-3.962615965686261954e-01
-3.963322114950157959e-01
-3.964013763330476725e-01
-3.964691234216534133e-01
-3.965354842741973806e-01
-3.966004896044879602e-01
-3.966641693512327760e-01
-3.967265527014222082e-01
-3.967876681123088112e-01
-3.968475433324709090e-01
-3.969062054216124236e-01
-3.969636807695789416e-01
-3.970199951142364125e-01
-3.970751735586859898e-01
-3.971292405874503051e-01
-3.971822200821014115e-01
-3.972341353359580274e-01
-3.972850090683162083e-01
-3.973348634378348621e-01
-3.973837200555362936e-01
-3.974315999970357560e-01
-3.974785238144565302e-01
-3.975245115476411795e-01
-3.975695827351086731e-01
-3.976137564243654721e-01
-3.976570511820164411e-01
-3.976994851032802369e-01
-3.977410758213498765e-01
-3.977818405162040216e-01
-3.978217959233027456e-01
-3.978609583417720974e-01
-3.978993436425104502e-01
-3.979369672758169552e-01
-3.979738442789717556e-01
-3.980099892833708353e-01
-3.980454165216378293e-01
-3.980801398343187802e-01
-3.981141726765780042e-01
-3.981475281245014930e-01
-3.981802188814224097e-01
-3.982122572838785457e-01
-3.982436553076090235e-01
-3.982744245732061095e-01
-3.983045763518236471e-01
-3.983341215705611948e-01
-3.983630708179199398e-01
-3.983914343489567966e-01
-3.984192220905233284e-01
-3.984464436462237802e-01
-3.984731083014725339e-01
-3.984992250282911597e-01
-3.985248024902176556e-01
-3.985498490469764898e-01
-3.985743727592754304e-01
-3.985983813933822173e-01
-3.986218824258431770e-01
-3.986448830480021632e-01
-3.986673901706749290e-01
-3.986894104286465290e-01
-3.987109501853363103e-01
-3.987320155373085262e-01
-3.987526123189644722e-01
-3.987727461071017276e-01
-3.987924222256676865e-01
-3.988116457504032875e-01
-3.988304215136923569e-01
-3.988487541093233557e-01
-3.988666478974679519e-01
-3.988841070095926478e-01
-3.989011353535971693e-01
-3.989177366189051721e-01
-3.989339142817899808e-01
-3.989496716106689100e-01
-3.989650116716385031e-01
-3.989799373339931177e-01
-3.989944512759855400e-01
-3.990085559905827139e-01
-3.990222537914607792e-01
-3.990355468190022736e-01
-3.990484370465259834e-01
-3.990609262865196238e-01
-3.990730161970948986e-01
-3.990847082884403374e-01
-3.990960039294775830e-01
-3.991069043545074080e-01
-3.991174106700322577e-01
-3.991275238615544785e-01
-3.991372448005180984e-01
-3.991465742512029791e-01
-3.991555128777254380e-01
-3.991640612509618213e-01
-3.991722198555325285e-01
-3.991799890966751807e-01
-3.991873693071269491e-01
-3.991943607538547267e-01
-3.992009636447407805e-01
-3.992071781350701176e-01
-3.992130043339146561e-01
-3.992184423102720925e-01
-3.992234920990404001e-01
-3.992281537066987296e-01
-3.992324271167628780e-01
-3.992363122949005305e-01
-3.992398091937605642e-01
-3.992429177574194910e-01
-3.992456379254862298e-01
-3.992479696367843833e-01
-3.992499128326449376e-01
-3.992514674597444357e-01
-3.992526334725113868e-01
-3.992534108350561661e-01
-3.992537995226370096e-01
