-1.802381377817619779e+01
-1.802268145429993140e+01
-1.802041629493445996e+01
-1.801701920000687807e+01
-1.801248863186343385e+01
-1.800682638906923927e+01
-1.800002989944922405e+01
-1.799210185760549763e+01
-1.798303864258765117e+01
-1.797284384107544142e+01
-1.796151276313335998e+01
-1.794904988212985941e+01
-1.793544941271785476e+01
-1.792071670803790440e+01
-1.790484485434330608e+01
-1.788784007597432080e+01
-1.786969429079834626e+01
-1.785041458396545977e+01
-1.782999165743405712e+01
-1.780843344475656309e+01
-1.778572937626917039e+01
-1.776188821925658345e+01
-1.773689806774601152e+01
-1.771076850552471171e+01
-1.768348621571621493e+01
-1.765506157846186852e+01
-1.762547978036973717e+01
-1.759475197443561001e+01
-1.756286175280779105e+01
-1.752982101396498393e+01
-1.749561164375976574e+01
-1.746024625428329813e+01
-1.742370489751370854e+01
-1.738600086202943018e+01
-1.734711222041018530e+01
-1.730705289442897765e+01
-1.726579881116892778e+01
-1.722336447503161239e+01
-1.717972347778121289e+01
-1.713489084726522194e+01
-1.708883762259006645e+01
-1.704157928561147628e+01
-1.699308407333390392e+01
-1.694336783992234174e+01
-1.689239573314373288e+01
-1.684018388304311387e+01
-1.678669401648079074e+01
-1.673194242516927943e+01
-1.667588703041788989e+01
-1.661854414981384664e+01
-1.655986745100295465e+01
-1.649987311532456502e+01
-1.643851003202743399e+01
-1.637579405177181258e+01
-1.631166866741930477e+01
-1.624614916463516323e+01
-1.617917290739830349e+01
-1.611075433251109601e+01
-1.604082380063531943e+01
-1.596939455386645967e+01
-1.589638889733776317e+01
-1.582181845453275315e+01
-1.574559619764130503e+01
-1.566773160859207792e+01
-1.558812676034398592e+01
-1.550678834374395976e+01
-1.542360559050706570e+01
-1.533858158789557535e+01
-1.525159028801588335e+01
-1.516263015078817666e+01
-1.507155674300305570e+01
-1.497836259815696280e+01
-1.488288087653845082e+01
-1.478509652640078897e+01
-1.468481499478753349e+01
-1.458201151750933100e+01
-1.447645666591399838e+01
-1.436811323641959781e+01
-1.425670699295406685e+01
-1.414218483369495871e+01
-1.402421347776298433e+01
-1.390271969017084430e+01
-1.377728985962911423e+01
-1.364782594119582271e+01
-1.351380042755879884e+01
-1.337508674008223686e+01
-1.323098693287173866e+01
-1.308133013693059787e+01
-1.292495404055395802e+01
-1.275835254093561666e+01
-1.256700347210227697e+01
-1.234315857996823595e+01
-1.209479050663905397e+01
-1.183040918451603574e+01
-1.155758390169546601e+01
-1.128104637397731658e+01
-1.100425777164598706e+01
-1.072892186101931244e+01
-1.045622274839261578e+01
-1.018643221651609565e+01
-9.919684744058944403e+00
-9.655584511743546372e+00
-9.393685053834557763e+00
-9.133139473578442136e+00
-8.872978822663494469e+00
-8.611891272615944004e+00
-8.349121107041513667e+00
-8.092088607612247131e+00
-7.894922915444480438e+00
-7.806642522226470149e+00
-7.758675839580524425e+00
-7.717319649498249667e+00
-7.678180626889852256e+00
-7.640719926509173199e+00
-7.604964202169454346e+00
-7.570851872503742364e+00
-7.538436192307167438e+00
-7.507666062966078968e+00
-7.478578711699352510e+00
-7.451122334945146974e+00
-7.425318824477054491e+00
-7.401111595281835598e+00
-7.378507275118187714e+00
-7.357441738237181283e+00
-7.337906225167243335e+00
-7.319827371806398197e+00
-7.303181261039008554e+00
-7.287884677825992696e+00
-7.273899479546873437e+00
-7.261133135444996611e+00
-7.249535115383386241e+00
-7.239005276779312048e+00
-7.229483516807284182e+00
-7.220864889204390735e+00
-7.213083442322076877e+00
-7.206033149463965337e+00
-7.199646607733011017e+00
-7.193820987396084554e+00
-7.188492068735134133e+00
-7.183564495399768823e+00
-7.178981483333747526e+00
-7.174658745152750150e+00
-7.170550136757039006e+00
-7.166584739021331529e+00
-7.162728716718028465e+00
-7.158925197587636013e+00
-7.155152671044198165e+00
-7.151367454379491839e+00
-7.147559003442643721e+00
-7.143694859349444926e+00
-7.139773244501588678e+00
-7.135770425146281681e+00
-7.131690921175904307e+00
-7.127517214012946134e+00
-7.123257828374652156e+00
-7.118899288093429867e+00
-7.114452257324122009e+00
-7.109905621755318705e+00
-7.105270821405479609e+00
-7.100537922169150029e+00
-7.095718236559888759e+00
-7.090802251364888953e+00
-7.085800613024592742e+00
-7.080703787016587647e+00
-7.075521475151677286e+00
-7.070243896191489519e+00
-7.064879698102926930e+00
-7.059418763748372072e+00
-7.053868678807845072e+00
-7.048218979279134544e+00
-7.042476233702233301e+00
-7.036629660025949029e+00
-7.030684878346682432e+00
-7.024630833480305370e+00
-7.018472271583618749e+00
-7.012197911837347419e+00
-7.005811697185780673e+00
-6.999302164265420956e+00
-6.992672515246658449e+00
-6.985911139864582786e+00
-6.979020552118641696e+00
-6.971989022235827171e+00
-6.964818418877288586e+00
-6.957496912279162338e+00
-6.950025759685364513e+00
-6.942393043902191252e+00
-6.934599436951176088e+00
-6.926632940934510430e+00
-6.918493662388037535e+00
-6.910169524752782344e+00
-6.901660083601920626e+00
-6.892953182197521400e+00
-6.884047835657204573e+00
-6.874931803081347326e+00
-6.865603566802501945e+00
-6.856050796425455118e+00
-6.846271447553300860e+00
-6.836253094813661946e+00
-6.825993172866978043e+00
-6.815479157116388187e+00
-6.804707968364266613e+00
-6.793666981436066621e+00
-6.782352613549786469e+00
-6.770752142539689267e+00
-6.758861497832092446e+00
-6.746667871350156886e+00
-6.734166728949183778e+00
-6.721345198445727753e+00
-6.708198318474733135e+00
-6.694713189461898750e+00
-6.680884476165994457e+00
-6.666699308873916152e+00
-6.652152055452081214e+00
-6.637229961677419077e+00
-6.621927208523087138e+00
-6.606231282441051178e+00
-6.590136333933518387e+00
-6.573630270870374659e+00
-6.556707435242575599e+00
-6.539356415346382789e+00
-6.521572059107938912e+00
-6.503344004364572939e+00
-6.484668049487675390e+00
-6.465535405283487691e+00
-6.445943447100466628e+00
-6.425885697372720529e+00
-6.405361988304914433e+00
-6.384369191120521592e+00
-6.362910825057653597e+00
-6.340988558160194799e+00
-6.318611306711874320e+00
-6.295787542650600699e+00
-6.272533936964558521e+00
-6.248868519031592683e+00
-6.224818925296771610e+00
-6.200416461799371781e+00
-6.175704019052772331e+00
-6.150731080833751641e+00
-6.125561343222819310e+00
-6.100268670132662052e+00
-6.074944381298388763e+00
-6.049694041721743965e+00
-6.024644214705454637e+00
-5.999939735635058113e+00
-5.975749407167031180e+00
-5.952263002519627477e+00
-5.929694896512804902e+00
-5.908279519824664483e+00
-5.888271431530976763e+00
-5.869937625095293043e+00
-5.853552579737989703e+00
-5.839386426967447363e+00
-5.827694906849995249e+00
-5.818704669453972578e+00
-5.812601070451807850e+00
-5.809515181802109574e+00
