2.000405374165189210e-01
2.000416949080187634e-01
2.000393806709794831e-01
2.000428501624894606e-01
2.000382276509692914e-01
2.000440002072142731e-01
2.000370813189402408e-01
2.000451420933808955e-01
2.000359446067176139e-01
2.000462729094761305e-01
2.000348204022335263e-01
2.000473897943528256e-01
2.000337115366944141e-01
2.000484899498420344e-01
2.000326207722155081e-01
2.000495706528061801e-01
2.000315507901154477e-01
2.000506292665090724e-01
2.000305041798851602e-01
2.000516632512470416e-01
2.000294834290078649e-01
2.000526701740929225e-01
2.000284909136368083e-01
2.000536477177475014e-01
2.000275288902670090e-01
2.000545936883524889e-01
2.000265994884172227e-01
2.000555060222831971e-01
2.000257047044083636e-01
2.000563827918041826e-01
2.000248463962472079e-01
2.000572222096201891e-01
2.000240262796830204e-01
2.000580226322316857e-01
2.000232459254075723e-01
2.000587825621476246e-01
2.000225067574648852e-01
2.000595006488875838e-01
2.000218100528038112e-01
2.000601756888420180e-01
2.000211569420277391e-01
2.000608066239523142e-01
2.000205484112573817e-01
2.000613925392781545e-01
2.000199853051415622e-01
2.000619326594495206e-01
2.000194683309205745e-01
2.000624263440668738e-01
2.000189980635648512e-01
2.000628730820645518e-01
2.000185749518824663e-01
2.000632724851146294e-01
2.000181993256126001e-01
2.000636242800750420e-01
2.000178714034006322e-01
2.000639283005795077e-01
2.000175913016575824e-01
2.000641844777585610e-01
2.000173590442193838e-01
2.000643928301961139e-01
2.000171745727941097e-01
2.000645534530991476e-01
2.000170377581370618e-01
2.000646665067767338e-01
2.000169484119359575e-01
2.000647322044087906e-01
2.000169062993578661e-01
2.000647507991755447e-01
2.000169111522591414e-01
2.000647225707337662e-01
2.000169626829984004e-01
2.000646478111005322e-01
2.000170605988596806e-01
2.000645268099528196e-01
2.000172046170110296e-01
2.000643598394059308e-01
2.000173944799726600e-01
2.000641471383482473e-01
2.000176299714386263e-01
2.000638888964893225e-01
2.000179109323027837e-01
2.000635852383626234e-01
2.000182372765098859e-01
2.000632362077429116e-01
2.000186090061981670e-01
2.000628417531966907e-01
2.000190262251374806e-01
2.000624017160382573e-01
2.000194891488816518e-01
2.000619158227352479e-01
2.000199981089436641e-01
2.000613836852420668e-01
2.000205535465510165e-01
2.000608048149926377e-01
2.000211559885163026e-01
2.000601786602511090e-01
2.000218059926452963e-01
2.000595046832327473e-01
2.000225040411338084e-01
2.000587825053438684e-01
2.000232503445396048e-01
2.000580121702437708e-01
2.000240444898807035e-01
2.000571946140336232e-01
2.000248848120556866e-01
2.000563325072858001e-01
2.000257672621542360e-01
2.000554317828822093e-01
2.000266833330929250e-01
2.000545044716732224e-01
2.000276161521291618e-01
2.000535741369582066e-01
2.000285328420769171e-01
2.000526867423782218e-01
2.000293688446902751e-01
2.000519336232265410e-01
2.000299936492736519e-01
2.000515036865144480e-01
2.000301293499037458e-01
2.000518141224323365e-01
2.000291337569730654e-01
2.000538908135087168e-01
2.000254624013207971e-01
2.000637791900026774e-01
2.000547261816508215e-01
2.004524234285701978e-01
2.019823364275047661e-01
2.071703430188869266e-01
2.151025054629036037e-01
2.230340740963995261e-01
2.259969037076962617e-01
2.270717364522027437e-01
2.268663648781421016e-01
2.271109367952527658e-01
2.268931198399283533e-01
2.270936495583844861e-01
2.269067951237603575e-01
2.270824133495074892e-01
2.269162933190237708e-01
2.270742157884874379e-01
2.269234828198284648e-01
2.270678287392206285e-01
2.269292173952186797e-01
2.270626339814637296e-01
2.269339590020081066e-01
2.270582775121653130e-01
2.269379846196608319e-01
2.270545387799273451e-01
2.269414725318653347e-01
2.270512717686627713e-01
2.269445437121796194e-01
2.270483752231114982e-01
2.269472836896725410e-01
2.270457763008171259e-01
2.269497549663317959e-01
2.270434210070103875e-01
2.269520044782174228e-01
2.270412683081578509e-01
2.269540682877904669e-01
2.270392863560427299e-01
2.269559746488158669e-01
2.270374499800774659e-01
2.269577460733164798e-01
2.270357389719401819e-01
2.269594007642304900e-01
2.270341368819144556e-01
2.269609536323010379e-01
2.270326301553117210e-01
2.269624170330455937e-01
2.270312075006511721e-01
2.269638013107833918e-01
2.270298594193029540e-01
2.269651152068762612e-01
2.270285778498556117e-01
2.269663661706168012e-01
2.270273558954403192e-01
2.269675605991428036e-01
2.270261876120042988e-01
2.269687040248273002e-01
2.270250678420055734e-01
2.269698012632578032e-01
2.270239920824075885e-01
2.269708565312771320e-01
2.270229563788823957e-01
2.269718735420165612e-01
2.270219572402633057e-01
2.269728555820627602e-01
2.270209915687995128e-01
2.269738055746148842e-01
2.270200566028600930e-01
2.269747261315570863e-01
2.270191498695275367e-01
2.269756195966867174e-01
2.270182691451158308e-01
2.269764880818326558e-01
2.270174124220804279e-01
2.269773334972137457e-01
2.270165778811247259e-01
2.269781575771034343e-01
2.270157638675567857e-01
2.269789619016394644e-01
2.270149688711430580e-01
2.269797479154560815e-01
2.270141915088577378e-01
2.269805169436751868e-01
2.270134305100410810e-01
2.269812702056961951e-01
2.270126847035725537e-01
2.269820088271396474e-01
2.270119530067376823e-01
2.269827338502369007e-01
2.270112344155233719e-01
2.269834462429028699e-01
2.270105279961255607e-01
2.269841469066945228e-01
2.270098328774858842e-01
2.269848366838149722e-01
2.270091482447099962e-01
2.269855163633054118e-01
2.270084733332384808e-01
2.269861866865371391e-01
2.270078074236662746e-01
2.269868483521036429e-01
2.270071498371196150e-01
2.269875020201932436e-01
2.270064999311151577e-01
2.269881483165142599e-01
2.270058570958361777e-01
2.269887878358317901e-01
2.270052207507702313e-01
2.269894211451672916e-01
2.270045903416601507e-01
2.269900487867068106e-01
2.270039653377280420e-01
2.269906712804548032e-01
2.270033452291349563e-01
2.269912891266677724e-01
2.270027295246464794e-01
2.269919028080974177e-01
2.270021177494749576e-01
2.269925127920675856e-01
2.270015094432764058e-01
2.269931195324102480e-01
2.270009041582780052e-01
2.269937234712785523e-01
2.270003014575190936e-01
2.269943250408567037e-01
2.269997009131864418e-01
2.269949246649828889e-01
2.269991021050292712e-01
2.269955227607001191e-01
2.269985046188392475e-01
2.269961197397495356e-01
2.269979080449806008e-01
2.269967160100190284e-01
2.269973119769593539e-01
