2.634476708938055189e+00
2.634167917061438491e+00
2.633550377234727957e+00
2.632624163133602480e+00
2.631389406484364812e+00
2.629846254520464388e+00
2.627994926608125947e+00
2.625835643302520062e+00
2.623368711343056603e+00
2.620594424251990073e+00
2.617513175767858247e+00
2.614125331906098193e+00
2.610431372922356719e+00
2.606431736731193105e+00
2.602126989514583322e+00
2.597517640370838432e+00
2.592604340707739485e+00
2.587387669969330783e+00
2.581868363977753322e+00
2.576047071560530366e+00
2.569924612030455524e+00
2.563501702510226021e+00
2.556779244765810422e+00
2.549758022998674267e+00
2.542439020275027328e+00
2.534823086528319447e+00
2.526911284854751027e+00
2.518704529440099815e+00
2.510203962020952861e+00
2.501410559420143453e+00
2.492325540503517178e+00
2.482949942977090263e+00
2.473285061200962698e+00
2.463331991868663806e+00
2.453092103073169383e+00
2.442566548454609521e+00
2.431756767948425324e+00
2.420663969951518890e+00
2.409289664219582239e+00
2.397635111563618082e+00
2.385701889402626286e+00
2.373491308462045257e+00
2.361005011529461850e+00
2.348244356583706338e+00
2.335211049345298218e+00
2.321906492219384166e+00
2.308332451279579534e+00
2.294490370359359765e+00
2.280382073158047085e+00
2.266009041763420218e+00
2.251373154622141382e+00
2.236475928720818906e+00
2.221319294220612584e+00
2.205904799464387001e+00
2.190234423136925290e+00
2.174309741201727153e+00
2.158132777514694123e+00
2.141705131725059719e+00
2.125028869342077353e+00
2.108105609559976390e+00
2.090937455854697813e+00
2.073526042611983033e+00
2.055873507415234780e+00
2.037981495268200050e+00
2.019852173826314434e+00
2.001487193910070239e+00
1.982888749031649134e+00
1.964058490791088962e+00
1.944998634158520590e+00
1.925710826231614048e+00
1.906197298852507993e+00
1.886459689080463242e+00
1.866500240852885462e+00
1.846320575390262286e+00
1.825922943754062056e+00
1.805308945250226449e+00
1.784480832894874469e+00
1.763440177716054436e+00
1.742189229313132692e+00
1.720729523771861613e+00
1.699063301697516737e+00
1.677192057253117152e+00
1.655118016262461911e+00
1.632842623652492442e+00
1.610368084463742022e+00
1.587695786721747826e+00
1.564827908462885997e+00
1.541765772772216936e+00
1.518511524236866750e+00
1.495066412563609948e+00
1.471432542215397987e+00
1.447611080655291760e+00
1.423604085311064749e+00
1.399412632075452967e+00
1.375038724187001682e+00
1.350483336141074187e+00
1.325748409582101051e+00
1.300834807234515722e+00
1.275744401484248058e+00
1.250477932310333884e+00
1.225037194906760440e+00
1.199422794867331277e+00
1.173636441981247724e+00
1.147678595075112051e+00
1.121550870030172176e+00
1.095253565689952691e+00
1.068788195223226101e+00
1.042154883330358217e+00
1.015355031351489856e+00
9.883885746063371114e-01
9.612567931704524282e-01
9.339594165061408937e-01
9.064975936648518307e-01
8.788708303374759279e-01
8.510801344724971962e-01
8.231247683939988402e-01
7.950055885671816203e-01
7.667215923685803958e-01
7.382734741388716770e-01
7.096599423581112509e-01
6.808815184176301161e-01
6.519365950948933230e-01
6.228255099604717016e-01
5.935463097905248064e-01
5.640991376506087063e-01
5.344816596811413634e-01
5.046938143379319230e-01
4.747328470075114493e-01
4.445984826676332990e-01
4.142874987357508254e-01
3.837994001893127449e-01
3.531304398074274764e-01
3.222799003041971200e-01
2.912434400859701400e-01
2.600201250210237847e-01
2.286049305314558078e-01
1.969967253643231109e-01
1.651896851202054595e-01
1.331825317648631934e-01
1.009684888159499833e-01
6.854628719517698310e-02
3.590813408703223686e-02
3.053718110821179027e-03
-3.002361823061952539e-02
-6.331295587094129540e-02
-9.678553226152666888e-02
-1.302925061623310954e-01
-1.633904592527936905e-01
-1.950214969455189851e-01
-2.238868284229193206e-01
-2.492603679278563023e-01
-2.711139509194212538e-01
-2.897280665306104508e-01
-3.054649101804883804e-01
-3.187067442980017207e-01
-3.298060330067723034e-01
-3.390949920111610560e-01
-3.468571306777040175e-01
-3.533485723793629574e-01
-3.587782575729461798e-01
-3.633313841930227439e-01
-3.671543999913307599e-01
-3.703766411876656117e-01
-3.730979238222961181e-01
-3.754071038188312448e-01
-3.773712562269555537e-01
-3.790511479613651868e-01
-3.804915931742016144e-01
-3.817342792325371659e-01
-3.828091208438523241e-01
-3.837449522331900509e-01
-3.845617748940352576e-01
-3.852797664801266841e-01
-3.859123334150437734e-01
-3.864737950645016906e-01
-3.869731555112466137e-01
-3.874207375589657221e-01
-3.878225911112438418e-01
-3.881862847168664477e-01
-3.885158736548104952e-01
-3.888170063739126436e-01
-3.890923828935520246e-01
-3.893462963215898465e-01
-3.895805203958611074e-01
-3.897983789338439475e-01
-3.900010094149893858e-01
-3.901910330198691268e-01
-3.903691486047804471e-01
-3.905374609207605818e-01
-3.906963659487626694e-01
-3.908475835133110587e-01
-3.909913006846075234e-01
-3.911289463025644508e-01
-3.912605640568951326e-01
-3.913873596986725545e-01
-3.915092795668209669e-01
-3.916273559785618530e-01
-3.917414704795018632e-01
-3.918525187084399009e-01
-3.919603406051554439e-01
-3.920657226768354264e-01
-3.921684798906642788e-01
-3.922693105368481037e-01
-3.923680166389542090e-01
-3.924652243702755894e-01
-3.925607315988962620e-01
-3.926551049637324597e-01
-3.927481446883510641e-01
-3.928403678798929599e-01
-3.929315820414640559e-01
-3.930222628595338996e-01
-3.931122289572254180e-01
-3.932019213357659249e-01
-3.932911728717881639e-01
-3.933803956384503975e-01
-3.934694394852624733e-01
-3.935586926547902653e-01
-3.936480245157363833e-01
-3.937378041878773494e-01
-3.938279231470719344e-01
-3.939187359549288781e-01
-3.940101590346348770e-01
-3.941025370570546693e-01
-3.941958147135721791e-01
-3.942903318239683874e-01
-3.943860654207462235e-01
-3.944833562055055087e-01
-3.945822187221899036e-01
-3.946830013889974786e-01
-3.947857629897673637e-01
-3.948908681404287857e-01
-3.949984287834207297e-01
-3.951088366045316658e-01
-3.952222686898616000e-01
-3.953391580818597650e-01
-3.954597632617025127e-01
-3.955845777017619191e-01
-3.957139633529623279e-01
-3.958484996498922714e-01
-3.959886816023630574e-01
-3.961352080171089418e-01
-3.962887446700965044e-01
-3.964501497487109005e-01
-3.966203002815502643e-01
-3.968002471771812090e-01
-3.969910925915903221e-01
-3.971940469372756133e-01
-3.974103032070834263e-01
-3.976408931490834076e-01
-3.978863417182556539e-01
-3.981459334445047737e-01
-3.984162876980736900e-01
-3.986883392139606297e-01
-3.989402036933681894e-01
-3.991351037860096373e-01
-3.992403845722909406e-01
