1.685032943387845705e+01
1.684938241407197523e+01
1.684748845963044772e+01
1.684464773897567014e+01
1.684086050735497153e+01
1.683612710108199906e+01
1.683044794467829064e+01
1.682382354128789714e+01
1.681625448336765416e+01
1.680774143929573228e+01
1.679828516758435342e+01
1.678788649970977431e+01
1.677654635781280135e+01
1.676426573378544305e+01
1.675104571041620005e+01
1.673688743677582735e+01
1.672179215275632558e+01
1.670576116080540530e+01
1.668879585380009800e+01
1.667089768318649234e+01
1.665206819012113115e+01
1.663230897007908027e+01
1.661162170718889541e+01
1.659000813537811680e+01
1.656747007582094611e+01
1.654400939469561038e+01
1.651962804365728843e+01
1.649432801428718420e+01
1.646811138149649878e+01
1.644098025475210534e+01
1.641293682431177814e+01
1.638398330931517677e+01
1.635412200674559813e+01
1.632335523647778430e+01
1.629168539285720030e+01
1.625911488679847139e+01
1.622564619986899004e+01
1.619128182353489009e+01
1.615602431563047858e+01
1.611987623685180182e+01
1.608284020948875792e+01
1.604491885126671491e+01
1.600611483621661080e+01
1.596643082596379415e+01
1.592586953261003657e+01
1.588443364756750320e+01
1.584212590632527373e+01
1.579894901492355963e+01
1.575490571647637061e+01
1.570999871537923553e+01
1.566423074545650707e+01
1.561760449199517353e+01
1.557012266138284318e+01
1.552178790105645056e+01
1.547260287049715366e+01
1.542257015917662599e+01
1.537169235877536266e+01
1.531997197920112619e+01
1.526741152190037987e+01
1.521401339401154296e+01
1.515977998264441062e+01
1.510471356722032787e+01
1.504881639459537190e+01
1.499209058962840047e+01
1.493453823102414901e+01
1.487616126015553775e+01
1.481696155750978150e+01
1.475694084977015841e+01
1.469610078675932563e+01
1.463444284676024232e+01
1.457196841385924735e+01
1.450867868145665618e+01
1.444457472992456282e+01
1.437965742822564330e+01
1.431392751181933143e+01
1.424738548226591561e+01
1.418003168535028991e+01
1.411186620850061679e+01
1.404288895918967661e+01
1.397309956001817355e+01
1.390249742778321718e+01
1.383108166657686944e+01
1.375885114953393007e+01
1.368580441381677026e+01
1.361193975641386622e+01
1.353725515737211538e+01
1.346174845856314661e+01
1.338541748452960078e+01
1.330826073373162188e+01
1.323027874503956269e+01
1.315147774481100029e+01
1.307187710353511712e+01
1.299152230487319137e+01
1.291049795180534510e+01
1.282892962895797062e+01
1.274697077238570309e+01
1.266478608818225204e+01
1.258253973601463649e+01
1.250038902311786693e+01
1.241848106723941569e+01
1.233695119000409690e+01
1.225592212702932926e+01
1.217550389395285393e+01
1.209579402112446012e+01
1.201687810296165004e+01
1.193883053648733750e+01
1.186171536249307934e+01
1.178558718898461599e+01
1.171049207868953523e+01
1.163646846636013699e+01
1.156354796076061042e+01
1.149175616268511035e+01
1.142111332909233212e+01
1.135163506133783073e+01
1.128333282518244118e+01
1.121621451206362075e+01
1.115028483053922947e+01
1.108554575759714389e+01
1.102199682447111151e+01
1.095963547861288667e+01
1.089845728683272519e+01
1.083845622723169377e+01
1.077962482959656221e+01
1.072195441341690092e+01
1.066543518163125448e+01
1.061005641743228445e+01
1.055580654380919547e+01
1.050267328881086293e+01
1.045064372027425570e+01
1.039970438674602349e+01
1.034984133436960718e+01
1.030104022877130987e+01
1.025328635922791065e+01
1.020656474541216241e+01
1.016086013258218657e+01
1.011615708604684727e+01
1.007243998010272179e+01
1.002969308232782630e+01
9.987900538248757343e+00
9.947046447037195094e+00
9.907114843344523081e+00
9.868089765597369833e+00
9.829955236042755118e+00
9.792695322559193727e+00
9.756294117674787714e+00
9.720735794611362834e+00
9.686004585830266578e+00
9.652084833886039661e+00
9.618960969909792880e+00
9.586617559736847483e+00
9.555039282636780484e+00
9.524210973097613220e+00
9.494117600042617511e+00
9.464744304588549539e+00
9.436076379968195482e+00
9.408099305540163826e+00
9.380798727713978380e+00
9.354160490557065444e+00
9.328170618448327289e+00
9.302815343932138603e+00
9.278081093680668801e+00
9.253954512041039138e+00
9.230422448735913221e+00
9.207471970137248718e+00
9.185090349805719256e+00
9.163265074507162211e+00
9.141983840367061021e+00
9.121234558095812517e+00
9.101005350256697213e+00
9.081284555525623858e+00
9.062060725911194936e+00
9.043322630010026231e+00
9.025059250106989950e+00
9.007259784497904320e+00
8.989913644489849531e+00
8.973010455902144855e+00
8.956540055978877035e+00
8.940492494186116801e+00
8.924858029041818241e+00
8.909627128320853018e+00
8.894790465805758828e+00
8.880338920999623298e+00
8.866263575802157959e+00
8.852555713819031169e+00
8.839206816969207736e+00
8.826208564469062878e+00
8.813552829378330955e+00
8.801231677326731173e+00
8.789237363007353920e+00
8.777562328704409111e+00
8.766199200743752584e+00
8.755140787872866426e+00
8.744380077678846064e+00
8.733910234864406874e+00
8.723724597643883527e+00
8.713816675952664070e+00
8.704180147831877434e+00
8.694808857603616659e+00
8.685696812254699140e+00
8.676838179605107726e+00
8.668227284700664725e+00
8.659858607997932722e+00
8.651726781775089137e+00
8.643826588353171303e+00
8.636152956534299818e+00
8.628700959875846621e+00
8.621465813163997183e+00
8.614442870754832171e+00
8.607627623090476021e+00
8.601015695118709559e+00
8.594602842858636293e+00
8.588384951908679454e+00
8.582358034067777197e+00
8.576518225939741669e+00
8.570861785615155881e+00
8.565385091378781013e+00
8.560084638456801898e+00
8.554957037832968680e+00
8.549999013065340492e+00
8.545207399215687616e+00
8.540579139738937897e+00
8.536111285529710102e+00
8.531800991887092067e+00
8.527645517681950338e+00
8.523642222399356427e+00
8.519788565429522009e+00
8.516082103189560826e+00
8.512520488540554098e+00
8.509101467989649947e+00
8.505822881235925337e+00
8.502682658453508679e+00
8.499678819968822907e+00
8.496809473624859166e+00
8.494072814592255938e+00
8.491467122814002622e+00
8.488990762953282143e+00
8.486642181917659400e+00
8.484419908946756905e+00
8.482322553214201477e+00
8.480348804058889911e+00
8.478497428661709634e+00
8.476767272425064448e+00
8.475157256720169840e+00
8.473666379421018746e+00
8.472293712716144398e+00
8.471038403805598804e+00
8.469899672767768450e+00
8.468876813432553163e+00
8.467969191287602726e+00
8.467176244551898989e+00
8.466497482095030946e+00
8.465932484760644527e+00
8.465480903262344370e+00
8.465142459877457171e+00
8.464916946388937546e+00
8.464804224245684239e+00
