9.654021672402222087e-01
9.651178895078341702e-01
9.645493593841690805e-01
9.636966276067260306e-01
9.625597701187207367e-01
9.611388882349845009e-01
9.594341082602417803e-01
9.574455817658367174e-01
9.551734850161976986e-01
9.526180193567361787e-01
9.497794104473433752e-01
9.466579087619477750e-01
9.432537886275038641e-01
9.395673488358264880e-01
9.355989114861251732e-01
9.313488227098818406e-01
9.268174513145681637e-01
9.220051896224753518e-01
9.169124519128267758e-01
9.115396753756125348e-01
9.058873183488574954e-01
8.999558613886693426e-01
8.937458052979547762e-01
8.872576723140387367e-01
8.804920039246330044e-01
8.734493621745401670e-01
8.661303272641528439e-01
8.585354989769128364e-01
8.506654940550965049e-01
8.425209477498315502e-01
8.341025109683409822e-01
8.254108519484907314e-01
8.164466531710455888e-01
8.072106131608707269e-01
7.977034431571017326e-01
7.879258690432585643e-01
7.778786277675450167e-01
7.675624694042726404e-01
7.569781533157460274e-01
7.461264503475150134e-01
7.350081387225341212e-01
7.236240063728347494e-01
7.119748465558113359e-01
7.000614603249476486e-01
6.878846518572262481e-01
6.754452310655368885e-01
6.627440086252641693e-01
6.497817987309284504e-01
6.365594138090877596e-01
6.230776674215219302e-01
6.093373686506600162e-01
5.953393251512579809e-01
5.810843371936362800e-01
5.665732008651563900e-01
5.518067017558020426e-01
5.367856183097977629e-01
5.215107151373844507e-01
5.059827465154584925e-01
4.902024493091956536e-01
4.741705466183486761e-01
4.578877402926343487e-01
4.413547147170688856e-01
4.245721289063315584e-01
4.075406204175645031e-01
3.902607970117872305e-01
3.727332406752312810e-01
3.549584988412862741e-01
3.369370884903075680e-01
3.186694869353936532e-01
3.001561359536319418e-01
2.813974321564186032e-01
2.623937310798121203e-01
2.431453371925243745e-01
2.236525078383700960e-01
2.039154430044729516e-01
1.839342889832977224e-01
1.637091282169524376e-01
1.432399826730754444e-01
1.225268048229040951e-01
1.015694818955587275e-01
8.036783265644339980e-02
5.892162128839468355e-02
3.723058462808114671e-02
1.529451117809354534e-02
-6.886557909909879829e-03
-2.931183905498452313e-02
-5.197855732026224196e-02
-7.487889239720332824e-02
-9.799238181892286348e-02
-1.212680427814654543e-01
-1.445859239793869933e-01
-1.676946529363959326e-01
-1.901700297496232983e-01
-2.115029545995604221e-01
-2.312965552233234301e-01
-2.493656950132719652e-01
-2.656889700813985788e-01
-2.803320087762018464e-01
-2.933997425950672366e-01
-3.050137419015697127e-01
-3.153011318395886331e-01
-3.243887165249056403e-01
-3.323991799542442838e-01
-3.394487433339015148e-01
-3.456455770259094784e-01
-3.510890222607434552e-01
-3.558692255299440443e-01
-3.600672623880246115e-01
-3.637554452708040009e-01
-3.669978934340079046e-01
-3.698511326816866784e-01
-3.723648134196522741e-01
-3.745823724438927527e-01
-3.765417348555610277e-01
-3.782759222620266093e-01
-3.798136653717230082e-01
-3.811799140830037791e-01
-3.823963399755242465e-01
-3.834817417735288947e-01
-3.844524427623911556e-01
-3.853226022781899851e-01
-3.861045233137302413e-01
-3.868088863885995599e-01
-3.874449848040959488e-01
-3.880208973937838701e-01
-3.885436674827614789e-01
-3.890194288999206940e-01
-3.894535420431331496e-01
-3.898506848076869757e-01
-3.902149563721383219e-01
-3.905499421031093377e-01
-3.908587932132865372e-01
-3.911442725101413886e-01
-3.914088160694172425e-01
-3.916545649520243311e-01
-3.918834134709396344e-01
-3.920970306626417323e-01
-3.922968985371620976e-01
-3.924843260856080152e-01
-3.926604800158103314e-01
-3.928263933328692836e-01
-3.929829904067086432e-01
-3.931310916152782053e-01
-3.932714341078183407e-01
-3.934046735999494060e-01
-3.935314018425642990e-01
-3.936521463657850495e-01
-3.937673854039692167e-01
-3.938775461723482141e-01
-3.939830178082787127e-01
-3.940841486087952594e-01
-3.941812574082713683e-01
-3.942746300914373725e-01
-3.943645297243856263e-01
-3.944511925743708902e-01
-3.945348372346917376e-01
-3.946156603215231762e-01
-3.946938447764213875e-01
-3.947695553655156675e-01
-3.948429463009914819e-01
-3.949141566348504107e-01
-3.949833173089147276e-01
-3.950505465108853920e-01
-3.951159562384213841e-01
-3.951796476670908498e-01
-3.952417172958891944e-01
-3.953022523632124807e-01
-3.953613366273059926e-01
-3.954190458563805466e-01
-3.954754532868370864e-01
-3.955306252061993044e-01
-3.955846261237392358e-01
-3.956375144593503590e-01
-3.956893474548246470e-01
-3.957401769776531797e-01
-3.957900541962091623e-01
-3.958390255044008654e-01
-3.958871369800913698e-01
-3.959344304342395926e-01
-3.959809476687807805e-01
-3.960267266522176088e-01
-3.960718055906992663e-01
-3.961162192307942642e-01
-3.961600027555141068e-01
-3.962031882141078265e-01
-3.962458082531714609e-01
-3.962878926726682849e-01
-3.963294720009541416e-01
-3.963705741757922452e-01
-3.964112279710554354e-01
-3.964514598012131019e-01
-3.964912970065909148e-01
-3.965307647796377788e-01
-3.965698893148962290e-01
-3.966086948552632885e-01
-3.966472067122310818e-01
-3.966854484303359296e-01
-3.967234446827275218e-01
-3.967612185520343338e-01
-3.967987943059084754e-01
-3.968361947926073441e-01
-3.968734441008184843e-01
-3.969105650683626418e-01
-3.969475818303159764e-01
-3.969845174393640264e-01
-3.970213963060047480e-01
-3.970582419292121301e-01
-3.970950792322911482e-01
-3.971319324026463260e-01
-3.971688271266571313e-01
-3.972057885374520314e-01
-3.972428433519489266e-01
-3.972800179255749908e-01
-3.973173402943289134e-01
-3.973548383352971114e-01
-3.973925417161409124e-01
-3.974304801599436443e-01
-3.974686853037694978e-01
-3.975071890656295959e-01
-3.975460254124483228e-01
-3.975852288254276834e-01
-3.976248359754537831e-01
-3.976648842802815165e-01
-3.977054134813224895e-01
-3.977464642808381523e-01
-3.977880798067914836e-01
-3.978303043087471624e-01
-3.978731844845609933e-01
-3.979167681966203629e-01
-3.979611056110853307e-01
-3.980062478654381453e-01
-3.980522479296855765e-01
-3.980991591010256125e-01
-3.981470354222806929e-01
-3.981959297803461251e-01
-3.982458935842777548e-01
-3.982969740670883052e-01
-3.983492126904541464e-01
-3.984026409390320489e-01
-3.984572765137451289e-01
-3.985131163888342987e-01
-3.985701292082000635e-01
-3.986282436028675824e-01
-3.986873343515755508e-01
-3.987472031526172467e-01
-3.988075556466310623e-01
-3.988679722857665366e-01
-3.989278756922007840e-01
-3.989864951925864434e-01
-3.990428357088326439e-01
-3.990956594407448210e-01
-3.991434965337380958e-01
-3.991847017113277496e-01
-3.992175731413590278e-01
-3.992405341341210279e-01
-3.992523539201200400e-01
