-1.895654657796157494e+01
-1.895601507458239254e+01
-1.895495218332453291e+01
-1.895335784797448042e+01
-1.895123241490975374e+01
-1.894857577136772164e+01
-1.894538849423031479e+01
-1.894167041351382963e+01
-1.893742233598237945e+01
-1.893264403342105240e+01
-1.892733654160229761e+01
-1.892149957272901872e+01
-1.891513439045390044e+01
-1.890824064570238505e+01
-1.890081982862141530e+01
-1.889287152681485082e+01
-1.888439745527579561e+01
-1.887539713588803636e+01
-1.886587250657535719e+01
-1.885582302074223549e+01
-1.884525083705409543e+01
-1.883415533730853397e+01
-1.882253889844284700e+01
-1.881040082714325123e+01
-1.879774371586033865e+01
-1.878456679227756609e+01
-1.877087286130201704e+01
-1.875666106732501603e+01
-1.874193442434488688e+01
-1.872669198876086227e+01
-1.871093697997672933e+01
-1.869466836127519471e+01
-1.867788955344613200e+01
-1.866059942109101399e+01
-1.864280158201808746e+01
-1.862449479612516967e+01
-1.860568287350633199e+01
-1.858636446285616017e+01
-1.856654356143874196e+01
-1.854621869974718962e+01
-1.852539405669600470e+01
-1.850406803705579151e+01
-1.848224499544522459e+01
-1.845992320284188182e+01
-1.843710718317020891e+01
-1.841379506496499019e+01
-1.838999153457727331e+01
-1.836569456883685447e+01
-1.834090900912957167e+01
-1.831563267066866274e+01
-1.828987054193444095e+01
-1.826362026592120813e+01
-1.823688696967487388e+01
-1.820966811263134488e+01
-1.818196895123942980e+01
-1.815378674924810909e+01
-1.812512688266177108e+01
-1.809598640656640356e+01
-1.806637080593243638e+01
-1.803627691329350924e+01
-1.800571031118932908e+01
-1.797466759472408526e+01
-1.794315443172885338e+01
-1.791116716392923536e+01
-1.787871153120465806e+01
-1.784578360478541015e+01
-1.781238918229482948e+01
-1.777852404607457615e+01
-1.774419403601578793e+01
-1.770939462577636192e+01
-1.767413168073814944e+01
-1.763840034453104266e+01
-1.760220648979005631e+01
-1.756554490703235061e+01
-1.752842145621034220e+01
-1.749083054956661343e+01
-1.745277801218627545e+01
-1.741425784978387625e+01
-1.737527582602426790e+01
-1.733582550411587064e+01
-1.729591254466157935e+01
-1.725552999956196487e+01
-1.721468330939133295e+01
-1.717336476768383235e+01
-1.713157904665355247e+01
-1.708931637959468119e+01
-1.704657751473496674e+01
-1.700334286047693411e+01
-1.695959011845317832e+01
-1.691524363331069836e+01
-1.687015266972644056e+01
-1.682397954010932040e+01
-1.677616775289205719e+01
-1.672602957512063071e+01
-1.667306891830520854e+01
-1.661711680017981863e+01
-1.655829021242758259e+01
-1.649683216545888342e+01
-1.643305934168927962e+01
-1.636729002117242615e+01
-1.629985648808516530e+01
-1.623106240993207194e+01
-1.616120959789704159e+01
-1.609056121843424236e+01
-1.601937360178830616e+01
-1.594786148407757942e+01
-1.587623290268879650e+01
-1.580465511060357642e+01
-1.573329148501857588e+01
-1.566226721152511026e+01
-1.559170750151602114e+01
-1.552170247898301447e+01
-1.545234631288339422e+01
-1.538370100478597990e+01
-1.531583626479504900e+01
-1.524879207064592102e+01
-1.518261924886642511e+01
-1.511734077018809153e+01
-1.505299306550836214e+01
-1.498958606523098780e+01
-1.492714530792518701e+01
-1.486567074483654594e+01
-1.480517970659203186e+01
-1.474566449337813090e+01
-1.468713626298788988e+01
-1.462958142046940324e+01
-1.457300648539751364e+01
-1.451739328645107285e+01
-1.446274485998405090e+01
-1.440903944692700023e+01
-1.435627746976319941e+01
-1.430443432206928200e+01
-1.425350846724220766e+01
-1.420347300501265764e+01
-1.415432493270145997e+01
-1.410603546803299757e+01
-1.405860051216301265e+01
-1.401198970388780118e+01
-1.396619812298564334e+01
-1.392119404725971066e+01
-1.387697193469546875e+01
-1.383349885152602532e+01
-1.379076877220716391e+01
-1.374874764380893488e+01
-1.370742904401524065e+01
-1.366677784535609774e+01
-1.362678727561411662e+01
-1.358742115117338578e+01
-1.354867240882890833e+01
-1.351050393718466935e+01
-1.347290881327115031e+01
-1.343585017756974764e+01
-1.339932446205739325e+01
-1.336330335289986948e+01
-1.332780753508372484e+01
-1.329286836116091131e+01
-1.325865138378236630e+01
-1.322551586221464959e+01
-1.319429800444096301e+01
-1.316645010331800236e+01
-1.314380867308435441e+01
-1.312730163924369009e+01
-1.311605959668690247e+01
-1.310819043808905704e+01
-1.310210665962246068e+01
-1.309685513418843250e+01
-1.309197493492579589e+01
-1.308723716590866282e+01
-1.308255109945894112e+01
-1.307786035008285097e+01
-1.307315234496622480e+01
-1.306840537872047214e+01
-1.306362286403930817e+01
-1.305878992603287791e+01
-1.305391350355811575e+01
-1.304897987933422066e+01
-1.304399693620555389e+01
-1.303895088651882617e+01
-1.303384999304627101e+01
-1.302868009775150426e+01
-1.302344971186730760e+01
-1.301814420902507585e+01
-1.301277231479702756e+01
-1.300731888092427369e+01
-1.300179283592160928e+01
-1.299617846418119704e+01
-1.299048489090991332e+01
-1.298469578667305058e+01
-1.297882046775603015e+01
-1.297284194058895146e+01
-1.296676970614003999e+01
-1.296058605120020779e+01
-1.295430065353019877e+01
-1.294789501845584034e+01
-1.294137899052782892e+01
-1.293473322423234251e+01
-1.292796771808651002e+01
-1.292106219735333639e+01
-1.291402679798658681e+01
-1.290684022684717647e+01
-1.289951273595682935e+01
-1.289202191158822330e+01
-1.288437809415993840e+01
-1.287655763140076992e+01
-1.286857091624933425e+01
-1.286039292068729267e+01
-1.285203404359859647e+01
-1.284346772034985129e+01
-1.283470429521192990e+01
-1.282571547674228185e+01
-1.281651147568971183e+01
-1.280706204695354877e+01
-1.279737716464594577e+01
-1.278742435691492041e+01
-1.277721322598813636e+01
-1.276670874123001198e+01
-1.275591995475222973e+01
-1.274480886914284028e+01
-1.273338375015255863e+01
-1.272160312650009750e+01
-1.270947416222178994e+01
-1.269695127403859658e+01
-1.268404009977031777e+01
-1.267069013017126267e+01
-1.265690489972611488e+01
-1.264262791941128761e+01
-1.262785982662704320e+01
-1.261253676567483950e+01
-1.259665537036833172e+01
-1.258014255953614580e+01
-1.256298939668643300e+01
-1.254511103284888662e+01
-1.252649070264296327e+01
-1.250702823229003613e+01
-1.248669570358515912e+01
-1.246537251308408756e+01
-1.244301458095599955e+01
-1.241947333620415428e+01
-1.239468078452906674e+01
-1.236844889890854304e+01
-1.234067340663743906e+01
-1.231110870245441191e+01
-1.227959388175931821e+01
-1.224579615690638867e+01
-1.220946348868890219e+01
-1.217012617537268149e+01
-1.212738186212434321e+01
-1.208054101427944182e+01
-1.202895628355535429e+01
-1.197160423625775927e+01
-1.190751923204411078e+01
-1.183543545040039469e+01
-1.175482994023180261e+01
-1.166709798435277357e+01
-1.158119794704319183e+01
-1.152161331513443088e+01
