-5.577862421860174891e+00
-5.578403898748976353e+00
-5.579486808612537985e+00
-5.581111045545440241e+00
-5.583276477979458363e+00
-5.585982894363527684e+00
-5.589230075995981650e+00
-5.593017706202179973e+00
-5.597345480015607500e+00
-5.602212976423150970e+00
-5.607619805413722069e+00
-5.613565442683292162e+00
-5.620049414758471862e+00
-5.627071095346727780e+00
-5.634629929474416876e+00
-5.642725190408760305e+00
-5.651356244033067355e+00
-5.660522264966879824e+00
-5.670222542715944059e+00
-5.680456155285615871e+00
-5.691222318998877761e+00
-5.702520017509941752e+00
-5.714348397615026443e+00
-5.726706351090197877e+00
-5.739592959363188029e+00
-5.753007024991299900e+00
-5.766947568736764396e+00
-5.781413306762742899e+00
-5.796403204461195280e+00
-5.811915894559056106e+00
-5.827950293033378415e+00
-5.844504952211785564e+00
-5.861578745363911658e+00
-5.879170147460309082e+00
-5.897277996636332453e+00
-5.915900693461514592e+00
-5.935037049507574380e+00
-5.954685393705544172e+00
-5.974844520785098645e+00
-5.995512690469958272e+00
-6.016688691723325988e+00
-6.038370716959029494e+00
-6.060557562086128947e+00
-6.083247353285533343e+00
-6.106438908128468235e+00
-6.130130286448078891e+00
-6.154320344656700748e+00
-6.179007074454342607e+00
-6.204189391321350833e+00
-6.229865214737542622e+00
-6.256033543285450804e+00
-6.282692216991440759e+00
-6.309840346388288168e+00
-6.337475680523357191e+00
-6.365597476873475991e+00
-6.394203376152508334e+00
-6.423292825694081998e+00
-6.452863332594051649e+00
-6.482914587287206487e+00
-6.513443927165075031e+00
-6.544451352534437660e+00
-6.575933980374060184e+00
-6.607892205415967446e+00
-6.640322853657727009e+00
-6.673226822438245165e+00
-6.706600549115674603e+00
-6.740445573374023169e+00
-6.774757809293848076e+00
-6.809539621073565030e+00
-6.844786214150289538e+00
-6.880501016797836655e+00
-6.916678270746154489e+00
-6.953322785883513824e+00
-6.990427488968635750e+00
-7.027998995862105858e+00
-7.066028433676497578e+00
-7.104524795473688314e+00
-7.143476738902900358e+00
-7.182896408954817069e+00
-7.222769066206128130e+00
-7.263111068745168986e+00
-7.303902997293342025e+00
-7.345166901572904194e+00
-7.386876941249089334e+00
-7.429063025919384167e+00
-7.471690757310184949e+00
-7.514801681831786873e+00
-7.558351715516208102e+00
-7.602403987510961691e+00
-7.646914271689682963e+00
-7.692005902015890406e+00
-7.737691121320827037e+00
-7.784243069350027966e+00
-7.831731620667022220e+00
-7.880416188971151037e+00
-7.930116078921987111e+00
-7.980922308441703805e+00
-8.032446305127930231e+00
-8.084787734979663298e+00
-8.137451842985740313e+00
-8.190639641030347917e+00
-8.243754373732221197e+00
-8.297147504615598024e+00
-8.350092670917005577e+00
-8.403137358300970305e+00
-8.455381680728056182e+00
-8.507619832780322966e+00
-8.558720467113033692e+00
-8.609784139468120046e+00
-8.659376650155367727e+00
-8.708976289497403656e+00
-8.756761272683098341e+00
-8.804672539522297114e+00
-8.850402635597914625e+00
-8.896454442219335235e+00
-8.939923608481219475e+00
-8.983988498666663602e+00
-9.025024196880092830e+00
-9.067011227755408243e+00
-9.105469524298714035e+00
-9.145319296271003040e+00
-9.181082411633258999e+00
-9.218763793018444730e+00
-9.251739419775560691e+00
-9.287247356160612810e+00
-9.317369193363420621e+00
-9.350722902240242718e+00
-9.377951653033223423e+00
-9.409192902255705704e+00
-9.433516996022454748e+00
-9.462708076542899249e+00
-9.484143823779708882e+00
-9.511364906379103701e+00
-9.529955600628344570e+00
-9.555301624742881472e+00
-9.571115585165010486e+00
-9.594692523516545890e+00
-9.607820109268063291e+00
-9.629741130880539401e+00
-9.640290677773741379e+00
-9.660672249528749589e+00
-9.668765938229041623e+00
-9.687723704592917429e+00
-9.693493053918057711e+00
-9.711138551946209674e+00
-9.714719815651834622e+00
-9.731157405617432588e+00
-9.732688081981466510e+00
-9.748011934377421639e+00
-9.747627765032014224e+00
-9.761919758453954543e+00
-9.759753685205716067e+00
-9.773082448179064130e+00
-9.769271067879365944e+00
-9.781702032822668258e+00
-9.776429997114275849e+00
-9.788106000814734031e+00
-9.781850540394881222e+00
-9.793421032476189225e+00
-9.787857826771348968e+00
-9.801329893077733502e+00
-9.799128202772605434e+00
-9.815075623874545130e+00
-9.814831718686546580e+00
-9.831135487898427172e+00
-9.830631091003191102e+00
-9.846620179135685547e+00
-9.845331230726591443e+00
-9.860922325308960623e+00
-9.858798591903179087e+00
-9.873980634264611922e+00
-9.871044331253743920e+00
-9.885822898380295598e+00
-9.882101828352579886e+00
-9.896488722386932224e+00
-9.892006576780874028e+00
-9.906016335827969144e+00
-9.900792082481487455e+00
-9.914440170477126557e+00
-9.908488827087193584e+00
-9.921790834790639835e+00
-9.915123536338711574e+00
-9.928095188005867655e+00
-9.920719318076015369e+00
-9.933376109383562635e+00
-9.925295795742572480e+00
-9.937652682247700042e+00
-9.928868663887087109e+00
-9.940940362215640036e+00
-9.931449633471538974e+00
-9.943250675742795863e+00
-9.933046648994622529e+00
-9.944591148330671260e+00
-9.933663526041968339e+00
-9.944965381022504047e+00
-9.933299710837919960e+00
-9.944372751763651763e+00
-9.931950195010061933e+00
-9.942808271792166863e+00
-9.929605128637087219e+00
-9.940262225888153225e+00
-9.926249736784971134e+00
-9.936719870683560885e+00
-9.921863498700570716e+00
-9.932161336109842864e+00
-9.916419650929782392e+00
-9.926560580726338401e+00
-9.909885117531761267e+00
-9.919885027627344698e+00
-9.902218918542672554e+00
-9.912095106974655678e+00
-9.893371370376703666e+00
-9.903142685284587188e+00
-9.883283211098753185e+00
-9.892970234554233855e+00
-9.871883379984689455e+00
-9.881509256684477549e+00
-9.859087353599695902e+00
-9.868678180472201689e+00
-9.844794200872280854e+00
-9.854380178168620219e+00
-9.828883133911874737e+00
-9.838499371273824678e+00
-9.811209367737701470e+00
-9.820897014776427625e+00
-9.791597084397380968e+00
-9.801405865338983503e+00
-9.769831612708307134e+00
-9.779821746078399158e+00
-9.745648000205545003e+00
-9.755893490951653035e+00
-9.718713574024562263e+00
-9.729307569194196148e+00
-9.688604249125688739e+00
-9.699665706741157578e+00
-9.654767712105984501e+00
-9.666452163213030246e+00
-9.616465806522299431e+00
-9.628982053932059415e+00
-9.572680599793816469e+00
-9.586318639364368011e+00
-9.521950940281200815e+00
-9.537132468301672716e+00
-9.462072609649879951e+00
-9.479450565241013038e+00
-9.389502197444659970e+00
-9.410197876268988182e+00
-9.298094469806327922e+00
-9.324439118111149227e+00
-9.176622578370460914e+00
-9.215760634648548333e+00
-9.011644230502367847e+00
-9.106320838062062606e+00
-8.988875796207072000e+00
-9.078803961790123722e+00
-8.544633744455740754e+00
