-2.651984989613270782e-01
-2.657568872850480934e-01
-2.668736105940548442e-01
-2.685485621762975783e-01
-2.707815821565509040e-01
-2.735724573906495038e-01
-2.769209218869370104e-01
-2.808266566293797228e-01
-2.852892902110533146e-01
-2.903083985852853988e-01
-2.958835059126525002e-01
-3.020140842389333891e-01
-3.086995545577104205e-01
-3.159392864133563350e-01
-3.237325991817827653e-01
-3.320787615963143868e-01
-3.409769932496207745e-01
-3.504264640396986819e-01
-3.604262958964450370e-01
-3.709755621443556750e-01
-3.820732894576159833e-01
-3.937184571352984053e-01
-4.059099992891749831e-01
-4.186468040261996371e-01
-4.319277158735984057e-01
-4.457515348620777473e-01
-4.601170191927949071e-01
-4.750228842133833451e-01
-4.904678053312089281e-01
-5.064504168722003818e-01
-5.229693152445358262e-01
-5.400230576676791072e-01
-5.576101655897121034e-01
-5.757291232706904793e-01
-5.943783814553742495e-01
-6.135563557905158172e-01
-6.332614307523508623e-01
-6.534919578716227306e-01
-6.742462599114373845e-01
-6.955226288658789002e-01
-7.173193303782641195e-01
-7.396346014685342141e-01
-7.624666551735699294e-01
-7.858136779439557351e-01
-8.096738344758526162e-01
-8.340452646975470286e-01
-8.589260887445449022e-01
-8.843144034284933230e-01
-9.102082872811785297e-01
-9.366057963594700553e-01
-9.635049692460873061e-01
-9.909038219894735766e-01
-1.018800352894274397e+00
-1.047192536317408162e+00
-1.076078327001056101e+00
-1.105455652335502803e+00
-1.135322415870418933e+00
-1.165676487495934222e+00
-1.196515705596298496e+00
-1.227837864370658227e+00
-1.259640713840616266e+00
-1.291921943196874700e+00
-1.324679177498884419e+00
-1.357909955441810590e+00
-1.391611721031244864e+00
-1.425781793437367773e+00
-1.460417351095564253e+00
-1.495515390224353425e+00
-1.531072697534618721e+00
-1.567085792311040837e+00
-1.603550881898436309e+00
-1.640463779491018403e+00
-1.677819832995286697e+00
-1.715613805333036535e+00
-1.753839759225167327e+00
-1.792490872746608455e+00
-1.831559236794106926e+00
-1.871035526403511229e+00
-1.910908557981673805e+00
-1.951164496258941394e+00
-1.991785483950021529e+00
-2.032746870798119776e+00
-2.074011616031190108e+00
-2.115518632153694956e+00
-2.157160176077758784e+00
-2.198744705870909311e+00
-2.239959390865908340e+00
-2.280381910116034749e+00
-2.319578214908715186e+00
-2.357213770400695907e+00
-2.393082072951760786e+00
-2.427067195170379499e+00
-2.459099871230689516e+00
-2.489129550530566615e+00
-2.517109636160542507e+00
-2.542989926955502522e+00
-2.566712657267213427e+00
-2.588210678590221470e+00
-2.607407182220948805e+00
-2.624216868818999515e+00
-2.638548458819070852e+00
-2.650308536603334542e+00
-2.659406534952100110e+00
-2.665760657921841137e+00
-2.669304316549590439e+00
-2.669992628702593684e+00
-2.667808368095349270e+00
-2.662766816656857660e+00
-2.654918963720990455e+00
-2.644352721445934140e+00
-2.631191970509095590e+00
-2.615593559989613848e+00
-2.597742547528901991e+00
-2.577846194764189303e+00
-2.556127261917028992e+00
-2.532817199379290063e+00
-2.508149708535623912e+00
-2.482355073019786751e+00
-2.455655475404867616e+00
-2.428261427816783780e+00
-2.400369293264807080e+00
-2.372159839687507876e+00
-2.343797684308432494e+00
-2.315431508575349628e+00
-2.287194892978212213e+00
-2.259207679586021200e+00
-2.231577769519616172e+00
-2.204403339366356018e+00
-2.177775479624359356e+00
-2.151781352268209435e+00
-2.126508011375168206e+00
-2.102047160589658681e+00
-2.078501224369580402e+00
-2.055991314318020624e+00
-2.034667875397630610e+00
-2.014725112449055278e+00
-1.996420595446986468e+00
-1.980101741233283086e+00
-1.966240846153632482e+00
-1.955479613419702334e+00
-1.948681668893606389e+00
-1.946986039656136702e+00
-1.951844281677018067e+00
-1.965008886375707808e+00
-1.988425997207804441e+00
-2.023986767297562661e+00
-2.073131348685105735e+00
-2.136384421111428900e+00
-2.212988003279041660e+00
-2.300802120810473639e+00
-2.396530826511648282e+00
-2.496181031424082430e+00
-2.595592712703068905e+00
-2.690913989633501480e+00
-2.778961897464345299e+00
-2.857448560678540694e+00
-2.925063667204856444e+00
-2.981416951179031383e+00
-3.026869910813464681e+00
-3.062309455868912345e+00
-3.088920042914250264e+00
-3.107994483563720323e+00
-3.120799859434910228e+00
-3.128496355177311727e+00
-3.132097601103315032e+00
-3.132459386825018566e+00
-3.130285604997704585e+00
-3.126143342699335914e+00
-3.120481779362441976e+00
-3.113651649247608955e+00
-3.105923448793142860e+00
-3.097503518380325893e+00
-3.088547691674758067e+00
-3.079172555483524309e+00
-3.069464526862506482e+00
-3.059487045018767670e+00
-3.049286179862763735e+00
-3.038894955737858172e+00
-3.028336643645218818e+00
-3.017627248912684745e+00
-3.006777370572268904e+00
-2.995793585139812976e+00
-2.984679465198927684e+00
-2.973436328814396568e+00
-2.962063783751097912e+00
-2.950560124656083083e+00
-2.938922617611650523e+00
-2.927147706801368265e+00
-2.915231160082671469e+00
-2.903168174462233964e+00
-2.890953448296334827e+00
-2.878581233431591446e+00
-2.866045368707040186e+00
-2.853339303731863286e+00
-2.840456111559000796e+00
-2.827388496814341678e+00
-2.814128796524386189e+00
-2.800668978899251815e+00
-2.787000636691349786e+00
-2.773114979636684740e+00
-2.759002822365072660e+00
-2.744654571821541378e+00
-2.730060210545190991e+00
-2.715209279529249287e+00
-2.700090857062590111e+00
-2.684693537033170596e+00
-2.669005403193564163e+00
-2.653014002665654569e+00
-2.636706315308980919e+00
-2.620068722051869692e+00
-2.603086968951081381e+00
-2.585746129924631376e+00
-2.568030565083669892e+00
-2.549923877484669532e+00
-2.531408865419024767e+00
-2.512467472986051664e+00
-2.493080736314065682e+00
-2.473228728181855907e+00
-2.452890498754522142e+00
-2.432044015333330478e+00
-2.410666099365577963e+00
-2.388732364008787190e+00
-2.366217151351575509e+00
-2.343093473417793948e+00
-2.319332957489802727e+00
-2.294905801485452201e+00
-2.269780742389703398e+00
-2.243925046468082662e+00
-2.217304528577848988e+00
-2.189883614782461407e+00
-2.161625463233193489e+00
-2.132492167480526390e+00
-2.102445070838190766e+00
-2.071445233984753997e+00
-2.039454108869741766e+00
-2.006434493497796456e+00
-1.972351864087363182e+00
-1.937176216372575865e+00
-1.900884587789762437e+00
-1.863464489152970138e+00
-1.824918539864857747e+00
-1.785270683299950534e+00
-1.744574444706396221e+00
-1.702923776030284664e+00
-1.660467069472344459e+00
-1.617424856410823786e+00
-1.574111417838041316e+00
-1.530959836872304969e+00
-1.488548658913741329e+00
-1.447626023379098958e+00
-1.409123799544308664e+00
-1.374150426181856677e+00
-1.343948572941167097e+00
-1.319805751620279466e+00
-1.302916470396053406e+00
-1.294214286036422079e+00
