0.000000000000000000e+00
0.000000000000000000e+00
1.287860176378879803e+21
3.863886016960809402e+21
7.728688221553359323e+21
1.288318211178168005e+22
1.932858680009893609e+22
2.706642400244691632e+22
3.609851664162973811e+22
4.642698704890816050e+22
5.805425498409746301e+22
7.098303520525417395e+22
8.521633488079255765e+22
1.007574504993649402e+23
1.176099646421940044e+23
1.357777421980929307e+23
1.552649264570683726e+23
1.760759345882649183e+23
1.982154530086314417e+23
2.216884320744112505e+23
2.465000806712405561e+23
2.726558600626520017e+23
3.001614776405538845e+23
3.290228798668455354e+23
3.592462451159248174e+23
3.908379756380682317e+23
4.238046894182221941e+23
4.581532110825009426e+23
4.938905626899720752e+23
5.310239534965277002e+23
5.695607695888227584e+23
6.095085624126693022e+23
6.508750371511262469e+23
6.936680399173092786e+23
7.378955447719830749e+23
7.835656394734682264e+23
8.306865110236421685e+23
8.792664298613107631e+23
9.293137338187250496e+23
9.808368106395513137e+23
1.033844080221646630e+24
1.088343975335926992e+24
1.144344922026049039e+24
1.201855318399726127e+24
1.260883513052509545e+24
1.321437781798985939e+24
1.383526303985668809e+24
1.447157137026916813e+24
1.512338190470706163e+24
1.579077198203808823e+24
1.647381690133997507e+24
1.717258961931154429e+24
1.788716044191119010e+24
1.861759669583958159e+24
1.936396239368818807e+24
2.012631787827556325e+24
2.090471946007904271e+24
2.169921903329810395e+24
2.250986368446460798e+24
2.333669527922930002e+24
2.417975004121061747e+24
2.503905810867044192e+24
2.591464308286201161e+24
2.680652155399491251e+24
2.771470261858376362e+24
2.863918737439776206e+24
2.957996840661574037e+24
3.053702925180057384e+24
3.151034385305637436e+24
3.249987599346864384e+24
3.350557872093387714e+24
3.452739375198862188e+24
3.556525086752050229e+24
3.661906728849616698e+24
3.768874704436506112e+24
3.877418032286603315e+24
3.987524281360163266e+24
4.099179503474216318e+24
4.212368165479610069e+24
4.327073079914262321e+24
4.443275335226683759e+24
4.560954224382378886e+24
4.680087172462181073e+24
4.800649660846847757e+24
4.922615145632422024e+24
5.045954960288020605e+24
5.170638181563461477e+24
5.296631401251612062e+24
5.423898265033740229e+24
5.552398428024455958e+24
5.682085103180574999e+24
5.812899444942910058e+24
5.944759134530077945e+24
6.077540717592416331e+24
6.211064789791478911e+24
6.345099960295469328e+24
6.479387955141885049e+24
6.613673066407919280e+24
6.747722222273249594e+24
6.881334807741682923e+24
7.014346203141619126e+24
7.146628061697598204e+24
7.278086824068629228e+24
7.408661269580154254e+24
7.538319506595329557e+24
7.667055740100724665e+24
7.794886986019245281e+24
7.921849927260901512e+24
8.047997966288296109e+24
8.173398579277640032e+24
8.298130954178774880e+24
8.422283962973396335e+24
8.545954412704921360e+24
8.669245598455125160e+24
8.792266089350812964e+24
8.915128760877353955e+24
9.037950004655390160e+24
9.160849127677124443e+24
9.283947878279075775e+24
9.407370112857580973e+24
9.531241548482592241e+24
9.655689618034067417e+24
9.780843380605855512e+24
9.906833505913987240e+24
1.003379229200806252e+25
1.016185373632395745e+25
1.029115362473923245e+25
1.042182965924691497e+25
1.055402159316035054e+25
1.068787139449390902e+25
1.082352340977192922e+25
1.096112454855618837e+25
1.110082446354936419e+25
1.124277574599978833e+25
1.138713411326694375e+25
1.153405860761805042e+25
1.168371178463040499e+25
1.183625990961889894e+25
1.199187314156436169e+25
1.215072572237421507e+25
1.231299615171282792e+25
1.247886736474709915e+25
1.264852689347878240e+25
1.282216702871587828e+25
1.299998496343999555e+25
1.318218293455583480e+25
1.336896834354231943e+25
1.356055387319062067e+25
1.375715758033303408e+25
1.395900298233010893e+25
1.416631911613381868e+25
1.437934058876125642e+25
1.459830759632660135e+25
1.482346593221093897e+25
1.505506695897482212e+25
1.529336756732845266e+25
1.553863009275446492e+25
1.579112221717876403e+25
1.605111681916100151e+25
1.631889180561242435e+25
1.659472987536562846e+25
1.687891825998589018e+25
1.717174839327236128e+25
1.747351558211986448e+25
1.778451865391326470e+25
1.810505956141519105e+25
1.843544295354706063e+25
1.877597565429567734e+25
1.912696610854453882e+25
1.948872374868257111e+25
1.986155832182018769e+25
2.024577914396958438e+25
2.064169430830329753e+25
2.104960982090709356e+25
2.146982868699722263e+25
2.190264992381472065e+25
2.234836752244132754e+25
2.280726933572637715e+25
2.327963591530906481e+25
2.376573927512338176e+25
2.426584160586928910e+25
2.478019391766411004e+25
2.530903463736338568e+25
2.585258813735103067e+25
2.641106322469838685e+25
2.698465156691432534e+25
2.757352608589953828e+25
2.817783929564088210e+25
2.879772161822097640e+25
2.943327965286255021e+25
3.008459443577795471e+25
3.075171966457596595e+25
3.143467992836242135e+25
3.213346891617610919e+25
3.284804764837044784e+25
3.357834270228873404e+25
3.432424448039683075e+25
3.508560549069281296e+25
3.586223869113715111e+25
3.665391586612999061e+25
3.746036609031838788e+25
3.828127424566659559e+25
3.911627965050387608e+25
3.996497476405804876e+25
4.082690402845745443e+25
4.170156280888970702e+25
4.258839649697784405e+25
4.348679973480925531e+25
4.439611582747973693e+25
4.531563629792074968e+25
4.624460065434597512e+25
4.718219631994603391e+25
4.812755879732600742e+25
4.907977201268886109e+25
5.003786891405274014e+25
5.100083226343569705e+25
5.196759569871589233e+25
5.293704499958426018e+25
5.390801963437430015e+25
5.487931451627355160e+25
5.584968204644886509e+25
5.681783436633216586e+25
5.778244589708369935e+25
5.874215608194710952e+25
5.969557240977928417e+25
6.064127362877624710e+25
6.157781322881403594e+25
6.250372309463553633e+25
6.341751740843091442e+25
6.431769669728318161e+25
6.520275210421616487e+25
6.607116977172995541e+25
6.692143541693560438e+25
6.775203898085507333e+25
6.856147943167825588e+25
6.934826959863808258e+25
7.011094111734968214e+25
7.084804935793505607e+25
7.155817841826967953e+25
7.223994604905374627e+25
7.289200859496450985e+25
7.351306581491709807e+25
7.410186566791766578e+25
7.465720892512963813e+25
7.517795369680488884e+25
7.566301973424064016e+25
7.611139259653553406e+25
7.652212754534286477e+25
7.689435325491425015e+25
7.722727521130417621e+25
7.752017887427149959e+25
7.777243250721674302e+25
7.798348969668263353e+25
7.815289156964491908e+25
7.828026850329130381e+25
7.836534186073160052e+25
