6.118949540891700067e+00
6.119717163988714681e+00
6.121252350908040540e+00
6.123554945568391972e+00
6.126624770385199703e+00
6.130461513578963739e+00
6.135064879971095841e+00
6.140434402856517870e+00
6.146569670652029416e+00
6.153470062894633941e+00
6.161135053262012384e+00
6.169563869096008624e+00
6.178755871491927287e+00
6.188710137542765999e+00
6.199425918434873672e+00
6.210902143330889302e+00
6.223137956716954911e+00
6.236132142519821286e+00
6.249883742279260801e+00
6.264391397762770985e+00
6.279654051882106458e+00
6.295670207696852927e+00
6.312438714412973439e+00
6.329957940185683363e+00
6.348226646093092285e+00
6.367243069519115117e+00
6.387005889692891181e+00
6.407513217680203432e+00
6.428763657884747573e+00
6.450755199808538620e+00
6.473486380869776902e+00
6.496955074008669229e+00
6.521159758424631470e+00
6.546098195664487918e+00
6.571768816534983237e+00
6.598169276436296471e+00
6.625297968802983384e+00
6.653152448128288654e+00
6.681731082834355462e+00
6.711031331627888008e+00
6.741051551821600540e+00
6.771789111144315143e+00
6.803242371550171974e+00
6.835408613994825799e+00
6.868286223071726759e+00
6.901872396189300929e+00
6.936165561308020422e+00
6.971162834069612124e+00
7.006862709855429472e+00
7.043262222271131634e+00
7.080359962261932871e+00
7.118152878267236083e+00
7.156639690039793500e+00
7.195817253746988662e+00
7.235684457642331147e+00
7.276238053022620278e+00
7.317477144594559668e+00
7.359398358598832068e+00
7.402001074869573927e+00
7.445281763956247190e+00
7.489240153454815641e+00
7.533872513350046596e+00
7.579179009874343897e+00
7.625155648152582621e+00
7.671803148037183107e+00
7.719117158898164632e+00
7.767099101278547302e+00
7.815744141438240256e+00
7.865054590721606509e+00
7.915024954741784136e+00
7.965658683835146192e+00
8.016949376340516409e+00
8.068901948507434696e+00
8.121508749282380535e+00
8.174776595410930824e+00
8.228696111780719136e+00
8.283276598188177076e+00
8.338506296928379413e+00
8.394397778980918545e+00
8.450935990978388546e+00
8.508137856474586869e+00
8.565983772409168751e+00
8.624496546870320302e+00
8.683650392507500371e+00
8.743476412655301289e+00
8.803941066742300592e+00
8.865088914067726478e+00
8.926880927538261901e+00
8.989393437469404446e+00
9.052611679607570849e+00
9.116728423496903488e+00
9.181899474925645066e+00
9.248643930234607069e+00
9.317325702837491619e+00
9.388422125749508851e+00
9.461819649562233536e+00
9.537561579723078609e+00
9.615148237768318396e+00
9.694545565319192093e+00
9.775115200048835717e+00
9.856917879172410579e+00
9.939219578718985204e+00
1.002224483586713255e+01
1.010514756503564371e+01
1.018836814905187360e+01
1.027090795470139462e+01
1.035347509115530151e+01
1.043486001988701162e+01
1.051609663334411771e+01
1.059569073898045488e+01
1.067507055473686606e+01
1.075236945392223831e+01
1.082949179499147441e+01
1.090409741386921283e+01
1.097866323870308491e+01
1.105026168646817553e+01
1.112205337296887642e+01
1.119039744161551297e+01
1.125926292255873662e+01
1.132415936829964842e+01
1.139000022510417587e+01
1.145130120143485897e+01
1.151406401984648653e+01
1.157166169913489995e+01
1.163133178080443031e+01
1.168515531967835130e+01
1.174175177162786987e+01
1.179176560852032907e+01
1.184533727394372704e+01
1.189153980931019916e+01
1.194216146301575066e+01
1.198458366580953971e+01
1.203235202019823014e+01
1.207105534974983030e+01
1.211608491099414486e+01
1.215115845433498620e+01
1.219357699185465194e+01
1.222513377823690917e+01
1.226507787048273634e+01
1.229325026251067143e+01
1.233086091527584571e+01
1.235579604826708433e+01
1.239121419297626936e+01
1.241306912828682663e+01
1.244643203346509175e+01
1.246536888379064401e+01
1.249680684237997852e+01
1.251298906309920866e+01
1.254262218333590262e+01
1.255621139494473937e+01
1.258414733938525032e+01
1.259530214138811921e+01
1.262163503993607527e+01
1.263051735029297262e+01
1.265533775116884563e+01
1.266215711680034239e+01
1.268563251383556434e+01
1.269089058781981016e+01
1.271369462482326362e+01
1.271909110823946776e+01
1.274325477518286576e+01
1.275148274409337290e+01
1.277760345619948801e+01
1.278728232208513305e+01
1.281326362502156968e+01
1.282219702424695384e+01
1.284738929530688800e+01
1.285507417293162824e+01
1.287941472261870501e+01
1.288582112050135287e+01
1.290931880798810738e+01
1.291448851068989612e+01
1.293716812664021809e+01
1.294114779780917424e+01
1.296303964925041896e+01
1.296587113077911191e+01
1.298700755035046583e+01
1.298872725054460453e+01
1.300914078847877953e+01
1.300978045944361305e+01
1.302950308994956785e+01
1.302908990188798555e+01
1.304815303797242088e+01
1.304670971990491957e+01
1.306514386176660025e+01
1.306268920861385219e+01
1.308052364451322092e+01
1.307707239737110250e+01
1.309433551879667590e+01
1.308989802371135269e+01
1.310661739504235079e+01
1.310119978148973452e+01
1.311740192175088993e+01
1.311100599132157996e+01
1.312671659563781823e+01
1.311933939443108876e+01
1.313458349783137358e+01
1.312621710270416742e+01
1.314101918591890339e+01
1.313165024766815492e+01
1.314603437032369904e+01
1.313564393328449675e+01
1.314963364893778319e+01
1.313819645145374437e+01
1.315181544481420239e+01
1.313929882126839921e+01
1.315257099744942515e+01
1.313893475496013963e+01
1.315188403417828056e+01
1.313707910153695124e+01
1.314973034752903480e+01
1.313369708164109717e+01
1.314607625855044581e+01
1.312874344641554991e+01
1.314087781907631580e+01
1.312216028970370196e+01
1.313407926826062244e+01
1.311387541570524462e+01
1.312561096059217114e+01
1.310379942448629365e+01
1.311538721229390347e+01
1.309182229203192804e+01
1.310330253572240622e+01
1.307780925793839266e+01
1.308922785093553109e+01
1.306159381619208304e+01
1.307300487985846615e+01
1.304296992021988721e+01
1.305443773568802968e+01
1.302168057875597995e+01
1.303328289051057176e+01
1.299740043924346899e+01
1.300923382153753138e+01
1.296971211713662342e+01
1.298189865288760991e+01
1.293806939932854227e+01
1.295076745145752639e+01
1.290173964760463576e+01
1.291516056631051157e+01
1.285970988213187738e+01
1.287414593391391371e+01
1.281052335350283577e+01
1.282639823538340451e+01
1.275197970827121274e+01
1.276994809590543767e+01
1.268053887465537066e+01
1.270172354008281879e+01
1.259005844062036061e+01
1.261679184793442943e+01
1.246931387788716528e+01
1.250874143016315720e+01
1.230486481653231756e+01
1.239973248243728676e+01
1.228243054070252960e+01
1.237245401619568241e+01
1.183833064352546849e+01
