2.094771349757889478e+00
2.094799983643777175e+00
2.094857227391688781e+00
2.094943032920591364e+00
2.095057328085281334e+00
2.095200016576180602e+00
2.095370977904983167e+00
2.095570067236707246e+00
2.095797115367239005e+00
2.096051928486264870e+00
2.096334288145533797e+00
2.096643950950676238e+00
2.096980648518669277e+00
2.097344087095854626e+00
2.097733947502586016e+00
2.098149884674164412e+00
2.098591527590123018e+00
2.099058478734007860e+00
2.099550314004234419e+00
2.100066582087781519e+00
2.100606804348928325e+00
2.101170474111033304e+00
2.101757056518681388e+00
2.102365987720677509e+00
2.102996674700337465e+00
2.103648494351598952e+00
2.104320793271192258e+00
2.105012886718427012e+00
2.105724058361880147e+00
2.106453559111746809e+00
2.107200606812363652e+00
2.107964384934197355e+00
2.108744042201929236e+00
2.109538691130969923e+00
2.110347407578979873e+00
2.111169229109205236e+00
2.112003154451104869e+00
2.112848141669803503e+00
2.113703107518781543e+00
2.114566925391133889e+00
2.115438424544151097e+00
2.116316387803687693e+00
2.117199550636617467e+00
2.118086598574504098e+00
2.118976166105241976e+00
2.119866833775930548e+00
2.120757126869463605e+00
2.121645512138950362e+00
2.122530396228196281e+00
2.123410121980963350e+00
2.124282966556036101e+00
2.125147137243612150e+00
2.126000769215770969e+00
2.126841920769082073e+00
2.127668570639594137e+00
2.128478612574974616e+00
2.129269852129468621e+00
2.130040000450660109e+00
2.130786670454413834e+00
2.131507369690760711e+00
2.132199495782872933e+00
2.132860328214797097e+00
2.133487022904032138e+00
2.134076602733754324e+00
2.134625951120202370e+00
2.135131801098918647e+00
2.135590727753661877e+00
2.135999135668552373e+00
2.136353250115662572e+00
2.136649102711122961e+00
2.136882521317461148e+00
2.137049113773246134e+00
2.137144256487579774e+00
2.137163075958369518e+00
2.137100435551295252e+00
2.136950913056223200e+00
2.136708781543637858e+00
2.136367972395170511e+00
2.135922025543234959e+00
2.135363979367923548e+00
2.134686155223104009e+00
2.133879664242678498e+00
2.132933334646645918e+00
2.131831368053834552e+00
2.130548668899926223e+00
2.129043055122082251e+00
2.127247353172877720e+00
2.125072007738420421e+00
2.122426115370163568e+00
2.119241344657273540e+00
2.115478061153068801e+00
2.111117275060776066e+00
2.106151240224488852e+00
2.100577525682424618e+00
2.094395930632765523e+00
2.087606918291087688e+00
2.080210752882797109e+00
2.072206986573887910e+00
2.063594126450308153e+00
2.054369425286182160e+00
2.044528744757498018e+00
2.034066477690803953e+00
2.022975496652427374e+00
2.011247124217339977e+00
1.998871101513156612e+00
1.985835557755288860e+00
1.972126966736655440e+00
1.957730100221471758e+00
1.942627972238417433e+00
1.926801789390075736e+00
1.910230906194038347e+00
1.892892802479611447e+00
1.874763083303199851e+00
1.855815517094695943e+00
1.836022111042590943e+00
1.815353236059559450e+00
1.793777797556392883e+00
1.771263460737428908e+00
1.747776924458019021e+00
1.723284250337579371e+00
1.697751241348993467e+00
1.671143877803371147e+00
1.643428809093290699e+00
1.614573915264219783e+00
1.584548946926112034e+00
1.553326271406164860e+00
1.520881753807666659e+00
1.487195828305112544e+00
1.452254827296457051e+00
1.416052677703343976e+00
1.378593108540159262e+00
1.339892586101974370e+00
1.299984271478141995e+00
1.258923424733797480e+00
1.216794832393024883e+00
1.173723047453723911e+00
1.129886454894459158e+00
1.085536387157720384e+00
1.041022531827985320e+00
9.968254045335608327e-01
9.535950569233728746e-01
9.121915098053722248e-01
8.737155293513282350e-01
8.395082542813485649e-01
8.110883450810477679e-01
7.899960362774044453e-01
7.775397091935494220e-01
7.744967494316530310e-01
7.808772122679296102e-01
7.958598448381044577e-01
8.179318888254407671e-01
8.451626698394486548e-01
8.754978020282302431e-01
9.069928759776798577e-01
9.379637140298470177e-01
9.670673609149375016e-01
9.933348513150526138e-01
1.016168690759921667e+00
1.035310590268013087e+00
1.050784384270090133e+00
1.062822934891660021e+00
1.071791097137499760e+00
1.078116308201612528e+00
1.082234397490304811e+00
1.084553105207616941e+00
1.085431734588389929e+00
1.085173223061635772e+00
1.084024493556951629e+00
1.082181529620598992e+00
1.079796580189804178e+00
1.076985824011051696e+00
1.073836555621360045e+00
1.070413449890832425e+00
1.066763773835022855e+00
1.062921580410362887e+00
1.058911003638429493e+00
1.054748798204500959e+00
1.050446269293947132e+00
1.046010719800076316e+00
1.041446525734389228e+00
1.036755926752776169e+00
1.031939603781250714e+00
1.026997096530830378e+00
1.021927104230409888e+00
1.016727699323441314e+00
1.011396479188522823e+00
1.005930671601300785e+00
1.000327208204837781e+00
9.945827736795892493e-01
9.886938388015539259e-01
9.826566806875391968e-01
9.764673951025111265e-01
9.701219018116864490e-01
9.636159460843426450e-01
9.569450961526004829e-01
9.501047387979058012e-01
9.430900722915650514e-01
9.358960983640922660e-01
9.285176121639457936e-01
9.209491916050873694e-01
9.131851849546479549e-01
9.052196978965503238e-01
8.970465788898478454e-01
8.886594039495978592e-01
8.800514596734196893e-01
8.712157255613749429e-01
8.621448544750668352e-01
8.528311522182403515e-01
8.432665551181623975e-01
8.334426065352407154e-01
8.233504312226476163e-01
8.129807084201100542e-01
8.023236426586490833e-01
7.913689331347991684e-01
7.801057407074742933e-01
7.685226533802251847e-01
7.566076494370066463e-01
7.443480591510399647e-01
7.317305244184429958e-01
7.187409573860010781e-01
7.053644977307740316e-01
6.915854699744633516e-01
6.773873410136739270e-01
6.627526798530526397e-01
6.476631206317480238e-01
6.320993320506667068e-01
6.160409958891264193e-01
5.994667997613312149e-01
5.823544496343084909e-01
5.646807109578380057e-01
5.464214889846407130e-01
5.275519638183814308e-01
5.080467998344841973e-01
4.878804570770257087e-01
4.670276405382691176e-01
4.454639365716861477e-01
4.231667012708995035e-01
4.001162882589900938e-01
3.762977308686086264e-01
3.517030307917001219e-01
3.263342497179252955e-01
3.002076548241029985e-01
2.733592268522870850e-01
2.458518935853511445e-01
2.177848771015293838e-01
1.893054991340590576e-01
1.606235956410127785e-01
1.320282272179789940e-01
1.039054619642549582e-01
7.675447175498231744e-02
5.119696113597810988e-02
2.797239114640333660e-02
7.909738623574977603e-03
-8.132127841733156545e-03
-1.935639358818900049e-02
-2.514032208983208935e-02
