1.195890301689451497e-06
1.196177575485786894e-06
1.198159762487651863e-06
1.199023612201925004e-06
1.202999595672249683e-06
1.204445849602987554e-06
1.210439323530744397e-06
1.212477821930361665e-06
1.220524233283771630e-06
1.223168993968126961e-06
1.233316344240400134e-06
1.236585483054341938e-06
1.248894631972625406e-06
1.252810875429160523e-06
1.267355866692611562e-06
1.271946573789721124e-06
1.288815878062982245e-06
1.294113399139429492e-06
1.313410201283814953e-06
1.319452425974115135e-06
1.341295929779547214e-06
1.348126407009802532e-06
1.372653115096996995e-06
1.380321886359831799e-06
1.407686447059156308e-06
1.416250487076200737e-06
1.446627885783820660e-06
1.456151698489830939e-06
1.489738541342714030e-06
1.500295276572193067e-06
1.537311851855021723e-06
1.548983807511297393e-06
1.589676790106267781e-06
1.602556767192148891e-06
1.647201074477438761e-06
1.661393536877661386e-06
1.710295931615234671e-06
1.725918106282352819e-06
1.779420226408676834e-06
1.796604166240449948e-06
1.855085965761130516e-06
1.873979882471926575e-06
1.937864644592232494e-06
1.958635188909738726e-06
2.028393413375158158e-06
2.051228247274759302e-06
2.127383638062847618e-06
2.152493610349052159e-06
2.235629317995110584e-06
2.263252274296666815e-06
2.354017059970504070e-06
2.384420996198217488e-06
2.483538291213227532e-06
2.517025491076580284e-06
2.625301399318373191e-06
2.662213830411680972e-06
2.780547579176902625e-06
2.821271510296876771e-06
2.950667762979940171e-06
2.995641070047581936e-06
3.137221774445987629e-06
3.186941094406775423e-06
3.341962075591242661e-06
3.396990997733499295e-06
3.566858510961592194e-06
3.627838852635134662e-06
3.814128943200481792e-06
3.881791221308116773e-06
4.086274131995193011e-06
4.161452145252771820e-06
4.386116368492909122e-06
4.469763616975623677e-06
4.716847628000766425e-06
4.810054864718238700e-06
5.082081905593295670e-06
5.186101501403460040e-06
5.485918193053491502e-06
5.602188758872729810e-06
5.933014868848499932e-06
6.063192832052963350e-06
6.428673137904547573e-06
6.574671647885180011e-06
6.978941946429619890e-06
7.142975132660823816e-06
7.590746586023773909e-06
7.775405938158913826e-06
8.272104868517259562e-06
8.480559719702141031e-06
9.032810896943618286e-06
9.269806192166082169e-06
9.887943972345840661e-06
1.016509149411552698e-05
1.087359866196007508e-05
1.122207499029723636e-05
1.206726746383540645e-05
1.252621305440989253e-05
1.354989794629144501e-05
1.414285831792453988e-05
1.537543380931421992e-05
1.611800757822707159e-05
1.758769462684354567e-05
1.849388505812031921e-05
2.022949829586868087e-05
2.131289465720422144e-05
2.334419427742278838e-05
2.461815138260275973e-05
2.697577691339483227e-05
2.845344109958100476e-05
3.116875565778024951e-05
3.286301908843305752e-05
3.596787690805359989e-05
3.789133347309261188e-05
4.141776565972074472e-05
4.358263103398701734e-05
4.756253100835914678e-05
4.998058116253102163e-05
5.444532406402914252e-05
5.712789222274637895e-05
6.210796940495898210e-05
6.506593370427927287e-05
7.059061970228327685e-05
7.383451510693056442e-05
7.993149339199718455e-05
8.347165770655122323e-05
9.016676896529868029e-05
9.401354682871339611e-05
1.013305203055392883e-04
1.054946376000400295e-04
1.134548733293088422e-04
1.179477833095693759e-04
1.265702791025554146e-04
1.314047008396424551e-04
1.407059011010500075e-04
1.458964514247805728e-04
1.558902906464831721e-04
1.614541259715203002e-04
1.721520904283075975e-04
1.781098629120207537e-04
1.895210188079189304e-04
1.958977918920251507e-04
2.080290730462101769e-04
2.148555028830270383e-04
2.277117797628365914e-04
2.350256270437410479e-04
2.486099288443213945e-04
2.564576250683929613e-04
2.707713197865818178e-04
2.792103511888337697e-04
2.942528285771300314e-04
3.033546526529213271e-04
3.191225920147667161e-04
3.289768479809864030e-04
3.454601639608831354e-04
3.561812680645707143e-04
3.733448756975050781e-04
3.850776656131297713e-04
4.027705051804459724e-04
4.156289744242519252e-04
4.331495952808654226e-04
4.461920035051240201e-04
4.610915155371177773e-04
4.695617834926779752e-04
4.800553241377302307e-04
4.831886649006783617e-04
4.917608042099637540e-04
4.931719009167072690e-04
5.013328850662481049e-04
5.025785735259851112e-04
5.106466530380904170e-04
5.121429902796117203e-04
5.201546666687457011e-04
5.220366287480329411e-04
5.299814157006630267e-04
5.323214507657361401e-04
5.401834057928910039e-04
5.430401460492017629e-04
5.508044608146779814e-04
5.542347238947680421e-04
5.618876467148358270e-04
5.659506472098820018e-04
5.734789895470650441e-04
5.782375636994976703e-04
5.856285062742248382e-04
5.911507306034079895e-04
5.983909795532537995e-04
6.047512543343995127e-04
6.118271736638663909e-04
6.191070374466408743e-04
6.260041872215411050e-04
6.342941951325540857e-04
6.409969032278996053e-04
6.503975662245051496e-04
6.568891026553366156e-04
6.675128350207154299e-04
6.737745712750925833e-04
6.857479419017345652e-04
6.917593371346427008e-04
7.052249305648548372e-04
7.109631339045099875e-04
7.260831345420555366e-04
7.315220887644625436e-04
7.484814175177728016e-04
7.535918262208668580e-04
7.726024298047777603e-04
7.773504976797037660e-04
7.986572293353020853e-04
8.030038948262957933e-04
8.268904139062049300e-04
8.307904406574286027e-04
8.575881811805309216e-04
8.609880530120087678e-04
8.910866054923494281e-04
8.939232970406279068e-04
9.277835022433820328e-04
9.299816320423665494e-04
9.681538096320011161e-04
9.696223375682289656e-04
1.012768185371290628e-03
1.013396761662930384e-03
1.062319910623721114e-03
1.061972446926731086e-03
1.117659042535653399e-03
1.116166695057521554e-03
1.179839554831674546e-03
1.176990048024151433e-03
1.250185880312056335e-03
1.245708260764441608e-03
1.330384327370172631e-03
1.323928842470154877e-03
1.422617932073501432e-03
1.413724275135863628e-03
1.529763964414485077e-03
1.517815731515562150e-03
1.655693289615282459e-03
1.639847609262651881e-03
1.805742215858294067e-03
1.784816525048445960e-03
1.987473189416455194e-03
1.959762744674368919e-03
2.211962727696070545e-03
2.174925902030979720e-03
2.496076869702946229e-03
2.445778044336538795e-03
2.866698509709892772e-03
2.796782131184680133e-03
3.369015895409704225e-03
3.268785395807893152e-03
4.083362602005761316e-03
3.934651445139564913e-03
5.158484138765887309e-03
4.937156586763667872e-03
6.904602643419464544e-03
6.699290159228562733e-03
1.322901879561731199e-02
8.514599097497859911e-03
2.633493811902261339e-02
