5.899000806189500512e-01
5.893416980001905392e-01
5.882265680097217286e-01
5.865579518066457165e-01
5.843407222153664815e-01
5.815813359753810863e-01
5.782878056958193902e-01
5.744696544447528419e-01
5.701378747832648308e-01
5.653048669207076937e-01
5.599843861023344749e-01
5.541914659825318834e-01
5.479423559861129611e-01
5.412544319164453999e-01
5.341461251939776389e-01
5.266368230075549883e-01
5.187467915450278966e-01
5.104970682052342168e-01
5.019093810680597123e-01
4.930060358062779979e-01
4.838098336935401922e-01
4.743439558879831153e-01
4.646318822472182419e-01
4.546972756017999551e-01
4.445639035408103790e-01
4.342555251587503218e-01
4.237958178008124910e-01
4.132082685608743367e-01
4.025161077419442957e-01
3.917422071169832098e-01
3.809090215798262014e-01
3.700384958674527991e-01
3.591520155629270294e-01
3.482703236320488505e-01
3.374134816063880660e-01
3.266007969239548836e-01
3.158507947807654426e-01
3.051811568990803192e-01
2.946087042028242009e-01
2.841493472811164600e-01
2.738180797287498858e-01
2.636289402382379632e-01
2.535950161621799426e-01
2.437284168643104043e-01
2.340402868129229930e-01
2.245407895587742120e-01
2.152391294635955243e-01
2.061435454552160151e-01
1.972613403362558082e-01
1.885988832981596031e-01
1.801616456432195146e-01
1.719542109201357694e-01
1.639803158275595363e-01
1.562428667621988121e-01
1.487439846519117426e-01
1.414850266806259582e-01
1.344666338190695087e-01
1.276887565047216955e-01
1.211507036938058723e-01
1.148511713235039616e-01
1.087882917936399407e-01
1.029596641170713589e-01
9.736240284642219689e-02
9.199316892015391156e-02
8.684821717305429845e-02
8.192342700321615656e-02
7.721434773914465088e-02
7.271622838025305902e-02
6.842406023209039734e-02
6.433260510467499194e-02
6.043643476471095149e-02
5.672995710726853186e-02
5.320745210612878862e-02
4.986309560065518842e-02
4.669099154890002379e-02
4.368519318912135463e-02
4.083973151259002315e-02
3.814863366566730724e-02
3.560594765932603711e-02
3.320575797325933665e-02
3.094220660916044072e-02
2.880950594951063592e-02
2.680195635919414843e-02
2.491395647898932489e-02
2.314001778180911975e-02
2.147477286652167000e-02
1.991298820319628224e-02
1.844957284757579516e-02
1.707959485298123428e-02
1.579830220430719287e-02
1.460116731509651829e-02
1.348396008687051742e-02
1.244284848096502936e-02
1.147443693160336668e-02
1.057564126440613088e-02
9.743442612509711082e-03
8.974702821165404104e-03
8.266105422930970781e-03
7.614183491643502014e-03
7.015379433940483779e-03
6.466111503878177978e-03
5.962833936843316314e-03
5.502087841487371227e-03
5.080541014923560701e-03
4.695017484670033388e-03
4.342517592155507519e-03
4.020229925080888791e-03
3.725536702946152454e-03
3.456013691122289573e-03
3.209426305547406853e-03
2.983722537350410979e-03
2.777024127115308196e-03
2.587616192476876499e-03
2.413936446151446723e-03
2.254563893659593168e-03
2.108207891050974721e-03
1.973697257658887667e-03
1.849970127001603504e-03
1.736064132546875005e-03
1.631107468124344106e-03
1.534310386724062163e-03
1.444957574647306271e-03
1.362400971427290110e-03
1.286053397625734748e-03
1.215382589164995747e-03
1.149905944027637640e-03
1.089185618066961219e-03
1.032824231896302186e-03
9.804608664923601235e-04
9.317675740560428391e-04
8.864461216154318531e-04
8.442251644583897117e-04
8.048576037386431401e-04
7.681183003431231275e-04
7.338019324201980895e-04
7.017211471475427254e-04
6.717048232317477090e-04
6.435965760492239150e-04
6.172533472333761742e-04
5.925441943307276950e-04
5.693491441913351141e-04
5.475582114793354181e-04
5.270704647577941328e-04
5.077932290738464615e-04
4.896413236189785896e-04
4.725364124682893043e-04
4.564063807997991037e-04
4.411848050181379891e-04
4.268104410472265331e-04
4.132267908018491791e-04
4.003816813077982649e-04
3.882269090702723802e-04
3.767178929677869994e-04
3.658133817245144540e-04
3.554751668827225465e-04
3.456678415056310422e-04
3.363585622414804041e-04
3.275168497385620931e-04
3.191143910778836807e-04
3.111248743125365657e-04
3.035238244586875057e-04
2.962884653365371185e-04
2.893975827435431390e-04
2.828314063707247660e-04
2.765714960002874784e-04
2.706006417418194252e-04
2.649027700386014247e-04
2.594628599735731103e-04
2.542668644802846198e-04
2.493016398445173257e-04
2.445548792378829297e-04
2.400150531391422818e-04
2.356713530996870090e-04
2.315136412499641026e-04
2.275324026018331271e-04
2.237187021429489278e-04
2.200641442783197999e-04
2.165608362823195714e-04
2.132013537237272775e-04
2.099787092594709663e-04
2.068863230859955497e-04
2.039179962327708311e-04
2.010678852458856606e-04
1.983304792816019077e-04
1.957005783619356141e-04
1.931732736853340954e-04
1.907439289040740755e-04
1.884081631650031177e-04
1.861618349493433973e-04
1.840010274356064556e-04
1.819220345172765398e-04
1.799213481456033434e-04
1.779956462026013495e-04
1.761417815356898357e-04
1.743567714148113650e-04
1.726377880160028812e-04
1.709821492341498286e-04
1.693873104102564279e-04
1.678508563068869034e-04
1.663704939052834198e-04
1.649440453801893100e-04
1.635694418192516948e-04
1.622447170587365528e-04
1.609680021997529338e-04
1.597375201872480320e-04
1.585515810161045524e-04
1.574085769531992406e-04
1.563069783420747972e-04
1.552453293825529796e-04
1.542222444558758452e-04
1.532364043888413230e-04
1.522865532325158545e-04
1.513714949483183580e-04
1.504900905828577336e-04
1.496412553222609728e-04
1.488239560137706379e-04
1.480372085421828771e-04
1.472800756557374657e-04
1.465516646249738985e-04
1.458511253362853330e-04
1.451776481989251136e-04
1.445304624746430002e-04
1.439088344032522673e-04
1.433120657411366414e-04
1.427394920798247127e-04
1.421904815698209321e-04
1.416644334100520739e-04
1.411607767366797057e-04
1.406789692642090796e-04
1.402184963217701459e-04
1.397788696292452855e-04
1.393596264659188050e-04
1.389603285671621501e-04
1.385805614124383661e-04
1.382199332299295853e-04
1.378780743927787451e-04
1.375546365207270410e-04
1.372492919750919582e-04
1.369617330478729508e-04
1.366916715474617732e-04
1.364388380668196470e-04
1.362029816532753311e-04
1.359838691483781354e-04
1.357812849364393450e-04
1.355950303494424876e-04
1.354249234902849854e-04
1.352707986966084953e-04
1.351325064362016702e-04
1.350099128236121704e-04
1.349028995874563153e-04
1.348113636329927837e-04
1.347352170852190263e-04
1.346743868899430072e-04
1.346288149467826905e-04
1.345984577561754275e-04
1.345832863846293582e-04
