5.669754592206182053e+00
5.669692878806530167e+00
5.669569457209846952e+00
5.669384339083504365e+00
5.669137540019830723e+00
5.668829083315396034e+00
5.668458994903491366e+00
5.668027309638626221e+00
5.667534063711269887e+00
5.666979303421419090e+00
5.666363075105537384e+00
5.665685436360370808e+00
5.664946443518573460e+00
5.664146165286981116e+00
5.663284667814446394e+00
5.662362030696055371e+00
5.661378329674580101e+00
5.660333654969184281e+00
5.659228091674867400e+00
5.658061740323707234e+00
5.656834695072032737e+00
5.655547066427925706e+00
5.654198957284241267e+00
5.652790487735635416e+00
5.651321769046877996e+00
5.649792930473040542e+00
5.648204091257326809e+00
5.646555389326293195e+00
5.644846951462408668e+00
5.643078923757265386e+00
5.641251440037469145e+00
5.639364653986505438e+00
5.637418705956917186e+00
5.635413756606138413e+00
5.633349952237175273e+00
5.631227459802394364e+00
5.629046430943556167e+00
5.626807038192043642e+00
5.624509437837436288e+00
5.622153807210177767e+00
5.619740306544220410e+00
5.617269117109062293e+00
5.614740402300860467e+00
5.612154346428383178e+00
5.609511115215773280e+00
5.606810895035057030e+00
5.604053853021849996e+00
5.601240176580166263e+00
5.598370033302301430e+00
5.595443610472274010e+00
5.592461075110140456e+00
5.589422613192606804e+00
5.586328390039512648e+00
5.583178589021474458e+00
5.579973372568556300e+00
5.576712920065999057e+00
5.573397389770196497e+00
5.570026955567324300e+00
5.566601770185858555e+00
5.563122000423474489e+00
5.559587791969552661e+00
5.555999302821255093e+00
5.552356670058454569e+00
5.548660041008584010e+00
5.544909542428818838e+00
5.541105308975350141e+00
5.537247455260537521e+00
5.533336101106325344e+00
5.529371346966653888e+00
5.525353295524494612e+00
5.521282030944423269e+00
5.517157636205729077e+00
5.512980176887761985e+00
5.508749713533830139e+00
5.504466290649359550e+00
5.500129943364804319e+00
5.495740692488281454e+00
5.491298544661935566e+00
5.486803494504999712e+00
5.482255517528727751e+00
5.477654581427701785e+00
5.473000632196378668e+00
5.468293620641998309e+00
5.463533491120307950e+00
5.458720252713368026e+00
5.453854035766497077e+00
5.448935379719229033e+00
5.443965773479443548e+00
5.438949196658819041e+00
5.433895558538658577e+00
5.428828461363621294e+00
5.423798261446130198e+00
5.418892837778332527e+00
5.414222837086612117e+00
5.409879331498306243e+00
5.405908090518468434e+00
5.402316928595725543e+00
5.399093293226423285e+00
5.396214888426740686e+00
5.393655698191517800e+00
5.391387988411542764e+00
5.389384275724914630e+00
5.387617607598633285e+00
5.386062667854115027e+00
5.384695596293336273e+00
5.383494691261320853e+00
5.382440011959404025e+00
5.381513815959871216e+00
5.380700075376646296e+00
5.379984743270658676e+00
5.379355274487966909e+00
5.378800783360169646e+00
5.378311623899367788e+00
5.377879474202580390e+00
5.377497002974219065e+00
5.377157897578413781e+00
5.376856626346446788e+00
5.376588416742473342e+00
5.376349113173936267e+00
5.376135106794182938e+00
5.375943283829009545e+00
5.375770906887019862e+00
5.375615646872322628e+00
5.375475415557668057e+00
5.375348473805300564e+00
5.375233215664922959e+00
5.375128345855487488e+00
5.375032616367827920e+00
5.374945066701695140e+00
5.374864714596443882e+00
5.374790853009598912e+00
5.374722697185422504e+00
5.374659732920852306e+00
5.374601322474137355e+00
5.374547099150593255e+00
5.374496534871522790e+00
5.374449376443891424e+00
5.374405177766390374e+00
5.374363773510800968e+00
5.374324779024725274e+00
5.374288097404310349e+00
5.374253390188868273e+00
5.374220614061525403e+00
5.374189465423273582e+00
5.374159943115753180e+00
5.374131769995906360e+00
5.374104978181866166e+00
5.374079310762128081e+00
5.374054826154664788e+00
5.374031283106177170e+00
5.374008760767782888e+00
5.373987030240376050e+00
5.373966186914669763e+00
5.373946011919589871e+00
5.373926613299055077e+00
5.373907780858425909e+00
5.373889632701382091e+00
5.373871968842594882e+00
5.373854915908141017e+00
5.373838306232942230e+00
5.373822274000125354e+00
5.373806748685647783e+00
5.373791841256876367e+00
5.373777510514599953e+00
5.373763808450011226e+00
5.373750655301333445e+00
5.373738087456567669e+00
5.373726009943834647e+00
5.373714462505297718e+00
5.373703348313569883e+00
5.373692712118694814e+00
5.373682458703476605e+00
5.373672636951748238e+00
5.373663153905976486e+00
5.373654061808617044e+00
5.373645269845575889e+00
5.373636833127385160e+00
5.373628662635246300e+00
5.373620816067909089e+00
5.373613205776662127e+00
5.373605891905324228e+00
5.373598787738480986e+00
5.373591955810105958e+00
5.373585309903291751e+00
5.373578914957118258e+00
5.373572684830230983e+00
5.373566686926688263e+00
5.373560834775738648e+00
5.373555198344815764e+00
5.373549690439594961e+00
5.373544383719702999e+00
5.373539189889959822e+00
5.373534184452843476e+00
5.373529277644641056e+00
5.373524547985042865e+00
5.373519903882954196e+00
5.373515427065243877e+00
5.373511023764263150e+00
5.373506779120755361e+00
5.373502596842888224e+00
5.373498565709405206e+00
5.373494586559891317e+00
5.373490752048882158e+00
5.373486959802373342e+00
5.373483306606016363e+00
5.373479686522268928e+00
5.373476200739432329e+00
5.373472739402338938e+00
5.373469408390768365e+00
5.373466093566863222e+00
5.373462905812222523e+00
5.373459726329297581e+00
5.373456671332106360e+00
5.373453616971096025e+00
5.373450685149605555e+00
5.373447746551549997e+00
5.373444929155263949e+00
5.373442097740792178e+00
5.373439386778821714e+00
5.373436654677126612e+00
5.373434042855998349e+00
5.373431402845935345e+00
5.373428883517758159e+00
5.373426328977144451e+00
5.373423896099787989e+00
5.373421420964767492e+00
5.373419069070441978e+00
5.373416667805707370e+00
5.373414391983135197e+00
5.373412059561815113e+00
5.373409855451525274e+00
5.373407587350572001e+00
5.373405451156664903e+00
5.373403243369824445e+00
5.373401171897524975e+00
5.373399020974750862e+00
5.373397011700666859e+00
5.373394914831762570e+00
5.373392966030655415e+00
5.373390921201518289e+00
5.373389032169284540e+00
5.373387038459958021e+00
5.373385209916616390e+00
5.373383268091834530e+00
5.373381502973817447e+00
5.373379616746975174e+00
5.373377921952013025e+00
5.373376100970073566e+00
5.373374491936482755e+00
5.373372759064411142e+00
5.373371274385466023e+00
5.373369669848856667e+00
5.373368392986841435e+00
5.373366834855147545e+00
5.373365688759315972e+00
5.373364979894835081e+00
