nan
nan
nan
nan
nan
nan
nan
nan
nan
nan
nan
nan
nan
nan
nan
nan
nan
nan
nan
nan
nan
nan
nan
nan
nan
nan
nan
nan
nan
nan
nan
nan
nan
nan
nan
nan
nan
nan
nan
nan
nan
nan
nan
nan
nan
nan
nan
nan
nan
nan
nan
nan
nan
nan
nan
nan
nan
nan
nan
nan
nan
nan
nan
nan
nan
nan
nan
nan
nan
nan
nan
nan
nan
nan
nan
nan
nan
nan
nan
nan
nan
nan
nan
nan
nan
nan
nan
nan
nan
nan
nan
nan
5.272847724890213250e+00
5.847282009620840881e+00
6.079239991798255360e+00
6.205518325824431081e+00
6.279109685556274911e+00
6.322220860342703475e+00
6.346035257649693229e+00
6.356787726494370183e+00
6.358255812566572018e+00
6.352879192325752378e+00
6.342332489828495845e+00
6.327807286614545390e+00
6.310191809383718820e+00
6.290155740729848510e+00
6.268225762668593326e+00
6.244811670650165958e+00
6.220247867549046461e+00
6.194798154744594498e+00
6.168684025412010108e+00
6.142080310924471931e+00
6.115137627749293259e+00
6.087973521284778755e+00
6.060692048998004289e+00
6.033372440694647842e+00
6.006087174482654945e+00
5.978889137487879424e+00
5.951828871266406473e+00
5.924940762530366278e+00
5.898259819390606395e+00
5.871807202857764807e+00
5.845606735066238180e+00
5.819669968560011064e+00
5.794012539325499311e+00
5.768638908113335795e+00
5.743558618848853214e+00
5.718770810211127653e+00
5.694280407074029604e+00
5.670082479491420635e+00
5.646178372868897455e+00
5.622559979283526133e+00
5.599225796602616434e+00
5.576165170320083853e+00
5.553374260301925602e+00
5.530840308069383759e+00
5.508557480785100324e+00
5.486511217937246165e+00
5.464693914703212307e+00
5.443089402510987718e+00
5.421688427558165380e+00
5.400473321347255329e+00
5.379433225092418169e+00
5.358549010113597966e+00
5.337808199333985648e+00
5.317190215325430458e+00
5.296680990492744101e+00
5.276258745622314450e+00
5.255908609864984093e+00
5.235610011809151310e+00
5.215353905469664042e+00
5.195138616531196796e+00
5.175006624656589338e+00
5.155090455541213146e+00
5.135768202599361842e+00
5.117984830019761233e+00
5.103998839521020514e+00
5.098765359323616408e+00
5.111812683524365575e+00
5.157239670763891226e+00
5.247278572879062075e+00
5.378905782408930136e+00
5.525187874075076166e+00
5.647481008570523819e+00
5.724105799029411301e+00
5.759614107661461979e+00
5.769134259277596044e+00
5.764968811512861002e+00
5.754116207468556787e+00
5.740053027092375082e+00
5.724370448105220888e+00
5.707826275294559437e+00
5.690735772325419717e+00
5.673277010936547349e+00
5.655499530737245095e+00
5.637461605713218304e+00
5.619155569955321283e+00
5.600614481513883192e+00
5.581816864621762520e+00
5.562790635874025114e+00
5.543509897293326105e+00
5.524001877561651064e+00
5.504238353191226452e+00
5.484246893100101161e+00
5.463997403452196977e+00
5.443518032985891431e+00
5.422776880133604038e+00
5.401802720808849934e+00
5.380561803493554507e+00
5.359083526797104646e+00
5.337332210019216205e+00
5.315337851948956249e+00
5.293062741540221161e+00
5.270537444847997577e+00
5.247722098996306705e+00
5.224647794794332611e+00
5.201272373448042607e+00
5.177627397085429628e+00
5.153668240450649307e+00
5.129426870381553094e+00
5.104855993164288286e+00
5.079987897507825423e+00
5.054772381624092148e+00
5.029241953068392945e+00
5.003343217041220647e+00
4.977108771577252178e+00
4.950481688973329852e+00
4.923494497237348000e+00
4.896086328651939823e+00
4.868289439539942975e+00
4.840038532084601997e+00
4.811365335999141735e+00
4.782199529779454394e+00
4.752571991911139548e+00
4.722406653071897331e+00
4.691733123696358199e+00
4.660468695809686146e+00
4.628641171574095381e+00
4.596160097900211738e+00
4.563050761299746405e+00
4.529213574200755765e+00
4.494670370729132891e+00
4.459310662644200285e+00
4.423151575840687855e+00
4.386069444957261254e+00
4.348074981040134901e+00
4.309028361607593283e+00
4.268931528689686061e+00
4.227624533286289399e+00
4.185097246414857253e+00
4.141164200902595738e+00
4.095798478026957845e+00
4.048781606047221260e+00
4.000062989474654884e+00
3.949380495735576257e+00
3.896649557714761958e+00
3.841548781941375612e+00
3.783943817172275903e+00
3.723430436848235825e+00
3.659799460924961334e+00
3.592526928129429642e+00
3.521287788857859535e+00
3.445378317458218209e+00
3.364287907179778880e+00
3.277031648894209059e+00
3.182791474397085096e+00
3.080125854702151944e+00
2.967697091211823235e+00
2.843318718927902111e+00
2.704831621499103722e+00
2.549062016743547154e+00
2.373376028531545945e+00
2.176076387665467848e+00
1.963558938016708666e+00
1.762321802548558081e+00
1.690589788582023356e+00
