2.625843472375601777e+03
2.625097109639848441e+03
2.623605087025561261e+03
2.621368809204483114e+03
2.618390379790594579e+03
2.614672598225125057e+03
2.610218954059482712e+03
2.605033621807090185e+03
2.599121452436113486e+03
2.592487966252661408e+03
2.585139341684166084e+03
2.577082406282911506e+03
2.568324622906048262e+03
2.558874078951477713e+03
2.548739470064000670e+03
2.537930087737013309e+03
2.526455800695942798e+03
2.514327041018608725e+03
2.501554783366585070e+03
2.488150529794232625e+03
2.474126287015654270e+03
2.459494550087083553e+03
2.444268277911510268e+03
2.428460875991102967e+03
2.412086170383193803e+03
2.395158389728631846e+03
2.377692137881487270e+03
2.359702375425579703e+03
2.341204391206054879e+03
2.322213783549718300e+03
2.302746430929397775e+03
2.282818473104305667e+03
2.262446281147954323e+03
2.241646438722514176e+03
2.220435711698086379e+03
2.198831029770058194e+03
2.176849455891907837e+03
2.154508168437083896e+03
2.131824430659328755e+03
2.108815573590768963e+03
2.085498965733384466e+03
2.061891996872957861e+03
2.038012048192869770e+03
2.013876477169665804e+03
1.989502588286233504e+03
1.964907619159198930e+03
1.940108712012893420e+03
1.915122901171897865e+03
1.889967085440553092e+03
1.864658017075853877e+03
1.839212275199854957e+03
1.813646256349201849e+03
1.787976149029938142e+03
1.762217925920295784e+03
1.736387319659726472e+03
1.710499816761458078e+03
1.684570634710114746e+03
1.658614717620042484e+03
1.632646714699585345e+03
1.606680977670214133e+03
1.580731540640490493e+03
1.554812119279658191e+03
1.528936092131553323e+03
1.503116501513967933e+03
1.477366036293005436e+03
1.451697034455731455e+03
1.426121467359963845e+03
1.400650943901255232e+03
1.375296696254001745e+03
1.350069585522772059e+03
1.324980089001263195e+03
1.300038307160405793e+03
1.275253952479790541e+03
1.250636357580634922e+03
1.226194465752555971e+03
1.201936840009531352e+03
1.177871655631479143e+03
1.154006710053099596e+03
1.130349418483919862e+03
1.106906825704528728e+03
1.083685609328576220e+03
1.060692101801691024e+03
1.037932324486240304e+03
1.015412070788445931e+03
9.931371000914629121e+02
9.711135861014352031e+02
9.493492232159939022e+02
9.278558499220978319e+02
9.066558107957525863e+02
8.857964964124410017e+02
8.653805522677582758e+02
8.456120004088531914e+02
8.268185382419338794e+02
8.093668896941366029e+02
7.935041133498909858e+02
7.792949369973562170e+02
7.666775500768138727e+02
7.555328562709976268e+02
7.457239834677641284e+02
7.371132449843709082e+02
7.295691446882836999e+02
7.229691576936578485e+02
7.172009734540080217e+02
7.121627990654137648e+02
7.077632902289569756e+02
7.039210864197658566e+02
7.005642301609416336e+02
6.976294002734595097e+02
6.950611544522399754e+02
6.928111044951660915e+02
6.908371660590504462e+02
6.891028027127526911e+02
6.875763696771722380e+02
6.862304773592691163e+02
6.850414563980773437e+02
6.839888481466089161e+02
6.830549873526161946e+02
6.822246067306220993e+02
6.814845206338814023e+02
6.808233238998878960e+02
6.802311566833524239e+02
6.796994775255598142e+02
6.792208908807497210e+02
6.787889769327409795e+02
6.783981663623496843e+02
6.780436127756378255e+02
6.777211025105816589e+02
6.774269587230107845e+02
6.771579769234634796e+02
6.769113524496973469e+02
6.766846347812065687e+02
6.764756722513302520e+02
6.762825800153057116e+02
6.761036974766672074e+02
6.759375661626143028e+02
6.757828965503496192e+02
6.756385531234558357e+02
6.755035281759231793e+02
6.753769320698402225e+02
6.752579722468158252e+02
6.751459472502461949e+02
6.750402296482419615e+02
6.749402627771878542e+02
6.748455466248999528e+02
6.747556365369209743e+02
6.746701313589830988e+02
6.745886735535317484e+02
6.745109390827303741e+02
6.744366385319790425e+02
6.743655083475559877e+02
6.742973126722557708e+02
6.742318356489812459e+02
6.741688837524502560e+02
6.741082789414716672e+02
6.740498613281748703e+02
6.739934830143901081e+02
6.739390109819172494e+02
6.738863214874854748e+02
6.738353030884439931e+02
6.737858514998649753e+02
6.737378726927440766e+02
6.736912781385999551e+02
6.736459879340253565e+02
6.736019263745419039e+02
6.735590250717336858e+02
6.735172188105366331e+02
6.734764486343776753e+02
6.734366579495391534e+02
6.733977955605482748e+02
6.733598119925134142e+02
6.733226624640792579e+02
6.732863034042259187e+02
6.732506953538826338e+02
6.732157996580193640e+02
6.731815812898211107e+02
6.731480057022987467e+02
6.731150415710076231e+02
6.730826577920702221e+02
6.730508261409762554e+02
6.730195184060188467e+02
6.729887089618508753e+02
6.729583720290241899e+02
6.729284841618093651e+02
6.728990216258799819e+02
6.728699628005076647e+02
6.728412856675230387e+02
6.728129701284278781e+02
6.727849955986530404e+02
6.727573432404253708e+02
6.727299936570674390e+02
6.727029290426538637e+02
6.726761309716949881e+02
6.726495824667323404e+02
6.726232658792420125e+02
6.725971648763811572e+02
6.725712624093497425e+02
6.725455426205147660e+02
6.725199888958085239e+02
6.724945856934334643e+02
6.724693166771539836e+02
6.724441664677381141e+02
6.724191188542325790e+02
6.723941584692252036e+02
6.723692690753874786e+02
6.723444351655596165e+02
6.723196403220041475e+02
6.722948687422269813e+02
6.722701036685307372e+02
6.722453288403937677e+02
6.722205269920501678e+02
6.721956812321772077e+02
6.721707736073800561e+02
6.721457864099144217e+02
6.721207008051476350e+02
6.720954980681028701e+02
6.720701582732767747e+02
6.720446614610034430e+02
6.720189863885179875e+02
6.719931116276414969e+02
6.719670143768628350e+02
6.719406714928585416e+02
6.719140583649126484e+02
6.718871498847083785e+02
6.718599193871526722e+02
6.718323395663900328e+02
6.718043814919755050e+02
6.717760154854298662e+02
6.717472102293700118e+02
6.717179336303786386e+02
6.716881520541757027e+02
6.716578312211504453e+02
6.716269356283670504e+02
6.715954295611122689e+02
6.715632768122569587e+02
6.715304419596629941e+02
6.714968905825109005e+02
6.714625910731593876e+02
6.714275157079124483e+02
6.713916434700050786e+02
6.713549626037557800e+02
6.713174752731572426e+02
6.712792026622274761e+02
6.712401928112398082e+02
6.712005298975508367e+02
6.711603471294264409e+02
6.711198421508944421e+02
6.710792965704007429e+02
6.710390978385812559e+02
6.709997630148317285e+02
6.709619596067242355e+02
6.709265178281384578e+02
6.708944234215711049e+02
6.708667796672469876e+02
6.708447276792810499e+02
6.708293245951800827e+02
6.708213955829811539e+02
