1.368090916500212373e+01
1.366590613574746627e+01
1.363595084849955263e+01
1.359114454943505379e+01
1.353163837569757888e+01
1.345763247621722591e+01
1.336937486335111558e+01
1.326715998000145014e+01
1.315132702506040552e+01
1.302225801395750615e+01
1.288037563313235800e+01
1.272614085708411480e+01
1.256005040169675979e+01
1.238263397410364597e+01
1.219445140631147595e+01
1.199608962418853331e+01
1.178815955103226187e+01
1.157129288842322623e+01
1.134613888391362480e+01
1.111336101917889785e+01
1.087363373679990097e+01
1.062763913013530193e+01
1.037606372134843724e+01
1.011959524291491697e+01
9.858919552890849758e+00
9.594717590331070411e+00
9.327662504755013018e+00
9.058416857460182214e+00
8.787630030757503263e+00
8.515935734840587301e+00
8.243949749253985715e+00
7.972267781258670638e+00
7.701463577844411823e+00
7.432087167090660529e+00
7.164663364500183818e+00
6.899690414357602997e+00
6.637638899884902521e+00
6.378950787645009335e+00
6.124038737574101887e+00
5.873285540608215172e+00
5.627043812514069820e+00
5.385635803557192069e+00
5.149353449616757672e+00
4.918458523193385723e+00
4.693183006811644908e+00
4.473729547192078826e+00
4.260272109571319632e+00
4.052956691521685251e+00
3.851902212587497321e+00
3.657201441018496535e+00
3.468922070966154791e+00
3.287107814188901411e+00
3.111779616824493111e+00
2.942936868741853562e+00
2.780558713384658986e+00
2.624605329639312146e+00
2.475019291162258384e+00
2.331726879123313001e+00
2.194639451490943749e+00
2.063654749487762174e+00
1.938658242204834847e+00
1.819524394770659637e+00
1.706117959098627068e+00
1.598295177323816540e+00
1.495904995177289809e+00
1.398790179922529520e+00
1.306788438539184360e+00
1.219733434949860751e+00
1.137455800657559024e+00
1.059784041259629106e+00
9.865454321650117819e-01
9.175668089240966996e-01
8.526753446751272891e-01
7.916992218299736539e-01
7.344682893439686833e-01
6.808146114980245800e-01
6.305729951346892292e-01
5.835813903240597567e-01
5.396812300844048282e-01
4.987175536588527303e-01
4.605388799633566843e-01
4.249964632742071480e-01
3.919425023109904815e-01
3.612262853103245797e-01
3.326873618147893064e-01
3.061466982986345009e-01
2.814050843305304084e-01
2.582670783537754922e-01
2.365890994459421692e-01
2.163063192661894840e-01
1.974116637172788069e-01
1.799169406531622994e-01
1.638262660587407882e-01
1.491253347231683291e-01
1.357800005579447578e-01
1.237389251246125421e-01
1.129375813785889054e-01
1.033024191725196161e-01
9.475465473424919682e-02
8.721348559415392776e-02
8.059865879007895029e-02
7.483242234913813073e-02
6.984091249005246194e-02
6.555506643588124294e-02
6.191114024294987195e-02
5.885092160152094465e-02
5.632170596460316092e-02
5.427610503988947871e-02
5.267173445515590385e-02
5.147082662129952996e-02
5.063979611032848327e-02
5.014878577621804945e-02
4.997120729206248196e-02
5.008329287908428601e-02
5.046366374697674323e-02
5.109292549905912473e-02
5.195329154521442089e-02
5.302824111357729714e-02
5.430221011491416505e-02
5.576031874367919083e-02
5.738813132743873779e-02
5.917144912509132021e-02
6.109612773810266934e-02
6.314791518628108669e-02
6.531229649186288955e-02
6.757433374748841870e-02
6.991847847849030906e-02
7.232833390359877379e-02
7.478632881635860485e-02
7.727326072854524830e-02
7.976764269911720828e-02
8.224477463340143513e-02
8.467542393300978021e-02
8.702397280802266766e-02
8.924584200029968273e-02
9.128397582737650395e-02
9.306416861453167821e-02
9.448912575681128745e-02
9.543148342455597122e-02
9.572682462877235565e-02
9.516932660739392535e-02
9.351536309489397181e-02
9.050377193990549740e-02
8.590336532307812911e-02
7.959309626407239102e-02
7.166120675873653700e-02
6.247840729200804938e-02
5.268162768443870186e-02
4.303755578226285683e-02
3.423712490052775032e-02
2.672985450264346238e-02
2.067484325708895260e-02
1.599898786918620142e-02
1.249920651326344098e-02
9.932523615006924253e-03
8.071588635604663720e-03
6.728584159370222008e-03
5.759244521841581400e-03
5.057508170441821736e-03
4.547344891310867165e-03
4.174927029233743182e-03
3.902275772166944288e-03
3.702519253189949511e-03
3.556516476635799857e-03
3.450515256420318491e-03
3.374546668730876633e-03
3.321325976893103275e-03
3.285495654072693398e-03
3.263097959529328348e-03
3.251202215139838581e-03
3.247637385672224025e-03
3.250797620410856084e-03
3.259499193361139070e-03
3.272874442455973171e-03
3.290292676873909136e-03
3.311301108484903354e-03
3.335580682059813458e-03
3.362913161023948442e-03
3.393156632691907582e-03
3.426227419458015202e-03
3.462086753696892293e-03
3.500731091385443031e-03
3.542185095809331601e-03
3.586496678149266124e-03
3.633733519090990346e-03
3.683980757272017990e-03
3.737339498006801708e-03
3.793926001391537909e-03
3.853871335397184451e-03
3.917321451995070362e-03
3.984437547092762114e-03
4.055396718310501532e-03
4.130392824045111752e-03
4.209637589904222273e-03
4.293361890855797863e-03
4.381817274607606276e-03
4.475277670368383795e-03
4.574041361976797539e-03
4.678433181371254024e-03
4.788807012873645685e-03
4.905548575233623781e-03
5.029078583960589280e-03
5.159856273186997321e-03
5.298383394149543124e-03
5.445208684997380859e-03
5.600932947940681118e-03
5.766214749045651435e-03
5.941776902187561812e-03
6.128413780664672753e-03
6.326999652956273069e-03
6.538498125322287496e-03
6.763972936220911600e-03
7.004600240256692728e-03
7.261682694424267427e-03
7.536665562109433336e-03
7.831155243012708281e-03
8.146940554851742761e-03
8.486017309900003441e-03
8.850616669365504383e-03
9.243238009798928137e-03
9.666687008026508474e-03
1.012411994897643303e-02
1.061909527871779911e-02
1.115563378523779826e-02
1.173828886833811445e-02
1.237222879822433459e-02
1.306333301334138171e-02
1.381830502887583349e-02
1.464480473838891163e-02
1.555160345559962638e-02
1.654876522464265517e-02
1.764785836352324860e-02
1.886220104486255322e-02
2.020714448911517871e-02
2.170039593834851080e-02
2.336238119830289645e-02
2.521664147506048892e-02
2.729025086385290788e-02
2.961422610630118357e-02
3.222387659090966694e-02
3.515900418056074062e-02
3.846380323405858975e-02
4.218622117848111475e-02
4.637641008790135272e-02
5.108372184272645666e-02
5.635148045906978459e-02
6.220854457985052627e-02
6.865656664686835275e-02
7.565210898745532153e-02
8.308382317456317057e-02
9.074730508400234708e-02
9.832436853302210789e-02
1.053786256673401311e-01
1.113824251289099038e-01
1.157859108521730324e-01
1.181227372232160622e-01
