1.038519849121510319e+01
1.038290421663332452e+01
1.037831739311959289e+01
1.037144146891307095e+01
1.036228161089107402e+01
1.035084469541049756e+01
1.033713930045085050e+01
1.032117569042625504e+01
1.030296580451233446e+01
1.028252323554277936e+01
1.025986321465335749e+01
1.023500258441983490e+01
1.020795977999446613e+01
1.017875479668370886e+01
1.014740916779213364e+01
1.011394592687715566e+01
1.007838958255214834e+01
1.004076607569164636e+01
1.000110275147959094e+01
9.959428311870313522e+00
9.915772785198365469e+00
9.870167474229912585e+00
9.822644923677193773e+00
9.773238864198864562e+00
9.721984178185321568e+00
9.668916840086671627e+00
9.614073880853668541e+00
9.557493324987708760e+00
9.499214154035776403e+00
9.439276240768204929e+00
9.377720312136254677e+00
9.314587880988506541e+00
9.249921208905561798e+00
9.183763235867706598e+00
9.116157543382081840e+00
9.047148282510775630e+00
8.976780137703118001e+00
8.905098253585375545e+00
8.832148199903945951e+00
8.757975897465605897e+00
8.682627584586850134e+00
8.606149742557157367e+00
8.528589063976138362e+00
8.449992378091620182e+00
8.370406621389523849e+00
8.289878763134804984e+00
8.208455778559910598e+00
8.126184574908830172e+00
8.043111967548609798e+00
7.959284606787144334e+00
7.874748957209142475e+00
7.789551225504790288e+00
7.703737343308089791e+00
7.617352896238450022e+00
7.530443110494617898e+00
7.443052783273835793e+00
7.355226273350356614e+00
7.267007432997983685e+00
7.178439602757895166e+00
7.089565544950379383e+00
7.000427442813681012e+00
6.911066835649227080e+00
6.821524622491969225e+00
6.731840998891245320e+00
6.642055465253455360e+00
6.552206765218255846e+00
6.462332898796550040e+00
6.372471062259738694e+00
6.282657666179857436e+00
6.192928276708106416e+00
6.103317638607700601e+00
6.013859617758082976e+00
5.924587229248230891e+00
5.835532580899931432e+00
5.746726906435866589e+00
5.658200509735197947e+00
5.569982802895769858e+00
5.482102250609981908e+00
5.394586412049597435e+00
5.307461882981880485e+00
5.220754335827717973e+00
5.134488447034007308e+00
5.048687904435721130e+00
4.963375248449814592e+00
4.878571670163694307e+00
4.794296343510040970e+00
4.710564969514718037e+00
4.627386067486134458e+00
4.544752154117488452e+00
4.462619123523880127e+00
4.380862975775320578e+00
4.299211492656376699e+00
4.217208397048336721e+00
4.134346970571844082e+00
4.050344382383149089e+00
3.965264157386940269e+00
3.879413729200886785e+00
3.793203789921642866e+00
3.707062618131734322e+00
3.621396739025600997e+00
3.536573746677828201e+00
3.452915576369102180e+00
3.370696380874292686e+00
3.290143464170722343e+00
3.211439718664933718e+00
3.134727339653996303e+00
3.060111949285201138e+00
2.987667108961054918e+00
2.917438652549638523e+00
2.849448934717430770e+00
2.783700635131100221e+00
2.720180284111626268e+00
2.658861283283518340e+00
2.599706614612725897e+00
2.542671086759072274e+00
2.487703310343908125e+00
2.434747290547587983e+00
2.383743811930310930e+00
2.334631523897799710e+00
2.287347880025035085e+00
2.241829850230681487e+00
2.198014537629862986e+00
2.155839625533365389e+00
2.115243767526065799e+00
2.076166850997039681e+00
2.038550231201986751e+00
2.002336870612270392e+00
1.967471467635659499e+00
1.933900513676318322e+00
1.901572352040317826e+00
1.870437181763684009e+00
1.840447071236653853e+00
1.811555928674272842e+00
1.783719487206353760e+00
1.756895255423670310e+00
1.731042485249481011e+00
1.706122111534611019e+00
1.682096710277409812e+00
1.658930433181474040e+00
1.636588961221811411e+00
1.615039437994319371e+00
1.594250421875106793e+00
1.574191820579198042e+00
1.554834843972581426e+00
1.536151941307461577e+00
1.518116755945691621e+00
1.500704066103278222e+00
1.483889742206827123e+00
1.467650691559847509e+00
1.451964818695720805e+00
1.436810974100660276e+00
1.422168917681395861e+00
1.408019271477164880e+00
1.394343486138721389e+00
1.381123797285109589e+00
1.368343194394902929e+00
1.355985379499522914e+00
1.344034735936617153e+00
1.332476284763318253e+00
1.321295647886200131e+00
1.310479005028674093e+00
1.300013081426900641e+00
1.289885155767779068e+00
1.280083072601507554e+00
1.270595214867729306e+00
1.261410467496490106e+00
1.252518176645741388e+00
1.243908124696759598e+00
1.235570503573374612e+00
1.227495898653889972e+00
1.219675267490234027e+00
1.212099926737489453e+00
1.204761533259064654e+00
1.197652072661689271e+00
1.190763842089475943e+00
1.184089440004438165e+00
1.177621750429839409e+00
1.171353933816895676e+00
1.165279412589795172e+00
1.159391862984054056e+00
1.153685201771742053e+00
1.148153578973246214e+00
1.142791365654683755e+00
1.137593147425111306e+00
1.132553713208661161e+00
1.127668049447837495e+00
1.122931329762173691e+00
1.118338909786014135e+00
1.113886317633931089e+00
1.109569249308436811e+00
1.105383559900081858e+00
1.101325259507007104e+00
1.097390505104581582e+00
1.093575596924570847e+00
1.089876970935559131e+00
1.086291195634707218e+00
1.082814965085962422e+00
1.079445096082262801e+00
1.076178521693629042e+00
1.073012288761959754e+00
1.069943551915851332e+00
1.066969571364015268e+00
1.064087707337823652e+00
1.061295418152923498e+00
1.058590255044328021e+00
1.055969860468929822e+00
1.053431963301348029e+00
1.050974377352919209e+00
1.048594996899587573e+00
1.046291795395503765e+00
1.044062821307005340e+00
1.041906197001258860e+00
1.039820114862863853e+00
1.037802836340096180e+00
1.035852688322839388e+00
1.033968062330881343e+00
1.032147411133933268e+00
1.030389248068105168e+00
1.028692143880546750e+00
1.027054726161777509e+00
1.025475676399118852e+00
1.023953729513940480e+00
1.022487671109482354e+00
1.021076337103345777e+00
1.019718611156562149e+00
1.018413424392804245e+00
1.017159752996714017e+00
1.015956618012289203e+00
1.014803083099417247e+00
1.013698254404804766e+00
1.012641278466512196e+00
1.011631342151445789e+00
1.010667670698271570e+00
1.009749527716069739e+00
1.008876213356236562e+00
1.008047064367058931e+00
1.007261452385119549e+00
1.006518784039903247e+00
1.005818499354212747e+00
1.005160071890937035e+00
1.004543007248954289e+00
1.003966843238892404e+00
1.003431148453113764e+00
1.002935522443273442e+00
1.002479594321861400e+00
1.002063022875112175e+00
1.001685495089923217e+00
1.001346726012368737e+00
1.001046456873078583e+00
1.000784454045984484e+00
1.000560505537614775e+00
1.000374416414104406e+00
1.000225998320877663e+00
1.000115051404512068e+00
1.000041338595098139e+00
1.000004587650310084e+00
