-1.340090675947779175e+01
-1.338590372847624188e+01
-1.335594843834348033e+01
-1.331114213472592134e+01
-1.325163595504067438e+01
-1.317763004800503701e+01
-1.308937242612004503e+01
-1.298715753214010959e+01
-1.287132456504895295e+01
-1.274225554015520601e+01
-1.260037314395875718e+01
-1.244613835085148601e+01
-1.228004787675497944e+01
-1.210263142870139319e+01
-1.191444883871760574e+01
-1.171608703257244244e+01
-1.150815693356804204e+01
-1.129129024318446817e+01
-1.106613620896450279e+01
-1.083335831247977410e+01
-1.059363099628796512e+01
-1.034763635363856693e+01
-1.009606090665837819e+01
-9.839592387706705523e+00
-9.578916654788718787e+00
-9.314714646834366008e+00
-9.047659513297560352e+00
-8.778413815339673576e+00
-8.507626935190303996e+00
-8.235932582894418985e+00
-7.963946537897858668e+00
-7.692264507298057552e+00
-7.421460237966805984e+00
-7.152083757802742525e+00
-6.884659882169190226e+00
-6.619686855149957694e+00
-6.357635259803443795e+00
-6.098947062468361047e+00
-5.844034922890201322e+00
-5.593281631753625582e+00
-5.347039804603680224e+00
-5.105631691422921392e+00
-4.869349227833489557e+00
-4.638454186016391922e+00
-4.413178548198225748e+00
-4.193724960737275076e+00
-3.980267388524917571e+00
-3.772951828721423873e+00
-3.571897200470935729e+00
-3.377196271552686646e+00
-3.188916735653887891e+00
-3.007102303993972825e+00
-2.831773922171235469e+00
-2.662930979434797507e+00
-2.500552618600382360e+00
-2.344599017839152033e+00
-2.195012750074856633e+00
-2.051720095648709830e+00
-1.914632411672281043e+00
-1.783647438404287078e+00
-1.658650643930755342e+00
-1.539516492254533908e+00
-1.426109734106335125e+00
-1.318286610301232287e+00
-1.215896065173902807e+00
-1.118780864433190247e+00
-1.026778713404194576e+00
-9.397232741707359782e-01
-8.574451762680861400e-01
-7.797729231095777980e-01
-7.065337877553932167e-01
-6.375546031511715173e-01
-5.726625396213627095e-01
-5.116857764581046464e-01
-4.544541592310559208e-01
-4.007997484613273764e-01
-3.505573468786915559e-01
-3.035648999401208137e-01
-2.596638354868183729e-01
-2.186991866765135017e-01
-1.805194649079016611e-01
-1.449759140828835724e-01
-1.119207166995127012e-01
-8.120313225273045887e-02
-5.266265680008358485e-02
-2.612016328740068838e-02
-1.376310758496701592e-03
2.176445837707507991e-02
4.344576423863580339e-02
6.373241266925466775e-02
8.263145504143440401e-02
1.001310895182501159e-01
1.162272314426000819e-01
1.309342330754932338e-01
1.442862966444423412e-01
1.563348223903294754e-01
1.671444027140454314e-01
1.767886552106527898e-01
1.853464314913920719e-01
1.928986004400732313e-01
1.995254775701160999e-01
2.053048708109083687e-01
2.103106898590554608e-01
2.146120296253490323e-01
2.182726480047102458e-01
2.213507485292262600e-01
2.238989992475960977e-01
2.259647194151055971e-01
2.275901869531814226e-01
2.288130213626803910e-01
2.296666145895339683e-01
2.301805823661857153e-01
2.303812221663834037e-01
2.302919617177298373e-01
2.299337922894465480e-01
2.293256771038373054e-01
2.284849334251928543e-01
2.274275821426590405e-01
2.261686660085801825e-01
2.247225328140892153e-01
2.231030872221168859e-01
2.213240104697760946e-01
2.193989553576590756e-01
2.173417201451732506e-01
2.151664144852908911e-01
2.128876278530182353e-01
2.105206225408175480e-01
2.080815727401072179e-01
2.055878866869271515e-01
2.030586528462629547e-01
2.005152739817305518e-01
1.979823660972943600e-01
1.954890349479189715e-01
1.930706697439982800e-01
1.907714421310978958e-01
1.886477247494043885e-01
1.867726552632659187e-01
1.852419713321719064e-01
1.841809405996224225e-01
1.837514459123693045e-01
1.841567688605512676e-01
1.856390109107268205e-01
1.884607137191330883e-01
1.928600944306134157e-01
1.989736481626075415e-01
2.067376478284255192e-01
2.158107209473913990e-01
2.255803219501181234e-01
2.352882556745193310e-01
2.442315788851392167e-01
2.519335726471812476e-01
2.582038478099302203e-01
2.630897143148691053e-01
2.667781104200234177e-01
2.695049443161744440e-01
2.714968484274782878e-01
2.729444193465652702e-01
2.739960966268231157e-01
2.747622592187217161e-01
2.753227910874265216e-01
2.757347025866245804e-01
2.760384862802537920e-01
2.762629515910104971e-01
2.764287166206357282e-01
2.765506585572027332e-01
2.766396074880241862e-01
2.767035134678043073e-01
2.767482530123293039e-01
2.767781927758454219e-01
2.767965879303516674e-01
2.768058687705245435e-01
2.768078489497709516e-01
2.768038795254388340e-01
2.767949630895976121e-01
2.767818397843684330e-01
2.767650514502645875e-01
2.767449904441116604e-01
2.767219358402436269e-01
2.766960811359446271e-01
2.766675544475478143e-01
2.766364340859812643e-01
2.766027595558615548e-01
2.765665401856162164e-01
2.765277608781684937e-01
2.764863868017433668e-01
2.764423661704549229e-01
2.763956327180259742e-01
2.763461068002960874e-01
2.762936966183086041e-01
2.762382983577315598e-01
2.761797966891588185e-01
2.761180643274218083e-01
2.760529620867104295e-01
2.759843380546961322e-01
2.759120273391944544e-01
2.758358509463641473e-01
2.757556152764889523e-01
2.756711107357412982e-01
2.755821109933664914e-01
2.754883713215288132e-01
2.753896275989493603e-01
2.752855943514082027e-01
2.751759634691519074e-01
2.750604019055734595e-01
2.749385500632048340e-01
2.748100190972240231e-01
2.746743889162185370e-01
2.745312050303391760e-01
2.743799761091988976e-01
2.742201703139060531e-01
2.740512123592762084e-01
2.738724792802383345e-01
2.736832969668743232e-01
2.734829353497206239e-01
2.732706044291949299e-01
2.730454489417323272e-01
2.728065440176413170e-01
2.725528895485022640e-01
2.722834058306407012e-01
2.719969281629101565e-01
2.716922032600092018e-01
2.713678851949380411e-01
2.710225341689160850e-01
2.706546160060860351e-01
2.702625063582543286e-01
2.698444979861312487e-01
2.693988162327550229e-01
2.689236420621579082e-01
2.684171497025353847e-01
2.678775602653150067e-01
2.673032217121213971e-01
2.666927203220517129e-01
2.660450398049762910e-01
2.653597800398996287e-01
2.646374613207111981e-01
2.638799375810626513e-01
2.630909596349395585e-01
2.622769285790375049e-01
2.614478991241584449e-01
2.606188876866951665e-01
2.598115495856067603e-01
2.590562550872420045e-01
2.583945457662503720e-01
2.578818031501253771e-01
2.575897166449168108e-01
2.576076664926315041e-01
2.580414412228666521e-01
2.590067212777860672e-01
2.606137969166481549e-01
2.629397099597891030e-01
2.659860639960697215e-01
2.696272173187203580e-01
2.735657267718522023e-01
2.773257531513037000e-01
2.803181146915312838e-01
2.819857843045431856e-01
