2.591316261091169276e-03
2.591302298475654971e-03
2.591274462697438271e-03
2.591232560887577439e-03
2.591176861428200629e-03
2.591106978540446727e-03
2.591023359606971829e-03
2.590925425857085272e-03
2.590813803792825672e-03
2.590687721528967154e-03
2.590547984853796074e-03
2.590393628604203708e-03
2.590225638070006373e-03
2.590042854606446239e-03
2.589846443269223659e-03
2.589635051688032614e-03
2.589410024998520937e-03
2.589169816821168535e-03
2.588915952736249495e-03
2.588646692032008090e-03
2.588363741149601969e-03
2.588065164683133086e-03
2.587752850403681523e-03
2.587424667810959370e-03
2.587082686529024698e-03
2.586724580525265327e-03
2.586352601855293563e-03
2.585964228479233854e-03
2.585561895519958645e-03
2.585142884419151105e-03
2.584709814061608192e-03
2.584259768824070588e-03
2.583795552108787349e-03
2.583314050646681910e-03
2.582818253176119138e-03
2.582304848167994715e-03
2.581777010580895912e-03
2.581231229979317511e-03
2.580670868494267141e-03
2.580092216106590931e-03
2.579498823142752691e-03
2.578886779293200569e-03
2.578259824176841637e-03
2.577613846458985235e-03
2.576952776225204748e-03
2.576272300354573788e-03
2.575576540654356348e-03
2.574860981431734488e-03
2.574129937555319058e-03
2.573378689952109631e-03
2.572611747980529332e-03
2.571824188358484958e-03
2.571020716455991572e-03
2.570196203934618610e-03
2.569355553795772858e-03
2.568493431781498394e-03
2.567614940247647283e-03
2.566714538140141277e-03
2.565797529001132699e-03
2.564858164093184508e-03
2.563901950091264283e-03
2.562922929679647098e-03
2.561926814733753079e-03
2.560907438460062382e-03
2.559870720129888561e-03
2.558810282571219365e-03
2.557732254781903102e-03
2.556630048312991468e-03
2.555510004362451359e-03
2.554365322312021538e-03
2.553202558184648752e-03
2.552014698310374387e-03
2.550808516322127309e-03
2.549576784630008548e-03
2.548326497431575161e-03
2.547050212367148528e-03
2.545755147333066994e-03
2.544433644372545798e-03
2.543093148404053545e-03
2.541725785070923088e-03
2.540339229831390429e-03
2.538925391140146350e-03
2.537492178682097897e-03
2.536031282862593814e-03
2.534550851238390971e-03
2.533042354681930633e-03
2.531514180849688423e-03
2.529957575486955178e-03
2.528381158384354361e-03
2.526775918544093853e-03
2.525150636999860289e-03
2.523495872871274991e-03
2.521820232874498035e-03
2.520113334052180055e-03
2.518383136438651516e-03
2.516618205235555961e-03
2.514826209921288205e-03
2.512995201676656350e-03
2.511132995177759331e-03
2.509227373826853312e-03
2.507286424469640923e-03
2.505297719641115441e-03
2.503269650391355596e-03
2.501189587046671707e-03
2.499066228957310017e-03
2.496886734191813059e-03
2.494660101262633368e-03
2.492373256369965605e-03
2.490035481574172285e-03
2.487633447359199543e-03
2.485176701443720347e-03
2.482651633726669881e-03
2.480068039785783378e-03
2.477412004689701335e-03
2.474693555225295893e-03
2.471898448605424660e-03
2.469036927567960348e-03
2.466094399645653648e-03
2.463081309450834526e-03
2.459982693873530562e-03
2.456809186072269474e-03
2.453545431706505298e-03
2.450202239371103083e-03
2.446763842736408238e-03
2.443241212374643988e-03
2.439618148470467426e-03
2.435905769179043737e-03
2.432087418381352877e-03
2.428174345876357894e-03
2.424149414491659320e-03
2.420023987536852519e-03
2.415780419446478602e-03
2.411430165998581197e-03
2.406955042570635070e-03
2.402366572645055903e-03
2.397645997708767497e-03
2.392804879511857118e-03
2.387823845648865458e-03
2.382714460890133969e-03
2.377456692561192002e-03
2.372062066005771463e-03
2.366509834045581444e-03
2.360811431229885553e-03
2.354945331932962235e-03
2.348922817459629317e-03
2.342721507755032764e-03
2.336352454631657281e-03
2.329792332713265593e-03
2.323051871097390857e-03
2.316106690494288550e-03
2.308967085553950953e-03
2.301607500305110927e-03
2.294037681985030587e-03
2.286230816719889841e-03
2.278196145305366391e-03
2.269905965993787144e-03
2.261370240930505541e-03
2.252563684178284734e-03
2.243504860438123426e-03
2.234187135259898226e-03
2.224663313795967930e-03
2.214967905494513549e-03
2.205178994610164540e-03
2.195320584938273770e-03
2.185436946822653503e-03
2.175517898329734894e-03
2.165586144396147543e-03
2.155619661897232881e-03
2.145636146626937399e-03
2.135610784638708633e-03
2.125560625954885877e-03
2.115460034316478475e-03
2.105326305268748460e-03
2.095133351793102786e-03
2.084898889309993661e-03
2.074596428797196700e-03
2.064244135578548623e-03
2.053815100955798910e-03
2.043327941182130660e-03
2.032755296109333039e-03
2.022116228966295160e-03
2.011382893278706573e-03
2.000574795470192509e-03
1.989663566991419115e-03
1.978669154909195455e-03
1.967562632235472699e-03
1.956364385477332279e-03
1.945044892001658674e-03
1.933624977786755749e-03
1.922074486123880694e-03
1.910414683536188840e-03
1.898614739117197208e-03
1.886696361812553431e-03
1.874628004153754092e-03
1.862431819900295339e-03
1.850075499764402024e-03
1.837581644867845778e-03
1.824917135176637364e-03
1.812105021436526218e-03
1.799111319335000439e-03
1.785959530659091696e-03
1.772614747543561388e-03
1.759100922684099250e-03
1.745382158255835269e-03
1.731482855282667722e-03
1.717366050726707675e-03
1.703056587762714468e-03
1.688516351912885049e-03
1.673770617249810931e-03
1.658780017994892575e-03
1.643570240874044248e-03
1.628100551957456467e-03
1.612397022887324420e-03
1.596417413471439527e-03
1.580188139744825252e-03
1.563665290387984165e-03
1.546875568138423966e-03
1.529773191787229874e-03
1.512385070027258069e-03
1.494663309696563558e-03
1.476634913625085414e-03
1.458249578786739243e-03
1.439534248212869655e-03
1.420435838276842095e-03
1.400981020721211133e-03
1.381113464429169170e-03
1.360859278918505333e-03
1.340158289964149194e-03
1.319035642953612095e-03
1.297426549942785933e-03
1.275354633194984754e-03
1.252749478590347958e-03
1.229632400639800883e-03
1.205926006482548182e-03
1.181648189232157491e-03
1.156712737980184619e-03
1.131132524119968967e-03
1.104809971685255044e-03
1.077750602478633754e-03
1.049841889189962688e-03
1.021078588835595434e-03
9.913281205258146767e-04
9.605694864722735815e-04
9.286428621397035173e-04
8.955045205222848716e-04
8.609580122357826919e-04
8.249289698585250338e-04
7.871764176788535261e-04
7.475967350302688578e-04
7.059241741760641144e-04
6.621016800491636919e-04
6.160522990489078867e-04
5.683418690141919718e-04
5.206033012393185538e-04
4.777492914519314055e-04
4.501137065466030490e-04
