3.263863680970752625e+02
3.259261566086270818e+02
3.250077368494686425e+02
3.236350669903548578e+02
3.218140974791792814e+02
3.195526275301937744e+02
3.168603797204602870e+02
3.137487650260491137e+02
3.102309945609266606e+02
3.063217592942745569e+02
3.020373786740605624e+02
2.973954032320686451e+02
2.924147996381702228e+02
2.871154861187287679e+02
2.815185532125897794e+02
2.756457432311959792e+02
2.695197056306877812e+02
2.631634325892017614e+02
2.566005474781946987e+02
2.498547090107185227e+02
2.429499308038479057e+02
2.359099664729093604e+02
2.287586577483385213e+02
2.215193123894395342e+02
2.142150777808077180e+02
2.068683226692711230e+02
1.995010326479486764e+02
1.921342055501132791e+02
1.847882647643241683e+02
1.774824767273034638e+02
1.702353776303412474e+02
1.630642199216750328e+02
1.559854076875890883e+02
1.490139774839456095e+02
1.421640375232103395e+02
1.354482865797351963e+02
1.288784520975319197e+02
1.224648494195513280e+02
1.162168140533149199e+02
1.101423021138495528e+02
1.042483122402275910e+02
9.854052695389184180e+01
9.302372009652647478e+01
8.770143781524829762e+01
8.257638787240372835e+01
7.765015818775111711e+01
7.292358493092763183e+01
6.839650597716251923e+01
6.406810530747182497e+01
5.993669835739495255e+01
5.600005089166130290e+01
5.225519302564322999e+01
4.869871138419688350e+01
4.532658852824224738e+01
4.213446782773599608e+01
3.911751510316998548e+01
3.627065621958787744e+01
3.358845792604481773e+01
3.106533869464172426e+01
2.869546598227660539e+01
2.647294128387227374e+01
2.439171132448932511e+01
2.244572866192625327e+01
2.062887462119585535e+01
1.893509706556551109e+01
1.735834319118438174e+01
1.589267628843318292e+01
1.453221680786805159e+01
1.327124005985990252e+01
1.210412423373733937e+01
1.102543104010727681e+01
1.002985960655386499e+01
9.112312062578654448e+00
8.267852444043636950e+00
7.491759165290199363e+00
6.779488239922562443e+00
6.126714488708310924e+00
5.529298527490939641e+00
4.983318433146736837e+00
4.485040063040798053e+00
4.030940754184466179e+00
3.617682626236403465e+00
3.242129729703410401e+00
2.901324050015384515e+00
2.592497356579906320e+00
2.313049672991578820e+00
2.060556916151119911e+00
1.832751631082271793e+00
1.627527353010120414e+00
1.442921428064765754e+00
1.277116884783525474e+00
1.128427177208987553e+00
9.952962181951179321e-01
8.762848915639546155e-01
7.700697793114178458e-01
6.754312965522147882e-01
5.912515388545308559e-01
5.165038991647070699e-01
4.502503699932565162e-01
3.916325064240521736e-01
3.398684401563353830e-01
2.942450577548882396e-01
2.541149186881646593e-01
2.188895235576434339e-01
1.880362750885095080e-01
1.610727173535384527e-01
1.375636358709894091e-01
1.171161558106353640e-01
9.937704359762640494e-02
8.402855963853543553e-02
7.078599782287997577e-02
5.939419623255769859e-02
4.962533148448716736e-02
4.127599889609333966e-02
3.416526474359304899e-02
2.813223496020100106e-02
2.303435961178483538e-02
1.874541518741087640e-02
1.515405337994379237e-02
1.216212301547534361e-02
9.683491211936295570e-03
7.642831720667930817e-03
5.976937415781397901e-03
4.637849412038012528e-03
3.582991799903246285e-03
2.765486354055133895e-03
2.138308514027050314e-03
1.659496449190763466e-03
1.294288858749504008e-03
1.015238200748183823e-03
8.012559743271809596e-04
6.364044297641743625e-04
5.087229468412388491e-04
4.092670697203494449e-04
3.313393596302142735e-04
2.699170070053956644e-04
2.212155906714062114e-04
1.823739802520960712e-04
1.512160096447650454e-04
1.260799995987873937e-04
1.056886643006339056e-04
8.905642860562102878e-05
7.541746453533822853e-05
6.417461684946332626e-05
5.486021409499966322e-05
4.711117161036496682e-05
4.063936937444791371e-05
3.521345617364351316e-05
3.064676130639358852e-05
2.678843207470064206e-05
2.351605443886887215e-05
2.073010701715152180e-05
1.834934520111487861e-05
1.630730284594951183e-05
1.454938299784099110e-05
1.303063197954165669e-05
1.171388974483666849e-05
1.056836027136749868e-05
9.568424325310239144e-06
8.692712019293421835e-06
7.923332962445167425e-06
7.245268152993831797e-06
6.645865445544644818e-06
6.114436375039504541e-06
5.641921883473261031e-06
5.220621948916373642e-06
4.843971667721481008e-06
4.506357835617233122e-06
4.202967299780080390e-06
3.929661077520909156e-06
3.682870535725869415e-06
3.459509996648196117e-06
3.256904904004142523e-06
3.072730454504068002e-06
2.904961381348433059e-06
2.751828376936267528e-06
2.611782637217678721e-06
2.483464577910286573e-06
2.365678559956572418e-06
2.257370190868082402e-06
2.157608141602441267e-06
2.065567505903105617e-06
1.980516603611262718e-06
1.901804658383810433e-06
1.828852139496925959e-06
1.761141548496927241e-06
1.698210294162950894e-06
1.639643739035442923e-06
1.585069903167061430e-06
1.534154168795802742e-06
1.486595315039489241e-06
1.442121450302103424e-06
1.400487023054643594e-06
1.361469671328428342e-06
1.324867954583510642e-06
1.290498894115497158e-06
1.258196241335903726e-06
1.227808543020344768e-06
1.199197811251178189e-06
1.172237990559345335e-06
1.146813930502018745e-06
1.122820162948704162e-06
1.100160104019257062e-06
1.078745072515510564e-06
1.058493666646346710e-06
1.039330971325798681e-06
1.021188068785061033e-06
1.004001394839652555e-06
9.877123525538653186e-07
9.722667868139726142e-07
9.576146776672806266e-07
9.437097094764284260e-07
9.305090261132957912e-07
9.179728762165963937e-07
9.060644165891246297e-07
8.947494190764148639e-07
8.839961116587942766e-07
8.737749355308203311e-07
8.640584157634795432e-07
8.548209595248920886e-07
8.460387500061420372e-07
8.376895785534903277e-07
8.297527569474790047e-07
8.222089776414888585e-07
8.150402405631497441e-07
8.082297367669075748e-07
8.017617867702940594e-07
7.956217437950823484e-07
7.897959413224713041e-07
7.842716127658196321e-07
7.790368464783620822e-07
7.740805192015714848e-07
7.693922572284310919e-07
7.649623813246273855e-07
7.607818731689265122e-07
7.568423296707767439e-07
7.531359341764004879e-07
7.496554182672691292e-07
7.463940374755341781e-07
7.433455388896793186e-07
7.405041411624251652e-07
7.378645067382012355e-07
7.354217257308634515e-07
7.331712922454530700e-07
7.311090914255716119e-07
7.292313797966825017e-07
7.275347746903157156e-07
7.260162385983896523e-07
7.246730703366998938e-07
7.235028932542869662e-07
7.225036477583006996e-07
7.216735830765516649e-07
7.210112509942003727e-07
7.205155007441076750e-07
7.201854739695780031e-07
7.200206020143810028e-07
