1.121699346055087699e+04
1.121224449289841505e+04
1.120275413741063676e+04
1.118853336952359678e+04
1.116960485770080231e+04
1.114599042981071398e+04
1.111772763106069760e+04
1.108484889768803077e+04
1.104740630198928739e+04
1.100544252729295295e+04
1.095902369077534240e+04
1.090820225003195628e+04
1.085305775947973598e+04
1.079365187397866066e+04
1.073007686102466323e+04
1.066240290047731287e+04
1.059073414273461458e+04
1.051514853540684271e+04
1.043576118749803936e+04
1.035265698356707799e+04
1.026596098585791515e+04
1.017576412387452365e+04
1.008220034061168190e+04
9.985365670341985606e+03
9.885401811777332114e+03
9.782408929061160961e+03
9.676535313980813953e+03
9.567884264552028981e+03
9.456609480411443656e+03
9.342816389885938406e+03
9.226662907496842308e+03
9.108255593973601208e+03
8.987755392436380134e+03
8.865269016428632312e+03
8.740959271817095214e+03
8.614932075604552665e+03
8.487350963869224870e+03
8.358320148931608855e+03
8.228002809692063238e+03
8.096500596750448494e+03
7.963975300206429893e+03
7.830525211680754182e+03
7.696309765907266410e+03
7.561423165418203098e+03
7.426021595947387141e+03
7.290194513977065071e+03
7.154094041937602015e+03
7.017804311045136274e+03
6.881472650356796294e+03
6.745177367545878042e+03
6.609060355874143170e+03
6.473193683952116771e+03
6.337713256432888556e+03
6.202684570593861281e+03
6.068237079845712287e+03
5.934429460355058836e+03
5.801384341101561404e+03
5.669153407943783350e+03
5.537852179751166659e+03
5.407525260500226977e+03
5.278280857763229506e+03
5.150156475804084039e+03
5.023252890236029998e+03
4.897600556851710280e+03
4.773292774390449267e+03
4.650353065159527432e+03
4.528867276410495833e+03
4.408852169849727943e+03
4.290386230958697524e+03
4.173479685396318928e+03
4.058203804571874571e+03
3.944562547836868362e+03
3.832620171609694808e+03
3.722374677248988519e+03
3.613883549934327675e+03
3.507139173292415762e+03
3.402192542978259553e+03
3.299030790552099006e+03
3.197698735226278131e+03
3.098178641198473997e+03
3.000509489305898114e+03
2.904669074011030716e+03
2.810690894747187940e+03
2.718548680988714750e+03
2.628270820934993480e+03
2.539827385490598317e+03
2.453242029729071874e+03
2.368481569008199585e+03
2.285565306566879826e+03
2.204457197165597790e+03
2.125172572491489063e+03
2.047672909278282305e+03
1.971969943370181682e+03
1.898023039687486971e+03
1.825840706502805233e+03
1.755380543042113686e+03
1.686648188787814661e+03
1.619599799653075934e+03
1.554238494553046849e+03
1.490519280932183847e+03
1.428443095014600431e+03
1.367964058694458799e+03
1.309081255061826141e+03
1.251748145698832559e+03
1.195962286659439314e+03
1.141676658172806128e+03
1.088887621623460518e+03
1.037547794124820257e+03
9.876526999610698567e+02
9.391546237870998084e+02
8.920486737051575119e+02
8.462866899036624773e+02
8.018639314525427153e+02
7.587314133309873796e+02
7.168854607726592576e+02
6.762752823800553870e+02
6.369001117209118092e+02
5.987047165743580308e+02
5.616962041303337401e+02
5.258072019970555857e+02
4.910866135907980947e+02
4.576107913324863148e+02
4.272733725470559989e+02
4.034886927557402032e+02
3.866499701940543900e+02
3.748867889822580537e+02
3.666955237148708875e+02
3.608383786207068056e+02
3.565386771801387908e+02
3.532127425047671636e+02
3.505354791878448282e+02
3.482482416142189550e+02
3.462276116206954839e+02
3.443525685317011380e+02
3.425806944670503640e+02
3.408465687568971134e+02
3.391387410927185329e+02
3.374133178053025404e+02
3.356694078364355391e+02
3.338692984948831963e+02
3.320136222570421296e+02
3.300608916630300200e+02
3.280089314170554076e+02
3.258028252388416490e+02
3.235834633979723094e+02
3.215664630388563410e+02
3.197375898630845086e+02
3.180983505996904910e+02
3.166134898651363869e+02
3.152834988597689971e+02
3.140781531204572161e+02
3.129984431953328112e+02
3.120182126690049813e+02
3.111394642199858254e+02
3.103395285296369934e+02
3.096214250079695489e+02
3.089654926541866757e+02
3.083755916842255260e+02
3.078346330883392170e+02
3.073470968517216875e+02
3.068980723381502571e+02
3.064924499499613262e+02
3.061171530905552345e+02
3.057773060999463155e+02
3.054613732615544563e+02
3.051745737478223646e+02
3.049066679517613920e+02
3.046628652721496451e+02
3.044340203918677616e+02
3.042252572682018013e+02
3.040283596376399942e+02
3.038483133105592060e+02
3.036776961854008050e+02
3.035213207822557706e+02
3.033724490253470663e+02
3.032356980738704237e+02
3.031049237417150835e+02
3.029845352744613365e+02
3.028689083185522009e+02
3.027622384431559226e+02
3.026593599780559884e+02
3.025642537949690904e+02
3.024721621307505757e+02
3.023868533674897776e+02
3.023039352322666105e+02
3.022269679513472624e+02
3.021518890896111884e+02
3.020820563826983403e+02
3.020137070819258724e+02
3.019500028631162536e+02
3.018874550111451640e+02
3.018290359409317034e+02
3.017715090181761184e+02
3.017176642892931113e+02
3.016644983095500265e+02
3.016146255574848283e+02
3.015652594342289490e+02
3.015188454388819537e+02
3.014727996058127815e+02
3.014294047576379398e+02
3.013862671399749047e+02
3.013455128776548690e+02
3.013049275148725883e+02
3.012664861201710664e+02
3.012281438972030401e+02
3.011917301697374683e+02
3.011553612339349684e+02
3.011207256745508971e+02
3.010860932089461812e+02
3.010530164231377057e+02
3.010199115197156630e+02
3.009881996183774504e+02
3.009564370537927402e+02
3.009259178827349501e+02
3.008953326479728503e+02
3.008658527249352801e+02
3.008362972046564892e+02
3.008077192882437885e+02
3.007790610305745531e+02
3.007512622963350850e+02
3.007233823678235467e+02
3.006962532326448923e+02
3.006690452289749942e+02
3.006424889616529867e+02
3.006158588645462260e+02
3.005897922717268784e+02
3.005636595419125001e+02
3.005380152543335157e+02
3.005123158777373078e+02
3.004870470920641878e+02
3.004617397737540045e+02
3.004368286164481674e+02
3.004119057649709816e+02
3.003873762043849638e+02
3.003628808636256053e+02
3.003388149060637602e+02
3.003148609799466726e+02
3.002914110909881629e+02
3.002681948093018605e+02
3.002455790433641596e+02
3.002233622915837827e+02
3.002018343006992609e+02
3.001808975264417541e+02
3.001607072073243216e+02
3.001413060797244725e+02
3.001226810856447287e+02
3.001050427595089900e+02
3.000882046276974506e+02
3.000725636327876487e+02
3.000577725005877596e+02
3.000444332786993868e+02
3.000320638097870187e+02
3.000215077801111079e+02
3.000122149271039689e+02
3.000053860931802205e+02
3.000006866559753576e+02
