7.728318162963613069e+00
7.728667966248676358e+00
7.729400199422896911e+00
7.730449370108686935e+00
7.731913368230121542e+00
7.733661188875982084e+00
7.735856015638349348e+00
7.738301290734585614e+00
7.741225542047076580e+00
7.744366598350779896e+00
7.748018402778376057e+00
7.751853089780841977e+00
7.756230109128012806e+00
7.760755799651258613e+00
7.765855229686228434e+00
7.771068820604983607e+00
7.776887391920727310e+00
7.782785305005890386e+00
7.789319284013676459e+00
7.795897466891934080e+00
7.803142656942073430e+00
7.810396584166129585e+00
7.818348326789973157e+00
7.826273001012403974e+00
7.834926177278870973e+00
7.843516130522316665e+00
7.852865162501242224e+00
7.862114457516184096e+00
7.872153309840093982e+00
7.882055541541146404e+00
7.892777723056005890e+00
7.903326020026179677e+00
7.914724585520932720e+00
7.925911611572733051e+00
7.937979163576365238e+00
7.949797119357388198e+00
7.962525809991394254e+00
7.974966434621142852e+00
7.988347967494354052e+00
8.001402540217940285e+00
8.015428172349452041e+00
8.029087514192829289e+00
8.043748057948103991e+00
8.058002533358347819e+00
8.073288358382340490e+00
8.088127876835590868e+00
8.104028911965919235e+00
8.119442929524335995e+00
8.135948664666498686e+00
8.151926185465031338e+00
8.169025673410995836e+00
8.185555251053312276e+00
8.203237109223991297e+00
8.220306848066835315e+00
8.238559260158279329e+00
8.256156816462512538e+00
8.274967533975704725e+00
8.293080116902144638e+00
8.312436460536057226e+00
8.331050832964574937e+00
8.350939693852597046e+00
8.370042173003433561e+00
8.390450013774851001e+00
8.410026471612413346e+00
8.430939327262079175e+00
8.450975190664406611e+00
8.472378669217397018e+00
8.492858919897569692e+00
8.514738202860172578e+00
8.535647377032068661e+00
8.557987219627261055e+00
8.579309407415586008e+00
8.602094138610723917e+00
8.623812983216780026e+00
8.647026505564792132e+00
8.669125202214457815e+00
8.692750991547697481e+00
8.715212286269528263e+00
8.739233391310643029e+00
8.762039579620697793e+00
8.786438621608338551e+00
8.809571547217080578e+00
8.834330719690106193e+00
8.857771773399784720e+00
8.882872842344793796e+00
8.906602961376755445e+00
8.932027266027054324e+00
8.956026934114284188e+00
8.981755388800408468e+00
9.006004637510928390e+00
9.032017735114166612e+00
9.056496147046244616e+00
9.082773964811988066e+00
9.107460679540450244e+00
9.133982888286846347e+00
9.158856612263589270e+00
9.185602490400267328e+00
9.210641512453586088e+00
9.237589966744293335e+00
9.262772181425546592e+00
9.289901777140261885e+00
9.315204718995868660e+00
9.342493723079254409e+00
9.367894616070230995e+00
9.395321058311987272e+00
9.420796886188018249e+00
9.448338645273128833e+00
9.473866250914078080e+00
9.501501174880196743e+00
9.527057399704752072e+00
9.554763474068920459e+00
9.580325352950151085e+00
9.608080935070562489e+00
9.633625968335699952e+00
9.661410114170061902e+00
9.686916646991800661e+00
9.714709567396436540e+00
9.740157319403051517e+00
9.767941018877753123e+00
9.793311823260438587e+00
9.821070963468001125e+00
9.846349347309606870e+00
9.874067165953718472e+00
9.899212996316776980e+00
9.926807550027870519e+00
9.951698045715451357e+00
9.979037590399956414e+00
1.000354291590784861e+01
1.003050510243094529e+01
1.005450274056424576e+01
1.008096563231492659e+01
1.010432517609557479e+01
1.013015110006807973e+01
1.015271785100289748e+01
1.017773670892020732e+01
1.019931325533353572e+01
1.022330138924746024e+01
1.024362121724745656e+01
1.026626831213763680e+01
1.028495088313745320e+01
1.030580103117713264e+01
1.032226503669501838e+01
1.034060289207328864e+01
1.035394797629657404e+01
1.037010279526458767e+01
1.038366218553940179e+01
1.040116877806898188e+01
1.041593462532503089e+01
1.043463806445343423e+01
1.045040657184430444e+01
1.047010910309694509e+01
1.048669110872782362e+01
1.050721255603585647e+01
1.052443512779488088e+01
1.054561401425887013e+01
1.056332195021458098e+01
1.058501521371311327e+01
1.060307068344021353e+01
1.062515249264433237e+01
1.064343369660393357e+01
1.066579375488566761e+01
1.068419314140262166e+01
1.070673479670864836e+01
1.072515715942488157e+01
1.074779552966977825e+01
1.076615616810089548e+01
1.078881640056713032e+01
1.080703943585552729e+01
1.082965515575656923e+01
1.084767203776548250e+01
1.087018400160562770e+01
1.088793221100889497e+01
1.091028715797488502e+01
1.092770908966875609e+01
1.094985877308751832e+01
1.096690077921825335e+01
1.098880115573011551e+01
1.100541272397230230e+01
1.102702327755075373e+01
1.104315632048773743e+01
1.106443949992056019e+01
1.108004773294416623e+01
1.110096848376037570e+01
1.111600687092708206e+01
1.113653224537634223e+01
1.115095649462702809e+01
1.117105532585900818e+01
1.118482141665568719e+01
1.120446404555091213e+01
1.121752777316103966e+01
1.123668581827677038e+01
1.124900233956172357e+01
1.126764850237719706e+01
1.127917186795556503e+01
1.129727976705876813e+01
1.130796242405043373e+01
1.132550645314458571e+01
1.133529870126568362e+01
1.135225390693484293e+01
1.136110328836694805e+01
1.137744526447555948e+01
1.138529586447029551e+01
1.140100066093302722e+01
1.140779229123484129e+01
1.142283633573705970e+01
1.142850356617965701e+01
1.144286359832185695e+01
1.144733459275223630e+01
1.146098761111518272e+01
1.146418271122195520e+01
1.147710593511360955e+01
1.147893591846964334e+01
1.149110676777299211e+01
1.149147068251629200e+01
1.150286678133294238e+01
1.150164922652940724e+01
1.151224843954329025e+01
1.150931611305505342e+01
1.151909662824222025e+01
1.151429389618485644e+01
1.152323437448846377e+01
1.151637751763352568e+01
1.152445734083257989e+01
1.151532698685597289e+01
1.152252665127975284e+01
1.151085768016257660e+01
1.151715940988516707e+01
1.150262727699878873e+01
1.150801597227035522e+01
1.149021785012367758e+01
1.149468255701790476e+01
1.147311081018098378e+01
1.147664701835969936e+01
1.145065103345405433e+01
1.145326432517794224e+01
1.142199411064061287e+01
1.142370608832113454e+01
1.138602630662479420e+01
1.138688452252641170e+01
1.134123851248026149e+01
1.134133379621861160e+01
1.128551862861834820e+01
1.128501700267419672e+01
1.121579014995121781e+01
1.121499599921464885e+01
1.112733747249622596e+01
1.112683131946029924e+01
1.101242568199258365e+01
1.101340782964800979e+01
1.085709816024005825e+01
1.086242854287273296e+01
1.063221102631060688e+01
1.065065646777383357e+01
1.025851665537743784e+01
1.033514929847445885e+01
9.182234554369191670e+00
