-1.741839607523853362e+00
-1.742646376150481791e+00
-1.744259855462401365e+00
-1.746679816253410955e+00
-1.749906085194873340e+00
-1.753938204550258728e+00
-1.758775887092607793e+00
-1.764418447913331800e+00
-1.770865488378438712e+00
-1.778116098461120842e+00
-1.786169771628496772e+00
-1.795025375504627041e+00
-1.804682300203503731e+00
-1.815139194511000698e+00
-1.826395350798293293e+00
-1.838449203299353574e+00
-1.851299953350973304e+00
-1.864945825737732266e+00
-1.879385938609161144e+00
-1.894618313267303567e+00
-1.910641993708314557e+00
-1.927454804639197050e+00
-1.945055726179304667e+00
-1.963442394313108741e+00
-1.982613736867300247e+00
-2.002567210034715384e+00
-2.023301702314951545e+00
-2.044814500181377781e+00
-2.067104467238109144e+00
-2.090168731545430703e+00
-2.114006147805244762e+00
-2.138613698309647759e+00
-2.163990246521688476e+00
-2.190132643064977014e+00
-2.217039779619379924e+00
-2.244708390824551536e+00
-2.273137417962893814e+00
-2.302323497104426853e+00
-2.332265642605392486e+00
-2.362960411271938010e+00
-2.394406916266258456e+00
-2.426601656508813765e+00
-2.459543872158513445e+00
-2.493230027903197588e+00
-2.527659521771625784e+00
-2.562828810374636834e+00
-2.598737483419712113e+00
-2.635382018355239442e+00
-2.672762233600153081e+00
-2.710874659404064690e+00
-2.749719383482025492e+00
-2.789293024227465168e+00
-2.829595983163973205e+00
-2.870625005926668027e+00
-2.912380856719325006e+00
-2.954860451704576008e+00
-2.998064971495232101e+00
-3.041991550754325146e+00
-3.086641845668002926e+00
-3.132013262639453455e+00
-3.178107998701838799e+00
-3.224923791183133659e+00
-3.272463450137329311e+00
-3.320725109743900116e+00
-3.369712273084750631e+00
-3.419423544803709802e+00
-3.469863209958595984e+00
-3.521030426081666054e+00
-3.572930359418854618e+00
-3.625562812975891447e+00
-3.678933945254240445e+00
-3.733044309108791481e+00
-3.787901180144482627e+00
-3.843505979213074575e+00
-3.899867239996433366e+00
-3.956987385686629999e+00
-4.014876368017300301e+00
-4.073537766044893260e+00
-4.132983132081425204e+00
-4.193217377452255867e+00
-4.254253864539726315e+00
-4.316099040838714096e+00
-4.378768320785794366e+00
-4.442269925237315675e+00
-4.506621602130384652e+00
-4.571833623490852538e+00
-4.637926400524211346e+00
-4.704912584166090816e+00
-4.772815638330927257e+00
-4.841650982460687480e+00
-4.911445596957272564e+00
-4.982218136575072620e+00
-5.053999655435572613e+00
-5.126812607491991081e+00
-5.200692796418913133e+00
-5.275667162149918710e+00
-5.351777085746864060e+00
-5.429054836373668813e+00
-5.507548397094230275e+00
-5.587296409504692640e+00
-5.668354740632500111e+00
-5.750769703171955349e+00
-5.834606669879017105e+00
-5.919921247001753706e+00
-6.006790386998767772e+00
-6.095281012613154914e+00
-6.185484333774284416e+00
-6.277481077421196431e+00
-6.371380188863271954e+00
-6.467279134755646197e+00
-6.565309098052537706e+00
-6.665587361551098766e+00
-6.768273019040184302e+00
-6.873505163798173001e+00
-6.981477293140969209e+00
-7.092347159510178578e+00
-7.206347621089221889e+00
-7.323633673813725764e+00
-7.444471539112973879e+00
-7.568930763986061905e+00
-7.697276111139297328e+00
-7.829382380677487596e+00
-7.967143707684589238e+00
-8.112584820530882368e+00
-8.263866723995388242e+00
-8.413520158180938679e+00
-8.556846352535908196e+00
-8.685201472851986182e+00
-8.797586066494796242e+00
-8.885651398203053830e+00
-8.955561238769284671e+00
-8.999766511674783587e+00
-9.031633969758068758e+00
-9.042238793265843455e+00
-9.048459367503044248e+00
-9.038095597518761792e+00
-9.028943893844958879e+00
-9.005809250492808005e+00
-8.986742037285729623e+00
-8.954484935059635831e+00
-8.927315848724562741e+00
-8.886507374935391113e+00
-8.850610275412600814e+00
-8.804604837932600958e+00
-8.820930333927284650e+00
-8.848022757264518035e+00
-8.881882686825745665e+00
-8.909322187296949025e+00
-8.943329981874061474e+00
-8.970490341271004198e+00
-9.004197375603528286e+00
-9.030672801309634679e+00
-9.063709992228790924e+00
-9.089169640480241341e+00
-9.121247611047976989e+00
-9.145435462411853678e+00
-9.176338303967311205e+00
-9.199066033706259304e+00
-9.228641646783430019e+00
-9.249778611131993955e+00
-9.277927958978519740e+00
-9.297390651910816928e+00
-9.324057376383153795e+00
-9.341799582437282368e+00
-9.366960722640621739e+00
-9.382964905721852489e+00
-9.406622995382212693e+00
-9.420893070340575548e+00
-9.443069623989794437e+00
-9.455625051962499583e+00
-9.476355317542058287e+00
-9.487226373266553381e+00
-9.506555176678229913e+00
-9.515779206780608845e+00
-9.533757705934219118e+00
-9.541376200801163776e+00
-9.558059380333189026e+00
-9.564115700579053581e+00
-9.579560460712821524e+00
-9.584098082570086774e+00
-9.598361799670456662e+00
-9.601422966836482331e+00
-9.614562425752581021e+00
-9.616187116055261441e+00
-9.628257734001952173e+00
-9.628482866919577887e+00
-9.639538145114602941e+00
-9.638396970662492791e+00
-9.648488123400243310e+00
-9.646009744472095804e+00
-9.655185466164539321e+00
-9.651394455498142122e+00
-9.659700794889545250e+00
-9.654616874834863083e+00
-9.662097192518233513e+00
-9.655734951108108532e+00
-9.662429942011678818e+00
-9.654798562821001795e+00
-9.660746329815673050e+00
-9.651849316069405660e+00
-9.657085484553860510e+00
-9.646920360250463844e+00
-9.651478226753539502e+00
-9.640036199630914737e+00
-9.643946910381457016e+00
-9.631212483996026918e+00
-9.634505242324305385e+00
-9.620455768381201977e+00
-9.623158073083324382e+00
-9.607763242302118201e+00
-9.609901163216569842e+00
-9.593122446844468243e+00
-9.594720949625315853e+00
-9.576511030568145344e+00
-9.577594371233537629e+00
-9.557896655601146207e+00
-9.558488878941698630e+00
-9.537237278097492776e+00
-9.537362875832886999e+00
-9.514482237957400557e+00
-9.514167058037372726e+00
-9.489574984185209061e+00
-9.488847539687581545e+00
-9.462458977287484529e+00
-9.461352390419671465e+00
-9.433089562990520704e+00
-9.431644494537097856e+00
-9.401456597129977055e+00
-9.399725598546559979e+00
-9.367624958762521103e+00
-9.365678503905888519e+00
-9.331799932054948954e+00
-9.329733225870626256e+00
-9.294411405996235942e+00
-9.292347533294931239e+00
-9.256162934155673483e+00
-9.254241746554194847e+00
-9.217904525946192251e+00
-9.216246638440345862e+00
-9.180187032691321747e+00
-9.178848931524260735e+00
-9.142670380587130552e+00
-9.141644784000137136e+00
-9.103896918784940340e+00
-9.103184327976640233e+00
-9.061535350731245941e+00
-9.061245965863117036e+00
-9.012503476389847279e+00
-9.012982844054652887e+00
-8.952291079684107089e+00
-8.954426017586179398e+00
-8.872426217151671679e+00
-8.878906497817149912e+00
-8.750528320297899398e+00
-8.774897901537499934e+00
-8.428872229737969235e+00
