3.075755775612494247e-01
3.074743451243845405e-01
3.072719841461826196e-01
3.069687296714483371e-01
3.065648924783007656e-01
3.060609407851561103e-01
3.054573895390370053e-01
3.047549364130046623e-01
3.039542960389700066e-01
3.030563900243231079e-01
3.020621264890042124e-01
3.009726437217256079e-01
2.997890354997899132e-01
2.985126478972004449e-01
2.971447509834126977e-01
2.956868881878477184e-01
2.941404950900779469e-01
2.925073006380325968e-01
2.907888938567381731e-01
2.889871761110453519e-01
2.871038766724977043e-01
2.851410551120947545e-01
2.831005667747828469e-01
2.809846142838728356e-01
2.787951640795460762e-01
2.765345459145971407e-01
2.742048217167264434e-01
2.718084318556754919e-01
2.693475176884176370e-01
2.668246132811591398e-01
2.642419230912399497e-01
2.616020577343743381e-01
2.589072683466542291e-01
2.561602248984964358e-01
2.533632088639359847e-01
2.505189324986441535e-01
2.476296915212706229e-01
2.446982236941841471e-01
2.417268232923798221e-01
2.387182372530290420e-01
2.356747432708560241e-01
2.325990817167063740e-01
2.294934992539465479e-01
2.263607146676668291e-01
2.232029299440872472e-01
2.200228281012402698e-01
2.168225537122631663e-01
2.136047407859292535e-01
2.103714647447474106e-01
2.071252983699424233e-01
2.038682372662956321e-01
2.006027818613893843e-01
1.973308384009381800e-01
1.940548249766670119e-01
1.907765500983734097e-01
1.874983407187732209e-01
1.842219004218527689e-01
1.809494574164424163e-01
1.776826043645129138e-01
1.744234643282596697e-01
1.711735142370030271e-01
1.679347667950055745e-01
1.647085795518130058e-01
1.614968508097804345e-01
1.583008162201857694e-01
1.551222567703631483e-01
1.519622847770157048e-01
1.488225620826829632e-01
1.457040772586242483e-01
1.426083721989044872e-01
1.395363122782167509e-01
1.364893195989623498e-01
1.334681377745928210e-01
1.304740701605308362e-01
1.275077408511755828e-01
1.245703363093018656e-01
1.216623640746649221e-01
1.187848962987898271e-01
1.159383275648896566e-01
1.131236189360136229e-01
1.103410561792396993e-01
1.075914930456342150e-01
1.048751110754234106e-01
1.021926609493239435e-01
9.954422492407441481e-02
9.693045522819208892e-02
9.435134003659220725e-02
9.180743803241975254e-02
8.929864867196361800e-02
8.682544220213148090e-02
8.438763478721050815e-02
8.198561346497490465e-02
7.961911649731374940e-02
7.728845297622800870e-02
7.499328850914586952e-02
7.273385946348345787e-02
7.050976378654122412e-02
6.832117022600917022e-02
6.616761368546358879e-02
6.404920021336867053e-02
6.196540576292718094e-02
5.991627836142489338e-02
5.790123840186166271e-02
5.592028028588293120e-02
5.397277129316963018e-02
5.205865630861825771e-02
5.017725065559853342e-02
4.832845359713046351e-02
4.651152782147261605e-02
4.472633089804414069e-02
4.297206941744832059e-02
4.124856389184036048e-02
3.955495672340225699e-02
3.789103853004399669e-02
3.625587067424742432e-02
3.464922886412313829e-02
3.307005665718273923e-02
3.151815555096201121e-02
2.999225415423176569e-02
2.849230733325509857e-02
2.701622234907535836e-02
2.556148102233930103e-02
2.409485365871440535e-02
2.256810486963943194e-02
2.100435149946809285e-02
1.946661595107739007e-02
1.799927111454564105e-02
1.662983223487313894e-02
1.536885527745738937e-02
1.421817523245317259e-02
1.317285059744130980e-02
1.222591635923128348e-02
1.136858838030591415e-02
1.059256550116867597e-02
9.889402372694339194e-03
9.251747559142811314e-03
8.672535956449563960e-03
8.145796418597328961e-03
7.665879768890723235e-03
7.228084780593057278e-03
6.827957910464207449e-03
6.461852918678321483e-03
6.126259927918275422e-03
5.818389792806643451e-03
5.534652940133413107e-03
5.271704422102581507e-03
5.027874408915179380e-03
4.801560570770195720e-03
4.591469709539611026e-03
4.396246320105978538e-03
4.214786458331076097e-03
4.045943267860669171e-03
3.888781499778058356e-03
3.742332279532180079e-03
3.605807131830877747e-03
3.478389072044104757e-03
3.359415472971442971e-03
3.248198324097772375e-03
3.144181797773483791e-03
3.046786754734997701e-03
2.955547308104480072e-03
2.869975753012361103e-03
2.789681523792511119e-03
2.714253417361787730e-03
2.643363706936275714e-03
2.576665046119874097e-03
2.513882013850027731e-03
2.454720507212901099e-03
2.398948598753017792e-03
2.346316579287032172e-03
2.296628687186499755e-03
2.249672260520374240e-03
2.205281634234407522e-03
2.163275111683131587e-03
2.123512109212629534e-03
2.085836867012691009e-03
2.050129742923856909e-03
2.016256757435345038e-03
1.984115792523809003e-03
1.953591210924616930e-03
1.924595595637560840e-03
1.897028804117616716e-03
1.870815784960398612e-03
1.845869527586627579e-03
1.822125410637678768e-03
1.799507590642081354e-03
1.777960268634524868e-03
1.757417130195394446e-03
1.737829860185525653e-03
1.719140303934123823e-03
1.701306512679003936e-03
1.684277343595677167e-03
1.668016278872390271e-03
1.652478222403152945e-03
1.637631302053418154e-03
1.623435654552429080e-03
1.609863392323572073e-03
1.596879196521760287e-03
1.584458605925903379e-03
1.572570262080649631e-03
1.561192657459889574e-03
1.550297897023948136e-03
1.539867025582403052e-03
1.529875187360908457e-03
1.520305637752478222e-03
1.511136197179873070e-03
1.502352039853201452e-03
1.493933350693445227e-03
1.485866973018291773e-03
1.478135187854645897e-03
1.470726293432599290e-03
1.463624435077417844e-03
1.456819181849739299e-03
1.450296342516108582e-03
1.444046598545139929e-03
1.438057247479947523e-03
1.432319946773381305e-03
1.426823330210997675e-03
1.421559913819957829e-03
1.416519533700251292e-03
1.411695463658584320e-03
1.407078623652983180e-03
1.402662959212648379e-03
1.398440368281032983e-03
1.394405395381401267e-03
1.390550820373300921e-03
1.386871726369651951e-03
1.383361686099816119e-03
1.380016272448024396e-03
1.376829766248421037e-03
1.373798192108133731e-03
1.370916456296152790e-03
1.368181006174762522e-03
1.365587292999107969e-03
1.363132162983677958e-03
1.360811540500977274e-03
1.358622643865599593e-03
1.356561824262911232e-03
1.354626631571726391e-03
1.352813845202179097e-03
1.351121284954229099e-03
1.349546208872316657e-03
1.348086629308385643e-03
1.346740344506856986e-03
1.345505483775169975e-03
1.344380415120386904e-03
1.343363325994407663e-03
1.342453144310038057e-03
1.341648073480430914e-03
1.340947568379313769e-03
1.340349808994534785e-03
1.339854727515012341e-03
1.339460417096847511e-03
1.339167179541853004e-03
1.338972842365783369e-03
1.338877648606250125e-03
