3.738997820183625720e+01
3.737414830966138624e+01
3.734251379136878768e+01
3.729511123174532372e+01
3.723201619233600468e+01
3.715330143270237784e+01
3.705909210353566152e+01
3.694949632562676811e+01
3.682468767329762471e+01
3.668480842430984268e+01
3.653007896925114295e+01
3.636067416677318676e+01
3.617685919826578811e+01
3.597883957992886650e+01
3.576692287008221172e+01
3.554134300159104498e+01
3.530244714244871318e+01
3.505049511802280904e+01
3.478587062499346416e+01
3.450885661189025910e+01
3.421986995285971744e+01
3.391921374624840979e+01
3.360733446870560925e+01
3.328455223447328848e+01
3.295133937259110724e+01
3.260802976353720339e+01
3.225511771326937804e+01
3.189294754850676483e+01
3.152203160137147719e+01
3.114272129961979374e+01
3.075554302498947479e+01
3.036085197991200246e+01
2.995918464145460192e+01
2.955089672142877433e+01
2.913653090605698281e+01
2.871644025201517536e+01
2.829116987956408380e+01
2.786106716310536413e+01
2.742667603230687590e+01
2.698833532250149503e+01
2.654658433402143203e+01
2.610175070560251243e+01
2.565436588635755299e+01
2.520474388472734262e+01
2.475340531982462267e+01
2.430064837992355109e+01
2.384698013979200582e+01
2.339268103681711963e+01
2.293824216785598935e+01
2.248392455848626170e+01
2.203020118624714385e+01
2.157731227984038824e+01
2.112571085477629396e+01
2.067561523531287193e+01
2.022745693281904167e+01
1.978143153451686231e+01
1.933794780367187016e+01
1.889717802647927769e+01
1.845950726583722101e+01
1.802508420166742198e+01
1.759426952587743287e+01
1.716718825268027970e+01
1.674417630078676567e+01
1.632533518950570084e+01
1.591097591463483063e+01
1.550117688386509229e+01
1.509622425470165297e+01
1.469617389949909381e+01
1.430128743652899104e+01
1.391159895132106250e+01
1.352734601523958169e+01
1.314854182612289435e+01
1.277540057203231605e+01
1.240791559082996187e+01
1.204627849978109211e+01
1.169046391097471904e+01
1.134064180992753101e+01
1.099676930184032919e+01
1.065899578408759396e+01
1.032726213732824583e+01
1.000169829768632646e+01
9.682230246703435128e+00
9.368969649157293134e+00
9.061828936629048314e+00
8.760902736449978079e+00
8.466091284968660702e+00
8.177473432430240052e+00
7.894938563360665462e+00
7.618551021889599539e+00
7.348190657218659716e+00
7.083908574971630401e+00
6.825576364260941276e+00
6.573233144567272035e+00
6.326743465624956819e+00
6.086135688342683814e+00
5.851268476807045538e+00
5.622160629292715761e+00
5.398665998843586777e+00
5.180794981843489744e+00
4.968397603107279181e+00
4.761476983382001649e+00
4.559880195648196022e+00
4.363604183539420589e+00
4.172493818996108494e+00
3.986540955531464370e+00
3.805588860576020416e+00
3.629625405411534889e+00
3.458492647082734184e+00
3.292175666536899303e+00
3.130515412623665839e+00
2.973495579017191748e+00
2.820955633012208086e+00
2.672879771508475777e+00
2.529104711103291159e+00
2.389618202575531036e+00
2.254250941266851438e+00
2.123000372403039293e+00
1.995682388581193401e+00
1.872320680434445883e+00
1.752690673323518578e+00
1.636955378635993608e+00
1.525369304441620999e+00
1.424244575156853321e+00
1.344962309185800731e+00
1.288833233980181348e+00
1.249622629940860152e+00
1.222318412382902952e+00
1.202794595402356004e+00
1.188462257267129285e+00
1.177375808349223840e+00
1.168451597292816002e+00
1.160827472047396558e+00
1.154092038735651693e+00
1.147841895105670362e+00
1.141935648223501243e+00
1.136155229189657057e+00
1.130462470309061773e+00
1.124711059351008569e+00
1.118898026121451839e+00
1.112897661649610681e+00
1.106712074190140394e+00
1.100202972210100105e+00
1.093363104723517942e+00
1.086009417462805438e+00
1.078611544659907606e+00
1.071888210129521068e+00
1.065791966210281716e+00
1.060327835332301571e+00
1.055378299550454591e+00
1.050944996199230097e+00
1.046927177068190717e+00
1.043328143984442624e+00
1.040060708896683339e+00
1.037131547399952725e+00
1.034465095098789922e+00
1.032071416693231880e+00
1.029884975513955636e+00
1.027918638947418417e+00
1.026115443627797497e+00
1.024490322839072265e+00
1.022993574460500765e+00
1.021641499833204403e+00
1.020390510301850684e+00
1.019257686999821111e+00
1.018204577538514899e+00
1.017248579159407917e+00
1.016355559839204670e+00
1.015542884240498767e+00
1.014780067972892441e+00
1.014084190894005921e+00
1.013427865458800037e+00
1.012827711035197309e+00
1.012258987284669454e+00
1.011737735940852589e+00
1.011241496751156932e+00
1.010785660246234841e+00
1.010349745805716903e+00
1.009948450914871065e+00
1.009563027728507256e+00
1.009207461477186429e+00
1.008864533260186658e+00
1.008547512649897060e+00
1.008240540435835220e+00
1.007956177891632610e+00
1.007679784107555321e+00
1.007423226504490898e+00
1.007172963632037233e+00
1.006940187942327869e+00
1.006712356939752917e+00
1.006500009543720875e+00
1.006291516703817113e+00
1.006096786469772297e+00
1.005905030060586958e+00
1.005725547630976990e+00
1.005548327698500000e+00
1.005382085191616204e+00
1.005217531447429868e+00
1.005062818129606406e+00
1.004909332019376045e+00
1.004764682525459696e+00
1.004620890466582983e+00
1.004485042925516325e+00
1.004349758382908631e+00
1.004221620400570281e+00
1.004093812990676904e+00
1.003972433899124939e+00
1.003851204113116458e+00
1.003735752248503088e+00
1.003620310696487161e+00
1.003510054743792290e+00
1.003399705065718850e+00
1.003293998727924796e+00
1.003188123512642527e+00
1.003086392942449834e+00
1.002984442159909451e+00
1.002886175749784226e+00
1.002787657348854999e+00
1.002692397627479304e+00
1.002596870101915227e+00
1.002504207654450363e+00
1.002411274559411813e+00
1.002320844108816278e+00
1.002230150763250061e+00
1.002141629872176587e+00
1.002052862881820827e+00
1.001965974239089618e+00
1.001878865139708363e+00
1.001793384181111746e+00
1.001707719592457746e+00
1.001623490306880582e+00
1.001539132579180036e+00
1.001456095388160605e+00
1.001373019216569960e+00
1.001291254014616605e+00
1.001209602878752047e+00
1.001129383020212593e+00
1.001049536599822209e+00
1.000971370303293861e+00
1.000893982697672824e+00
1.000818596811213768e+00
1.000744540971945984e+00
1.000672781002330813e+00
1.000602991754805826e+00
1.000535690691081170e+00
1.000471020265748301e+00
1.000408936952149164e+00
1.000350142531696740e+00
1.000294015425658101e+00
1.000241878775958826e+00
1.000192575001959128e+00
1.000148110928998024e+00
1.000106879365956658e+00
1.000071692600370321e+00
1.000040716423679976e+00
1.000017953643933977e+00
1.000002288853251153e+00
