0.000000000000000000e+00
0.000000000000000000e+00
2.654597873752691410e+23
7.965563890324781348e+23
1.593643957586722667e+24
2.657253897143576395e+24
3.988095158104864225e+24
5.587054485188540054e+24
7.455196903392053371e+24
9.593766081064634532e+24
1.200418499879315503e+25
1.468805641651119351e+25
1.764716371343442157e+25
2.088347144407111514e+25
2.439912633335242440e+25
2.819645790189395103e+25
3.227797959603355757e+25
3.664638945766911327e+25
4.130457136391788967e+25
4.625559571121156418e+25
5.150272073359753212e+25
5.704939316438600594e+25
6.289924959559899943e+25
6.905611707319233902e+25
7.552401445267964448e+25
8.230715287565627044e+25
8.940993706802961339e+25
9.683696563609042309e+25
1.045930322439092213e+26
1.126831256563670893e+26
1.211124307209438058e+26
1.298863280727666197e+26
1.390103948330402400e+26
1.484904038770970483e+26
1.583323241469115986e+26
1.685423193671525796e+26
1.791267478523756852e+26
1.900921605379975244e+26
2.014453001436684103e+26
2.131930983657054277e+26
2.253426742366260322e+26
2.379013303027174539e+26
2.508765499955663626e+26
2.642759925929363636e+26
2.781074893912178352e+26
2.923790372195225670e+26
3.070987931721660627e+26
3.222750664147926694e+26
3.379163112032685620e+26
3.540311166867349377e+26
3.706281979036577835e+26
3.877163832500955485e+26
4.053046031053077733e+26
4.234018745944963154e+26
4.420172874556517558e+26
4.611599856850604810e+26
4.808391502145355467e+26
5.010639769858130028e+26
5.218436559638354919e+26
5.431873451438641614e+26
5.651041453832717121e+26
5.876030698042759896e+26
6.106930138854510900e+26
6.343827196854406767e+26
6.586807405983846747e+26
6.835953997924713441e+26
7.091347490036361443e+26
7.353065205607968976e+26
7.621180795733352939e+26
7.895763689066837163e+26
8.176878541160342811e+26
8.464584607470714428e+26
8.758935113870424811e+26
9.059976547025587939e+26
9.367747940269180679e+26
9.682280076181845530e+26
1.000359468287284632e+27
1.033170354474765745e+27
1.066660760558206406e+27
1.100829598516581509e+27
1.135674498750232120e+27
1.171191702340919259e+27
1.207375952487115049e+27
1.244220377690682319e+27
1.281716374270607181e+27
1.319853481230542073e+27
1.358619254782963341e+27
1.397999136193788545e+27
1.437976319845402537e+27
1.478531616034188596e+27
1.519643314844945996e+27
1.561287046713613183e+27
1.603435645297285038e+27
1.646059009625629760e+27
1.689123970249072827e+27
1.732594158003465982e+27
1.776429879020635090e+27
1.820587996531425781e+27
1.865021821840176911e+27
1.909681017192192103e+27
1.954511511553244455e+27
1.999455434355974532e+27
2.044451066885976326e+27
2.089432818663875177e+27
2.134331227411557921e+27
2.179072991856473666e+27
2.223581035621502954e+27
2.267774612235562068e+27
2.311569450854938183e+27
2.354877951013835632e+27
2.397609430896084151e+27
2.439670430447149558e+27
2.480965086222259944e+27
2.521395561013678926e+27
2.560862574015273458e+27
2.599265970793430091e+27
2.636505446954181859e+27
2.672481256644775956e+27
2.707095195752521686e+27
2.740251385637341745e+27
2.771857673697898689e+27
2.801825725981620402e+27
2.830068495005880903e+27
2.856453577717686856e+27
2.880737464837635890e+27
2.902665411093161431e+27
2.922149546928557201e+27
2.939287472754158150e+27
2.954287036971524506e+27
2.967402011490133126e+27
2.978888953318922207e+27
2.988985469102466742e+27
2.997900965517292430e+27
3.005815299892446517e+27
3.012880572636364407e+27
3.019224575953919789e+27
3.024954297082145293e+27
3.030159366295565982e+27
3.034914959136491471e+27
3.039284355082536428e+27
3.043320992600826893e+27
3.047070223269528298e+27
3.050570713053326249e+27
3.053855616780406903e+27
3.056953538953761082e+27
3.059888706105568189e+27
3.062680664559858860e+27
3.065345827268043259e+27
3.067898869228269789e+27
3.070353023030658040e+27
3.072720270518747899e+27
3.075011475352978223e+27
3.077236530277251160e+27
3.079404464044262567e+27
3.081523556261561910e+27
3.083601422189212828e+27
3.085645103130478566e+27
3.087661133189192733e+27
3.089655610699962102e+27
3.091634250617445968e+27
3.093602441103601126e+27
3.095565284585064536e+27
3.097527642671645887e+27
3.099494168301153669e+27
3.101469341442672976e+27
3.103457494208982277e+27
3.105462839224725818e+27
3.107489489135048435e+27
3.109541479058435530e+27
3.111622781551208715e+27
3.113737324196351746e+27
3.115889000786815365e+27
3.118081684808577700e+27
3.120319237369924105e+27
3.122605517105574670e+27
3.124944385193624391e+27
3.127339712026445140e+27
3.129795379512879946e+27
3.132315284721809024e+27
3.134903339557471139e+27
3.137563471476297908e+27
3.140299620542814188e+27
3.143115737244750689e+27
3.146015776882387871e+27
3.149003694457869770e+27
3.152083436320008536e+27
3.155258932079164223e+27
3.158534083421291771e+27
3.161912752998695423e+27
3.165398750340988432e+27
3.168995817693930849e+27
3.172707612990815210e+27
3.176537692656070042e+27
3.180489491658207981e+27
3.184566303361413184e+27
3.188771256760007941e+27
3.193107293548863905e+27
3.197577142738202532e+27
3.202183295220623950e+27
3.206927976081874182e+27
3.211813117065852973e+27
3.216840327028581857e+27
3.222010862838801544e+27
3.227325598564364711e+27
3.232784995489736438e+27
3.238389070770664822e+27
3.244137367394583227e+27
3.250028923183630370e+27
3.256062241661856091e+27
3.262235262420362631e+27
3.268545333977577528e+27
3.274989186634463282e+27
3.281562908511507494e+27
3.288261922107137716e+27
3.295080964757835215e+27
3.302014070159751907e+27
3.309054554517142584e+27
3.316195004286992804e+27
3.323427269247457899e+27
3.330742457670785375e+27
3.338130937450950950e+27
3.345582339796039600e+27
3.353085569398428501e+27
3.360628817561589168e+27
3.368199582175617791e+27
3.375784690955834043e+27
3.383370331703464242e+27
3.390942086038638843e+27
3.398484970087191855e+27
3.405983478746124318e+27
3.413421636555017740e+27
3.420783052147350755e+27
3.428050978659502490e+27
3.435208377606369849e+27
3.442237987786003668e+27
3.449122397381187054e+27
3.455844119982348851e+27
3.462385673268397462e+27
3.468729660533812055e+27
3.474858853870145824e+27
3.480756279389808872e+27
3.486405302478749563e+27
3.491789714573883624e+27
3.496893817869063124e+27
3.501702510989486511e+27
3.506201370529419888e+27
3.510376732625273094e+27
3.514215768803351608e+27
3.517706560538915407e+27
3.520838167016196568e+27
3.523600690105311045e+27
3.525985331815575219e+27
3.527984447523387162e+27
3.529591591213881070e+27
3.530801555251902205e+27
3.531610402064662051e+27
