2.035739200333147592e-02
2.000953966782637039e-02
2.014878138967512999e-02
2.005925343508574432e-02
2.012560244723443637e-02
2.007279803275979768e-02
2.011669644062313855e-02
2.007911008728718860e-02
2.011198878075776131e-02
2.008275766173445165e-02
2.010908051381993245e-02
2.008513093669694882e-02
2.010710797992565357e-02
2.008679625666454083e-02
2.010568401435602892e-02
2.008802764891876036e-02
2.010460916842105039e-02
2.008897386534674867e-02
2.010377024313847460e-02
2.008972262743297099e-02
2.010309821672329189e-02
2.009032901313290154e-02
2.010254861046179009e-02
2.009082934808936738e-02
2.010209147108515948e-02
2.009124855971772261e-02
2.010170588940085601e-02
2.009160432229789572e-02
2.010137682675883219e-02
2.009190951588396556e-02
2.010109319010366935e-02
2.009217374850524873e-02
2.010084661777988835e-02
2.009240433316750174e-02
2.010063068751677395e-02
2.009260693460629410e-02
2.010044038490432783e-02
2.009278600910469059e-02
2.010027173738332396e-02
2.009294511077391876e-02
2.010012155671314638e-02
2.009308710929114117e-02
2.009998725407802223e-02
2.009321434760963365e-02
2.009986670502350581e-02
2.009332875815633690e-02
2.009975814916969972e-02
2.009343194971763280e-02
2.009966011471486791e-02
2.009352527332741722e-02
2.009957136081086393e-02
2.009360987284847244e-02
2.009949083303474993e-02
2.009368672432182423e-02
2.009941762862449410e-02
2.009375666685697670e-02
2.009935096898335383e-02
2.009382042718349526e-02
2.009929017780137661e-02
2.009387863932965423e-02
2.009923466339885723e-02
2.009393186056424030e-02
2.009918390436282731e-02
2.009398058448008673e-02
2.009913743780095130e-02
2.009402525174674992e-02
2.009909484956584613e-02
2.009406625913751077e-02
2.009905576612591727e-02
2.009410396714383928e-02
2.009901984766110372e-02
2.009413870647053235e-02
2.009898678220278789e-02
2.009417078369246656e-02
2.009895628058261385e-02
2.009420048620258470e-02
2.009892807201330012e-02
2.009422808668132054e-02
2.009890190018670530e-02
2.009425384717028473e-02
2.009887751980726778e-02
2.009427802286661846e-02
2.009885469345190634e-02
2.009430086580132890e-02
2.009883318866051427e-02
2.009432262844873529e-02
2.009881277526848198e-02
2.009434356743838856e-02
2.009879322287588810e-02
2.009436394741132004e-02
2.009877429847611863e-02
2.009438404525859534e-02
2.009875576418085341e-02
2.009440415482716125e-02
2.009873737511502778e-02
2.009442459236848721e-02
2.009871887744957286e-02
2.009444570300100708e-02
2.009870000672125956e-02
2.009446786854407474e-02
2.009868048660945483e-02
2.009449151728986971e-02
2.009866002841598220e-02
2.009451713647775195e-02
2.009863833180047799e-02
2.009454528852899768e-02
2.009861508762422755e-02
2.009457663277719464e-02
2.009858998430535948e-02
2.009461195518652543e-02
2.009856272017390699e-02
2.009465220990763745e-02
2.009853302377356821e-02
2.009469855890122503e-02
2.009850050317923964e-02
2.009475061172694144e-02
2.009844566181623327e-02
2.009459699091076246e-02
2.009585456844797946e-02
2.006241763676863687e-02
1.965844088649365551e-02
1.424751813898816888e-02
-2.282868657134551338e-02
-8.631352694662333680e-02
-1.401666890107287067e-01
-1.793823059971553224e-01
-2.068582307483696481e-01
-2.251364865184150577e-01
-2.373872008252077559e-01
-2.450482163225219945e-01
-2.501272195922167318e-01
-2.529335114339363866e-01
-2.547699643977575090e-01
-2.553159420323053985e-01
-2.555979547989580825e-01
-2.549500341791147706e-01
-2.543448645626781857e-01
-2.528775767511011741e-01
-2.515778435168405935e-01
-2.493101512632316941e-01
-2.472266349310452693e-01
-2.438985122812405149e-01
-2.406502713081861422e-01
-2.361222755397729967e-01
-2.376055429848455414e-01
-2.400498975733054430e-01
-2.429349354094494928e-01
-2.451204942780634555e-01
-2.476650676237731052e-01
-2.495680731759950810e-01
-2.517787481482135492e-01
-2.534096992852442609e-01
-2.553098831498178956e-01
-2.566914328724778649e-01
-2.583133058856245112e-01
-2.594739280638581058e-01
-2.608526144682551395e-01
-2.618221376439792136e-01
-2.629919862833844935e-01
-2.637988710761373645e-01
-2.647913993743593597e-01
-2.654613299283957728e-01
-2.663043158986783121e-01
-2.668596608986996133e-01
-2.675769464230168260e-01
-2.680367367102645115e-01
-2.686484253088604612e-01
-2.690286034508758695e-01
-2.695514453227935703e-01
-2.698652328755803964e-01
-2.703130726192919386e-01
-2.705713655864351308e-01
-2.709555839053181536e-01
-2.711673291597984092e-01
-2.714972448654243142e-01
-2.716697759987642957e-01
-2.719529951434862536e-01
-2.720923208354312228e-01
-2.723350310166811061e-01
-2.724460767291815855e-01
-2.726532901655381314e-01
-2.727400975790797988e-01
-2.729158488599554011e-01
-2.729817387868150869e-01
-2.731292437227603176e-01
-2.731769483370458662e-01
-2.732987299679325854e-01
-2.733304997216379206e-01
-2.734284867685096154e-01
-2.734461766668063176e-01
-2.735217788081934498e-01
-2.735269179849222354e-01
-2.735810814288565096e-01
-2.735749292802651667e-01
-2.736081752469580741e-01
-2.735917667912978191e-01
-2.736042147218199494e-01
-2.735783973650191547e-01
-2.735697739199933198e-01
-2.735352374226169836e-01
-2.735048715972330791e-01
-2.734621727573118277e-01
-2.734089766749022155e-01
-2.733585600659445003e-01
-2.732809941655212072e-01
-2.732232102190903511e-01
-2.731192305507339491e-01
-2.730543523863995792e-01
-2.729213364741790437e-01
-2.728495772415556742e-01
-2.726842233289928918e-01
-2.726057566024471801e-01
-2.724039488603642867e-01
-2.723189361368167916e-01
-2.720755652959744308e-01
-2.719841975153405311e-01
-2.716929219389586092e-01
-2.715954874155118159e-01
-2.712484131631736073e-01
-2.711454148456248214e-01
-2.707326637170857642e-01
-2.706250292514719713e-01
-2.701341493465411747e-01
-2.700236178798166020e-01
-2.694387687797382136e-01
-2.693286178766320926e-01
-2.686294262520658727e-01
-2.685258540342435052e-01
-2.676857727083016281e-01
-2.676005178011077179e-01
-2.665844016348747902e-01
-2.665395615836383403e-01
-2.652999193925064114e-01
-2.653361246132880380e-01
-2.638069318017070009e-01
-2.639949786818902022e-01
-2.620806992202379671e-01
-2.625330514191543951e-01
-2.600883082273688918e-01
-2.609641815445302160e-01
-2.577561492397850151e-01
-2.592661820140468310e-01
-2.549040494550201541e-01
-2.573483831877790839e-01
-2.511378231109507864e-01
-2.550253126519011482e-01
-2.456229010212346575e-01
-2.519408310890072222e-01
-2.363987158847898062e-01
-2.472319883847889921e-01
-2.177407367001564786e-01
-2.376433052748542496e-01
-1.657430136011542599e-01
-1.969441440219939221e-01
1.398897840971170536e-01
3.939589027778518826e+00
