nan
2.363453210344056199e+00
nan
2.731225721655569316e+00
nan
2.927065580736551098e+00
nan
3.061091906312578104e+00
nan
3.162870007335468081e+00
nan
3.244749959091563163e+00
nan
3.313082671270689339e+00
nan
3.371569330097952122e+00
nan
3.422557200176976622e+00
nan
3.467628963772110495e+00
nan
3.507902676540984643e+00
nan
3.544197705934452713e+00
nan
3.577132649482378746e+00
nan
3.607186181047792317e+00
nan
3.634736485095350744e+00
nan
3.660087734054264352e+00
nan
3.683488411269921770e+00
nan
3.705144317683154220e+00
nan
3.725228015542852766e+00
nan
3.743885828031326302e+00
nan
3.761243114782322650e+00
nan
3.777408312610962327e+00
nan
3.792476080883481870e+00
nan
3.806529778971232236e+00
nan
3.819643444253566500e+00
nan
3.831883387302839061e+00
nan
3.843309501625178370e+00
nan
3.853976342620824447e+00
nan
3.863934033752487451e+00
nan
3.873229031648033338e+00
nan
3.881904782451006231e+00
nan
3.890002299492991256e+00
nan
3.897560663623135024e+00
nan
3.904617480719462463e+00
nan
3.911209298892386776e+00
nan
3.917371996022629421e+00
nan
3.923141155597667851e+00
nan
3.928552429934422108e+00
nan
3.933641913474988261e+00
nan
3.938446527621739524e+00
nan
3.943004428548038565e+00
nan
3.947355462044940477e+00
nan
3.951541671999074357e+00
nan
3.955607896095906018e+00
nan
3.959602462421258906e+00
nan
3.963578043903567494e+00
nan
3.967592705577664969e+00
nan
3.971711227505436259e+00
nan
3.976006798317070157e+00
nan
3.980563218429944872e+00
nan
3.985477824254203050e+00
nan
3.990865439582759855e+00
nan
3.996863814292896055e+00
nan
4.003641296654808279e+00
nan
4.011407908545460366e+00
nan
4.020431817474737990e+00
nan
4.031064640997727544e+00
nan
4.043781823893845662e+00
nan
4.059245666498998872e+00
nan
4.077746048984970173e+00
nan
3.953744009419789318e+00
4.102088367574103778e+00
nan
4.859088046170884745e+00
nan
4.963495621701053295e+00
nan
4.934020448760391808e+00
nan
4.848167724175837634e+00
nan
4.731472314166078164e+00
5.894599376384917377e+00
4.594469292032870911e+00
5.155346859526258818e+00
4.442065129641388666e+00
4.777706158912768508e+00
4.276027291442856537e+00
4.480763362371782854e+00
4.094666625943784943e+00
4.216624642562691427e+00
3.888449046929144171e+00
4.125584269249450209e+00
4.476397499921221268e+00
5.023164609965625083e+00
4.485854555855047998e+00
5.143567977479653663e+00
4.460006745476559509e+00
5.270050287179725679e+00
4.438402287099169286e+00
5.416834038222310355e+00
4.417356170274106653e+00
5.619784507920885908e+00
4.395329229440006813e+00
5.997335627548487480e+00
4.371701721981288813e+00
nan
4.346239675995742680e+00
nan
4.318887738450750469e+00
nan
4.289678109232722747e+00
nan
4.258685787207093121e+00
nan
4.226004768786434163e+00
nan
4.191734779577693359e+00
nan
4.155973741586667103e+00
nan
4.118813541376487919e+00
nan
4.080337754756553359e+00
nan
4.040620547355554315e+00
nan
3.999726268539991469e+00
nan
3.957709441432519348e+00
nan
3.914614953436848843e+00
nan
3.870478326451026518e+00
nan
3.825325984267635704e+00
nan
3.779175465541056322e+00
nan
3.732035547392676289e+00
nan
3.683906253258785402e+00
nan
3.634778726752434963e+00
nan
3.584634953283616365e+00
nan
3.533447310469107094e+00
nan
3.481177925536168782e+00
nan
3.427777811596836699e+00
nan
3.373185747344200625e+00
nan
3.317326852759176159e+00
nan
3.260110798329385329e+00
nan
3.201429565477143857e+00
nan
3.141154650065044684e+00
nan
3.079133561354941317e+00
nan
3.015185423753653726e+00
nan
2.949095417584103540e+00
nan
2.880607706199534768e+00
nan
2.809416371097059439e+00
nan
2.735153709844567960e+00
nan
2.657375026997836898e+00
nan
2.575538750377091901e+00
nan
2.488980259338688050e+00
nan
2.396876937148047393e+00
nan
2.298199595466698941e+00
nan
2.191638689536390405e+00
nan
2.075478611134084161e+00
nan
1.947373098658572221e+00
nan
1.803963705403197171e+00
nan
1.640253488297422679e+00
nan
1.448480364014072430e+00
nan
1.215754152154639334e+00
3.013347888212220216e+00
9.182783264601724893e-01
1.868638950448330727e+00
5.035670259666553683e-01
8.629894879349125913e-01
-2.055923487714381159e-01
-1.379866595217190683e+00
