-7.439947608333397078e-01
-7.439328161465388334e-01
-7.437436037576536929e-01
-7.435578477452402524e-01
-7.431795589304045491e-01
-7.428702256751360533e-01
-7.423031322127970899e-01
-7.418706116478248624e-01
-7.411151208353670139e-01
-7.405599584341545638e-01
-7.396166126387990758e-01
-7.389395089752953671e-01
-7.378089850272745442e-01
-7.370107952004042451e-01
-7.356939036214000804e-01
-7.347756365362937414e-01
-7.332733205943052779e-01
-7.322361380907116413e-01
-7.305494726703994912e-01
-7.293946884867769098e-01
-7.275248787622804469e-01
-7.262539573218800282e-01
-7.242023372167846196e-01
-7.228168922197718560e-01
-7.205849226363753024e-01
-7.190867154394151584e-01
-7.166759822367627653e-01
-7.150669199988201052e-01
-7.124791316958961618e-01
-7.107612652657497865e-01
-7.079982504429407353e-01
-7.061737719606034913e-01
-7.032374763286634023e-01
-7.013087165088258690e-01
-6.982011996104603435e-01
-6.961706246717480617e-01
-6.928940561759190375e-01
-6.907642643745613986e-01
-6.873209199181976592e-01
-6.850946376388968861e-01
-6.814868941641256672e-01
-6.791669715139601049e-01
-6.753973020415799944e-01
-6.729867078849128825e-01
-6.690576756559503124e-01
-6.665594920187247752e-01
-6.624737439255420357e-01
-6.598911596862560014e-01
-6.556514189023717742e-01
-6.529877226735339990e-01
-6.485967803764276507e-01
-6.458553524643029231e-01
-6.413160585277617454e-01
-6.385003618387027347e-01
-6.338156143496462835e-01
-6.309291840877058188e-01
-6.261019175161508521e-01
-6.231483494877464446e-01
-6.181815213064746350e-01
-6.151644586124362934e-01
-6.100610341232924894e-01
-6.069841519747699587e-01
-6.017470870496369750e-01
-5.986140753901180167e-01
-5.932462967738810766e-01
-5.900608403218876585e-01
-5.845652230688715978e-01
-5.813309783113385087e-01
-5.757103198317727877e-01
-5.724308883918884927e-01
-5.666878784654370005e-01
-5.633667761346601299e-01
-5.575039620969973742e-01
-5.541445826510473793e-01
-5.481643287676819520e-01
-5.447699014702067632e-01
-5.386743412670806919e-01
-5.352478806880588413e-01
-5.290388606949268935e-01
-5.255831071155980805e-01
-5.192621200741556198e-01
-5.157794682910620265e-01
-5.093475733565783203e-01
-5.058399871008740778e-01
-4.992977138842190632e-01
-4.957666222926873090e-01
-4.891138546958599953e-01
-4.855600262444242921e-01
-4.787958608628088975e-01
-4.752192488143452964e-01
-4.683418211101302298e-01
-4.647413727140993767e-01
-4.577476420625609665e-01
-4.541210613011441022e-01
-4.470065431686010005e-01
-4.433499935250989621e-01
-4.361084231569510306e-01
-4.324161523262838314e-01
-4.250390589715528633e-01
-4.213029211097922833e-01
-4.137790843424002385e-01
-4.099879265664472805e-01
-4.023026757158338351e-01
-3.984415429033454359e-01
-3.905758455003510710e-01
-3.866249391134976010e-01
-3.785542022924306416e-01
-3.744875019386221804e-01
-3.661799782803695225e-01
-3.619633940480683210e-01
-3.533780345936815559e-01
-3.489668952730550777e-01
-3.400504181624565136e-01
-3.353859993354379454e-01
-3.260688292422571632e-01
-3.210734517852599224e-01
-3.112640229966055494e-01
-3.058339110159138396e-01
-2.954107406466205954e-01
-2.894053600790416070e-01
-2.782151260752628308e-01
-2.715450734286083967e-01
-2.605007948384938099e-01
-2.570856756445767388e-01
-2.519958832144559846e-01
-2.548663698141427347e-01
-2.547773009624574314e-01
-2.616415577132925052e-01
-2.644974299603437551e-01
-2.738113308677097013e-01
-2.785740562683028942e-01
-2.897088609419372074e-01
-2.960490980709518105e-01
-3.088964504003117728e-01
-3.168620761555011045e-01
-3.315987883447402140e-01
-3.414689317540464675e-01
-3.584819216582315060e-01
-3.707467445237030423e-01
-3.906605697542360200e-01
-4.060912696654933596e-01
-4.298957667130724469e-01
-4.497045302386876164e-01
-4.739258650565134623e-01
-4.376594121422500150e-01
-3.885490408999590639e-01
-3.371578557341903259e-01
-2.901791007817769441e-01
-2.410497913594837893e-01
-1.964853322970178118e-01
-1.497234107436967998e-01
-1.076521621512499804e-01
-6.331318812780427352e-02
-2.377028440776010956e-02
1.813248566812101017e-02
5.514945319212487262e-02
9.463737496413721084e-02
1.291611463723433550e-01
1.662827013517207408e-01
1.983693227297596839e-01
2.331933358824533620e-01
2.629158875276625396e-01
2.955257028642769290e-01
3.229689922176708361e-01
3.534576648661977849e-01
3.787138981642529378e-01
4.071803433360226543e-01
4.303456911216191338e-01
4.568916738459493088e-01
4.780636055080377256e-01
5.027914376023761012e-01
5.220666929387243194e-01
5.450775078101522952e-01
5.625505828173321676e-01
5.839430728753557398e-01
5.997051129297186201e-01
6.195746319327981588e-01
6.337126430002535393e-01
6.521505930352818892e-01
6.647468979617424667e-01
6.818403363552847374e-01
6.929722175794168493e-01
7.088036323075408429e-01
7.185431142378897462e-01
7.331903273290168999e-01
7.416040612563084000e-01
7.551402285010835325e-01
7.622894505472331828e-01
7.747831328590767397e-01
7.807236714083297668e-01
7.922389587383713572e-01
7.970212723421085110e-01
8.076179454335907781e-01
8.112871755759248904e-01
8.210208942913956864e-01
8.236169198417788717e-01
8.325394295154202595e-01
8.340969113210657815e-01
8.422562607417281022e-01
8.428046657202791225e-01
8.502454320712414804e-01
8.498090263992821303e-01
8.565725438740035003e-01
8.551703444250227104e-01
8.612949343930478285e-01
8.589406064013564990e-01
8.644618079882463446e-01
8.611634948760629182e-01
8.661142957143734833e-01
8.618743639050463479e-01
8.662854316748318517e-01
8.611001086888938616e-01
8.650000249689887566e-01
8.588589026501123325e-01
8.622744016321909344e-01
8.551597671968261816e-01
8.581159830909852460e-01
8.500019276505094146e-01
8.525226563023513560e-01
8.433738917311365269e-01
8.454818743344559850e-01
8.352521619650207230e-01
8.369694022013706158e-01
8.255994561906311313e-01
8.269475873334881655e-01
8.143622540770606433e-01
8.153629807137179331e-01
8.014674006182984645e-01
8.021430526776558434e-01
7.868173598032870419e-01
7.871916181495497433e-01
7.702834870235540921e-01
7.703823766775049764e-01
7.516963101110116785e-01
7.515496220366686408e-01
7.308311458714493725e-01
7.304745675666368676e-01
7.073861680609176972e-01
7.068646372675064793e-01
6.809477264042251843e-01
6.803210236699799296e-01
6.509330338889477430e-01
6.502857941436984701e-01
6.164901566698256508e-01
6.159513859087430987e-01
5.763109221121900383e-01
5.760962080938264451e-01
5.282472007057663621e-01
5.287633866464725996e-01
4.684175479412838738e-01
4.705777313032049047e-01
3.886947353567947738e-01
3.951955543166323359e-01
2.668545646560305240e-01
2.912383316270461542e-01
-5.477613844949507510e-02
