9.328808832020404895e-03
9.328486535592815307e-03
9.328543833724674272e-03
9.327576589471094082e-03
9.327690559041951213e-03
9.326077301160582908e-03
9.326246686633170302e-03
9.323985635820932275e-03
9.324208548505198355e-03
9.321297207503152771e-03
9.321571119079188200e-03
9.318006266425784417e-03
9.318328000281636547e-03
9.314105682265084313e-03
9.314471402627241825e-03
9.309586923424470473e-03
9.309992122252950392e-03
9.304440032241371658e-03
9.304879513857338899e-03
9.298653596083332473e-03
9.299121459491551181e-03
9.292214714278638002e-03
9.292704333142757026e-03
9.285108960820864094e-03
9.285612961045878674e-03
9.277320342783886703e-03
9.277830577656001956e-03
9.268831254378937998e-03
9.269338777210978098e-03
9.259622426586233690e-03
9.260117460813810722e-03
9.249672872291586634e-03
9.250144778965308998e-03
9.238959826864007532e-03
9.239397069481880206e-03
9.227458684113176712e-03
9.227848790740518503e-03
9.215142927577243265e-03
9.215472450203477522e-03
9.201984057102079867e-03
9.202238528190711392e-03
9.187951510693629503e-03
9.188115396888962838e-03
9.173012581646104030e-03
9.173069234612784770e-03
9.157132330982267754e-03
9.157063935368938562e-03
9.140273495280027902e-03
9.140061013818352384e-03
9.122396390010157480e-03
9.122019505787570121e-03
9.103458808572405248e-03
9.102895864549339841e-03
9.083415917294656097e-03
9.082643853179524912e-03
9.062220146755851566e-03
9.061214433403632154e-03
9.039821079912344071e-03
9.038555651477545722e-03
9.016165337651805417e-03
9.014612521808769777e-03
8.991196462579271673e-03
8.989326909223337853e-03
8.964854802058757482e-03
8.962637411026824416e-03
8.937077391804706603e-03
8.934479240309250309e-03
8.907797841650522130e-03
8.904784112313140348e-03
8.876946225530958634e-03
8.873480136140565397e-03
8.844448978222244073e-03
8.840491714640255627e-03
8.810228802012036453e-03
8.805739456017610753e-03
8.774204587250139867e-03
8.769140101582884386e-03
8.736291351705546826e-03
8.730606475145041498e-03
8.696400204872126172e-03
8.690047460928237641e-03
8.654438344898606611e-03
8.647368018614700821e-03
8.610309097752327084e-03
8.602469246304929318e-03
8.563912010684394255e-03
8.555248504969857268e-03
8.515143015196846576e-03
8.505599621530961219e-03
8.463894678733383317e-03
8.453413192286216363e-03
8.410056569499379034e-03
8.398577014326863432e-03
8.353515765543807758e-03
8.340976680303056889e-03
8.294157548009087680e-03
8.280496381990670035e-03
8.231866329977207894e-03
8.217019981413309013e-03
8.166526887558261602e-03
8.150432425901858041e-03
8.098025980106112603e-03
8.080621607011079927e-03
8.026254473543022530e-03
8.007480794846167163e-03
7.951110117316922618e-03
7.930911822204324280e-03
7.872501175168895513e-03
7.850829251441988899e-03
7.790351177916667556e-03
7.767165837583550614e-03
7.704605160484656601e-03
7.679879713334899528e-03
7.615237876649140827e-03
7.588963879527568616e-03
7.522264670166612169e-03
7.494458809812401881e-03
7.425755945527885184e-03
7.396469303109787403e-03
7.325856540829472734e-03
7.295186822284184698e-03
7.222806577909465960e-03
7.190854759757361186e-03
7.116549288917326486e-03
7.082490667151383930e-03
7.004809137126965027e-03
6.966942222502764751e-03
6.884332838075642690e-03
6.841201849889195358e-03
6.752395667093304653e-03
6.702709920863073566e-03
6.606512481808442250e-03
6.548929770895950582e-03
6.444022731558239972e-03
6.376966573570269810e-03
6.261736594474490852e-03
6.183214920965154210e-03
6.055556373630272687e-03
5.962920587860416621e-03
5.819937134480364198e-03
5.709496328417638239e-03
5.546960211658282132e-03
5.413316595804218943e-03
5.224948841185740080e-03
5.071757994171387229e-03
4.893817102710606472e-03
4.765419809238520717e-03
4.612727059385036445e-03
4.505873565231677084e-03
4.373410631340409090e-03
4.283818836175495165e-03
4.167611305822325682e-03
4.091912371753091485e-03
3.988808776830055081e-03
3.924347239997898196e-03
3.831848625578603788e-03
3.776525596635397965e-03
3.692645975593446782e-03
3.644796645835046527e-03
3.567951740968621291e-03
3.526249816583556379e-03
3.455169641939538541e-03
3.418553087030679494e-03
3.352213816347489762e-03
3.319827346188382669e-03
3.257398440890565267e-03
3.228549065953482088e-03
3.169352313156645427e-03
3.143474978291064311e-03
3.086952747305283639e-03
3.063583742221921875e-03
3.009274342606359232e-03
2.988030679528064053e-03
2.935549178368501363e-03
2.916112548658411890e-03
2.865135783846133391e-03
2.847240031559021035e-03
2.797494854215648065e-03
2.780916156543370744e-03
2.732170164199665928e-03
2.716719301640741716e-03
2.668773498336630794e-03
2.654289744096223654e-03
2.606972696229943858e-03
2.593318965529729792e-03
2.546482122819360670e-03
2.533541106949477317e-03
2.487055033978317290e-03
2.474726107640469030e-03
2.428477429082508739e-03
2.416674167890830744e-03
2.370563074175691207e-03
2.359211255912640418e-03
2.313149449205093282e-03
2.302185440445366806e-03
2.256094425938917972e-03
2.245463877110349688e-03
2.199273523675351633e-03
2.188930312137178907e-03
2.142577620735406328e-03
2.132482994236217875e-03
2.085911023253859530e-03
2.076032906096640217e-03
2.029189810607040945e-03
2.019502242690079247e-03
1.972340390160329335e-03
1.962823075309376181e-03
1.915298203746740790e-03
1.905936148816076434e-03
1.858006534985602413e-03
1.848789765411494373e-03
1.800415370556043186e-03
1.791338711666939313e-03
1.742480269963939902e-03
1.733543186630358236e-03
1.684161197044655106e-03
1.675367687426397145e-03
1.625421261991611289e-03
1.616779804474975180e-03
1.566225314249215274e-03
1.557748870495876412e-03
1.506538312720000911e-03
1.498244394538068153e-03
1.446323378039990597e-03
1.438234192245235179e-03
1.385539398289776679e-03
1.377682092995645771e-03
1.324138007987436328e-03
1.316545057783821476e-03
1.262059679638908357e-03
1.254769469315920741e-03
1.199228538496468002e-03
1.192286241639636769e-03
1.135545300282187094e-03
1.129004212316008383e-03
1.070877374439595459e-03
1.064800973983362790e-03
1.005044546763522988e-03
9.995097770425192922e-04
9.377974977964267803e-04
9.329002029332106706e-04
8.687841672961745757e-04
8.646485914876216646e-04
7.974943277454888887e-04
7.942909253392247456e-04
7.231622986423979875e-04
7.211443954165811573e-04
6.445817232154500654e-04
6.441711634697313725e-04
5.597115825185150408e-04
5.617381285305783189e-04
4.646871075191982749e-04
4.712705658575847261e-04
3.504590980657186993e-04
3.705331578446606662e-04
1.670000398577205789e-04
