3.125533096740890748e+00
3.124695448833552103e+00
3.123020344212671162e+00
3.120507758744596849e+00
3.117158265613563906e+00
3.112971815616183857e+00
3.107949362733013476e+00
3.102090830811112809e+00
3.095397552628712745e+00
3.087869422244279960e+00
3.079508148417565927e+00
3.070313591597048752e+00
3.060287832872116809e+00
3.049430694246130447e+00
3.037744624626657508e+00
3.025229401683667607e+00
3.011887836742223268e+00
2.997719656149409051e+00
2.982728027321921882e+00
2.966912617136371555e+00
2.950276941807614239e+00
2.932820599369849290e+00
2.914547446525313390e+00
2.895457001793394269e+00
2.875553452978311775e+00
2.854836227025143724e+00
2.833309832314370613e+00
2.810973590672232181e+00
2.787832319314394347e+00
2.763885219808656757e+00
2.739137405164419281e+00
2.713587939832852847e+00
2.687242218178968134e+00
2.660099148822700599e+00
2.632164391540933845e+00
2.603436678397254678e+00
2.573921917008311411e+00
2.543618639973837414e+00
2.512532983410990184e+00
2.480663255173785942e+00
2.448015798617034999e+00
2.414588668978117525e+00
2.380388393485994403e+00
2.345412744061099897e+00
2.309668406141992314e+00
2.273152834532469413e+00
2.235872844687637251e+00
2.197825537091531167e+00
2.159017826235329451e+00
2.119446417333017862e+00
2.079118289848143952e+00
2.038029708637017379e+00
1.996187680649477381e+00
1.953587980714351469e+00
1.910237601968494570e+00
1.866131774451333047e+00
1.821277431922023515e+00
1.775669199189136904e+00
1.729313900277615890e+00
1.682205487963431834e+00
1.634350620773075802e+00
1.585742505494379007e+00
1.536387573258579886e+00
1.486278202825215722e+00
1.435420529042531035e+00
1.383806011418439175e+00
1.331440411616811703e+00
1.278314168182227650e+00
1.224432583453009205e+00
1.169784961249550115e+00
1.114376047724120244e+00
1.058193884284224895e+00
1.001242551519649027e+00
9.435086845318406690e-01
8.849955742598707431e-01
8.256882866242455377e-01
7.655891814123587658e-01
7.046815700962940632e-01
6.429667190537702304e-01
5.804259734307729568e-01
5.170593190124550542e-01
4.528458908796657578e-01
3.877841768877456907e-01
3.218508198684742472e-01
2.550425556493934875e-01
1.873332058718261972e-01
1.187174550715722476e-01
4.916591742976224311e-02
-2.132912901141657477e-02
-9.280073466895476242e-02
-1.652594530437652975e-01
-2.387425446236104143e-01
-3.132639074510290556e-01
-3.888656685771239019e-01
-4.655656952762503575e-01
-5.434117783164962301e-01
-6.224265219684363970e-01
-7.026643574314869189e-01
-7.841535785826798666e-01
-8.669564644349874172e-01
-9.511081918115851241e-01
-1.036680392377576254e+00
-1.123716634794831970e+00
-1.212299791346049815e+00
-1.302483746294698541e+00
-1.394364988299704233e+00
-1.488010183705331446e+00
-1.583532413156836682e+00
-1.681014284718150176e+00
-1.780589117217155515e+00
-1.882359441737805117e+00
-1.986483001122435255e+00
-2.093086980097393912e+00
-2.202357444239726014e+00
-2.314450796361698703e+00
-2.429582011804630071e+00
-2.547937042620876724e+00
-2.669747276145696180e+00
-2.795208056809499464e+00
-2.924510216224091685e+00
-3.057717654300088572e+00
-3.194362693905210104e+00
-3.329614931836736513e+00
-3.451954590219118657e+00
-3.555962521172216562e+00
-3.640104118722971460e+00
-3.705310004913970445e+00
-3.748046188604591489e+00
-3.770706925827300271e+00
-3.767554997544249495e+00
-3.746233502840403240e+00
-3.700351361719315335e+00
-3.643812266242953513e+00
-3.568196871091092071e+00
-3.490525215680366777e+00
-3.398832524393268884e+00
-3.310901631232687770e+00
-3.211667275751012518e+00
-3.119111561224321427e+00
-3.016076357660038898e+00
-2.920761517127504092e+00
-2.814556329872850426e+00
-2.715945279514416111e+00
-2.610089081572651182e+00
-2.568698633029501188e+00
-2.539161961131489509e+00
-2.517514625302802678e+00
-2.490528799574348362e+00
-2.471324533846761540e+00
-2.446446210912880392e+00
-2.429392700815820927e+00
-2.406339644019722890e+00
-2.391163674631880287e+00
-2.369671848432783889e+00
-2.356125269513791753e+00
-2.335955343472234436e+00
-2.323817433920952524e+00
-2.304756577923382288e+00
-2.293833815834811052e+00
-2.275694919733561417e+00
-2.265819221900745362e+00
-2.248438802857907426e+00
-2.239465008911943666e+00
-2.222700556668733896e+00
-2.214503660200409119e+00
-2.198230857133212979e+00
-2.190703281205223618e+00
-2.174813337133331803e+00
-2.167862412866569777e+00
-2.152259632380766785e+00
-2.145805351355128288e+00
-2.130404978343497735e+00
-2.124378037244441408e+00
-2.109104379520985617e+00
-2.103444506578957096e+00
-2.088229321647234293e+00
-2.082883860032328283e+00
-2.067664972960338243e+00
-2.062587690784696726e+00
-2.047307811957299606e+00
-2.042457907913602710e+00
-2.027063618887734897e+00
-2.022404894531158792e+00
-2.006845772574024522e+00
-2.002345945323704690e+00
-1.986573800155049474e+00
-1.982203934624211517e+00
-1.966172133932504451e+00
-1.961906172616373567e+00
-1.945569035640789757e+00
-1.941383413145445269e+00
-1.924695654052640759e+00
-1.920568981809399167e+00
-1.903485186399390017e+00
-1.899397997363044377e+00
-1.881872118100858859e+00
-1.877806662984002672e+00
-1.859791518421797907e+00
-1.855731606991935179e+00
-1.837178372328015064e+00
-1.833109255027474127e+00
-1.813966931189849641e+00
-1.809875218058781821e+00
-1.790090067453965927e+00
-1.785963683093180210e+00
-1.765478621633329581e+00
-1.761306797036487737e+00
-1.740060735175052997e+00
-1.735834039834785125e+00
-1.713761171909697900e+00
-1.709471593271652878e+00
-1.686500647856500779e+00
-1.682141730483950548e+00
-1.658195220946809822e+00
-1.653762286130980197e+00
-1.628755852135932880e+00
-1.624246331847792213e+00
-1.598088361635184640e+00
-1.593502302335173093e+00
-1.566094214175743904e+00
-1.561435041238280697e+00
-1.532672958196290791e+00
-1.527948648354143346e+00
-1.497727857928851325e+00
-1.492952753653909781e+00
-1.461177509000412655e+00
-1.456375122565465308e+00
-1.422978211539841276e+00
-1.418185451754216508e+00
-1.383164228749955260e+00
-1.378437300796340637e+00
-1.341912898495008832e+00
-1.337333965328528773e+00
-1.299628532945933168e+00
-1.295308695061863524e+00
-1.256991148025415228e+00
-1.253059152589622860e+00
-1.214828942300628434e+00
-1.211395053520793796e+00
-1.173672516824382450e+00
-1.170783646792883159e+00
-1.133163224749797582e+00
-1.130803477536124202e+00
-1.091826850083453815e+00
-1.089989243456992662e+00
-1.047317757895237067e+00
-1.046106116050602219e+00
-9.965414926766132941e-01
-9.962958762256732825e-01
-9.349771893742948592e-01
-9.365794736450416824e-01
-8.541431045013339052e-01
-8.602780958871594219e-01
-7.316482802052339807e-01
-7.558534947181730912e-01
-4.097522005987604965e-01
