1.724693091561806497e-08
1.726210573729821399e-08
1.728859313438025784e-08
1.733426429872886637e-08
1.738749326195481591e-08
1.746410320152548637e-08
1.754458608916194016e-08
1.765288002616446801e-08
1.776139551613603856e-08
1.790243339978545874e-08
1.804003891350168093e-08
1.821521250888554889e-08
1.838326120992088708e-08
1.859431672861379963e-08
1.879447948473851942e-08
1.904354627895896470e-08
1.927783909498938881e-08
1.956746508485824396e-08
1.983828264862863079e-08
2.017147732083988318e-08
2.048163345978349605e-08
2.086191947155952639e-08
2.121469549834619358e-08
2.164617014972039100e-08
2.204537228858050142e-08
2.253278039721113755e-08
2.298280773591295087e-08
2.353162777187957059e-08
2.403755248750959380e-08
2.465409821348134841e-08
2.522176018521234540e-08
2.591330051545088681e-08
2.654941887930664552e-08
2.732431923860656352e-08
2.803662397657600275e-08
2.890451313159069105e-08
2.970190044374901835e-08
3.067386762489569267e-08
3.156658363817519952e-08
3.265541180876071536e-08
3.365527016736743636e-08
3.487571257711518655e-08
3.599635268510573804e-08
3.736546142987769978e-08
3.862265563788605382e-08
4.016017291662676787e-08
4.157219284040452231e-08
4.330101805678441136e-08
4.488907258788014880e-08
4.683582152114747222e-08
4.862458207102272604e-08
5.082025821079580619e-08
5.283849049214900935e-08
5.531929352150093196e-08
5.760061993980909635e-08
6.040892255493857542e-08
6.299274535713456949e-08
6.617827752236493834e-08
6.911090062198004904e-08
7.273219048994509214e-08
7.606818788466023527e-08
8.019432165881900671e-08
8.399821327621148895e-08
8.871099317627926307e-08
9.305930578349284447e-08
9.845590724594318800e-08
1.034397200117608889e-07
1.096359780203116675e-07
1.153640811912799606e-07
1.224985735006951281e-07
1.291014068540030783e-07
1.373405520535627388e-07
1.449751406750122465e-07
1.545195959779103603e-07
1.633757691434371176e-07
1.744685027138958773e-07
1.847767738313493758e-07
1.977133081480934378e-07
2.097549191822375887e-07
2.248964078955596484e-07
2.390162138843692127e-07
2.568062428543111915e-07
2.734293504134120640e-07
2.944156702203819601e-07
3.140690768114398180e-07
3.389319173278577578e-07
3.622728674824020964e-07
3.918621120662286074e-07
4.197155557112353793e-07
4.550999485910951813e-07
4.885084505030760686e-07
5.310413062878985532e-07
5.713321610410483006e-07
6.227399408073669474e-07
6.716163229346435505e-07
7.341192519587402294e-07
7.937853384256121314e-07
8.702634675779397802e-07
9.435981920520881439e-07
1.037822761197006015e-06
1.128624153785376924e-06
1.245584143866842250e-06
1.358917677851768165e-06
1.505287304601576685e-06
1.647990055235924685e-06
1.832808572777576054e-06
2.014231100184847018e-06
2.249908573145436318e-06
2.483026933684168376e-06
2.786861208528947349e-06
3.089978456533052918e-06
3.486493092626541722e-06
3.885903933377820854e-06
4.410540340222432297e-06
4.944815899312385582e-06
5.649928089716728402e-06
6.377019275158907438e-06
7.341920118723972916e-06
8.351370653722776970e-06
9.699802438198587323e-06
1.113534411299115969e-05
1.307614863345645564e-05
1.528784249039224333e-05
1.865218607092352466e-05
2.297633952306190884e-05
2.937632601937882268e-05
3.735675432570973034e-05
4.869842251398426259e-05
6.249413515384269545e-05
8.169973724556471866e-05
1.046364828042451432e-04
1.362357662436247153e-04
1.734434635974163282e-04
2.244578044953803974e-04
2.838811742227622358e-04
3.652846894762371791e-04
4.594254632033422324e-04
5.887433475105324733e-04
7.379050931583605458e-04
9.442160115930085633e-04
1.183095397796860449e-03
1.517638404190949130e-03
1.910089176513245874e-03
2.442497800911766232e-03
2.689233482653365700e-03
2.880361162468817165e-03
3.029020574894706382e-03
3.224578099449822155e-03
3.371432049243498763e-03
3.571229897390087137e-03
3.715047496489560803e-03
3.918360273041866966e-03
4.058308052542872885e-03
4.264801206024577095e-03
4.400391944896568999e-03
4.610058841354902626e-03
4.741085293871738493e-03
4.954185651121168106e-03
5.080655468713248663e-03
5.297661411444816969e-03
5.419740507903135496e-03
5.641293155421615163e-03
5.759259968884804931e-03
5.986137101809973528e-03
6.100347625021343596e-03
6.333441605664890187e-03
6.444303862313867197e-03
6.684608410103009581e-03
6.792564666984435631e-03
7.041169015259434241e-03
7.146684057600084794e-03
7.404773197982921634e-03
7.508327220578529804e-03
7.777187228417027122e-03
7.879272175983333473e-03
8.160299916473986309e-03
8.261418379862751904e-03
8.556135185334380958e-03
8.656801194248435471e-03
8.966870366637215428e-03
9.067611610139610437e-03
9.394859842317122497e-03
9.496220997377373060e-03
9.842664029471006465e-03
9.945210993808739630e-03
1.031308404227047892e-02
1.041740895467424891e-02
1.080920268404358953e-02
1.091592968261124313e-02
1.133443275060384316e-02
1.144422447155111003e-02
1.189257398019561048e-02
1.200613884260178302e-02
1.248788039904819534e-02
1.260598075237963529e-02
1.312514030096283667e-02
1.324860154259115304e-02
1.380977170753247378e-02
1.393949249820252215e-02
1.454793691504245416e-02
1.468490063610205371e-02
1.534668069244593883e-02
1.549196829222698919e-02
1.621409790603412990e-02
1.636890226814270363e-02
1.715953786742017984e-02
1.732517978091719507e-02
1.819385457578026957e-02
1.837180027059937340e-02
1.932971425844612345e-02
1.952159422701745320e-02
2.058197407389764089e-02
2.078960243592766280e-02
2.196814810399773041e-02
2.219354088272819728e-02
2.350897767091362014e-02
2.375436668856534955e-02
2.522911984398170868e-02
2.549695582053279272e-02
2.715795454588672275e-02
2.745088714197125440e-02
2.933047331404364105e-02
2.965128498751881322e-02
3.178812277848248186e-02
3.213957345843491964e-02
3.457927594047307401e-02
3.496378092818586830e-02
3.775859393049751239e-02
3.817760400197849763e-02
4.138380069100271869e-02
4.183669654414706729e-02
4.550742244709687218e-02
4.598977048495685865e-02
5.016110451785169011e-02
5.066254338457545220e-02
5.533563711064119067e-02
5.583891345960541319e-02
6.097720426217020234e-02
6.146125671467805168e-02
6.703849782520325540e-02
6.748592022209005947e-02
7.359255268626564706e-02
7.399351136572390741e-02
8.094136390016154481e-02
8.128457535323806160e-02
8.967675319227634556e-02
8.992729464204120282e-02
1.007990430290283818e-01
1.008560672667346975e-01
1.161504760895925997e-01
1.157227392389307830e-01
1.399121371495948563e-01
1.379495787794055295e-01
1.855028498676454807e-01
1.754467416285090953e-01
3.892667054021416440e-01
