-2.608224931694142867e-04
8.702984233573757484e-05
-5.221187951305434428e-05
3.731607507632453120e-05
-2.903293707232605867e-05
2.377147740227431177e-05
-2.012693046104161283e-05
1.745942287491248894e-05
-1.541927059567319729e-05
1.381184842764351132e-05
-1.251100365782265044e-05
1.143857346514082499e-05
-1.053846976357125309e-05
9.773253497522673818e-06
-9.114504193935225176e-06
8.541861243301799984e-06
-8.039658258952907263e-06
7.595644815338964165e-06
-7.200732976405948714e-06
6.846882729090653665e-06
-6.528706561210974982e-06
6.240497029170027390e-06
-5.979100299689004112e-06
5.740162072738054710e-06
-5.521960923072707239e-06
5.320950444348618201e-06
-5.136379238794749767e-06
4.965187864215577866e-06
-4.807316596718417952e-06
4.659994278106368764e-06
-4.523679941599203353e-06
4.395761656858383342e-06
-4.277107617781025457e-06
4.165176994600185239e-06
-4.061177354694133320e-06
3.962575555794488449e-06
-3.870874742235572285e-06
3.783501057373526059e-06
-3.702227221216557800e-06
3.624399388164820203e-06
-3.552046551057917601e-06
3.482400870937124517e-06
-3.417743915941519543e-06
3.355162552432255499e-06
-3.297194861418528142e-06
3.240752005740653046e-06
-3.188639007634982479e-06
3.137560444440342692e-06
-3.090604552781302869e-06
3.044236834682360853e-06
-3.001850648794636467e-06
2.959637313632320410e-06
-2.921322872685330809e-06
2.882785840266709121e-06
-2.848118462412964715e-06
2.812843305094932334e-06
-2.781458821240566235e-06
2.749082978594994853e-06
-2.720667639295049615e-06
2.690870832445810812e-06
-2.665153236784751142e-06
2.637649597841391475e-06
-2.614394200751150977e-06
2.588925681986495849e-06
-2.567927638877935781e-06
2.544258415353254628e-06
-2.525339403785607903e-06
2.503251024595203310e-06
-2.486255963804975906e-06
2.465543018272689475e-06
-2.450337499013815362e-06
2.430803691544407164e-06
-2.417272040675581125e-06
2.398726469613099589e-06
-2.386770420549062869e-06
2.369023959511341384e-06
-2.358561851210767164e-06
2.341423480754608718e-06
-2.332390024628363475e-06
2.315662991819408895e-06
-2.308009645189808134e-06
2.291487295470012410e-06
-2.285183289806791257e-06
2.268644360753244540e-06
-2.263678498423517489e-06
2.246881713354634146e-06
-2.243265106416405239e-06
2.225942723707670845e-06
-2.223712713778318504e-06
2.205562750759241669e-06
-2.204788314011413567e-06
2.185464903467425319e-06
-2.186254018775744533e-06
2.165355334945301498e-06
-2.167864952948816186e-06
2.144917793618678006e-06
-2.149367287472859254e-06
2.123807161080276206e-06
-2.130496559170479024e-06
2.101641618010266368e-06
-2.110976447351540269e-06
2.077992872193718371e-06
-2.090518253888356479e-06
2.052373684345563473e-06
-2.068821638383934550e-06
2.024221633092586681e-06
-2.045577462201181054e-06
1.992877384714095496e-06
-2.020474144094380842e-06
1.957554969819561262e-06
-1.993210053863458795e-06
1.917299929498973878e-06
-1.963516251400646692e-06
1.870928674277987947e-06
-1.931197369779750070e-06
1.816937570598784785e-06
-1.896205197226400106e-06
1.753361503178809315e-06
-1.858775270371129782e-06
1.677542257313673777e-06
-1.819867413222951131e-06
1.585051778955244225e-06
-1.804790690767308054e-06
1.469932240008319300e-06
-1.938932640661696639e-06
1.372599042994328497e-06
-2.249996571574517043e-06
1.242743991136181081e-06
-2.763387944804309430e-06
9.952154153064663984e-07
-3.548128575073028177e-06
5.231497860387999197e-07
-4.728070400143184018e-06
-3.254465391940532740e-07
-6.502780568625174314e-06
-1.782835891151186030e-06
-9.191227382726827744e-06
-4.219018853012876024e-06
-1.332502639116410588e-05
-8.241210199147902345e-06
-1.988215875086843880e-05
-1.481190462279275724e-05
-3.111669363407554956e-05
-1.768419301865254984e-05
-7.933658924353690915e-06
-2.275837024179542960e-06
-7.936875584060632026e-06
-1.761225239841347387e-06
-8.587624401940289212e-06
-1.340112394652711680e-06
-9.175560156339535451e-06
-9.704899647715587964e-07
-9.766254772265065234e-06
-6.160673330221568967e-07
-1.039525166551954092e-05
-2.610712957214380587e-07
-1.108439289202355616e-05
1.023605903690132461e-07
-1.185011035479218875e-05
4.790317336053402570e-07
-1.270682257521238873e-05
8.725672485515047472e-07
-1.366854783738784228e-05
1.286195112658497303e-06
-1.474982399269571602e-05
1.723090237841280236e-06
-1.596633859135824479e-05
2.186535156329478659e-06
-1.733543765708649116e-05
2.680002317947045519e-06
-1.887659383464204008e-05
3.207204358449754066e-06
-2.061187967205055423e-05
3.772133521698183639e-06
-2.256647721780991311e-05
4.379100739505585031e-06
-2.476924980545534637e-05
5.032779650571053512e-06
-2.725340068633734863e-05
5.738259009627209724e-06
-3.005724546180175356e-05
6.501106003690935963e-06
-3.322512896774655145e-05
7.327443148322222091e-06
-3.680852412131498336e-05
8.224041807894051837e-06
-4.086735883630824250e-05
9.198436290079472046e-06
-4.547162944452652226e-05
1.025906323868965974e-05
-5.070337515017470440e-05
1.141543286429254972e-05
-5.665911011578277166e-05
1.267833997153708714e-05
-6.345283874398184891e-05
1.406012550123034334e-05
-7.121981982424613875e-05
1.557500226121093874e-05
-8.012129930893251151e-05
1.723946282335126392e-05
-9.035050646240426931e-05
1.907279336040031730e-05
-1.021403119151743341e-04
2.109772431876979958e-05
-1.157730929536627293e-04
2.334126000095476219e-05
-1.315935599488321191e-04
2.583574241495666584e-05
-1.500255979849012618e-04
2.862022489930063975e-05
-1.715946175534495508e-04
3.174225766571602935e-05
-1.969575591885936144e-04
3.526022560290097569e-05
-2.269436782572933865e-04
3.924642994766825766e-05
-2.626107394396510379e-04
4.379118110029602928e-05
-3.053235992105859118e-04
4.900826974305053709e-05
-3.568658948726407165e-04
5.504232605391746650e-05
-4.196016577548915380e-04
6.207876304501918935e-05
-4.967138532110127727e-04
7.035723495927897943e-05
-5.925643370845191113e-04
8.018978471382186334e-05
-7.132506674638767205e-04
9.198496656285120611e-05
-8.674918896063284549e-04
1.062787451876250002e-04
-1.068083293611463321e-03
1.237705213397975203e-04
-1.334374706271924341e-03
1.453541009821836521e-04
-1.696675765148387711e-03
1.721060935526570984e-04
-2.204488083786520364e-03
2.051064408293863520e-04
-2.942837267283300324e-03
2.446725613352910525e-04
-4.067126932770319218e-03
2.875399350881178984e-04
-5.884608042208028245e-03
3.163433158248100605e-04
-9.068466716282023998e-03
2.562732818160677736e-04
-1.531634167582293475e-02
-2.399812751195478354e-04
-2.989002477709300915e-02
-3.259892849038339546e-03
-7.573855473631227464e-02
-3.128879543959530579e-02
-3.709469783904622009e-01
-4.111017420722067328e+00
