-1.741839606936631535e+00
-1.742646375535229719e+00
-1.744259854903002172e+00
-1.746679815610130637e+00
-1.749906084662939287e+00
-1.753938203879164659e+00
-1.758775886587561788e+00
-1.764418447214778585e+00
-1.770865487899527135e+00
-1.778116097735705559e+00
-1.786169771174800580e+00
-1.795025374753074221e+00
-1.804682299773919363e+00
-1.815139193734204737e+00
-1.826395350391547323e+00
-1.838449202498364521e+00
-1.851299952965660189e+00
-1.864945824913734507e+00
-1.879385938243745890e+00
-1.894618312421603834e+00
-1.910641993361143820e+00
-1.927454803773222203e+00
-1.945055725848595429e+00
-1.963442393428365129e+00
-1.982613736551224415e+00
-2.002567209132781301e+00
-2.023301702011582215e+00
-2.044814499263891250e+00
-2.067104466945485886e+00
-2.090168730614053061e+00
-2.114006147521345191e+00
-2.138613697366087418e+00
-2.163990246244504867e+00
-2.190132642110924621e+00
-2.217039779346864581e+00
-2.244708389861691078e+00
-2.273137417693066986e+00
-2.302323496134424552e+00
-2.332265642336254885e+00
-2.362960410296373936e+00
-2.394406915995881846e+00
-2.426601655529254220e+00
-2.459543871885010446e+00
-2.493230026921126719e+00
-2.527659521493184069e+00
-2.562828809391431317e+00
-2.598737483134597515e+00
-2.635382017372207564e+00
-2.672762233306710922e+00
-2.710874658422402383e+00
-2.749719383178726329e+00
-2.789293023248280878e+00
-2.829595982849337776e+00
-2.870625004950928538e+00
-2.912380856392007722e+00
-2.954860450733105992e+00
-2.998064971153981517e+00
-3.041991549787881333e+00
-3.086641845311694610e+00
-3.132013261678646465e+00
-3.178107998329444683e+00
-3.224923790228431120e+00
-3.272463449747915476e+00
-3.320725108795673286e+00
-3.369712272677495957e+00
-3.419423543862192272e+00
-3.469863209532788151e+00
-3.521030425146973286e+00
-3.572930358973876785e+00
-3.625562812048016337e+00
-3.678933944789529065e+00
-3.733044308187614124e+00
-3.787901179659593609e+00
-3.843505978298386694e+00
-3.899867239491016324e+00
-3.956987384778093197e+00
-4.014876367491009290e+00
-4.073537765142088318e+00
-4.132983131534023968e+00
-4.193217376554633447e+00
-4.254253863970998140e+00
-4.316099039945668459e+00
-4.378768320195564279e+00
-4.442269924348149601e+00
-4.506621601518516762e+00
-4.571833622604748015e+00
-4.637926399890584861e+00
-4.704912583282169436e+00
-4.772815637675391187e+00
-4.841650981577986457e+00
-4.911445596279698123e+00
-4.982218135692488836e+00
-5.053999654735792824e+00
-5.126812606608400102e+00
-5.200692795696697068e+00
-5.275667161264063765e+00
-5.351777085001931944e+00
-5.429054835484165231e+00
-5.507548396326211737e+00
-5.587296408610025189e+00
-5.668354739840892442e+00
-5.750769702270464911e+00
-5.834606669063175488e+00
-5.919921246091594647e+00
-6.006790386157866202e+00
-6.095281011692217810e+00
-6.185484332907284610e+00
-6.277481076487167577e+00
-6.371380187968789244e+00
-6.467279133805829971e+00
-6.565309097128881888e+00
-6.665587360582374998e+00
-6.768273018085277926e+00
-6.873505162806980096e+00
-6.981477292152383995e+00
-7.092347158492600556e+00
-7.206347620064504689e+00
-7.323633672765806679e+00
-7.444471538050922987e+00
-7.568930762904979126e+00
-7.697276110046813002e+00
-7.829382379542332515e+00
-7.967143706636821143e+00
-8.112584819322279372e+00
-8.263866722791386010e+00
-8.413520157109319442e+00
-8.556846351441594223e+00
-8.685201472162045633e+00
-8.797586065699700697e+00
-8.885651398065265383e+00
-8.955561238342159669e+00
-8.999766512081134096e+00
-9.031633969648369842e+00
-9.042238794077729125e+00
-9.048459367619894778e+00
-9.038095598599838354e+00
-9.028943894129024983e+00
-9.005809251767759704e+00
-8.986742037712140529e+00
-8.954484936508539050e+00
-8.927315849296451944e+00
-8.886507376582789774e+00
-8.850610276118382913e+00
-8.804604839756432710e+00
-8.820930333323268258e+00
-8.848022758603622862e+00
-8.881882686343052669e+00
-8.909322188560938827e+00
-8.943329981478747470e+00
-8.970490342507652315e+00
-9.004197375286373983e+00
-9.030672802538775912e+00
-9.063709991985799519e+00
-9.089169641714518022e+00
-9.121247610870655720e+00
-9.145435463660870568e+00
-9.176338303851508726e+00
-9.199066034973538919e+00
-9.228641646724994985e+00
-9.249778612418017687e+00
-9.277927958976750489e+00
-9.297390653214554490e+00
-9.324057376434971900e+00
-9.341799583757332215e+00
-9.366960722744858359e+00
-9.382964907058715553e+00
-9.406622995532622156e+00
-9.420893071696342602e+00
-9.443069624185245203e+00
-9.455625053332751051e+00
-9.476355317781740339e+00
-9.487226374652022898e+00
-9.506555176958007891e+00
-9.515779208180944693e+00
-9.533757706252547592e+00
-9.541376202214246760e+00
-9.558059380690639983e+00
-9.564115702000902886e+00
-9.579560461107638147e+00
-9.584098084002855344e+00
-9.598361800099080909e+00
-9.601422968279823777e+00
-9.614562426213487001e+00
-9.616187117507877247e+00
-9.628257734495829112e+00
-9.628482868378657855e+00
-9.639538145639251709e+00
-9.638396972129521956e+00
-9.648488123954917839e+00
-9.646009745943075586e+00
-9.655185466750102918e+00
-9.651394456973864777e+00
-9.659700795502267567e+00
-9.654616876316199026e+00
-9.662097193158086128e+00
-9.655734952593611808e+00
-9.662429942677951189e+00
-9.654798564309112763e+00
-9.660746330508853674e+00
-9.651849317559570096e+00
-9.657085485272533631e+00
-9.646920361742006733e+00
-9.651478227497461759e+00
-9.640036201124569715e+00
-9.643946911149265944e+00
-9.631212485490536324e+00
-9.634505243116283424e+00
-9.620455769877136021e+00
-9.623158073898665066e+00
-9.607763243797151631e+00
-9.609901164056502409e+00
-9.593122448339924446e+00
-9.594720950486660627e+00
-9.576511032065006646e+00
-9.577594372118133137e+00
-9.557896657096264903e+00
-9.558488879849146969e+00
-9.537237279592346795e+00
-9.537362876762836450e+00
-9.514482239450954282e+00
-9.514167058988885373e+00
-9.489574985678498109e+00
-9.488847540660245272e+00
-9.462458978778586882e+00
-9.461352391412438223e+00
-9.433089564476537348e+00
-9.431644495549377893e+00
-9.401456598607856208e+00
-9.399725599572498425e+00
-9.367624960225370501e+00
-9.365678504942227534e+00
-9.331799933488703402e+00
-9.329733226905331023e+00
-9.294411407386089508e+00
-9.292347534313295299e+00
-9.256162935477826537e+00
-9.254241747537301777e+00
-9.217904527187107178e+00
-9.216246639374571004e+00
-9.180187033852330813e+00
-9.178848932415224482e+00
-9.142670381710809480e+00
-9.141644784876037377e+00
-9.103896919941171006e+00
-9.103184328893737742e+00
-9.061535352020415601e+00
-9.061245966896581905e+00
-9.012503477974993515e+00
-9.012982845300875567e+00
-8.952291081867542744e+00
-8.954426019107486923e+00
-8.872426220275125175e+00
-8.878906498465683583e+00
-8.750528315104542543e+00
-8.774897900659507144e+00
-8.428872229899653234e+00
