4.857004296550913036e-01
4.868441335650468549e-01
4.891314968749471137e-01
4.925621193825171495e-01
4.971358682921157013e-01
5.028519440929598572e-01
5.097101279112146166e-01
5.177092227242371392e-01
5.268489272732924666e-01
5.371276497412826867e-01
5.485450116848340496e-01
5.610990301578545614e-01
5.747892562703555974e-01
5.896133205970032209e-01
6.055707121162218209e-01
6.226586806038019173e-01
6.408766628478499428e-01
6.602215345922097800e-01
6.806926920618217025e-01
7.022866448881719403e-01
7.250027621164161218e-01
7.488371964153549554e-01
7.737893048717821021e-01
7.998548936601249659e-01
8.270333250633796762e-01
8.553200706489780814e-01
8.847145170921251189e-01
9.152118147738537157e-01
9.468113961225763653e-01
9.795081054142653620e-01
1.013301444496638615e+00
1.048185968426094572e+00
1.084161274599128255e+00
1.121221647701846624e+00
1.159366809451369162e+00
1.198590795155290767e+00
1.238893482466588036e+00
1.280268680647593804e+00
1.322716457973180493e+00
1.366230423557492468e+00
1.410810874309895269e+00
1.456451247905635071e+00
1.503152111516460998e+00
1.550906763178874659e+00
1.599716085896597306e+00
1.649573273271003560e+00
1.700479574018852524e+00
1.752428116266068425e+00
1.805420569054742019e+00
1.859450038150372908e+00
1.914518672742149041e+00
1.970619603959041344e+00
2.027755526715877110e+00
2.085919650356296007e+00
2.145115287484159250e+00
2.205335784231740703e+00
2.266585149965033796e+00
2.328856932589705941e+00
2.392155925257049454e+00
2.456475949841274709e+00
2.521822679231954467e+00
2.588190289612731121e+00
2.655585439642626167e+00
2.724002749402341106e+00
2.793449980783855313e+00
2.863922297904000214e+00
2.935428696390359971e+00
3.007964996642313427e+00
3.081541573482789342e+00
3.156155029815957747e+00
3.231817282381427958e+00
3.308525859044090023e+00
3.386294401229989148e+00
3.465121523201451836e+00
3.545022797281651261e+00
3.625998107911168056e+00
3.708065192119648579e+00
3.791225414796741688e+00
3.875498944216345443e+00
3.960888867620458331e+00
4.047418090168264371e+00
4.135091701411064413e+00
4.223935696115571403e+00
4.313957492222587398e+00
4.405186583969652681e+00
4.497633100099267978e+00
4.591330514107337279e+00
4.686292117281589675e+00
4.782555928466006634e+00
4.880138939230771911e+00
4.979084387323957195e+00
5.079413609823137499e+00
5.181175872004317284e+00
5.284397637059079500e+00
5.389135177829169621e+00
5.495421035992520409e+00
5.603319691765525690e+00
5.712870937065489763e+00
5.824148944088630486e+00
5.937202208429773087e+00
6.052116452051145679e+00
6.168950690303337758e+00
6.287804547237231034e+00
6.408749839663189007e+00
6.531903108511133205e+00
6.657351843548121373e+00
6.785233412703905564e+00
6.915654569266878937e+00
7.048778632805528410e+00
7.184736000588437754e+00
7.323722701010265013e+00
7.465897751290657247e+00
7.611498750304781069e+00
7.760717803040041218e+00
7.913845295073467234e+00
8.071106328597929647e+00
8.232856599484684068e+00
8.399335762578660436e+00
8.570973093404605336e+00
8.747939301093390796e+00
8.930759425878866509e+00
9.119650602659442384e+00
9.319501875995825912e+00
9.537793363452522044e+00
9.773376014597763728e+00
1.001537697576489983e+01
1.025601253339546304e+01
1.048397236296296242e+01
1.069649296046320686e+01
1.088391612571588318e+01
1.105166606384063677e+01
1.119164485071541648e+01
1.131697332598938566e+01
1.141851511636836847e+01
1.151310880140638560e+01
1.158848187282304210e+01
1.166247240230321047e+01
1.171986783992409187e+01
1.177879004204293167e+01
1.182198159889466815e+01
1.186779942847728364e+01
1.189751133888558421e+01
1.192974498666451311e+01
1.194945195861796350e+01
1.202943044805310713e+01
1.211858311117789455e+01
1.221290440596911075e+01
1.229923379580497489e+01
1.239051765209338107e+01
1.247337304384686618e+01
1.256116764536901975e+01
1.264016265885774182e+01
1.272413747238424797e+01
1.279899828862597388e+01
1.287893681276506719e+01
1.294949462629717907e+01
1.302528027194219540e+01
1.309145655312858025e+01
1.316305557266108117e+01
1.322484512736733997e+01
1.329228942744809849e+01
1.334974399485209240e+01
1.341311546511157005e+01
1.346632916311475547e+01
1.352574623810097521e+01
1.357484331636703878e+01
1.363044991847518084e+01
1.367557481455167157e+01
1.372753152195946491e+01
1.376884099288336216e+01
1.381731814418029280e+01
1.385497516386987904e+01
1.390014757718324567e+01
1.393431668272606849e+01
1.397635968352575553e+01
1.400720348187908115e+01
1.404628997142749824e+01
1.407396655949263575e+01
1.411026489971212783e+01
1.413492599374108316e+01
1.416859852617116644e+01
1.419038813564037227e+01
1.422159018897340488e+01
1.424064370358891729e+01
1.426952297500672806e+01
1.428596656093377959e+01
1.431266278154716964e+01
1.432661300494471135e+01
1.435125781963103719e+01
1.436282143279691326e+01
1.438553844053774000e+01
1.439481227945016428e+01
1.441571719264734597e+01
1.442278814487194794e+01
1.444198903596450378e+01
1.444693404570654316e+01
1.446453165698615884e+01
1.446741773994202873e+01
1.448350583862087859e+01
1.448439008360465685e+01
1.449905584909005896e+01
1.449798538680954429e+01
1.451130982125972935e+01
1.450832174345939229e+01
1.452038010026975456e+01
1.451550131551331191e+01
1.452636354385269790e+01
1.451961056053657728e+01
1.452934176767202779e+01
1.452072040234036621e+01
1.452938133994966741e+01
1.451888636307799807e+01
1.452653394964238309e+01
1.451414870809293944e+01
1.452083660830476219e+01
1.450653271562316426e+01
1.451231201128851467e+01
1.449604929648640983e+01
1.450096930537538320e+01
1.448269639978027712e+01
1.448680573450265996e+01
1.446646203245527040e+01
1.446981004860787756e+01
1.444733043588264820e+01
1.444996930604511398e+01
1.442529421604015916e+01
1.442728198140465423e+01
1.440037721032926754e+01
1.440178224929210771e+01
1.437267523261690805e+01
1.437358240647161267e+01
1.434242168323750732e+01
1.434293926031501698e+01
1.431007197956239807e+01
1.431033490396790775e+01
1.427635285005381505e+01
1.427651174781729182e+01
1.424213534327863329e+01
1.424232061178700981e+01
1.420798936079035713e+01
1.420826630176800620e+01
1.417359190820828729e+01
1.417396104125099932e+01
1.413750036257102671e+01
1.413796893082977668e+01
1.409739636386975015e+01
1.409808028423955406e+01
1.405020866555576475e+01
1.405145828979045675e+01
1.399143626536532103e+01
1.399414246987783095e+01
1.391261505039743795e+01
1.391947117500358821e+01
1.379137152690296553e+01
1.381592525520241566e+01
1.346998881420183203e+01
