3.002375539957459768e-10
3.004913380324093479e-10
3.009542678120480602e-10
3.017180094280115287e-10
3.026482038848965320e-10
3.039291083741438526e-10
3.053353036972172374e-10
3.071455032648084984e-10
3.090409711529774623e-10
3.113977127928722137e-10
3.138004654020457035e-10
3.167263796196536226e-10
3.196594496982204631e-10
3.231829059687734920e-10
3.266747083280086217e-10
3.308302651555226997e-10
3.349150474890512106e-10
3.397440071374374037e-10
3.444624003104904191e-10
3.500134807875643552e-10
3.554131611302411638e-10
3.617433008988604668e-10
3.678797798372368367e-10
3.750550941022944474e-10
3.819926537431983000e-10
3.900895651359034173e-10
3.979023623011509707e-10
4.070089334949122384e-10
4.157822993205152718e-10
4.259998007404357488e-10
4.358317684901369493e-10
4.472765210353289684e-10
4.582796214416695732e-10
4.710851622935920525e-10
4.833885338023318198e-10
4.977081632749455675e-10
5.114600343662800382e-10
5.274698137833334782e-10
5.428404264979355707e-10
5.607427117810945436e-10
5.779277702250396362e-10
5.979553839102667687e-10
6.171801295234980512e-10
6.396012961288722242e-10
6.611253337433147184e-10
6.862495308665352379e-10
7.103725571445107224e-10
7.385574687435568845e-10
7.656260888997199454e-10
7.972858896743675690e-10
8.277017512609714813e-10
8.633170041885313413e-10
8.975465305412248100e-10
9.376760464000318000e-10
9.762621201803256125e-10
1.021557212182352591e-09
1.065133245363890712e-09
1.116354918917598159e-09
1.165661854873111090e-09
1.223701608682079971e-09
1.279608541810710768e-09
1.345513630945808320e-09
1.409042908900424741e-09
1.484047144988043165e-09
1.556405050745203787e-09
1.641966504984073164e-09
1.724580917631407005e-09
1.822428270642481758e-09
1.916995098110982511e-09
2.029184875946977582e-09
2.137725571568476028e-09
2.266713159982907488e-09
2.391646321468824462e-09
2.540374516479847559e-09
2.684605481191248881e-09
2.856615490822475997e-09
3.023649070251177312e-09
3.223220439148170912e-09
3.417303598353769637e-09
3.649631638537217326e-09
3.875935194523498013e-09
4.147357393544436450e-09
4.412208926836642132e-09
4.730495789240779113e-09
5.041680295736125891e-09
5.416411623132828793e-09
5.783562507336008637e-09
6.226617929751367946e-09
6.661729545906307314e-09
7.187933217390700412e-09
7.706038493082130063e-09
8.334013831522153930e-09
8.954088381466057553e-09
9.707401983477654166e-09
1.045358237051204487e-08
1.136229054592155976e-08
1.226553343859682536e-08
1.336829618224133002e-08
1.446866426195456648e-08
1.581566961360902164e-08
1.716552092340837502e-08
1.882258354036941535e-08
2.049108311041365434e-08
2.254547140247389118e-08
2.462507083254363768e-08
2.719392354935908703e-08
2.980982418707613057e-08
3.305252186965743658e-08
3.637675528006811551e-08
4.051346349018750122e-08
4.478628356361627470e-08
5.012636278486465761e-08
5.568951989826300198e-08
6.267614391906748861e-08
7.002604666198253537e-08
7.930827920818478094e-08
8.918360074519719814e-08
1.017366242839323846e-07
1.152681211815513470e-07
1.326014567562032192e-07
1.515887796769166376e-07
1.762433868383854515e-07
2.051415878326190494e-07
2.477001089049195983e-07
3.036643767745951654e-07
3.839907674557243346e-07
4.856667163019737367e-07
6.256100967254688756e-07
7.978085073496772820e-07
1.029450666475715121e-06
1.308761629602883225e-06
1.679540169889485915e-06
2.119606619617273543e-06
2.699098732366962388e-06
3.378140667683866162e-06
4.268283535614083171e-06
5.300982868277132927e-06
6.652839733597849505e-06
8.210819975177659604e-06
1.025455105190084711e-05
1.260504962847534604e-05
1.570906570953385786e-05
1.929496826255593079e-05
2.381459622254699680e-05
2.545153798293561576e-05
2.630399305566009528e-05
2.693583173064812865e-05
2.775605002931541727e-05
2.834786905213209485e-05
2.914506814775060547e-05
2.969767703073836388e-05
3.047323718758014155e-05
3.098834335599535782e-05
3.174454040754952664e-05
3.222447357696251851e-05
3.296414904740192114e-05
3.341159955462435420e-05
3.413791841304305333e-05
3.455573606960893416e-05
3.527201713941268888e-05
3.566306912277431132e-05
3.637267365241634426e-05
3.673975162285350365e-05
3.744601649373842964e-05
3.779178137121946780e-05
3.849798509535857821e-05
3.882493895400443884e-05
3.953429083479680881e-05
3.984476734355284813e-05
4.056041246150545913e-05
4.085657937651520526e-05
4.158161409185721311e-05
4.186548311825175007e-05
4.260297744392938722e-05
4.287641822474128430e-05
4.362944269428719192e-05
4.389419876936827118e-05
4.466585436973672166e-05
4.492355972263714566e-05
4.571701014944352405e-05
4.596920550093806389e-05
4.678771149347406592e-05
4.703585986460131444e-05
4.788281574216493147e-05
4.812831705229216631e-05
4.900728985927389211e-05
4.925149447499716892e-05
5.016626637926439072e-05
5.041048762289310707e-05
5.136510243616160422e-05
5.161062811517691783e-05
5.260944302927069642e-05
5.285754607650843987e-05
5.390528997543437726e-05
5.415723829228271931e-05
5.525907831417536963e-05
5.551614391036053164e-05
5.667776232822642317e-05
5.694122983426158326e-05
5.816891383798571406e-05
5.844008844579651343e-05
5.974083607223221941e-05
6.002105092791580176e-05
6.140269726739512764e-05
6.169332030113283260e-05
6.316468928326132107e-05
6.346712940401893414e-05
6.503821805006290593e-05
6.535393055977681384e-05
6.703613474817199803e-05
6.736662572028376521e-05
6.917301948559573710e-05
6.951984870481280456e-05
7.146553324235242212e-05
7.183031507325650172e-05
7.393285949230142334e-05
7.431726071897551595e-05
7.659726500789452010e-05
7.700299817808651116e-05
7.948482114226944188e-05
7.991363116966428213e-05
8.262634434308664211e-05
8.307998489521535969e-05
8.605864106199784659e-05
8.653883527736606278e-05
8.982618298661693786e-05
9.033455979841605661e-05
9.398340301653111543e-05
9.452139481458514414e-05
9.859790717181209443e-05
9.916658482136935643e-05
1.037550730109466386e-04
1.043548765986337392e-04
1.095648088569212576e-04
1.101950989868339320e-04
1.161717948868719238e-04
1.168300824427390415e-04
1.237715571310903984e-04
1.244521291113440868e-04
1.326367744399624307e-04
1.333281231574931231e-04
1.431625692331041843e-04
1.438422932959520421e-04
1.559495147679433938e-04
1.565734041866412350e-04
1.719682780570390272e-04
1.724444115284009605e-04
1.929217468048943242e-04
1.930396738630797227e-04
2.221635752264644365e-04
2.213571700801972558e-04
2.675826311437671189e-04
2.638399705401748988e-04
3.547863043181599197e-04
3.355615260271376551e-04
7.445249585520935911e-04
