1.121699346098052229e+04
1.121224449349135284e+04
1.120275413767737518e+04
1.118853337027828456e+04
1.116960485780702402e+04
1.114599043072364293e+04
1.111772763101068813e+04
1.108484889875386762e+04
1.104740630178910214e+04
1.100544252850453813e+04
1.095902369043279032e+04
1.090820225138053684e+04
1.085305775900413573e+04
1.079365187545401386e+04
1.073007686042669957e+04
1.066240290206795726e+04
1.059073414202609456e+04
1.051514853710021089e+04
1.043576118669171774e+04
1.035265698534980584e+04
1.026596098496722152e+04
1.017576412573263769e+04
1.008220033965052244e+04
9.985365672261186774e+03
9.885401810759803993e+03
9.782408931026995560e+03
9.676535312920996148e+03
9.567884266550183384e+03
9.456609479323202322e+03
9.342816391902390023e+03
9.226662906393550657e+03
9.108255595994874966e+03
8.987755391330836574e+03
8.865269018441918888e+03
8.740959270721257781e+03
8.614932077597881289e+03
8.487350962794173029e+03
8.358320150893974642e+03
8.228002808647814163e+03
8.096500598671891566e+03
7.963975299201882081e+03
7.830525213552450623e+03
7.696309764950160570e+03
7.561423167232498599e+03
7.426021595044269816e+03
7.290194515727489488e+03
7.154094041093805572e+03
7.017804312726403623e+03
6.881472649576469848e+03
6.745177369153836480e+03
6.609060355160296240e+03
6.473193685483734043e+03
6.337713255787446542e+03
6.202684572047129222e+03
6.068237079269582864e+03
5.934429461728960632e+03
5.801384340594721834e+03
5.669153409238179847e+03
5.537852179312757471e+03
5.407525261715755732e+03
5.278280857391649988e+03
5.150156476942078370e+03
5.023252889929021876e+03
4.897600557914116507e+03
4.773292774145234944e+03
4.650353066148783910e+03
4.528867276223839326e+03
4.408852170768675933e+03
4.290386230827016334e+03
4.173479686248126200e+03
4.058203804491334722e+03
3.944562548624928695e+03
3.832620171576279972e+03
3.722374677976852581e+03
3.613883549943929211e+03
3.507139173963723351e+03
3.402192543026730164e+03
3.299030791170512657e+03
3.197698735309516451e+03
3.098178641767636236e+03
3.000509489419875990e+03
2.904669074534500851e+03
2.810690894888002276e+03
2.718548681469940675e+03
2.628270821098901706e+03
2.539827385932899688e+03
2.453242029912528778e+03
2.368481569414723253e+03
2.285565306766553931e+03
2.204457197539310073e+03
2.125172572704274444e+03
2.047672909621952840e+03
1.971969943593217522e+03
1.898023040003695996e+03
1.825840706733472416e+03
1.755380543333237256e+03
1.686648189023740997e+03
1.619599799921292743e+03
1.554238494792103438e+03
1.490519281179480458e+03
1.428443095254899163e+03
1.367964058922625100e+03
1.309081255301726287e+03
1.251748145909465393e+03
1.195962286897525701e+03
1.141676658367339542e+03
1.088887621858532611e+03
1.037547794304509807e+03
9.876527001921544979e+02
9.391546239530207458e+02
8.920486739315172144e+02
8.462866900566956474e+02
8.018639316736876026e+02
7.587314134718030800e+02
7.168854609884035654e+02
6.762752825090254873e+02
6.369001119315536243e+02
5.987047166913249612e+02
5.616962043372983544e+02
5.258072021002744805e+02
4.910866138006429082e+02
4.576107913936585874e+02
4.272733728050434365e+02
4.034886927540972579e+02
3.866499702666188796e+02
3.748867889319064375e+02
3.666955237052470125e+02
3.608383785477944343e+02
3.565386771360790590e+02
3.532127424252921628e+02
3.505354791302248145e+02
3.482482415351327631e+02
3.462276115586396941e+02
3.443525684559539854e+02
3.425806944049382423e+02
3.408465686859532298e+02
3.391387410331234378e+02
3.374133177402250112e+02
3.356694077813864396e+02
3.338692984368044563e+02
3.320136222087124338e+02
3.300608916134518154e+02
3.280089313783810780e+02
3.258028251992681135e+02
3.235834633694965987e+02
3.215664630038283462e+02
3.197375898370115124e+02
3.180983505683364001e+02
3.166134898409405878e+02
3.152834988315920555e+02
3.140781530978507021e+02
3.129984431699519405e+02
3.120182126477932911e+02
3.111394641970758244e+02
3.103395285096707426e+02
3.096214249872384130e+02
3.089654926353373412e+02
3.083755916654158113e+02
3.078346330704917477e+02
3.073470968346045993e+02
3.068980723212005728e+02
3.064924499343369462e+02
3.061171530744114193e+02
3.057773060856375764e+02
3.054613732461343716e+02
3.051745737346753913e+02
3.049066679369943245e+02
3.046628652600282976e+02
3.044340203776927183e+02
3.042252572569901758e+02
3.040283596240029169e+02
3.038483133001552687e+02
3.036776961722562760e+02
3.035213207725706184e+02
3.033724490126554088e+02
3.032356980648271474e+02
3.031049237294417935e+02
3.029845352659933724e+02
3.028689083066684589e+02
3.027622384352042104e+02
3.026593599665365559e+02
3.025642537874814479e+02
3.024721621195741363e+02
3.023868533604211848e+02
3.023039352214147470e+02
3.022269679446571899e+02
3.021518890790683258e+02
3.020820563763516020e+02
3.020137070716783114e+02
3.019500028570818131e+02
3.018874550011807401e+02
3.018290359351814232e+02
3.017715090084855092e+02
3.017176642838021507e+02
3.016644983001246487e+02
3.016146255522305637e+02
3.015652594250614129e+02
3.015188454338452289e+02
3.014727995968970049e+02
3.014294047528010196e+02
3.013862671313055444e+02
3.013455128730013826e+02
3.013049275064452104e+02
3.012664861156870302e+02
3.012281438890137224e+02
3.011917301654097514e+02
3.011553612259810393e+02
3.011207256703681310e+02
3.010860932012245712e+02
3.010530164190896016e+02
3.010199115122252351e+02
3.009881996144552545e+02
3.009564370465315051e+02
3.009259178789303064e+02
3.008953326409398983e+02
3.008658527212409126e+02
3.008362971978506266e+02
3.008077192846528192e+02
3.007790610239958937e+02
3.007512622928423411e+02
3.007233823614716357e+02
3.006962532292450305e+02
3.006690452228500021e+02
3.006424889583414597e+02
3.006158588586482097e+02
3.005897922684996502e+02
3.005636595362418007e+02
3.005380152511862661e+02
3.005123158722933567e+02
3.004870470889929948e+02
3.004617397685360061e+02
3.004368286134478012e+02
3.004119057599758662e+02
3.003873762014490012e+02
3.003628808588491665e+02
3.003388149031830494e+02
3.003148609753812934e+02
3.002914110881504826e+02
3.002681948049374228e+02
3.002455790405557536e+02
3.002233622874102821e+02
3.002018342979071690e+02
3.001808975224516303e+02
3.001607072045389373e+02
3.001413060759150540e+02
3.001226810828617317e+02
3.001050427558816409e+02
3.000882046249187169e+02
3.000725636293513503e+02
3.000577724978197125e+02
3.000444332754690322e+02
3.000320638070332961e+02
3.000215077770900507e+02
3.000122149242347405e+02
3.000053860901198277e+02
3.000006866528321439e+02
