-1.536144455075936444e+00
-1.536573344042174716e+00
-1.537431105283400656e+00
-1.538717588723756524e+00
-1.540432744564881107e+00
-1.542576272990227038e+00
-1.545148091922108335e+00
-1.548147752477035954e+00
-1.551575141682981274e+00
-1.555429662608537988e+00
-1.559711173337432699e+00
-1.564418930264891205e+00
-1.569552765057163679e+00
-1.575111789179752364e+00
-1.581095810999562756e+00
-1.587503799182526487e+00
-1.594335542524173199e+00
-1.601589869428456714e+00
-1.609266553479719475e+00
-1.617364285789784084e+00
-1.625882829750570746e+00
-1.634820742612898448e+00
-1.644177783284299199e+00
-1.653952379080205093e+00
-1.664144290856722552e+00
-1.674751820451666484e+00
-1.685774737868214856e+00
-1.697211224499292070e+00
-1.709061067505521336e+00
-1.721322333490439505e+00
-1.733994835646903487e+00
-1.747076532121121017e+00
-1.760567271936732014e+00
-1.774464911851100446e+00
-1.788769347508088581e+00
-1.803478342148138847e+00
-1.818591849891046497e+00
-1.834107549210308941e+00
-1.850025465708910799e+00
-1.866343202804817691e+00
-1.883060871838921901e+00
-1.900176011939652687e+00
-1.917688835796262037e+00
-1.935596830172722438e+00
-1.953900326195230575e+00
-1.972596771464671273e+00
-1.991686634249576038e+00
-2.011167337597669746e+00
-2.031039507399395649e+00
-2.051300558317500133e+00
-2.071951296297481981e+00
-2.092989145513641791e+00
-2.114415116558439944e+00
-2.136226662937039222e+00
-2.158425026875081976e+00
-2.181007713173977791e+00
-2.203976225344881801e+00
-2.227328143854975018e+00
-2.251065266134484322e+00
-2.275185275389881134e+00
-2.299690298952676404e+00
-2.324578152896962013e+00
-2.349851334216987997e+00
-2.375507825450588140e+00
-2.401550537303222654e+00
-2.427977656329773470e+00
-2.454792555884907301e+00
-2.481993668634749017e+00
-2.509584885129827914e+00
-2.537564931483622832e+00
-2.565938276461945389e+00
-2.594703993050941904e+00
-2.623867196768745025e+00
-2.653427368019813049e+00
-2.683390346401223425e+00
-2.713756088664536659e+00
-2.744531246160705873e+00
-2.775716330857748382e+00
-2.807318905806809095e+00
-2.839340128935213592e+00
-2.871788589601693698e+00
-2.904666196724964511e+00
-2.937982698230287237e+00
-2.971740876388723418e+00
-3.005951791373194126e+00
-3.040619242349127838e+00
-3.075755781631813512e+00
-3.111366394921716960e+00
-3.147465338923863154e+00
-3.184058987939465624e+00
-3.221163555598126393e+00
-3.258787047497162970e+00
-3.296947937366463854e+00
-3.335656156156950214e+00
-3.374932805162714988e+00
-3.414790100275471030e+00
-3.455252220298619115e+00
-3.496334110065667744e+00
-3.538063582869932056e+00
-3.580458866333524170e+00
-3.623552105858605543e+00
-3.667365510170914611e+00
-3.711936441753956650e+00
-3.757291980881635851e+00
-3.803475845579667336e+00
-3.850521136575802750e+00
-3.898479415049616925e+00
-3.947391302746686481e+00
-3.997318182838101919e+00
-4.048310181936356500e+00
-4.100441193609373869e+00
-4.153773501126344136e+00
-4.208397258383481443e+00
-4.264390473256286285e+00
-4.321864982310512637e+00
-4.380919278567334985e+00
-4.441695182522012786e+00
-4.504317615719701351e+00
-4.568972676490420604e+00
-4.635817138675009552e+00
-4.705126133463072513e+00
-4.777241960097483364e+00
-4.854227120607097490e+00
-4.939514725492031744e+00
-5.033072166955019355e+00
-5.132128616319193704e+00
-5.234235243405977123e+00
-5.337336395197850969e+00
-5.440075436075549220e+00
-5.541468412007445110e+00
-5.640960700581041820e+00
-5.738155738266440764e+00
-5.832880372153918636e+00
-5.924996524673763254e+00
-6.014489856824513758e+00
-6.101328676780707561e+00
-6.185561672068160100e+00
-6.267199343742545281e+00
-6.346313988864458189e+00
-6.422930285820442009e+00
-6.497127493504680551e+00
-6.568928793749375217e+00
-6.638413741599269002e+00
-6.705591561581829119e+00
-6.770728820924262870e+00
-6.834146843908321500e+00
-6.895846736857690118e+00
-6.955852764365544338e+00
-7.014144828944379739e+00
-7.070753946331238105e+00
-7.125673271568525813e+00
-7.178940633323692033e+00
-7.230559373741172635e+00
-7.280572962872523313e+00
-7.328992519609117906e+00
-7.375865525800801237e+00
-7.421208845209783078e+00
-7.465072385982833403e+00
-7.507477052275397078e+00
-7.548473823066162325e+00
-7.588086253896826783e+00
-7.626365317007492095e+00
-7.663336121540480050e+00
-7.699048819973528524e+00
-7.733529231133408288e+00
-7.766826101702147156e+00
-7.798965327669649561e+00
-7.829993847475801516e+00
-7.859937171960372559e+00
-7.888840171746989149e+00
-7.916727643962808258e+00
-7.943642239991287823e+00
-7.969607817923471949e+00
-7.994664738561937156e+00
-8.018835774242504044e+00
-8.042158981984281141e+00
-8.064655960825000136e+00
-8.086362492149026693e+00
-8.107298958242528997e+00
-8.127498921705450741e+00
-8.146981537110562499e+00
-8.165778224396305518e+00
-8.183906923095342734e+00
-8.201396998911103964e+00
-8.218265205910849858e+00
-8.234538951180923050e+00
-8.250233844695644692e+00
-8.265375434012346645e+00
-8.279978234324294917e+00
-8.294066033534054583e+00
-8.307652306396461128e+00
-8.320759179907142311e+00
-8.333399145570526301e+00
-8.345592765757325893e+00
-8.357351607120993009e+00
-8.368694760309605130e+00
-8.379632925522850329e+00
-8.390183810610755799e+00
-8.400357306821245373e+00
-8.410169823789736654e+00
-8.419630499770461185e+00
-8.428754526237490552e+00
-8.437550342402376558e+00
-8.446031997041844264e+00
-8.454207281945198105e+00
-8.462089174104999501e+00
-8.469684866958582248e+00
-8.477006332189485960e+00
-8.484060211258162454e+00
-8.490857532747739356e+00
-8.497404429727087205e+00
-8.503711045842203831e+00
-8.509783046500238868e+00
-8.515629744795713663e+00
-8.521256376292178913e+00
-8.526671474458765942e+00
-8.531879879853974558e+00
-8.536889394168387213e+00
-8.541704494713288298e+00
-8.546332296632821013e+00
-8.550776942508511169e+00
-8.555044904140256534e+00
-8.559140014411385167e+00
-8.563068143707374347e+00
-8.566832836404028484e+00
-8.570439403125163835e+00
-8.573891116625429021e+00
-8.577192770424469259e+00
-8.580347377746846860e+00
-8.583359260160523974e+00
-8.586231178426951161e+00
-8.588967030978164274e+00
-8.591569328919717918e+00
-8.594041599152133060e+00
-8.596386104807844930e+00
-8.598606048900601095e+00
-8.600703454166753303e+00
-8.602681226438960493e+00
-8.604541171607467120e+00
-8.606285881963858131e+00
-8.607916992842168824e+00
-8.609436721430411055e+00
-8.610846596190601332e+00
-8.612148388369176288e+00
-8.613343583615471033e+00
-8.614433468819447270e+00
-8.615419536516117915e+00
-8.616302590675340767e+00
-8.617084165881559343e+00
-8.617764608742604082e+00
-8.618345529621846524e+00
-8.618826861152266261e+00
-8.619210347594972177e+00
-8.619495608868650294e+00
-8.619684694343098030e+00
-8.619777325634077059e+00
