3.125533096719119275e+00
3.124695448812357057e+00
3.123020344190316155e+00
3.120507758723975122e+00
3.117158265590613819e+00
3.112971815596099034e+00
3.107949362709466978e+00
3.102090830791566223e+00
3.095397552604571612e+00
3.087869422225223204e+00
3.079508148392834599e+00
3.070313591578464063e+00
3.060287832846803280e+00
3.049430694227976968e+00
3.037744624600773324e+00
3.025229401665913809e+00
3.011887836715792854e+00
2.997719656132012744e+00
2.982728027294952344e+00
2.966912617119296769e+00
2.950276941780130890e+00
2.932820599353044955e+00
2.914547446497337990e+00
2.895457001776811978e+00
2.875553452949859867e+00
2.854836227008736405e+00
2.833309832285471508e+00
2.810973590655950094e+00
2.787832319285077798e+00
2.763885219792447057e+00
2.739137405134703940e+00
2.713587939816662242e+00
2.687242218148880646e+00
2.660099148806480240e+00
2.632164391510500856e+00
2.603436678380950386e+00
2.573921916977550683e+00
2.543618639957383909e+00
2.512532983379927920e+00
2.480663255157145475e+00
2.448015798585694736e+00
2.414588668961235030e+00
2.380388393454395679e+00
2.345412744043920306e+00
2.309668406110155559e+00
2.273152834514942100e+00
2.235872844655571345e+00
2.197825537073613500e+00
2.159017826203058377e+00
2.119446417314648556e+00
2.079118289815657050e+00
2.038029708618151137e+00
1.996187680616796190e+00
1.953587980694951209e+00
1.910237601935617979e+00
1.866131774431353918e+00
1.821277431888950638e+00
1.775669199168538936e+00
1.729313900244340063e+00
1.682205487942167510e+00
1.634350620739597693e+00
1.585742505472417463e+00
1.536387573224885061e+00
1.486278202802508996e+00
1.435420529008607282e+00
1.383806011394952629e+00
1.331440411582639261e+00
1.278314168157928421e+00
1.224432583418568088e+00
1.169784961224398456e+00
1.114376047689382254e+00
1.058193884258193052e+00
1.001242551484601284e+00
9.435086845048842319e-01
8.849955742244627332e-01
8.256882865963337537e-01
7.655891813765604015e-01
7.046815700673840777e-01
6.429667190175410996e-01
5.804259734008341276e-01
5.170593189757559660e-01
4.528458908486515666e-01
3.877841768505174702e-01
3.218508198363426165e-01
2.550425556115849535e-01
1.873332058385371590e-01
1.187174550331188683e-01
4.916591739526221527e-02
-2.132912905056941547e-02
-9.280073470472585684e-02
-1.652594530837095954e-01
-2.387425446607000512e-01
-3.132639074918298072e-01
-3.888656686156102271e-01
-4.655656953179967417e-01
-5.434117783564640369e-01
-6.224265220112400465e-01
-7.026643574730166986e-01
-7.841535786266513597e-01
-8.669564644781816432e-01
-9.511081918568484728e-01
-1.036680392422562713e+00
-1.123716634841527062e+00
-1.212299791392967840e+00
-1.302483746343003235e+00
-1.394364988348716583e+00
-1.488010183755446914e+00
-1.583532413208160072e+00
-1.681014284770300016e+00
-1.780589117271023758e+00
-1.882359441792265109e+00
-1.986483001179140562e+00
-2.093086980154490018e+00
-2.202357444299619438e+00
-2.314450796421816392e+00
-2.429582011868102409e+00
-2.547937042684466302e+00
-2.669747276213147114e+00
-2.795208056876999692e+00
-2.924510216295760578e+00
-3.057717654371634008e+00
-3.194362693979520884e+00
-3.329614931902992847e+00
-3.451954590271985701e+00
-3.555962521212380434e+00
-3.640104118740996597e+00
-3.705310004928966894e+00
-3.748046188581665827e+00
-3.770706925817169708e+00
-3.767554997474750866e+00
-3.746233502806738169e+00
-3.700351361608283263e+00
-3.643812266191762905e+00
-3.568196870952392796e+00
-3.490525215618296428e+00
-3.398832524239454145e+00
-3.310901631163545744e+00
-3.211667275589086046e+00
-3.119111561148820932e+00
-3.016076357492461835e+00
-2.920761517043821254e+00
-2.814556329699119619e+00
-2.715945279417616209e+00
-2.610089081408902612e+00
-2.568698633003923870e+00
-2.539161960998350231e+00
-2.517514625276320750e+00
-2.490528799435733465e+00
-2.471324533815900892e+00
-2.446446210769340546e+00
-2.429392700780059311e+00
-2.406339643871517886e+00
-2.391163674591052501e+00
-2.369671848280129556e+00
-2.356125269467873817e+00
-2.335955343315345267e+00
-2.323817433870013716e+00
-2.304756577762468339e+00
-2.293833815778963725e+00
-2.275694919568860275e+00
-2.265819221840120079e+00
-2.248438802689637583e+00
-2.239465008846696303e+00
-2.222700556497125390e+00
-2.214503660130709761e+00
-2.198230856958490520e+00
-2.190703281131228142e+00
-2.174813336955708110e+00
-2.167862412788439830e+00
-2.152259632200452355e+00
-2.145805351273018413e+00
-2.130404978160695073e+00
-2.124378037158506594e+00
-2.109104379335874579e+00
-2.103444506489329680e+00
-2.088229321459996513e+00
-2.082883859939149929e+00
-2.067664972771148690e+00
-2.062587690688098441e+00
-2.047307811766319485e+00
-2.042457907813702178e+00
-2.027063618695105873e+00
-2.022404894428068367e+00
-2.006845772379897141e+00
-2.002345945217529621e+00
-1.986573799959549635e+00
-1.982203934515045063e+00
-1.966172133735759164e+00
-1.961906172504309431e+00
-1.945569035442913375e+00
-1.941383413030571159e+00
-1.924695653853737864e+00
-1.920568981691792798e+00
-1.903485186199564305e+00
-1.899397997242771030e+00
-1.881872117900183605e+00
-1.877806662861124742e+00
-1.859791518220359929e+00
-1.855731606866511507e+00
-1.837178372125884973e+00
-1.833109254899562224e+00
-1.813966930987090276e+00
-1.809875217928423208e+00
-1.790090067250629913e+00
-1.785963682960413745e+00
-1.765478621429457773e+00
-1.761306796901344951e+00
-1.740060734970677370e+00
-1.735834039697295328e+00
-1.713761171704839770e+00
-1.709471593131833167e+00
-1.686500647651171469e+00
-1.682141730341807584e+00
-1.658195220740997122e+00
-1.653762285986517977e+00
-1.628755851929635456e+00
-1.624246331701013624e+00
-1.598088361428384507e+00
-1.593502302186067920e+00
-1.566094213968428406e+00
-1.561435041086858044e+00
-1.532672957988459705e+00
-1.527948648200434301e+00
-1.497727857720578815e+00
-1.492952753497986951e+00
-1.461177508791888124e+00
-1.456375122407520095e+00
-1.422978211331475284e+00
-1.418185451594652147e+00
-1.383164228542586249e+00
-1.378437300635912299e+00
-1.341912898290137379e+00
-1.337333965168572281e+00
-1.299628532745891185e+00
-1.295308694904417912e+00
-1.256991147833096401e+00
-1.253059152437167478e+00
-1.214828942118116872e+00
-1.211395053375047270e+00
-1.173672516650429820e+00
-1.170783646652802545e+00
-1.133163224577870665e+00
-1.130803477396442380e+00
-1.091826849901404106e+00
-1.089989243308229883e+00
-1.047317757684326889e+00
-1.046106115879006815e+00
-9.965414924053062062e-01
-9.962958760120119717e-01
-9.349771889818666581e-01
-9.365794733759584823e-01
-8.541431039054332430e-01
-8.602780957888466196e-01
-7.316482812198373820e-01
-7.558534949501620748e-01
-4.097522005578757565e-01
