-1.256139177281540231e+00
-1.255802241970182864e+00
-1.255128358028055224e+00
-1.254117696227613488e+00
-1.252770216370823642e+00
-1.251086259786204913e+00
-1.249065758676347171e+00
-1.246709224490541557e+00
-1.244016560626234558e+00
-1.240988447994422872e+00
-1.237624759489966531e+00
-1.233926344595219549e+00
-1.229893043503563987e+00
-1.225525873137201627e+00
-1.220824638275325391e+00
-1.215790521894562604e+00
-1.210423290117810247e+00
-1.204724290321524505e+00
-1.198693246181924188e+00
-1.192331667533431894e+00
-1.185639231244727920e+00
-1.178617607357867136e+00
-1.171266420976813327e+00
-1.163587499768240052e+00
-1.155580411487844739e+00
-1.147247138483802997e+00
-1.138587184919457096e+00
-1.129602684490037312e+00
-1.120293070822909520e+00
-1.110660625199787921e+00
-1.100704703024706799e+00
-1.090427728939992624e+00
-1.079828971645376834e+00
-1.068910994409077997e+00
-1.057672969895495640e+00
-1.046117594706400311e+00
-1.034243935226478950e+00
-1.022054815486830970e+00
-1.009549184363074392e+00
-9.967299867388814683e-01
-9.835960416859865774e-01
-9.701504076236193708e-01
-9.563917603685492264e-01
-9.423232637422523927e-01
-9.279434355965867631e-01
-9.132555361204275357e-01
-8.982579091157447682e-01
-8.829539011061391385e-01
-8.673416642519689024e-01
-8.514246202720291423e-01
-8.352007104365773982e-01
-8.186734192892395345e-01
-8.018404561334606662e-01
-7.847053545946326425e-01
-7.672655689078484720e-01
-7.495246665013656218e-01
-7.314798211889479429e-01
-7.131346171981749471e-01
-6.944859200546451561e-01
-6.755373118373716457e-01
-6.562853190974902162e-01
-6.367335006157001098e-01
-6.168780101052895315e-01
-5.967223593933322912e-01
-5.762622918936406435e-01
-5.555012459581920581e-01
-5.344345131424285134e-01
-5.130654285046597485e-01
-4.913887854910878872e-01
-4.694077822320586457e-01
-4.471166624081012175e-01
-4.245184491435243235e-01
-4.016067784296045717e-01
-3.783844550969348020e-01
-3.548444422093651185e-01
-3.309892768669248642e-01
-3.068111753713607670e-01
-2.823123503453463523e-01
-2.574841873176790252e-01
-2.323285089341747822e-01
-2.068357738027335468e-01
-1.810073385346036845e-01
-1.548326240799930698e-01
-1.283124321255622868e-01
-1.014350175488638317e-01
-7.420052250548042627e-02
-4.659588578324755370e-02
-1.862046600057977105e-02
9.740290790615278513e-03
3.848795765278503755e-02
6.763879104425893352e-02
9.719547413064927310e-02
1.271762172685243220e-01
1.575850304506786759e-01
1.884423821324727466e-01
2.197538747284570049e-01
2.515426067635938567e-01
2.838161015813240873e-01
3.166005477624186937e-01
3.499057998197484531e-01
3.837617122102536249e-01
4.181809880328725137e-01
4.531978781740552131e-01
4.888285935715946939e-01
5.251127223532666699e-01
5.620708318559032302e-01
5.997490797966213982e-01
6.381734927797112489e-01
6.773984448367398326e-01
7.174568667826070056e-01
7.584136038813832359e-01
8.003103907082828039e-01
8.432257322195034765e-01
8.872126402330613448e-01
9.323680029210835718e-01
9.787591701053284243e-01
1.026508979420178713e+00
1.075702089812853535e+00
1.126501555353681461e+00
1.179008538188412336e+00
1.233483315832054172e+00
1.290268223117109869e+00
1.352358169359004325e+00
1.425208544130244226e+00
1.509509291806377052e+00
1.601856818655580383e+00
1.699166181953867483e+00
1.798770890800917233e+00
1.898906894763506159e+00
1.998264727650618910e+00
2.096104825498477986e+00
2.191878338634283274e+00
2.285339356341016703e+00
2.376276322290638898e+00
2.464649433786490818e+00
2.550386274223203742e+00
2.633528508174185045e+00
2.714058588156331719e+00
2.792048004330791144e+00
2.867496662386129547e+00
2.940483579180831697e+00
3.011003962302794434e+00
3.079134710546129305e+00
3.144847118861529900e+00
3.208500114729839314e+00
3.270560352574272134e+00
3.331021719626058974e+00
3.389911607244036507e+00
3.447187670614634047e+00
3.502882701339213423e+00
3.556970270082644880e+00
3.609489856318965906e+00
3.660427480398448452e+00
3.709828646911456751e+00
3.757689201894411468e+00
3.804059162636307168e+00
3.848941968090686228e+00
3.892390518155041335e+00
3.934413925936084855e+00
3.975066514949321839e+00
4.014361468471348005e+00
4.052353341637537021e+00
4.089058088676599034e+00
4.124529579357425035e+00
4.158785515356116846e+00
4.191878409308323228e+00
4.223826922942558681e+00
4.254681742855328963e+00
4.284461897774219707e+00
4.313215939550611999e+00
4.340962826398551577e+00
4.367748789217856142e+00
4.393592400225238670e+00
4.418537474545123800e+00
4.442601977273207936e+00
4.465827279664834393e+00
4.488230590736859149e+00
4.509850857491732867e+00
4.530704438604491457e+00
4.550827909738228705e+00
4.570236726072086419e+00
4.588965167360548492e+00
4.607027762759918765e+00
4.624456586081040044e+00
4.641265240510899837e+00
4.657483692555120847e+00
4.673124635907917934e+00
4.688216032815190282e+00
4.702769695676118467e+00
4.716811686853836783e+00
4.730352973787637083e+00
4.743417822476299506e+00
4.756016397145077512e+00
4.768171268555748910e+00
4.779891842806417657e+00
4.791199093112929575e+00
4.802101714308206759e+00
4.812619175632915969e+00
4.822759508112024918e+00
4.832540766045086755e+00
4.841970363817524436e+00
4.851065025067536673e+00
4.859831593762268476e+00
4.868285542334823468e+00
4.876433189120489509e+00
4.884288830022775585e+00
4.891858300736414478e+00
4.899154790659440373e+00
4.906183693773363608e+00
4.912957158543214575e+00
4.919480175893164109e+00
4.925763914738074511e+00
4.931812999155722466e+00
4.937637676027933686e+00
4.943242236186627281e+00
4.948636058526899362e+00
4.953823131439366811e+00
4.958812016894063035e+00
4.963606428612545862e+00
4.968214160329323725e+00
4.972638675513774587e+00
4.976887046776773182e+00
4.980962507947631401e+00
4.984871457104062209e+00
4.988616914632673982e+00
4.992204651563621809e+00
4.995637485855275450e+00
4.998920611721413110e+00
5.002056649719608394e+00
5.005050272391536659e+00
5.007903901529384250e+00
5.010621749748805698e+00
5.013206033409686846e+00
5.015660572176307674e+00
5.017987369654612451e+00
5.020189914575987622e+00
5.022270000279990043e+00
5.024230816091526997e+00
5.026073972412439694e+00
5.027802326938027200e+00
5.029417369352780831e+00
5.030921526497476925e+00
5.032316256374961050e+00
5.033603442629855707e+00
5.034784601936038939e+00
5.035861011849336322e+00
5.036834317342970380e+00
5.037705187580771238e+00
5.038475444489581179e+00
5.039145183497779179e+00
5.039716450770344025e+00
5.040188830122312780e+00
5.040564676537905520e+00
5.040843211798422097e+00
5.041027354542907624e+00
5.041116584302178794e+00
