-7.241139073776480473e+00
-7.240710184810241756e+00
-7.239852423569016260e+00
-7.238565940128660614e+00
-7.236850784287535809e+00
-7.234707255862189434e+00
-7.232135436930308359e+00
-7.229135776375380296e+00
-7.225708387169435198e+00
-7.221853866243878706e+00
-7.217572355514984217e+00
-7.212864598587525933e+00
-7.207730763795252571e+00
-7.202171739672664330e+00
-7.196187717852853716e+00
-7.189779729669890429e+00
-7.182947986328243495e+00
-7.175693659423959758e+00
-7.168016975372696997e+00
-7.159919243062632610e+00
-7.151400699101845504e+00
-7.142462786239518024e+00
-7.133105745568117939e+00
-7.123331149772211823e+00
-7.113139237995693698e+00
-7.102531708400750432e+00
-7.091508790984201838e+00
-7.080072304353124402e+00
-7.068222461346895358e+00
-7.055961195361977190e+00
-7.043288693205512985e+00
-7.030206996731295455e+00
-7.016716256915684902e+00
-7.002818617001316248e+00
-6.988514181344328335e+00
-6.973805186704278292e+00
-6.958691678961369753e+00
-6.943175979642107976e+00
-6.927258063143505673e+00
-6.910940326047598781e+00
-6.894222657013495237e+00
-6.877107516912763785e+00
-6.859594693056155101e+00
-6.841686698679694700e+00
-6.823383202657185898e+00
-6.804686757387745644e+00
-6.785596894602840656e+00
-6.766116191254747392e+00
-6.746244021453021489e+00
-6.725982970534916561e+00
-6.705332232554934713e+00
-6.684294383338774459e+00
-6.662868412293976306e+00
-6.641056865915377472e+00
-6.618858501977334718e+00
-6.596275815678438903e+00
-6.573307303507535337e+00
-6.549955384997441676e+00
-6.526218262717931928e+00
-6.502098253462535560e+00
-6.477593229899740734e+00
-6.452705375955455125e+00
-6.427432194635429141e+00
-6.401775703401828110e+00
-6.375732991549194040e+00
-6.349305872522643668e+00
-6.322490972967509393e+00
-6.295289860217667233e+00
-6.267698643722588336e+00
-6.239718597368794306e+00
-6.211345252390471749e+00
-6.182579535801474790e+00
-6.153416332083671669e+00
-6.123856160832604090e+00
-6.093893182451193269e+00
-6.063527440187880480e+00
-6.032752282691711265e+00
-6.001567197994668312e+00
-5.969964623045607155e+00
-5.937943399917203102e+00
-5.905494939250723441e+00
-5.872617332127451739e+00
-5.839300830622129013e+00
-5.805542652463693720e+00
-5.771331737479222568e+00
-5.736664286503288857e+00
-5.701527747220603182e+00
-5.665917133930699734e+00
-5.629818189928553096e+00
-5.593224540912951070e+00
-5.556119973254290301e+00
-5.518496481355253280e+00
-5.480335591485952840e+00
-5.441627372695466924e+00
-5.402350723689701262e+00
-5.362493428576946108e+00
-5.322031308553797579e+00
-5.280949418786748950e+00
-5.239219945982484639e+00
-5.196824662518892524e+00
-5.153731422993811151e+00
-5.109918018681502083e+00
-5.065347087098460044e+00
-5.019991547970780843e+00
-4.973807683272749358e+00
-4.926762392276613944e+00
-4.878804113802799769e+00
-4.829892226105730657e+00
-4.779965346014314775e+00
-4.728973346916060194e+00
-4.676842335243042825e+00
-4.623510027726072558e+00
-4.568886270468935251e+00
-4.512893055596130409e+00
-4.455418546541904057e+00
-4.396364250285081710e+00
-4.335588346330403908e+00
-4.272965913132715343e+00
-4.208310852361996091e+00
-4.141466390177407142e+00
-4.072157395389344181e+00
-4.000041568754933330e+00
-3.923056408245318760e+00
-3.837768803360385395e+00
-3.744211361897397783e+00
-3.645154912533222991e+00
-3.543048285446440016e+00
-3.439947133654565725e+00
-3.337208092776867474e+00
-3.235815116844972028e+00
-3.136322828271375318e+00
-3.039127790585975486e+00
-2.944403156698498059e+00
-2.852287004178653440e+00
-2.762793672027903380e+00
-2.675954852071709134e+00
-2.591721856784256151e+00
-2.510084185109871413e+00
-2.430969539987958505e+00
-2.354353243031975129e+00
-2.280156035347735699e+00
-2.208354735103041921e+00
-2.138869787253147692e+00
-2.071691967270587575e+00
-2.006554707928154269e+00
-1.943136684944094972e+00
-1.881436791994726576e+00
-1.821430764486872800e+00
-1.763138699908036733e+00
-1.706529582521178590e+00
-1.651610257283890659e+00
-1.598342895528724661e+00
-1.546724155111243837e+00
-1.496710565979893603e+00
-1.448291009243298788e+00
-1.401418003051615679e+00
-1.356074683642633616e+00
-1.312211142869583735e+00
-1.269806476577019616e+00
-1.228809705786254813e+00
-1.189197274955590355e+00
-1.150918211844924599e+00
-1.113947407311936866e+00
-1.078234708878887949e+00
-1.043754297719008406e+00
-1.010457427150269982e+00
-9.783182011827673552e-01
-9.472896813766151780e-01
-9.173463568920445788e-01
-8.884433571054275447e-01
-8.605558848896086577e-01
-8.336412888611292038e-01
-8.076757109289448566e-01
-7.826187902904797600e-01
-7.584477546099122058e-01
-7.351245468681361084e-01
-7.126275680274163360e-01
-6.909210367033902234e-01
-6.699845706098881415e-01
-6.497846071469659535e-01
-6.303019917418537510e-01
-6.115053044561112872e-01
-5.933766057570739605e-01
-5.758865299413123973e-01
-5.590183229415672805e-01
-5.427445776714938663e-01
-5.270496841567718915e-01
-5.119080948400704933e-01
-4.973052945281212778e-01
-4.832174953183627220e-01
-4.696312224559547888e-01
-4.565243489452739944e-01
-4.438843832818896162e-01
-4.316907630950903019e-01
-4.199319217314243513e-01
-4.085887685428121197e-01
-3.976506033295663101e-01
-3.870997182416609506e-01
-3.769262220311719314e-01
-3.671137050626804288e-01
-3.576530290819548430e-01
-3.485290026149265863e-01
-3.397331864500407472e-01
-3.312515318105730966e-01
-3.230762469072189780e-01
-3.151943547474176932e-01
-3.075986618938341133e-01
-3.002771966629314004e-01
-2.932233175942549619e-01
-2.864259961046772274e-01
-2.798790991253292670e-01
-2.735724830102121974e-01
-2.675004823521773822e-01
-2.616537840567031425e-01
-2.560271525602370035e-01
-2.506120543936513623e-01
-2.454036489984424418e-01
-2.403941346840293980e-01
-2.355790341391277576e-01
-2.309512322195948764e-01
-2.265065863439059135e-01
-2.222386247121608815e-01
-2.181435144410307503e-01
-2.142153851450425139e-01
-2.104506924483881825e-01
-2.068441257272523315e-01
-2.033924122269879509e-01
-2.000907584279467133e-01
-1.969361511055696401e-01
-1.939242686918927761e-01
-1.910523504254654226e-01
-1.883164978742518925e-01
-1.857141999326989701e-01
-1.832419297002829961e-01
-1.808974240445713755e-01
-1.786774799518156542e-01
-1.765800746856635295e-01
-1.746023024134562840e-01
-1.727423572449492961e-01
-1.709976468885588408e-01
-1.693665360102472317e-01
-1.678468074220060002e-01
-1.664369326618145017e-01
-1.651351404832399616e-01
-1.639399452369456889e-01
-1.628500600329696735e-01
-1.618639923362987232e-01
-1.609809381770751779e-01
-1.601993629708566291e-01
-1.595189201098120013e-01
-1.589379992305705869e-01
-1.584566677001499058e-01
-1.580731812574450446e-01
-1.577879199837662616e-01
-1.575988345093190801e-01
-1.575062032183391081e-01
