1.619950586679662408e+01
1.619877023755757861e+01
1.619729921916479043e+01
1.619509264604547738e+01
1.619215123817080126e+01
1.618847466344498187e+01
1.618406412086879342e+01
1.617891910991581739e+01
1.617304130718271082e+01
1.616643004083275059e+01
1.615908746303724541e+01
1.615101272677555144e+01
1.614220845717061792e+01
1.613267362712080910e+01
1.612241133145733230e+01
1.611142035703972653e+01
1.609970426452057168e+01
1.608726164765658950e+01
1.607409652836328817e+01
1.606020729907070788e+01
1.604559843769404992e+01
1.603026812589031280e+01
1.601422129156753726e+01
1.599745589486887454e+01
1.597997730689989915e+01
1.596178325417268162e+01
1.594287954335506363e+01
1.592326365374180241e+01
1.590294181902899062e+01
1.588191125613461985e+01
1.586017861628355519e+01
1.583774083716752834e+01
1.581460497699956846e+01
1.579076767557500993e+01
1.576623638642776548e+01
1.574100743082012421e+01
1.571508864471623390e+01
1.568847600807931997e+01
1.566117772508055594e+01
1.563318940930684597e+01
1.560451961745716964e+01
1.557516356915026101e+01
1.554513015633794737e+01
1.551441417433663972e+01
1.548302483132189877e+01
1.545095646497564701e+01
1.541821857873387103e+01
1.538480501602596640e+01
1.535072555244552284e+01
1.531597349694020416e+01
1.528055887178396510e+01
1.524447440723338687e+01
1.520773034412123259e+01
1.517031878540306522e+01
1.513225015939299567e+01
1.509351588825369284e+01
1.505412655338580130e+01
1.501407283723123776e+01
1.497336543614340165e+01
1.493199422783841790e+01
1.488996998125510629e+01
1.484728169755514138e+01
1.480394017107821902e+01
1.475993344690507314e+01
1.471527229208153109e+01
1.466994370735271502e+01
1.462395837343775362e+01
1.457730214854116646e+01
1.452998556068910929e+01
1.448199321593098787e+01
1.443333541469606551e+01
1.438399538810070943e+01
1.433398312406963981e+01
1.428328034072245423e+01
1.423189661677173135e+01
1.417981200140474662e+01
1.412703555339990480e+01
1.407354547603168093e+01
1.401935018066053296e+01
1.396442582270133137e+01
1.390878001842102130e+01
1.385238664357989080e+01
1.379525234717419480e+01
1.373734845754215250e+01
1.367868045427997536e+01
1.361921680681957270e+01
1.355896158633595050e+01
1.349788003827806371e+01
1.343597454059045404e+01
1.337320668336299256e+01
1.330957680922549891e+01
1.324504233872432835e+01
1.317960116487292055e+01
1.311320592000626739e+01
1.304585154141449976e+01
1.297748512128032594e+01
1.290809801737623630e+01
1.283763085778169000e+01
1.276607064479633102e+01
1.269335039354623085e+01
1.261945177646962080e+01
1.254429874855210159e+01
1.246786641701722687e+01
1.239006782717610733e+01
1.231086993984523303e+01
1.223017248789724221e+01
1.214793224363247148e+01
1.206403244592063650e+01
1.197841702164554079e+01
1.189094840442644063e+01
1.180155420783251152e+01
1.171007004231194415e+01
1.161640271634461463e+01
1.152035226147063973e+01
1.142179909054100939e+01
1.132049405796038322e+01
1.121628530084176134e+01
1.110885071840165494e+01
1.099800595656252789e+01
1.088330612176365797e+01
1.076463238460829253e+01
1.064198502981344774e+01
1.052282331567169038e+01
1.042332547476214089e+01
1.034927192446730082e+01
1.029560054434753091e+01
1.025722243403956391e+01
1.022925089048096581e+01
1.020842659516009299e+01
1.019214545080183143e+01
1.017892792499593035e+01
1.016755572859917578e+01
1.015744679915322379e+01
1.014801330659144263e+01
1.013905154135225573e+01
1.013023570519640515e+01
1.012150961450463349e+01
1.011264888096673076e+01
1.010364704938709934e+01
1.009430593818193955e+01
1.008462361106564487e+01
1.007437627408379477e+01
1.006354267723131990e+01
1.005181938389404550e+01
1.003994527610105258e+01
1.002908299498404077e+01
1.001917478780339010e+01
1.001024566868438015e+01
1.000211765901847016e+01
9.994804965720241796e+00
9.988150913769388239e+00
9.982168709618630231e+00
9.976719778914642234e+00
9.971820397967906757e+00
9.967348383938784195e+00
9.963324020340484921e+00
9.959639908703662670e+00
9.956319983034104482e+00
9.953269914941941465e+00
9.950516460721715362e+00
9.947976642252612578e+00
9.945679122696800434e+00
9.943550662745394675e+00
9.941621000727606017e+00
9.939825199438105940e+00
9.938193386505851379e+00
9.936667687839715768e+00
9.935278088692657050e+00
9.933972732167216435e+00
9.932781068085418497e+00
9.931656385142384025e+00
9.930627319468989356e+00
9.929651584070569470e+00
9.928756813521934177e+00
9.927904549902065057e+00
9.927121307100872372e+00
9.926371964951306026e+00
9.925681848398086871e+00
9.925018768552140713e+00
9.924406829918659412e+00
9.923816437348628838e+00
9.923270469370383040e+00
9.922741642973045728e+00
9.922251623015922561e+00
9.921775202456842635e+00
9.921332856650023402e+00
9.920901255354621640e+00
9.920499716079188346e+00
9.920106616471024097e+00
9.919740152214698625e+00
9.919380264785836232e+00
9.919044066209696808e+00
9.918712938252840061e+00
9.918402948043816281e+00
9.918096811139841762e+00
9.917809588083041916e+00
9.917525235939287143e+00
9.917257845833718832e+00
9.916992535982679158e+00
9.916742463699241839e+00
9.916493838032939934e+00
9.916258916296808223e+00
9.916024936535579926e+00
9.915803288000276439e+00
9.915582183058770482e+00
9.915372172998649702e+00
9.915162395879091761e+00
9.914962593416079883e+00
9.914762785778052034e+00
9.914571932020237455e+00
9.914380894985054482e+00
9.914197876823399369e+00
9.914014546900306257e+00
9.913838375514195889e+00
9.913661804812022638e+00
9.913491598201508381e+00
9.913320938339579058e+00
9.913155907461844052e+00
9.912990396850494434e+00
9.912829835228450293e+00
9.912668789698550142e+00
9.912512066748574213e+00
9.912354873946403799e+00
9.912201432829938597e+00
9.912047551485603236e+00
9.911896913164097711e+00
9.911745879495210687e+00
9.911597656031981174e+00
9.911449101438526199e+00
9.911303023504544285e+00
9.911156710475905740e+00
9.911012675821563533e+00
9.910868561576188895e+00
9.910726709849830840e+00
9.910585044430574087e+00
9.910445851059529687e+00
9.910307294562334945e+00
9.910171642876969500e+00
9.910037332096212737e+00
9.909906485449791802e+00
9.909777937741329978e+00
9.909653366192969770e+00
9.909532207131311665e+00
9.909415359741871043e+00
9.909303072220982500e+00
9.909195269895549885e+00
9.909093172271258965e+00
9.908995700899875914e+00
9.908905154520608605e+00
9.908819523697836473e+00
9.908742294844417486e+00
9.908670677416806072e+00
9.908609557199907769e+00
9.908555749094611897e+00
9.908516207254919550e+00
9.908488995001246025e+00
