-5.418572131369421285e-01
-5.407785177800845666e-01
-5.386214082521614266e-01
-5.353860284502059974e-01
-5.310732215480203910e-01
-5.256832741561328071e-01
-5.192175902814173405e-01
-5.116765968704934942e-01
-5.030622568243185988e-01
-4.933751338337249992e-01
-4.826177469491045313e-01
-4.707907917682750965e-01
-4.578973399108671183e-01
-4.439382127571218639e-01
-4.289170300412690207e-01
-4.128347314619316699e-01
-3.956954794907687756e-01
-3.775003232775333561e-01
-3.582539616745448741e-01
-3.379575429372375095e-01
-3.166162948957667034e-01
-2.942314530009513263e-01
-2.708087655355714829e-01
-2.463495415716400183e-01
-2.208600401105857980e-01
-1.943416284964103458e-01
-1.668010654101268475e-01
-1.382397592186626889e-01
-1.086649558316149372e-01
-7.807808535214483259e-02
-4.648686693767195566e-02
-1.389273095113898945e-02
1.969614584123270326e-02
5.427835664913618213e-02
8.984528453489104560e-02
1.263955726508485533e-01
1.639201832743004128e-01
2.024178386050496103e-01
2.418791016334769506e-01
2.823028056591588841e-01
3.236791381696710324e-01
3.660070787938959902e-01
4.092764657721092991e-01
4.534864637160250789e-01
4.986265905424218658e-01
5.446962381879922876e-01
5.916846360465710664e-01
6.395914496934397286e-01
6.884056548964703204e-01
7.381272414569880480e-01
7.887449697410153782e-01
8.402592089595508629e-01
8.926585458700897480e-01
9.459437892171885798e-01
1.000103397765380819e+00
1.055138685224032091e+00
1.111038032067600545e+00
1.167803328101101545e+00
1.225422929576037934e+00
1.283899379644228178e+00
1.343221069056169448e+00
1.403391278134881848e+00
1.464398495812518464e+00
1.526246830470916249e+00
1.588924938192115777e+00
1.652437853901984166e+00
1.716774475433911595e+00
1.781940870929194620e+00
1.847926260584150659e+00
1.914737861267290953e+00
1.982365302575613164e+00
2.050817075193984262e+00
2.120083312050954572e+00
2.190173913154868313e+00
2.261079616124844094e+00
2.332811877190996253e+00
2.405362148076125806e+00
2.478743600663093627e+00
2.552948518993710891e+00
2.627991963925144336e+00
2.703867179745740756e+00
2.780591305135964753e+00
2.858158683396252453e+00
2.936588737403384108e+00
3.015877060485286254e+00
3.096045586072899258e+00
3.177091322578774246e+00
3.259038963393332100e+00
3.341887113405245024e+00
3.425663502260845483e+00
3.510368532005494480e+00
3.596033276588506133e+00
3.682660159010705758e+00
3.770283943505812196e+00
3.858909325931593859e+00
3.948575152640474428e+00
4.039288678865344373e+00
4.131093280960847380e+00
4.223999103214223005e+00
4.318054569122510955e+00
4.413273096115906569e+00
4.509708758436235421e+00
4.607378700023619267e+00
4.706343358483819017e+00
4.806624146654002949e+00
4.908288716902980298e+00
5.011363408719612167e+00
5.115924118979325641e+00
5.222002922312599438e+00
5.329685221207528301e+00
5.439009832454356541e+00
5.550073228297399908e+00
5.662922238288915722e+00
5.777666369438872351e+00
5.894362087495061964e+00
6.013134434975183851e+00
6.134051613469932107e+00
6.257257425255361660e+00
6.382834555311537983e+00
6.510949777078330669e+00
6.641703893958881721e+00
6.775292220756884198e+00
6.911838534175045901e+00
7.051574139382080553e+00
7.194652309651205613e+00
7.341350369342269921e+00
7.491859835561698766e+00
7.646517488809892349e+00
7.805564566817415617e+00
7.969414629648846393e+00
8.138372610875103774e+00
8.312947789976435686e+00
8.493522224860031500e+00
8.680704924573630521e+00
8.874978458235224466e+00
9.077193937610223529e+00
9.291780545864838814e+00
9.529744579632170698e+00
9.791583876365837824e+00
1.006638285898136509e+01
1.034388502581190750e+01
1.061461723272218194e+01
1.087133552355675192e+01
1.110815586361067453e+01
1.132150569647093796e+01
1.150977129035821811e+01
1.167379695940783968e+01
1.181589814726196686e+01
1.193946403766568487e+01
1.204780776563498002e+01
1.214401537893959571e+01
1.223043520234729442e+01
1.230896005621826994e+01
1.238085949446635148e+01
1.244712677705520676e+01
1.250836587217723661e+01
1.256506471115890378e+01
1.261747672882086668e+01
1.266581917144425162e+01
1.271015704708135274e+01
1.275054517516928598e+01
1.278692571671067668e+01
1.281922627673555226e+01
1.284727264076511766e+01
1.287087066580110317e+01
1.289051804116335909e+01
1.292822733275499658e+01
1.299746094342349068e+01
1.306740049235123280e+01
1.313507803813931041e+01
1.320057099478882634e+01
1.326380581123174807e+01
1.332488063410388968e+01
1.338375588441633823e+01
1.344052161184894700e+01
1.349515636136475649e+01
1.354774669402938692e+01
1.359828271686945200e+01
1.364684848317889276e+01
1.369344182545306055e+01
1.373814425642565418e+01
1.378095877654378043e+01
1.382196405285672292e+01
1.386116644231713835e+01
1.389864143411647213e+01
1.393439742246422064e+01
1.396850644136197950e+01
1.400097795023359204e+01
1.403188032665659435e+01
1.406122337709850001e+01
1.408907169557429029e+01
1.411543490663505196e+01
1.414037375741280655e+01
1.416389730402349834e+01
1.418606243494085639e+01
1.420687735910571448e+01
1.422639513444875448e+01
1.424462292575904776e+01
1.426161001839722076e+01
1.427736239818838015e+01
1.429192565764163980e+01
1.430530451628390409e+01
1.431754096905942042e+01
1.432863841854141285e+01
1.433863536865593247e+01
1.434753388345686531e+01
1.435536909118225601e+01
1.436214172011427337e+01
1.436788364632722370e+01
1.437259428728342847e+01
1.437630240011073823e+01
1.437900613927950211e+01
1.438073128987420901e+01
1.438147481793728311e+01
1.438125970427492106e+01
1.438008183562907760e+01
1.437796158859846507e+01
1.437489392738207705e+01
1.437089687410134786e+01
1.436596469506037188e+01
1.436011338298966677e+01
1.435333682919667275e+01
1.434564943505067269e+01
1.433704518270008066e+01
1.432753748769215640e+01
1.431712109684010770e+01
1.430580929161004633e+01
1.429359855904595022e+01
1.428050325698674783e+01
1.426652302352989388e+01
1.425167502075306203e+01
1.423596407057076618e+01
1.421941260338649116e+01
1.420203353286797032e+01
1.418385804805226158e+01
1.416491126313930948e+01
1.414523799975917484e+01
1.412488126019581358e+01
1.410390613467919785e+01
1.408238112331052427e+01
1.406040023608733414e+01
1.403806708095459221e+01
1.401551503579920244e+01
1.399289374403708841e+01
1.397038683049501451e+01
1.394819990208372751e+01
1.392657457720553538e+01
1.390577627127471239e+01
1.388610244752872802e+01
1.386786774703473846e+01
1.385140405223338078e+01
1.383704098941223926e+01
1.382509702867869272e+01
1.381585646698949610e+01
1.380955523880630764e+01
1.380636072042287310e+01
