2.785143874335904002e+02
2.781150776133351314e+02
2.773182216615629159e+02
2.761273321012078554e+02
2.745476468000493355e+02
2.725860850172230698e+02
2.702512015080323522e+02
2.675531152675637259e+02
2.645034433337162341e+02
2.611152051099301161e+02
2.574027388692548470e+02
2.533815854652204109e+02
2.490683912670839106e+02
2.444807757882151407e+02
2.396372253006379651e+02
2.345569493904201579e+02
2.292597697848739244e+02
2.237659710667035995e+02
2.180961892924552501e+02
2.122712620605560687e+02
2.063121213123981477e+02
2.002396476693589591e+02
1.940745714106658397e+02
1.878373354999135643e+02
1.815480081608075693e+02
1.752261583454060485e+02
1.688907826229526847e+02
1.625601960482455297e+02
1.562519752884794855e+02
1.499828669832381820e+02
1.437687482094627569e+02
1.376245535368444735e+02
1.315642531198004406e+02
1.256007987924875806e+02
1.197461193219890561e+02
1.140110850984780910e+02
1.084055194209692417e+02
1.029381806544667342e+02
9.761678787511696953e+01
9.244801881150738154e+01
8.743754776638348858e+01
8.259005724752350375e+01
7.790928581482020832e+01
7.339805104115367840e+01
6.905830480411543704e+01
6.489116509378409603e+01
6.089697626728628421e+01
5.707534722566920493e+01
5.342521426033258791e+01
4.994488323690922726e+01
4.663209286467124315e+01
4.348405872949619067e+01
4.049753508755289033e+01
3.766885885831298708e+01
3.499400835869050752e+01
3.246864567695951820e+01
3.008817110058894428e+01
2.784776262069098962e+01
2.574242514589675324e+01
2.376702621509647884e+01
2.191633941385754625e+01
2.018507568460439572e+01
1.856792065801871061e+01
1.705956123208528297e+01
1.565471678920596155e+01
1.434816096024520427e+01
1.313474691298748276e+01
1.200942441961930740e+01
1.096725957135196516e+01
1.000344742602725745e+01
9.113326627766531018e+00
8.292388026665213019e+00
7.536284764031098149e+00
6.840837331577833247e+00
6.202039726667795350e+00
5.616061458645043025e+00
5.079250390032767903e+00
4.588132208147831292e+00
4.139410553490542988e+00
3.729964461414615240e+00
3.356846344098476376e+00
3.017277875630288708e+00
2.708646344782403403e+00
2.428499412853581507e+00
2.174540296238316461e+00
1.944621774602606212e+00
1.736740599477018643e+00
1.549031074952473608e+00
1.379759024951927593e+00
1.227315212955136348e+00
1.090209139118663906e+00
9.670625121314075923e-01
8.566030900711327778e-01
7.576583681804841541e-01
6.691496256813136423e-01
5.900859492196089962e-01
5.195586026088891973e-01
4.567354675499492589e-01
4.008558147445865361e-01
3.512252114375641887e-01
3.072107404484808457e-01
2.682363979556319777e-01
2.337787813693092964e-01
2.033629801861029096e-01
1.765587337119552402e-01
1.529768022101069269e-01
1.322655806048023130e-01
1.141079258893810122e-01
9.821820238032948069e-02
8.433953377687090913e-02
7.224124856845175191e-02
6.171652058862077406e-02
5.258017912074951228e-02
4.466669965310574725e-02
3.782834145297998829e-02
3.193344995003992437e-02
2.686488453994520520e-02
2.251859518332800444e-02
1.880230535134336939e-02
1.563433208972326779e-02
1.294252467639477218e-02
1.066348784499119608e-02
8.742637276663755425e-03
7.135128780306177441e-03
5.803211640386551906e-03
4.710440449511624737e-03
3.820582697406371686e-03
3.099500111545356543e-03
2.516718568295900609e-03
2.046117126533579696e-03
1.665925318551829404e-03
1.358344197819799431e-03
1.109000746750448112e-03
9.063816578512936704e-04
7.413094853638251946e-04
6.064956496291666220e-04
4.961717142099957272e-04
4.057936439468928205e-04
3.317964805258779648e-04
2.713724619718546811e-04
2.222514485949355549e-04
1.825099760751279737e-04
1.504626642570568000e-04
1.246408520637940593e-04
1.038030435420497625e-04
8.693283873952561416e-05
7.321655397779970739e-05
6.201092586335366064e-05
5.281007017465332400e-05
4.521652849646791780e-05
3.891747387437197322e-05
3.366594236018363099e-05
2.926617887681586328e-05
2.556235865701641941e-05
2.242986213455395132e-05
1.976857412962106022e-05
1.749768362212303352e-05
1.555167977297434412e-05
1.387732561854029401e-05
1.243130103877292481e-05
1.117797497085624274e-05
1.008785334635465732e-05
9.136433936010202259e-06
8.303295914907018953e-06
7.571361205989479994e-06
6.926303110461700429e-06
6.356061847373042835e-06
5.850455717007295832e-06
5.400859660611401961e-06
4.999946558369170723e-06
4.641471393821861922e-06
4.320097119909638605e-06
4.031247985470151083e-06
3.770990977512205658e-06
3.535934954026419649e-06
3.323149019048628628e-06
3.130092337585595751e-06
2.954557326201948374e-06
2.794620251640606125e-06
2.648601276949989706e-06
2.515029295710041170e-06
2.392613548985424355e-06
2.280218316846320750e-06
2.176842560651491869e-06
2.081601513212828027e-06
1.993711943165591008e-06
1.912478623539075449e-06
1.837283572771961991e-06
1.767576008082573034e-06
1.702864425458893070e-06
1.642709066869005852e-06
1.586716045129063320e-06
1.534531641874511319e-06
1.485837917910236888e-06
1.440348356841666221e-06
1.397804563334880317e-06
1.357972904742699163e-06
1.320642012287859957e-06
1.285620169301871979e-06
1.252733409361448281e-06
1.221823467809561263e-06
1.192746326804175141e-06
1.165370595306073926e-06
1.139576390909115140e-06
1.115254048356860596e-06
1.092303256728850106e-06
1.070632021824295166e-06
1.050155998082563865e-06
1.030797648634959280e-06
1.012485726525282761e-06
9.951545898192527392e-07
9.787437978566810734e-07
9.631975488837551557e-07
9.484643653327996843e-07
9.344966289666267539e-07
9.212503353394877529e-07
9.086847070998715202e-07
8.967620024025436738e-07
8.854471912992282644e-07
8.747078063531469989e-07
8.645136703106778964e-07
8.548367798105424097e-07
8.456510750325304994e-07
8.369323494081632752e-07
8.286580538737798007e-07
8.208072270342997542e-07
8.133603281474964915e-07
8.062991833833693499e-07
7.996068428374632522e-07
7.932675394505685637e-07
7.872665662692445814e-07
7.815902453080496187e-07
7.762258220024267971e-07
7.711614418561739324e-07
7.663860596090960124e-07
7.618894219524016414e-07
7.576619893942610525e-07
7.536949236705116901e-07
7.499800206606761327e-07
7.465097013926150239e-07
7.432769546576468467e-07
7.402753307201609733e-07
7.374988925180243175e-07
7.349422113539439025e-07
7.326003257594533370e-07
7.304687385747289314e-07
7.285433827129984772e-07
7.268206191447641923e-07
7.252972089429128414e-07
7.239703117946927236e-07
7.228374638598585495e-07
7.218965765654804589e-07
7.211459199918088658e-07
7.205841218709234366e-07
7.202101564204251195e-07
7.200233436314239547e-07
