1.397314157177060406e+04
1.396712662224661108e+04
1.395510500719376978e+04
1.393709402079065330e+04
1.391311842843961858e+04
1.388321264301225347e+04
1.384741765291869888e+04
1.380578464146562146e+04
1.375837039387627738e+04
1.370524234823119514e+04
1.364647249918229863e+04
1.358214386443094736e+04
1.351234290853672428e+04
1.343716740446471704e+04
1.335671740633134687e+04
1.327110448125353469e+04
1.318044126505222630e+04
1.308485203548347818e+04
1.298446088979205524e+04
1.287940362642545551e+04
1.276981458785468931e+04
1.265583981409308217e+04
1.253762259834478027e+04
1.241531787209276445e+04
1.228907652486931329e+04
1.215906097736657648e+04
1.202542831992300853e+04
1.188834702706656935e+04
1.174797897215873127e+04
1.160449723402477139e+04
1.145806704758071464e+04
1.130886465075619162e+04
1.115705723284271335e+04
1.100282276778776941e+04
1.084632902344374816e+04
1.068775432552232269e+04
1.052726569189603288e+04
1.036504047006041583e+04
1.020124366115395605e+04
1.003605037269063541e+04
9.869622397031469518e+03
9.702131420427660487e+03
9.533734920315575437e+03
9.364600071355245746e+03
9.194879025148902656e+03
9.024733453969563925e+03
8.854309275345958667e+03
8.683761774550168411e+03
8.513229834972002209e+03
8.342861581166274846e+03
8.172788174084967068e+03
8.003149917566819568e+03
7.834069675331561484e+03
7.665679385216501032e+03
7.498093152391407784e+03
7.331434117396146576e+03
7.165807277333815364e+03
7.001326655826655951e+03
6.838087901013992450e+03
6.676195707905767449e+03
6.515736238874185801e+03
6.356804751529854002e+03
6.199477884072614870e+03
6.043841444729881914e+03
5.889962600841421590e+03
5.737917789067859303e+03
5.587764843440131699e+03
5.439570988957168993e+03
5.293384940042980816e+03
5.149264943796109947e+03
5.007250876370638252e+03
4.867392306010474385e+03
4.729720610803165982e+03
4.594277035729456657e+03
4.461084851021229042e+03
4.330177381787833838e+03
4.201570221823242719e+03
4.075289218951014391e+03
3.951342754541762588e+03
3.829749672575910608e+03
3.710511630307297764e+03
3.593640964219256148e+03
3.479133112143415474e+03
3.366994414842196875e+03
3.257214604380762921e+03
3.149794546095000896e+03
3.044718782007018945e+03
2.941983224553746368e+03
2.841567737181470875e+03
2.743463798583540665e+03
2.647647095102820003e+03
2.554105182588388743e+03
2.462810056598303163e+03
2.373745848653552002e+03
2.286881330084306683e+03
2.202197690880208938e+03
2.119660920827547216e+03
2.039249732956938942e+03
1.960927750619813423e+03
1.884671654621053904e+03
1.810443085987771610e+03
1.738217117565510762e+03
1.667953757828535345e+03
1.599626875985809875e+03
1.533195159837245683e+03
1.468631661293729394e+03
1.405894017235883211e+03
1.344954834521577141e+03
1.285770921092689832e+03
1.228314803584725723e+03
1.172542626925305967e+03
1.118427205843870752e+03
1.065924119346436783e+03
1.015006859255688710e+03
9.656304478579313582e+02
9.177694891904487804e+02
8.713783595912721012e+02
8.264333407523423602e+02
7.828885594365819998e+02
7.407263199464030095e+02
6.999296847637230030e+02
6.606709827460476845e+02
6.238559275368043018e+02
5.915174238307771475e+02
5.647093135235747923e+02
5.426563908263796066e+02
5.241720133126791552e+02
5.081648284072757065e+02
4.937909840440652829e+02
4.803866026738008372e+02
4.674705403453593249e+02
4.546719659141659236e+02
4.417310996884486372e+02
4.284581880715672924e+02
4.147595296696342189e+02
4.006468763810445353e+02
3.863163084004358439e+02
3.722112798200363386e+02
3.590669622703643995e+02
3.477473160491909425e+02
3.388759246518957866e+02
3.324987154772598501e+02
3.281647980387683106e+02
3.252543394599312023e+02
3.232444401401708660e+02
3.217731134479641923e+02
3.206200843415396662e+02
3.196514385475574613e+02
3.187915952961763537e+02
3.179922178222984144e+02
3.172274112962797403e+02
3.164774913206091469e+02
3.157334491124300371e+02
3.149849531006798884e+02
3.142286963444633443e+02
3.134564305220262668e+02
3.126666403731314290e+02
3.118565926780893278e+02
3.110750282127534092e+02
3.103634140980057055e+02
3.097153755807032667e+02
3.091262831060279268e+02
3.085886442766616824e+02
3.080980160322192205e+02
3.076488993869464821e+02
3.072374909986120883e+02
3.068596361101800198e+02
3.065121765923278190e+02
3.061919372817123417e+02
3.058963214257461232e+02
3.056228901240402820e+02
3.053695110102085550e+02
3.051343063715194717e+02
3.049155197456654491e+02
3.047117045193081140e+02
3.045214055885713833e+02
3.043435092932728026e+02
3.041768012935344814e+02
3.040204261996893251e+02
3.038733620642918254e+02
3.037349546032068019e+02
3.036043360035508840e+02
3.034810091143477848e+02
3.033642301281334426e+02
3.032536250456917628e+02
3.031485503664786734e+02
3.030487288613007877e+02
3.029535986814980220e+02
3.028629587903129732e+02
3.027763142743064009e+02
3.026935241624020136e+02
3.026141488302674247e+02
3.025380946730691676e+02
3.024649681040679070e+02
3.023947128358653913e+02
3.023269739381984778e+02
3.022617244514698314e+02
3.021986421854398941e+02
3.021377231258409211e+02
3.020786730567694462e+02
3.020215057872776470e+02
3.019659512179207468e+02
3.019120368527344453e+02
3.018595135705039638e+02
3.018084192297069421e+02
3.017585231230685849e+02
3.017098707516790910e+02
3.016622477192287306e+02
3.016157049635052090e+02
3.015700426709814224e+02
3.015253154219199132e+02
3.014813365666492473e+02
3.014381628741812165e+02
3.013956197009433140e+02
3.013537648395054589e+02
3.013124347229610294e+02
3.012716872558046362e+02
3.012313692281288127e+02
3.011915379794390901e+02
3.011520501430150603e+02
3.011129620491381615e+02
3.010741398788311471e+02
3.010356387586791698e+02
3.009973343728844384e+02
3.009592807401419350e+02
3.009213633123422937e+02
3.008836354571409402e+02
3.008459930598880874e+02
3.008084897656584076e+02
3.007710330976292425e+02
3.007336785410483913e+02
3.006963471956814260e+02
3.006590988121991472e+02
3.006218710067674351e+02
3.005847313860865029e+02
3.005476383637353592e+02
3.005106725268136074e+02
3.004738190939512492e+02
3.004371786663908210e+02
3.004007713292045878e+02
3.003647268546051237e+02
3.003291103176678121e+02
3.002940916105972065e+02
3.002597921362663556e+02
3.002264330526673461e+02
3.001942020280544057e+02
3.001633789032861159e+02
3.001342206604726925e+02
3.001070623405505557e+02
3.000822177111942892e+02
3.000600530585858792e+02
3.000409016573983081e+02
3.000251098566191672e+02
3.000129666970208291e+02
3.000047262554588769e+02
3.000005589897299956e+02
