3.000965695101621145e-01
3.000965695101621145e-01
3.000965695101621145e-01
3.000965695101621145e-01
3.000965695101621145e-01
3.000965695101621145e-01
3.000965695101621145e-01
3.000965695101621145e-01
3.000965695101621145e-01
3.000965695101621145e-01
3.000965695101621145e-01
3.000965695101621145e-01
3.000965695101621145e-01
3.000965695101621145e-01
3.000965695101621145e-01
3.000965695101621145e-01
3.000965695101621145e-01
3.000965695101621145e-01
3.000965695101621145e-01
3.000965695101621145e-01
3.000965695101621145e-01
3.000965695101621145e-01
3.000965695101621145e-01
3.000965695101621145e-01
3.000965695101621145e-01
3.000965695101621145e-01
3.000965695101621145e-01
3.000965695101621145e-01
3.000965695101621145e-01
3.000965695101621145e-01
3.000965695101621145e-01
3.000965695101621145e-01
3.000965695101621145e-01
3.000965695101621145e-01
3.000965695101621145e-01
3.000965695101621145e-01
3.000965695101621145e-01
3.000965695101621145e-01
3.000965695101621145e-01
3.000965695101621145e-01
3.000965695101621145e-01
3.000965695101621145e-01
3.000965695101621145e-01
3.000965695101621145e-01
3.000965695101621145e-01
3.000965695101621145e-01
3.000965695101621145e-01
3.000965695101621145e-01
3.000965695101621145e-01
3.000965695101621145e-01
3.000965695101621145e-01
3.000965695101621145e-01
3.000965695101621145e-01
3.000965695101621145e-01
3.000965695101621145e-01
3.000965695101621145e-01
3.000965695101621145e-01
3.000965695101621145e-01
3.000965695101621145e-01
3.000965695101621145e-01
3.000965695101621145e-01
3.000965695101621145e-01
3.000965695101621145e-01
3.000965695101621145e-01
3.000965695101621145e-01
3.000965695101621145e-01
3.000965695101621145e-01
3.000965695101621145e-01
3.000965695101621145e-01
3.000965695101621145e-01
3.000965695101621145e-01
3.000965695101621145e-01
3.000965695101621145e-01
3.000965695101621145e-01
3.000965695101621145e-01
3.000965695101621145e-01
3.000965695101621145e-01
3.000965695101621145e-01
3.000965695101621145e-01
3.000965695101621145e-01
3.000965695101621145e-01
3.000965695101621145e-01
3.000965695101621145e-01
3.000965695101621145e-01
3.000965695101621145e-01
3.000965695101621145e-01
3.000965695101621145e-01
3.000965695101621145e-01
3.000965695101621145e-01
3.000965695101621145e-01
3.000965695101621145e-01
3.000965695101621145e-01
3.000965695101621145e-01
3.000965695101621145e-01
3.000965695101621145e-01
3.000965695101621145e-01
3.000965695101621145e-01
3.000965695101621145e-01
3.000965695101621145e-01
3.000965695101621145e-01
3.000965695101621145e-01
3.000965695101621145e-01
3.000965695101621145e-01
3.000965695101620589e-01
3.000965695101620034e-01
3.000965695101616149e-01
3.000965695101596720e-01
3.000965695101484587e-01
3.000965695100841213e-01
3.000965695097046471e-01
3.000965695074058193e-01
3.000965694930985972e-01
3.000965694015746976e-01
3.000965687994926467e-01
3.000965647273112769e-01
3.000965364208149078e-01
3.000963345751688771e-01
3.000948627089556342e-01
3.000839609678613851e-01
3.000029151424903895e-01
2.994145118664593430e-01
2.955784680068871406e-01
2.785529372242864232e-01
2.435355919098514677e-01
2.064501070166925301e-01
1.768124108587542931e-01
1.556510146239617198e-01
1.419816715814357089e-01
1.345126861145181374e-01
1.320850792327424028e-01
1.337405271252459782e-01
1.387400536189276612e-01
1.464530389866237348e-01
1.562346798378675128e-01
1.671325179303193020e-01
1.775026529228720673e-01
1.844669276887718201e-01
1.837958265693754589e-01
1.711449190146524246e-01
1.456228611777842241e-01
1.126600187846393680e-01
8.094685142423152513e-02
5.624594010780049891e-02
3.951765819040060218e-02
2.908141546942653519e-02
2.286510877786186377e-02
1.928496310523996476e-02
1.732365015833883803e-02
1.636428069074392228e-02
1.604280553770376025e-02
1.614090937670859677e-02
1.653266796267323716e-02
1.714380109109900352e-02
1.794003503125685128e-02
1.890651059480931775e-02
2.005310454982333832e-02
2.138337895594429744e-02
2.236460632965409784e-02
2.145140035987411209e-02
2.022456178863387202e-02
1.909039374685453025e-02
1.804704328713408260e-02
1.709000615882009730e-02
1.621063605309927547e-02
1.540411061093986678e-02
1.466343364904483873e-02
1.398413275186941897e-02
1.336043366509772831e-02
1.278839203952684619e-02
1.226323415858516022e-02
1.178158225963223463e-02
1.133950003049710546e-02
1.093414813755048606e-02
1.056229017841100841e-02
1.022156890131678195e-02
9.909329609177074810e-03
9.623632733992765892e-03
9.362304833646707333e-03
9.123761541305848433e-03
8.906226681965284317e-03
8.708414965849425871e-03
8.528878277182736986e-03
8.366582172318129396e-03
8.220350258650099134e-03
8.089358676770486492e-03
7.972657388169811579e-03
7.869600233974829995e-03
7.779427378158691210e-03
7.701644023224676200e-03
7.635652082297305840e-03
7.581087467256913091e-03
7.537491819873795053e-03
7.504616021906516075e-03
7.482124838846106879e-03
7.469872649658404994e-03
7.467635366431220681e-03
7.475363158421805682e-03
7.492935154248486426e-03
7.520393017342421119e-03
7.557714815386592545e-03
7.605032608438000788e-03
7.662422553867194626e-03
7.730109136509881289e-03
7.808269116850672861e-03
7.897224624005640126e-03
7.997258986864489577e-03
8.108800596521205037e-03
8.232249011266862954e-03
8.368151254106417219e-03
8.517036872411521894e-03
8.679588152219750927e-03
8.856483055816181602e-03
9.048560694123863185e-03
9.256671269008096350e-03
9.481838034998770620e-03
9.725113540211665838e-03
9.987739212774319683e-03
1.027100731900150270e-02
1.057641920438930939e-02
1.090555245064837517e-02
1.126021864641360733e-02
1.164233518341692940e-02
1.205408315916028580e-02
1.249778302426236658e-02
1.297605270657139348e-02
1.349168575429212334e-02
1.404780880514405750e-02
1.464775969302097025e-02
1.529524160043936598e-02
1.599419634759930223e-02
1.674894935300744875e-02
1.756406924948525697e-02
1.844449218341062680e-02
1.939535187240859146e-02
2.042206246266355454e-02
2.153009172557651674e-02
2.272496723337955743e-02
2.401194852034274282e-02
2.539590150354825021e-02
2.688080471984682224e-02
2.846941651986045069e-02
3.016253618943911738e-02
3.195838604360998203e-02
3.385157101285223707e-02
3.583215983788570758e-02
3.788441136301527040e-02
3.998574669153701078e-02
4.210562296310196156e-02
4.420500484834467836e-02
4.623625719885573332e-02
4.814419402356361760e-02
4.986814769944187403e-02
5.134554235918693116e-02
5.251651228729567467e-02
5.332937728702312474e-02
5.374596009500572785e-02
