2.512010483616206744e-10
2.513893342993927371e-10
2.517662747335216478e-10
2.523327178015695311e-10
2.530897741146532693e-10
2.540391509502465501e-10
2.551827158655566115e-10
2.565230574761421279e-10
2.580628254015709657e-10
2.598055233809738893e-10
2.617546188827368713e-10
2.639145767408715807e-10
2.662897293701993169e-10
2.688855616760126364e-10
2.717073302777407617e-10
2.747616131928138462e-10
2.780546637418923419e-10
2.815942414842284990e-10
2.853876835088298363e-10
2.894440363566261139e-10
2.937718241412492355e-10
2.983815047929209083e-10
3.032829108405162615e-10
3.084880573215655281e-10
3.140082270258907280e-10
3.198571619135099153e-10
3.260477600919193862e-10
3.325956876592445615e-10
3.395156495720330786e-10
3.468254645896707422e-10
3.545418663833956571e-10
3.626850908215974660e-10
3.712741570524999030e-10
3.803320238817992496e-10
3.898802929888183113e-10
3.999449997767877496e-10
4.105506721883604189e-10
4.217268313537380892e-10
4.335013294597986191e-10
4.459076470181546565e-10
4.589774216803997186e-10
4.727486422777653632e-10
4.872572670877857172e-10
5.025464302940823595e-10
5.186570326695825834e-10
5.356380941699325434e-10
5.535361819150239055e-10
5.724070637427988407e-10
5.923038172785830944e-10
6.132899640156665564e-10
6.354260786017397431e-10
6.587846120778229343e-10
6.834347916113968677e-10
7.094593757615111117e-10
7.369376009403040763e-10
7.659641520080238359e-10
7.966298717704040237e-10
8.290432780969954114e-10
8.633087055757394307e-10
8.995507572274441683e-10
9.378894915979739331e-10
9.784682648983217786e-10
1.021425510559123340e-09
1.066926508587430616e-09
1.115131225782413424e-09
1.166230646152134270e-09
1.220410045942546067e-09
1.277890635691438056e-09
1.338887531685974697e-09
1.403657601136181737e-09
1.472451256598428641e-09
1.545567566469044725e-09
1.623298836255139097e-09
1.705994254244718393e-09
1.793996026976832813e-09
1.887713083589193710e-09
1.987547294534463861e-09
2.093979069300109697e-09
2.207481897375246416e-09
2.328622057633543640e-09
2.457959366149622257e-09
2.596163690752500219e-09
2.743899355432875327e-09
2.901961745442216126e-09
3.071142282114717043e-09
3.252389145240600775e-09
3.446649068602328302e-09
3.655057140602908859e-09
3.878750845275224922e-09
4.119095087170130152e-09
4.377462870163740468e-09
4.655503206234792068e-09
4.954881526151751629e-09
5.277600079644370652e-09
5.625689530124671022e-09
6.001593980752984683e-09
6.407803116044265954e-09
6.847317295241952328e-09
7.323206927892649607e-09
7.839177444339160761e-09
8.399039142039976155e-09
9.007397672685275491e-09
9.669013114809881026e-09
1.038964948345478120e-08
1.117529591995093381e-08
1.203321947368009207e-08
1.297101356276193869e-08
1.399791314570983962e-08
1.512362531251273297e-08
1.635998684072511052e-08
1.771951795771971622e-08
1.921753206098156477e-08
2.087033496944853921e-08
2.269793984000921397e-08
2.472180861369648287e-08
2.696838921184995322e-08
2.946626050275585406e-08
3.225080580739092796e-08
3.536057336748812375e-08
3.884355054808796385e-08
4.275248236530099706e-08
4.715345040947206843e-08
5.211979371513896851e-08
5.774409012549543500e-08
6.413018475124733644e-08
7.141034019099199795e-08
7.973468509629327414e-08
8.929647557816798428e-08
1.003180328471339781e-07
1.130891882643599835e-07
1.279486080200608212e-07
1.453443319786106125e-07
1.658102980256671062e-07
1.900633673778849895e-07
2.189909433706202293e-07
2.538634669690185009e-07
2.978526981189466431e-07
3.593366064581719370e-07
4.476134578908967232e-07
5.700600701209507459e-07
7.357521719071858865e-07
9.550613659327510987e-07
1.241003895986148476e-06
1.608664548775965705e-06
2.076586414508341956e-06
2.666060416909115975e-06
3.402784485415062024e-06
4.315904684962210891e-06
5.440137018808983424e-06
6.814435747600024273e-06
8.484808434806578181e-06
1.050246894846958177e-05
1.292767149677980803e-05
1.582719171609473372e-05
1.927966732741234664e-05
2.337224894210981815e-05
2.820820469594385153e-05
3.390261835855082757e-05
4.059348767008252108e-05
4.843649444546622090e-05
5.762170885533550945e-05
6.836794979880609691e-05
8.094891849732389162e-05
9.568947398876582382e-05
1.130044525256362436e-04
1.331537874081999801e-04
1.489227828678959793e-04
1.536903671573599899e-04
1.574206511698882679e-04
1.611067362431677758e-04
1.647602918398784774e-04
1.683913303481650769e-04
1.719990383117704950e-04
1.755904252057517028e-04
1.791667666580884662e-04
1.827339806659465605e-04
1.862944157959908070e-04
1.898534210927834993e-04
1.934139896849364063e-04
1.969811372057703896e-04
2.005582924073805488e-04
2.041502722587121049e-04
2.077608352386382925e-04
2.113946939043799761e-04
2.150558869778161663e-04
2.187490995323897517e-04
2.224786354253584827e-04
2.262492219344460083e-04
2.300654357863490915e-04
2.339321138774380876e-04
2.378541300255486944e-04
2.418364987420218773e-04
2.458844281461022635e-04
2.500031809295053171e-04
2.541983479308558059e-04
2.584755148217609405e-04
2.628407141180029286e-04
2.672999351001494159e-04
2.718597215594155164e-04
2.765265544895135780e-04
2.813075698565488934e-04
2.862098376955814097e-04
2.912411794297080424e-04
2.964093625509036604e-04
3.017230009942579506e-04
3.071906811598970870e-04
3.128219319028670677e-04
3.186262949678532789e-04
3.246143534967326242e-04
3.307967577814027943e-04
3.371853029493991193e-04
3.437919191122708047e-04
3.506297901249242352e-04
3.577123155478751488e-04
3.650542630797162878e-04
3.726707080725710297e-04
3.805782123190421906e-04
3.887937449186017538e-04
3.973358793602996004e-04
4.062236969865014899e-04
4.154779923885238216e-04
4.251201570302165435e-04
4.351733792584314251e-04
4.456615000265267768e-04
4.566101873380463689e-04
4.680457472076705698e-04
4.799962415832328055e-04
4.924902238246934216e-04
5.055577518117865569e-04
5.192289956040334028e-04
5.335350703586781056e-04
5.485064308832579300e-04
5.641734082695732668e-04
5.805642579382253509e-04
5.977052262568329551e-04
6.156180537999888375e-04
6.343193252755999082e-04
6.538171557352565099e-04
6.741095064161495677e-04
6.951797320497309259e-04
7.169935341239221452e-04
7.394931143079474687e-04
7.625926239275054516e-04
7.861710495298073441e-04
8.100666657978312750e-04
8.340697936609236564e-04
8.579182092597661393e-04
8.812928220643687170e-04
9.038182482768665395e-04
9.250667651199649937e-04
9.445700110287497901e-04
9.618368752747502321e-04
9.763800282487846045e-04
9.877476355755912627e-04
9.955588971660952243e-04
9.995372997693599375e-04
