4.905287598196384380e+00
4.905644629907736309e+00
4.906358639554752266e+00
4.907429474416210802e+00
4.908856973154816394e+00
4.910640830273079516e+00
4.912780776840773633e+00
4.915276354472949194e+00
4.918127186592380795e+00
4.921332661756773419e+00
4.924892295662331776e+00
4.928805323577138964e+00
4.933071153361726857e+00
4.937688866694875500e+00
4.942657763457526165e+00
4.947976771365447668e+00
4.953645082134745081e+00
4.959661469062440986e+00
4.966025015464902381e+00
4.972734339672861381e+00
4.979788416308704946e+00
4.987185708085721814e+00
4.994925080566944509e+00
5.003004840079735338e+00
5.011423742677409088e+00
5.020179937399202430e+00
5.029272070237074566e+00
5.038698131887175080e+00
5.048456657608045184e+00
5.058545478522677108e+00
5.068963018341362314e+00
5.079706947182717869e+00
5.090775576224777055e+00
5.102166412919092231e+00
5.113877654727589039e+00
5.125906644504980569e+00
5.138251464577178851e+00
5.150909290963587850e+00
5.163878089155712559e+00
5.177154865741772305e+00
5.190737467351793200e+00
5.204622728131941933e+00
5.218808373435860126e+00
5.233291061474121264e+00
5.248068393450813218e+00
5.263136847584371836e+00
5.278493897514227484e+00
5.294135836751583390e+00
5.310060007313929908e+00
5.326262512517502046e+00
5.342740557938177481e+00
5.359490050299804409e+00
5.376508053009318999e+00
5.393790268725902060e+00
5.411333611876369076e+00
5.429133572307725863e+00
5.447186907356730501e+00
5.465488883790980523e+00
5.484036092184903843e+00
5.502823564139631252e+00
5.521847711907252432e+00
5.541103317644953563e+00
5.560586601430220099e+00
5.580292079047364240e+00
5.600215761748777332e+00
5.620351878787598565e+00
5.640696212504563434e+00
5.661242681504092822e+00
5.681986814881776482e+00
5.702922191586869083e+00
5.724044057850306899e+00
5.745345617875814881e+00
5.766821798779771413e+00
5.788465387295223863e+00
5.810270946787621682e+00
5.832230794125657702e+00
5.854339073582742969e+00
5.876587567405601398e+00
5.898969931636079522e+00
5.921477333165825918e+00
5.944102852697778161e+00
5.966836940177457471e+00
5.989671990236678845e+00
6.012597606807151607e+00
6.035605356447726777e+00
6.058683831686131782e+00
6.081823587723173219e+00
6.105011992811955501e+00
6.128238354395564080e+00
6.151488544396713998e+00
6.174750323268159313e+00
6.198007730682852490e+00
6.221246623861455660e+00
6.244448835206328319e+00
6.267597962385619503e+00
6.290673324414298051e+00
6.313656088603948113e+00
6.336523120656817554e+00
6.359253622796068761e+00
6.381823082223601951e+00
6.404210725136087135e+00
6.426393900548063698e+00
6.448356774325476160e+00
6.470085548065530823e+00
6.491578785370264448e+00
6.512843677476092275e+00
6.533908014282046928e+00
6.554817104496703628e+00
6.575646610225604149e+00
6.596498818224620031e+00
6.617514691552296213e+00
6.638867555335735915e+00
6.660772539017583149e+00
6.683476155354028947e+00
6.707262377807086118e+00
6.732438208379718958e+00
6.759337583799174709e+00
6.788305003016600558e+00
6.819700199954684905e+00
6.853883253138516096e+00
6.891223780884204508e+00
6.932089911559847550e+00
6.976853219059774069e+00
7.025838968442059240e+00
7.079294744064319467e+00
7.137395854533528095e+00
7.200290515433753313e+00
7.268100427661408958e+00
7.340941787034019228e+00
7.418917282092067467e+00
7.502139796582546261e+00
7.590732605727182225e+00
7.684872746668794719e+00
7.784825055616653167e+00
7.891044288282620833e+00
8.004289944183604177e+00
8.125796945648804837e+00
8.257297585127666650e+00
8.400628425565132673e+00
8.556479938850225508e+00
8.722680961832798729e+00
8.893330716002184388e+00
9.059886999753842929e+00
9.213474405823394164e+00
9.347228191083084781e+00
9.457776520426280698e+00
9.545518067575745391e+00
9.613608194001866281e+00
9.666438391762669724e+00
9.708286429177620747e+00
9.742657366491735971e+00
9.772071221318398671e+00
9.798232313201156174e+00
9.822178849271598011e+00
9.844547399642552321e+00
9.865640521839496913e+00
9.885632045584475946e+00
9.904584084347362705e+00
9.923119679498531909e+00
9.941824513854616185e+00
9.960692229791600738e+00
9.979737569467436842e+00
9.998909664315769774e+00
1.001820392225417500e+01
1.003757788626919201e+01
1.005702180914703270e+01
1.007649979586865463e+01
1.009600098570473214e+01
1.011549458004666313e+01
1.013496988868416970e+01
1.015440009678789401e+01
1.017377508880318437e+01
1.019307121036801078e+01
1.021227901610164146e+01
1.023137739682441705e+01
1.025035755596553244e+01
1.026920045908638635e+01
1.028789789244565966e+01
1.030643252851624858e+01
1.032479665603498908e+01
1.034297436153167560e+01
1.036095835490666062e+01
1.037873390024431153e+01
1.039629405218394531e+01
1.041362505912961112e+01
1.043072025114701518e+01
1.044756670144654365e+01
1.046415795375767921e+01
1.048048177313982521e+01
1.049653186236001723e+01
1.051229656643690369e+01
1.052776969890659942e+01
1.054294008966501650e+01
1.055780162022099589e+01
1.057234352374378261e+01
1.058655971153588560e+01
1.060043974931021005e+01
1.061397754385375336e+01
1.062716293155149927e+01
1.063998978364347892e+01
1.065244815265529610e+01
1.066453184612912963e+01
1.067623108447205915e+01
1.068753958610150789e+01
1.069844769669326290e+01
1.070894902298465290e+01
1.071903399880335250e+01
1.072869610006950047e+01
1.073792581755230557e+01
1.074671648172422600e+01
1.075505861611542713e+01
1.076294539747077472e+01
1.077036736701127850e+01
1.077731754874305103e+01
1.078378649903237552e+01
1.078976710387027182e+01
1.079524995006170940e+01
1.080022782075688959e+01
1.080469137439426852e+01
1.080863335691334015e+01
1.081204457755076653e+01
1.081491785595217259e+01
1.081724428722282028e+01
1.081901694283526894e+01
1.082022742127324655e+01
1.082086932346294894e+01
1.082093509030874223e+01
1.082041927674656989e+01
1.081931568394624144e+01
1.081762046148985057e+01
1.081532955056819212e+01
1.081244165172568117e+01
1.080895600644942434e+01
1.080487527857277819e+01
1.080020371501464460e+01
1.079495000125782767e+01
1.078912585535456437e+01
1.078274892753512049e+01
1.077584188750929073e+01
1.076843543312333296e+01
1.076056791081790998e+01
1.075228845068196826e+01
1.074365707449376472e+01
1.073474783165778490e+01
1.072564913193953728e+01
1.071646644250805736e+01
1.070732216060910069e+01
1.069835690379827930e+01
1.068972764530581721e+01
1.068160606521574607e+01
1.067417330917365526e+01
1.066761395478312480e+01
1.066210658371616127e+01
1.065781372586398312e+01
1.065487025588739023e+01
1.065337316692852987e+01
