1.064529869352776814e+03
1.063114186797684170e+03
1.060288696226182310e+03
1.056065112359768364e+03
1.050460890221284671e+03
1.043499123712548908e+03
1.035208349574534850e+03
1.025622383739521183e+03
1.014780036381040304e+03
1.002724893800500695e+03
9.895049549564520248e+02
9.751723691258270037e+02
9.597830069009094132e+02
9.433961657734962500e+02
9.260740905227804660e+02
9.078816601143143998e+02
8.888858735924279699e+02
8.691555322166244650e+02
8.487607073877976518e+02
8.277724317595340153e+02
8.062621653842419391e+02
7.843015086781579157e+02
7.619616819316643159e+02
7.393132715561368968e+02
7.164257364605250586e+02
6.933671970786641623e+02
6.702039799979319241e+02
6.470004569921615030e+02
6.238186368438528007e+02
6.007180591366108047e+02
5.777554395922259118e+02
5.549846208549512312e+02
5.324562750185521054e+02
5.102179112006274408e+02
4.883136363990460609e+02
4.667842174287227976e+02
4.456668989391259856e+02
4.249955153644633583e+02
4.048003629454536849e+02
3.851083557968087803e+02
3.659429471692471907e+02
3.473243226057006154e+02
3.292693644875688506e+02
3.117918745447640845e+02
2.949025749593135970e+02
2.786093522004430838e+02
2.629172875900854933e+02
2.478289145175026817e+02
2.333442713664463497e+02
2.194611645722553703e+02
2.061752371162142765e+02
1.934802305588805780e+02
1.813680628608737493e+02
1.698290833910137110e+02
1.588521545681215059e+02
1.484248948323184436e+02
1.385337594536454162e+02
1.291642675046058457e+02
1.203010780874035390e+02
1.119281983972732064e+02
1.040290525274802178e+02
9.658666871743120907e+01
8.958373875916878148e+01
8.300278344359780647e+01
7.682620138016797284e+01
7.103641246181936708e+01
6.561589559753261369e+01
6.054731069518028619e+01
5.581352538118432705e+01
5.139771654338608897e+01
4.728338656819075680e+01
4.345444589412203840e+01
3.989521963686669181e+01
3.659051288596813123e+01
3.352560881998770270e+01
3.068631864619917593e+01
2.805897244353716147e+01
2.563045571365451991e+01
2.338819424263848745e+01
2.132017921849750763e+01
1.941494738914151696e+01
1.766159662362217375e+01
1.604976257895051006e+01
1.456962645691962699e+01
1.321188929043941762e+01
1.196777348979753697e+01
1.082899573329653364e+01
9.787763719766378046e+00
8.836748509559431142e+00
7.969077715206255519e+00
7.178307996427260029e+00
6.458415737008258439e+00
5.803770258576267160e+00
5.209122855892099224e+00
4.669581163952298830e+00
4.180597260803944337e+00
3.737943504633282288e+00
3.337700266017653572e+00
2.976233448122051151e+00
2.650182280680010383e+00
2.356438648147467063e+00
2.092135266137154392e+00
1.854626869331303940e+00
1.641478997194096845e+00
1.450451034898915248e+00
1.279485757871059892e+00
1.126694173748151506e+00
9.903459132066723125e-01
8.688557875686480081e-01
7.607750647403359601e-01
6.647796338927800530e-01
5.796621683961600269e-01
5.043217744020331850e-01
4.377570156086806330e-01
3.790569149909197022e-01
3.273947973866828676e-01
2.820205116048755678e-01
2.422550346283096900e-01
2.074837835849848988e-01
1.771519184315807349e-01
1.507586186711206144e-01
1.278530185095163030e-01
1.080293307868947783e-01
9.092334876004096178e-02
7.620830869705230715e-02
6.359189476692123089e-02
5.281274150387540306e-02
4.363788204586231678e-02
3.585980177170837446e-02
2.929427461110536979e-02
2.377788952574065931e-02
1.916622366530524452e-02
1.533177546735168401e-02
1.216242306468608494e-02
9.559733821488249766e-03
7.437750970350053697e-03
5.723552503869353165e-03
4.361821555863423967e-03
3.305712127257554468e-03
2.502624642609247666e-03
1.899118308093701146e-03
1.447978991886634398e-03
1.110873494744419763e-03
8.582847542122596599e-04
6.681164675121315042e-04
5.240927906681267651e-04
4.142932158771781524e-04
3.300050364483963529e-04
2.648424011161698978e-04
2.141102183024816365e-04
1.743362265356510293e-04
1.429398361892010734e-04
1.179898935157164649e-04
9.803340268977821204e-05
8.196930395683971974e-05
6.895873019570881546e-05
5.835803111314741742e-05
4.967080161157082029e-05
4.251154294977083656e-05
3.657944374610658814e-05
3.163819691722803175e-05
2.750134347099226516e-05
2.402079820918186074e-05
2.107847487154139538e-05
1.857961343463460067e-05
1.644789122234573622e-05
1.462148299929235888e-05
1.305028864052648571e-05
1.169347765135886951e-05
1.051749399223829738e-05
9.494571081575286283e-06
8.601690855397435187e-06
7.819669718956768941e-06
7.132493762408241008e-06
6.526723502558444202e-06
5.991064583990240883e-06
5.515974216984472368e-06
5.093380922722687929e-06
4.716420495954876102e-06
4.379251101245044209e-06
4.076873551822717352e-06
3.805008089005270245e-06
3.559970285145034383e-06
3.338588166437275840e-06
3.138115298944328110e-06
2.956174579621178780e-06
2.790696504304688173e-06
2.639880767549610591e-06
2.502151805529000800e-06
2.376132403612614797e-06
2.260611240726904315e-06
2.154524666657659022e-06
2.056932688457667300e-06
1.967006352760110146e-06
1.884009743324638468e-06
1.807291238069633331e-06
1.736269838327106830e-06
1.670429122588365074e-06
1.609306734065097513e-06
1.552490222224044938e-06
1.499608859739305242e-06
1.450330811834891122e-06
1.404356690745873358e-06
1.361417662295029953e-06
1.321270310784582728e-06
1.283695408494594349e-06
1.248493779683741911e-06
1.215485539128339472e-06
1.184506726026908217e-06
1.155408873766299149e-06
1.128056243341574752e-06
1.102325625900173369e-06
1.078104047816130501e-06
1.055288735384321280e-06
1.033785194721005487e-06
1.013507287765088630e-06
9.943756130262015966e-07
9.763176561992494303e-07
9.592664147524483793e-07
9.431605966323395570e-07
9.279434443980655513e-07
9.135629628381934509e-07
8.999709079614927073e-07
8.871230296707466982e-07
8.749781982355495843e-07
8.634986520388922094e-07
8.526492397745816606e-07
8.423976661037410780e-07
8.327138321664478775e-07
8.235700740442375787e-07
8.149405875668710581e-07
8.068016559791348488e-07
7.991311476900321228e-07
7.919087306362477402e-07
7.851154337336896507e-07
7.787338462232685815e-07
7.727477352709996917e-07
7.671422291521105058e-07
7.619034848014569618e-07
7.570188540955360095e-07
7.524765962522508709e-07
7.482660267475873617e-07
7.443772703578599281e-07
7.408013924297684601e-07
7.375301890927874414e-07
7.345563007145883408e-07
7.318730364265398021e-07
7.294744696689690377e-07
7.273552947136396030e-07
7.255109042726222523e-07
7.239372762207503134e-07
7.226310333527380776e-07
7.215893590522162417e-07
7.208100394538419899e-07
7.202914073671827161e-07
7.200323672709823367e-07
