4.134248273028770515e-01
4.132964897813114491e-01
4.130399676715081347e-01
4.126555167961106774e-01
4.121435947316229309e-01
4.115047108160209688e-01
4.107396236140445911e-01
4.098490913943306779e-01
4.088341676696610194e-01
4.076958528367029544e-01
4.064354870068952463e-01
4.050543037721487383e-01
4.035539192886777315e-01
4.019357893952845706e-01
4.002017936660101638e-01
3.983535973621432635e-01
3.963933289314633956e-01
3.943228485191710986e-01
3.921445171633610727e-01
3.898603738219666992e-01
3.874729942973147434e-01
3.849845789544543706e-01
3.823978992034600122e-01
3.797152982878647109e-01
3.769397229630172541e-01
3.740736399205939477e-01
3.711201501257307966e-01
3.680818236137344268e-01
3.649618937889236858e-01
3.617630134818460297e-01
3.584885263694587154e-01
3.551411473147841336e-01
3.517243079418911900e-01
3.482407643945240050e-01
3.446940139906722322e-01
3.410868336320674321e-01
3.374227643723887171e-01
3.337045837853684360e-01
3.299358552080356444e-01
3.261193374317249982e-01
3.222585953270882819e-01
3.183563502598086292e-01
3.144161487673754474e-01
3.104406571200626352e-01
3.064333847004327427e-01
3.023969261306677647e-01
2.983347360040249918e-01
2.942493219826065598e-01
2.901440675450426832e-01
2.860213794249269470e-01
2.818845550702999692e-01
2.777358877431393425e-01
2.735785754329970176e-01
2.694147868730242257e-01
2.652476087117053294e-01
2.610790756218182573e-01
2.569121526097530306e-01
2.527487323016437970e-01
2.485916493583653353e-01
2.444426479187711276e-01
2.403044251893087790e-01
2.361785719088514979e-01
2.320676422940846362e-01
2.279730702648073148e-01
2.238972630488635929e-01
2.198414957720408736e-01
2.158080261584920667e-01
2.117979699462746168e-01
2.078134342602283025e-01
2.038553761635487627e-01
1.999257524291239707e-01
1.960253633801057882e-01
1.921560169421409059e-01
1.883183597622284378e-01
1.845140535875653409e-01
1.807435954824618829e-01
1.770085047493386021e-01
1.733091338883522292e-01
1.696468644521437752e-01
1.660219102122249546e-01
1.624355205213766640e-01
1.588877769645125893e-01
1.553798029914449652e-01
1.519115551373820261e-01
1.484840378846981335e-01
1.450970903385902511e-01
1.417516054803568404e-01
1.384473129758918841e-01
1.351850021961593928e-01
1.319643016183593143e-01
1.287859052136993698e-01
1.256493486708891716e-01
1.225552389895694927e-01
1.195030275101926914e-01
1.164932428069634096e-01
1.135252602430970731e-01
1.105995385344349519e-01
1.077153852592664246e-01
1.048731977687633876e-01
1.020722237591444037e-01
9.931280754558212409e-02
9.659414444245084663e-02
9.391653380355366454e-02
9.127912554177276816e-02
8.868218178386781669e-02
8.612481337834564099e-02
8.360725253567351245e-02
8.112857660167822893e-02
7.868899467803179559e-02
7.628755524953993727e-02
7.392445053820412282e-02
7.159870372742462019e-02
6.931049574134283409e-02
6.705882675299712492e-02
6.484387126276688895e-02
6.266460723436212410e-02
6.052120686231582392e-02
5.841262494007066347e-02
5.633903468603671666e-02
5.429936465453431144e-02
5.229379161900853806e-02
5.032121226332307573e-02
4.838180866256940743e-02
4.647443682615891303e-02
4.459928511765430537e-02
4.275515608543374591e-02
4.094224455358962816e-02
3.915928189269140408e-02
3.740646816479273329e-02
3.568244057682753989e-02
3.398739843390079923e-02
3.231986176503765656e-02
3.067999766546371937e-02
2.906622759771963077e-02
2.747834627397530149e-02
2.591322507215363183e-02
2.434276193483108502e-02
2.270240527040481501e-02
2.101053994507113762e-02
1.934822223651712358e-02
1.777078755160687099e-02
1.631126729005264939e-02
1.498014530677246013e-02
1.377742636480137201e-02
1.269518279008646604e-02
1.172369695374518572e-02
1.085160524524218795e-02
1.006851452225413293e-02
9.364238637550394845e-03
8.730026842088385239e-03
8.157715224876375612e-03
7.640417612598653270e-03
7.171808071506542009e-03
6.746575979694644301e-03
6.359858943641345970e-03
6.007575230524084438e-03
5.685981381345525144e-03
5.391930249612004317e-03
5.122524222330295494e-03
4.875322782342820377e-03
4.648067770098047481e-03
4.438854145688485471e-03
4.245909601684079264e-03
4.067737628496988049e-03
3.902937447500424723e-03
3.750328434820944697e-03
3.608738749520331440e-03
3.477046623003284074e-03
3.354301401653564645e-03
3.239814321208619313e-03
3.132898662373324438e-03
3.032982450061267373e-03
2.939497542369479740e-03
2.851968445739517209e-03
2.769922435331911327e-03
2.692963939837131337e-03
2.620698100469844548e-03
2.552795134221717572e-03
2.488924002286895931e-03
2.428809025966201501e-03
2.372171628383793092e-03
2.318780665794408207e-03
2.268400809723031958e-03
2.220837640590403016e-03
2.175891591154143108e-03
2.133398596768025079e-03
2.093188756673412462e-03
2.055123165424101780e-03
2.019056617520586724e-03
1.984871122917937145e-03
1.952442107074687204e-03
1.921669022571322613e-03
1.892444594213259614e-03
1.864682868790682293e-03
1.838291131564858977e-03
1.813195681078569495e-03
1.789316104511018326e-03
1.766589020285732128e-03
1.744944449104877645e-03
1.724327731227089837e-03
1.704677770152534123e-03
1.685947301968328087e-03
1.668082821621035298e-03
1.651043357277765140e-03
1.634781916379134115e-03
1.619262897514966429e-03
1.604444916136903111e-03
1.590296969220030346e-03
1.576782519513046394e-03
1.563874513649815643e-03
1.551540619817339288e-03
1.539757187523219497e-03
1.528495547114565398e-03
1.517734988724504363e-03
1.507450043613588675e-03
1.497622550611768955e-03
1.488229849126880555e-03
1.479255993425650402e-03
1.470680795642764381e-03
1.462490241308143273e-03
1.454666328023521398e-03
1.447196729581132907e-03
1.440065382338536837e-03
1.433261439951738795e-03
1.426770565026239503e-03
1.420583211792822648e-03
1.414686585468978054e-03
1.409072286044588118e-03
1.403728902056452892e-03
1.398649044944250000e-03
1.393822547708965711e-03
1.389242915979924239e-03
1.384901105369128150e-03
1.380791412403508398e-03
1.376905807367524931e-03
1.373239285561019549e-03
1.369784735107740063e-03
1.366537766579210399e-03
1.363492097715481976e-03
1.360643877323890758e-03
1.357987571220436790e-03
1.355519794536940272e-03
1.353235685609421824e-03
1.351132259541814587e-03
1.349205259451018634e-03
1.347452043493216692e-03
1.345868905966312668e-03
1.344453509952920614e-03
1.343202673984744905e-03
1.342114362204946962e-03
1.341185934248691159e-03
1.340415702296060465e-03
1.339801639974930094e-03
1.339342508371640884e-03
1.339037012800064564e-03
1.338884488913050490e-03
