1.671187276288980783e+01
1.671117905378494939e+01
1.670979158904966155e+01
1.670771091603046798e+01
1.670493689467691922e+01
1.670147061937520405e+01
1.669731185512509342e+01
1.669246224273399903e+01
1.668692144986480486e+01
1.668069166280661264e+01
1.667377244851769191e+01
1.666616653749386856e+01
1.665787339161448344e+01
1.664889628395252075e+01
1.663923456589381544e+01
1.662889205108026403e+01
1.661786797390787385e+01
1.660616668617134550e+01
1.659378729764920735e+01
1.658073469543081657e+01
1.656700785586020785e+01
1.655261219798173400e+01
1.653754655463202283e+01
1.652181687294448764e+01
1.650542183084386139e+01
1.648836789911026557e+01
1.647065358793555845e+01
1.645228588667210801e+01
1.643326312344667173e+01
1.641359280041615065e+01
1.639327304769383531e+01
1.637231187371338947e+01
1.635070719289464236e+01
1.632846751258778895e+01
1.630559051198095588e+01
1.628208518907030822e+01
1.625794896627758135e+01
1.623319132298063394e+01
1.620780940115336222e+01
1.618181315120864028e+01
1.615519940868135507e+01
1.612797858349654234e+01
1.610014717627289116e+01
1.607171604365002793e+01
1.604268132017703152e+01
1.601305429503273103e+01
1.598283070266207240e+01
1.595202224912288180e+01
1.592062423161980078e+01
1.588864875583398550e+01
1.585609064125495138e+01
1.582296237422240637e+01
1.578925825244239078e+01
1.575499112212312802e+01
1.572015471125111929e+01
1.568476220316974157e+01
1.564880670404676266e+01
1.561230170956432239e+01
1.557523964749002587e+01
1.553763429886455327e+01
1.549947735164573714e+01
1.546078284294665472e+01
1.542154165430078017e+01
1.538176804717791590e+01
1.534145202445469280e+01
1.530060803768631139e+01
1.525922513278630177e+01
1.521731791443801818e+01
1.517487438670415223e+01
1.513190926761565969e+01
1.508840942734427415e+01
1.504438965451594612e+01
1.499983558556991525e+01
1.495476203383596925e+01
1.490915329363161135e+01
1.486302415376754027e+01
1.481635744863423199e+01
1.476916788973611361e+01
1.472143672329294972e+01
1.467317852686273127e+01
1.462437281859475746e+01
1.457503398123926708e+01
1.452513965185299938e+01
1.447470395281750832e+01
1.442370247216864776e+01
1.437214900102867254e+01
1.432001689338709660e+01
1.426731953205015913e+01
1.421402783212429988e+01
1.416015468376135189e+01
1.410566833514759644e+01
1.405058109066932204e+01
1.399485827609234967e+01
1.393851150615875412e+01
1.388150289585162511e+01
1.382384325295337923e+01
1.376549115355771491e+01
1.370645646416302021e+01
1.364669384529153184e+01
1.358621206604200182e+01
1.352496143470143686e+01
1.346294943865319560e+01
1.340012152246912791e+01
1.333648367069777585e+01
1.327197585846382744e+01
1.320660229797686291e+01
1.314029676925976275e+01
1.307306137864622464e+01
1.300482283127164607e+01
1.293558070877435462e+01
1.286525356144413301e+01
1.279383791308049290e+01
1.272124281633351828e+01
1.264746104969179008e+01
1.257239047617098748e+01
1.249601923150853544e+01
1.241823182716771967e+01
1.233901057043510896e+01
1.225822381794913873e+01
1.217584646284234573e+01
1.209172701459807620e+01
1.200583080411240289e+01
1.191798154773696083e+01
1.182813206194470546e+01
1.173607452397931183e+01
1.164174510626547487e+01
1.154489507229068046e+01
1.144543802743944383e+01
1.134307107781633661e+01
1.123767637902835936e+01
1.112887814649694640e+01
1.101651227274503597e+01
1.090010593491960122e+01
1.077941638564510640e+01
1.065389609531528592e+01
1.052350892711355357e+01
1.039422446236752684e+01
1.028580911144669408e+01
1.020781356351042923e+01
1.015389006110069836e+01
1.011772798273766405e+01
1.009319658974660427e+01
1.007646610653378616e+01
1.006450840998636131e+01
1.005574120421606032e+01
1.004885773683085226e+01
1.004330344511973472e+01
1.003849746240685903e+01
1.003428039420335516e+01
1.003036262877933638e+01
1.002672807907140040e+01
1.002320795571825229e+01
1.001983533276245275e+01
1.001649531936577553e+01
1.001323518754852948e+01
1.000996640708423335e+01
1.000673732566069418e+01
1.000347348963342320e+01
1.000021922345531600e+01
9.996907894129462235e+00
9.993577480421667047e+00
9.990165140780066011e+00
9.986700817482198289e+00
9.983121542766719259e+00
9.979447604845566033e+00
9.975609267999610452e+00
9.971700379129492475e+00
9.967954300204475260e+00
9.964549755803385978e+00
9.961407640511033890e+00
9.958545233276357322e+00
9.955896551866457500e+00
9.953476423150027230e+00
9.951229008181959657e+00
9.949169563714477249e+00
9.947249549025857007e+00
9.945484983067601092e+00
9.943833068524218888e+00
9.942310441119197151e+00
9.940878973639597049e+00
9.939555678092537150e+00
9.938306291148894189e+00
9.937147968169009360e+00
9.936049683375168584e+00
9.935028538659892661e+00
9.934056251369854706e+00
9.933149713766624700e+00
9.932282992214856776e+00
9.931472650227025412e+00
9.930694786658435191e+00
9.929965548219543692e+00
9.929262810252142302e+00
9.928602239561485021e+00
9.927963279469782520e+00
9.927361073287928050e+00
9.926776461280365282e+00
9.926224034657353812e+00
9.925685889296307352e+00
9.925176047037819416e+00
9.924677741730704383e+00
9.924204417044499849e+00
9.923740346159112491e+00
9.923298392014020308e+00
9.922863783822727157e+00
9.922448805771917790e+00
9.922039572289769183e+00
9.921647794028892520e+00
9.921260410043613476e+00
9.920888564941359178e+00
9.920519970277354105e+00
9.920165213656172654e+00
9.919812734084453965e+00
9.919472572245492614e+00
9.919133855540579248e+00
9.918806088503549390e+00
9.918479053033847137e+00
9.918161728770044760e+00
9.917844522755817849e+00
9.917535901392385611e+00
9.917226871633712193e+00
9.916925398756568200e+00
9.916623068279806219e+00
9.916327357119094188e+00
9.916030411874059425e+00
9.915739234882767761e+00
9.915446520411670406e+00
9.915158811617796886e+00
9.914869341589099605e+00
9.914584212197489421e+00
9.914297191939926535e+00
9.914013963068681434e+00
9.913728832833154314e+00
9.913447091053411597e+00
9.913163595699192143e+00
9.912883279167731487e+00
9.912601573168435820e+00
9.912323098282653788e+00
9.912043896796930653e+00
9.911768336490727194e+00
9.911493123208197531e+00
9.911222445923321800e+00
9.910953743094477630e+00
9.910691111354845262e+00
9.910432800448337076e+00
9.910182901651744203e+00
9.909940544684687325e+00
9.909709873727994278e+00
9.909490916323960619e+00
9.909287845905517145e+00
9.909101490505175747e+00
9.908935876605527326e+00
9.908792352732580966e+00
9.908674420350406464e+00
9.908583473945707709e+00
9.908521955767019662e+00
9.908490754985265880e+00
