3.238483027006957560e+00
nan
3.937246528911899190e+00
nan
4.192060438198423888e+00
nan
4.351031756598498390e+00
nan
4.466535893411808900e+00
nan
4.557032749200973676e+00
nan
4.631207860835520940e+00
nan
4.693848271604217359e+00
nan
4.747874781762469354e+00
nan
4.795201399867263348e+00
nan
4.837150867218110939e+00
nan
4.874675595552301566e+00
nan
4.908484294794664748e+00
nan
4.939118702115542270e+00
nan
4.967002327647943360e+00
nan
4.992472610634374419e+00
nan
5.015802911803302067e+00
nan
5.037217873928158340e+00
nan
5.056904535419365132e+00
nan
5.075020375060596223e+00
nan
5.091699454884341947e+00
nan
5.107057007175736629e+00
nan
5.121192987627454229e+00
nan
5.134194856312319644e+00
nan
5.146139889815650292e+00
nan
5.157096866198966012e+00
nan
5.167127548437655093e+00
nan
5.176287904250150618e+00
nan
5.184629090710235033e+00
nan
5.192198307020958303e+00
nan
5.199039508089614792e+00
nan
5.205194002324597058e+00
nan
5.210701028415223313e+00
nan
5.215598248342655729e+00
nan
5.219922153796140663e+00
nan
5.223708512001423721e+00
nan
5.226992693758263364e+00
nan
5.229810103153812229e+00
nan
5.232196456437273824e+00
nan
5.234188237450177361e+00
nan
5.235823013973416096e+00
nan
5.237139862718538375e+00
nan
5.238179889144046086e+00
nan
5.238986702156242181e+00
nan
5.239607123227173702e+00
nan
5.240091921237778116e+00
nan
5.240496831053391702e+00
nan
5.240883868847991067e+00
nan
5.241322966344280410e+00
nan
5.241894148445712887e+00
nan
5.242690573079061167e+00
nan
5.243822499852120345e+00
nan
5.245422845482287322e+00
nan
5.247654979333977288e+00
nan
5.250723751226920477e+00
nan
5.254891481662567365e+00
nan
5.260501818666965868e+00
nan
5.268015866594284446e+00
nan
5.278069276003712673e+00
nan
5.291565836700735659e+00
nan
5.309838580239359729e+00
nan
5.334945581011782068e+00
nan
5.370259039621647190e+00
nan
5.421777340992861127e+00
nan
5.501560179718434362e+00
nan
5.639408172066561420e+00
nan
5.950743261527844830e+00
nan
nan
nan
5.338904559223699664e+00
5.351121499658922254e+00
5.758971253281215397e+00
5.471966265852152844e+00
5.585975831522397961e+00
5.344807700238382253e+00
5.358816406659590470e+00
5.157579627415015189e+00
5.126777345034506439e+00
4.955274010016526454e+00
4.902538687590967115e+00
4.752886863664552486e+00
4.689133908904725700e+00
4.555688152133239299e+00
4.486537866673474539e+00
4.365275929481240880e+00
4.293710219368302106e+00
4.181682076124583425e+00
4.109234503535540206e+00
4.004155596585596832e+00
3.931481520930082407e+00
3.831446127247524203e+00
3.758586980839129676e+00
3.661872003733725567e+00
3.588303161982774547e+00
3.493312474492884512e+00
3.417551253345046725e+00
3.323673558584737453e+00
3.239674179956027356e+00
3.187408494224970301e+00
3.505040159458148619e+00
4.025693994638062101e+00
3.816450248846340099e+00
3.926860156637411059e+00
3.827117425797030403e+00
3.882434753568168695e+00
3.815680784209580789e+00
3.848653932722973181e+00
3.796055511290662654e+00
3.816799919102168204e+00
3.771681660638087408e+00
3.784474936991538474e+00
3.743773989831499893e+00
3.750800138333165279e+00
3.712881642125198223e+00
3.715406419336116262e+00
3.679307455386629844e+00
3.678135540112007718e+00
3.643248426255661698e+00
3.638929128272268443e+00
3.604850003814795922e+00
3.597780034087499246e+00
3.564229084042085827e+00
3.554708075964859049e+00
3.521484260979957703e+00
3.509746630853886273e+00
3.476700454781389116e+00
3.462934576114149454e+00
3.429950918642575175e+00
3.414311113917899210e+00
3.381297983298006127e+00
3.363912263523681112e+00
3.330793186166349340e+00
3.311768379536151219e+00
3.278477104394645458e+00
3.257902332565222547e+00
3.224379053888080549e+00
3.202328136646586998e+00
3.168516739407500893e+00
3.145049891157531530e+00
3.110895903924182804e+00
3.086060958642272034e+00
3.051510009988954053e+00
3.025343335584379290e+00
2.990339985589930194e+00
2.962867204638016450e+00
2.927354075579295056e+00
2.898590686906478808e+00
2.862507858664570914e+00
2.832459848049003082e+00
2.795744521664663917e+00
2.764409057479686016e+00
2.726995530199956441e+00
2.694361863031790261e+00
2.656181907547880972e+00
2.622232634183626843e+00
2.583216439541279996e+00
2.547929360445180702e+00
2.508007284241271506e+00
2.471358187899997727e+00
2.430463703050196322e+00
2.392430568908093580e+00
2.350504983310072848e+00
2.311074330782167507e+00
2.268074142332475951e+00
2.227250597218533468e+00
2.183158753455671786e+00
2.140979391271323085e+00
2.095822282241807333e+00
2.052377964560865298e+00
2.006250691893696203e+00
1.961717406760376647e+00
1.914820635660939407e+00
1.869504590673076283e+00
1.822196723293223464e+00
1.776597016159482401e+00
1.729464505035685384e+00
1.684355159970751803e+00
1.638299255472700722e+00
1.594825418880826406e+00
1.551151440349608279e+00
1.510918566139370256e+00
1.471388660383852409e+00
1.436497593658539795e+00
1.403267568665687026e+00
1.376231443915725272e+00
1.351534770060740076e+00
1.335120778857978197e+00
1.320228337463863033e+00
1.320232113451370815e+00
