2.025104527521689022e+02
2.024426781478741759e+02
2.023072059124768316e+02
2.021041858482941507e+02
2.018338482318819445e+02
2.014964913955729742e+02
2.010924969984724839e+02
2.006223093746333461e+02
2.000864583916274455e+02
1.994855306333028580e+02
1.988201997887736354e+02
1.980911897639354038e+02
1.972993125252555444e+02
1.964454232595483063e+02
1.955304655789676929e+02
1.945554188727280973e+02
1.935213507622918883e+02
1.924293568115457163e+02
1.912806201045312946e+02
1.900763435018069458e+02
1.888178161972102771e+02
1.875063387276589140e+02
1.861432963505014584e+02
1.847300770316037983e+02
1.832681514709359476e+02
1.817589843093942648e+02
1.802041206174461365e+02
1.786050905746117792e+02
1.769635022243414255e+02
1.752809398914090480e+02
1.735590629957748945e+02
1.717994984822421998e+02
1.700039454769506051e+02
1.681740620104940547e+02
1.663115752929719235e+02
1.644181630163973296e+02
1.624955690178682630e+02
1.605454794495714737e+02
1.585696435947105556e+02
1.565697451937217011e+02
1.545475281741641993e+02
1.525046634200172662e+02
1.504428791747623961e+02
1.483638235369081997e+02
1.462691992950309157e+02
1.441606224270668974e+02
1.420397611271112623e+02
1.399081905786383686e+02
1.377675359353926581e+02
1.356193236296390410e+02
1.334651280735322985e+02
1.313064197528906334e+02
1.291447154209531618e+02
1.269814232161106418e+02
1.248179961269880920e+02
1.226557743591428675e+02
1.204961418589313382e+02
1.183403661394836917e+02
1.161897576608165821e+02
1.140455073095132974e+02
1.119088484440188012e+02
1.097808922054472589e+02
1.076627920499806947e+02
1.055555770500819648e+02
1.034603187504591091e+02
1.013779625997206324e+02
9.930949698245719048e+01
9.725578290102882306e+01
9.521772505405317588e+01
9.319609986644680077e+01
9.119172850411203513e+01
8.920530332747470936e+01
8.723756275356242895e+01
8.528911618389386717e+01
8.336062064864700005e+01
8.145260423364710789e+01
7.956564446717192141e+01
7.770019024261155494e+01
7.585674193704747381e+01
7.403567179545373733e+01
7.223740580197257088e+01
7.046224245773922235e+01
6.871053646138884119e+01
6.698251577493090281e+01
6.527846721029433752e+01
6.359855163515553755e+01
6.194299160836259688e+01
6.031188452890742724e+01
5.870539251634187394e+01
5.712355324939868240e+01
5.556647235001468488e+01
5.403413159108843900e+01
5.252658411714340048e+01
5.104375962012921519e+01
4.958566281982132296e+01
4.815217510795127254e+01
4.674325682235246404e+01
4.535874473678663321e+01
4.399855880197549141e+01
4.266249470231576169e+01
4.135043591497954907e+01
4.006214035218246039e+01
3.879745882231005538e+01
3.755611450795785089e+01
3.633792922448488838e+01
3.514259411972864200e+01
3.396990555267170464e+01
3.281952489347212776e+01
3.169122644724659210e+01
3.058464350703768631e+01
2.949953162142782759e+01
2.843549698408900284e+01
2.739227964700105034e+01
2.636945871699722233e+01
2.536676209388573966e+01
2.438374049295619628e+01
2.342011314370728314e+01
2.247539884829707546e+01
2.154930680225640671e+01
2.064128695499163868e+01
1.975078898426926344e+01
1.887560735236840159e+01
1.800731538184589908e+01
1.712935503026842454e+01
1.623843130475084706e+01
1.535000252749138916e+01
1.448154321186254201e+01
1.364662540714073558e+01
1.285365834041237854e+01
1.210717409167482295e+01
1.140853852391150625e+01
1.075722215494228706e+01
1.015128155450171121e+01
9.588054042308177927e+00
9.064224372745954383e+00
8.576002436368620252e+00
8.118813641566655193e+00
7.687199570498624013e+00
7.274922345646680277e+00
6.876438799106760591e+00
6.489295452060617642e+00
6.115450635647072808e+00
5.759372535246088276e+00
5.425111760529770955e+00
5.114728600706167860e+00
4.828448708423474400e+00
4.565297735670174717e+00
4.323745306365113450e+00
4.102036747526373262e+00
3.898430782484465063e+00
3.711255873043713294e+00
3.538986469061858653e+00
3.380218147437277665e+00
3.233701723492575564e+00
3.098297902069850451e+00
2.973005002984190792e+00
2.856905818982773848e+00
2.749183389675168065e+00
2.648966479003684871e+00
2.555514054295874082e+00
2.468291087129517614e+00
2.386806409483269498e+00
2.310619914287518561e+00
2.239323257852627869e+00
2.172546693751232105e+00
2.109949271633043466e+00
2.051220598189259281e+00
1.996075240009684393e+00
1.944252353726253935e+00
1.895512366336743471e+00
1.849635644059919537e+00
1.806420549135545173e+00
1.765681682747017200e+00
1.727248830274110025e+00
1.690965043231475340e+00
1.656686181336710195e+00
1.624278969286962360e+00
1.593620949155678090e+00
1.564598581726682758e+00
1.537107484186927886e+00
1.511050610471180944e+00
1.486338687574016104e+00
1.462888490143347431e+00
1.440623413886749304e+00
1.419471849143862485e+00
1.399367846978851304e+00
1.380249590802115511e+00
1.362060122717961619e+00
1.344745909347434099e+00
1.328257604558471305e+00
1.312548704279968614e+00
1.297576327954271136e+00
1.283299956649547102e+00
1.269682220139207507e+00
1.256687712622160502e+00
1.244283775718624252e+00
1.232439386367518264e+00
1.221125928555431450e+00
1.210316148344332543e+00
1.199984909047532522e+00
1.190108208772157061e+00
1.180663915185355295e+00
1.171630841392117262e+00
1.162989457514205460e+00
1.154721021141857262e+00
1.146808263763742453e+00
1.139234572419156599e+00
1.131984649633846596e+00
1.125043743253168138e+00
1.118398279003586904e+00
1.112035135806126229e+00
1.105942250432524476e+00
1.100107935883734678e+00
1.094521457870217374e+00
1.089172394094435559e+00
1.084051182477349773e+00
1.079148519409438789e+00
1.074455879785503942e+00
1.069964952488898557e+00
1.065668132395997558e+00
1.061557991535465151e+00
1.057627743291070344e+00
1.053870747834277699e+00
1.050280948796419089e+00
1.046852411710412323e+00
1.043579733445176183e+00
1.040457612512510233e+00
1.037481231561795170e+00
1.034645858511954675e+00
1.031947202395184338e+00
1.029381044362713382e+00
1.026943567144720681e+00
1.024631015053659278e+00
1.022439997296507252e+00
1.020367176164258538e+00
1.018409544398557687e+00
1.016564140819704587e+00
1.014828301925639442e+00
1.013199404294314654e+00
1.011675090609893024e+00
1.010253038321080155e+00
1.008931160405522887e+00
1.007707400050781077e+00
1.006579906778330979e+00
1.005546857446561582e+00
1.004606608965452175e+00
1.003757546772453324e+00
1.002998216262190434e+00
1.002327200873446733e+00
1.001743235082902750e+00
1.001245114547945958e+00
1.000831792849022461e+00
1.000502324236727247e+00
1.000255942773395024e+00
1.000092033323695340e+00
1.000010186014335334e+00
