1.658117623688281483e+01
1.658042828144890990e+01
1.657893243499282576e+01
1.657668891935238165e+01
1.657369792743814685e+01
1.656995990242583972e+01
1.656547516474898529e+01
1.656024437791779746e+01
1.655426798825525836e+01
1.654754687809205294e+01
1.654008161733879589e+01
1.653187330511121544e+01
1.652292263192251198e+01
1.651323091110211294e+01
1.650279895007786379e+01
1.649162827326725633e+01
1.647971980059775632e+01
1.646707526387261211e+01
1.645369569034756196e+01
1.643958301490605933e+01
1.642473836616997573e+01
1.640916387716317004e+01
1.639286077108077677e+01
1.637583137347729334e+01
1.635807699445156516e+01
1.633960014576825159e+01
1.632040221583129380e+01
1.630048589553826943e+01
1.627985264201128857e+01
1.625850531739483884e+01
1.623644543688709874e+01
1.621367602512644623e+01
1.619019864361471761e+01
1.616601646979904672e+01
1.614113109849794014e+01
1.611554584927727873e+01
1.608926233597631850e+01
1.606228400850373816e+01
1.603461248400913419e+01
1.600625132979176612e+01
1.597720214906857095e+01
1.594746861230014368e+01
1.591705228986287501e+01
1.588595693976022361e+01
1.585418407880714220e+01
1.582173753541675154e+01
1.578861875014227500e+01
1.575483160301832264e+01
1.572037743346972682e+01
1.568526015255206119e+01
1.564948097131783200e+01
1.561304380925379931e+01
1.557594971918052984e+01
1.553820260423732513e+01
1.549980332626704893e+01
1.546075574486797599e+01
1.542106049496537068e+01
1.538072136275090784e+01
1.533973871674605682e+01
1.529811623690465794e+01
1.525585398190747100e+01
1.521295548933648334e+01
1.516942046017729773e+01
1.512525224981413174e+01
1.508045014872411826e+01
1.503501728612443955e+01
1.498895248358012111e+01
1.494225859550179081e+01
1.489493390980805998e+01
1.484698095217469493e+01
1.479839740493569344e+01
1.474918540508441644e+01
1.469934194919211734e+01
1.464886871873512320e+01
1.459776193486725049e+01
1.454602274878877033e+01
1.449364650561957113e+01
1.444063374235287789e+01
1.438697881470124607e+01
1.433268155083854367e+01
1.427773518875607195e+01
1.422213874067739248e+01
1.416588418094429436e+01
1.410896958393046319e+01
1.405138549348940913e+01
1.399312890670479348e+01
1.393418874510043715e+01
1.387456076805345440e+01
1.381423205279661737e+01
1.375319693532301990e+01
1.369144039004443947e+01
1.362895511325558573e+01
1.356572367325619588e+01
1.350173687290395108e+01
1.343697451583544655e+01
1.337142521168487619e+01
1.330506557203311679e+01
1.323788165643054704e+01
1.316984637041785078e+01
1.310094279534030548e+01
1.303113950665914800e+01
1.296041608976566195e+01
1.288873602453953815e+01
1.281607476912845378e+01
1.274238975821943853e+01
1.266765154660236270e+01
1.259181033120042592e+01
1.251483080145066040e+01
1.243665439824881780e+01
1.235723874389369570e+01
1.227651456052308454e+01
1.219443089113204337e+01
1.211090515751614838e+01
1.202587590861005040e+01
1.193924380519315598e+01
1.185093446274168727e+01
1.176082708066473081e+01
1.166883131832836717e+01
1.157479978659087294e+01
1.147863110618518157e+01
1.138021765118294937e+01
1.127994093051758462e+01
1.118033722347260550e+01
1.108787016719720420e+01
1.100729980176062561e+01
1.093809968812778877e+01
1.087789531719897518e+01
1.082401841178903723e+01
1.077417262415232280e+01
1.072636354807939973e+01
1.067901698858960913e+01
1.063079270950467503e+01
1.058063190581886737e+01
1.052763378740986333e+01
1.047118549329206871e+01
1.041104704455916696e+01
1.034777216935192712e+01
1.028315812095405590e+01
1.022070179022036918e+01
1.016505514698387813e+01
1.012016286239894214e+01
1.008715988743209735e+01
1.006436797125035554e+01
1.004889239807122792e+01
1.003812425470829162e+01
1.003019901089778543e+01
1.002396289609619551e+01
1.001870665302866925e+01
1.001402745209318113e+01
1.000966596675296572e+01
1.000548282883661777e+01
1.000137130932033180e+01
9.997282375658015141e+00
9.993159231775214479e+00
9.988983374565902906e+00
9.984708735067563623e+00
9.980326188550558086e+00
9.975819718043727136e+00
9.971460596737063753e+00
9.967482082408746891e+00
9.963851064424916970e+00
9.960543728084271464e+00
9.957519761844048745e+00
9.954755606912247146e+00
9.952221462958261711e+00
9.949896839452938124e+00
9.947759062785744177e+00
9.945790928426729849e+00
9.943975002272438246e+00
9.942297017528703762e+00
9.940743513256961705e+00
9.939302694587917486e+00
9.937964153155791180e+00
9.936718119480133282e+00
9.935556546270674971e+00
9.934471302847786234e+00
9.933456176113308445e+00
9.932504354260501600e+00
9.931611054011296957e+00
9.930770523708563502e+00
9.929979098101055612e+00
9.929231879025110175e+00
9.928526077923255144e+00
9.927857486108914387e+00
9.927224004227726439e+00
9.926621983249873438e+00
9.926049866801958999e+00
9.925504462791282734e+00
9.924984643325931444e+00
9.924487591868153658e+00
9.924012518968428509e+00
9.923556919008527544e+00
9.923120269866755550e+00
9.922700325340766625e+00
9.922296774217706172e+00
9.921907588511508891e+00
9.921532622956000580e+00
9.921170034681837890e+00
9.920819808376956317e+00
9.920480259574276261e+00
9.920151473977060874e+00
9.919831903857456723e+00
9.919521712569542515e+00
9.919219471476059979e+00
9.918925402646333822e+00
9.918638182093845401e+00
9.918358075209226854e+00
9.918083850801243884e+00
9.917815805043119326e+00
9.917552789787340117e+00
9.917295121778682443e+00
9.917041727901381165e+00
9.916792937189496726e+00
9.916547745019521187e+00
9.916306486070329385e+00
9.916068218962031722e+00
9.915833278816494456e+00
9.915600783438707211e+00
9.915371064530855705e+00
9.915143296196317735e+00
9.914917804186533346e+00
9.914693817265403553e+00
9.914471654136416845e+00
9.914250598026226768e+00
9.914030961164387534e+00
9.913812082822365923e+00
9.913594271413249004e+00
9.913376926151734381e+00
9.913160357018144353e+00
9.912944030183359345e+00
9.912728266249956732e+00
9.912512609609990477e+00
9.912297405540128281e+00
9.912082293719803872e+00
9.911867664907969555e+00
9.911653278915729004e+00
9.911439601690428702e+00
9.911226548038968076e+00
9.911014699887303436e+00
9.910804173829019348e+00
9.910595720893718763e+00
9.910389718241221502e+00
9.910187149559725128e+00
9.909988718440008171e+00
9.909795705973301949e+00
9.909609199976259220e+00
9.909430822110282477e+00
9.909262062295482565e+00
9.909104862731615171e+00
9.908961042962763699e+00
9.908832726904464039e+00
9.908721847589323062e+00
9.908630413756274180e+00
9.908560102122221380e+00
9.908512386485284651e+00
9.908488255757703200e+00
