0.000000000000000000e+00
0.000000000000000000e+00
1.842682698219742256e+23
5.529278040772115075e+23
1.106224654521144455e+24
1.844528065797108665e+24
2.768330662190923070e+24
3.878248717444630775e+24
5.175022463170220392e+24
6.659516489337533953e+24
8.332720169996063854e+24
1.019574818921832989e+25
1.224984107785715500e+25
1.449636585775387665e+25
1.693681668116329714e+25
1.957281558385457595e+25
2.240611321649874955e+25
2.543858969484922479e+25
2.867225540976069029e+25
3.210925195986011316e+25
3.575185302387770810e+25
3.960246535806238646e+25
4.366362971108252553e+25
4.793802186481511127e+25
5.242845356815100374e+25
5.713787359562192935e+25
6.206936867192985822e+25
6.722616451808491013e+25
7.261162673329556786e+25
7.822926179277670775e+25
8.408271784767403010e+25
9.017578563237747238e+25
9.651239913632068349e+25
1.030966363713775623e+26
1.099327198615515281e+26
1.170250172127469812e+26
1.243780413574321326e+26
1.319964508596252498e+26
1.398850498414560422e+26
1.480487879454736633e+26
1.564927598585101411e+26
1.652222048412705978e+26
1.742425057519033069e+26
1.835591880391424158e+26
1.931779181533695732e+26
2.031045018842399655e+26
2.133448820306642763e+26
2.239051359467365292e+26
2.347914723238865905e+26
2.460102277899525435e+26
2.575678626366570024e+26
2.694709562957873625e+26
2.817262018231017854e+26
2.943404000527727093e+26
3.073204526248528966e+26
3.206733545944582244e+26
3.344061857641010226e+26
3.485261014976868287e+26
3.630403220915531437e+26
3.779561215154728713e+26
3.932808145274398944e+26
4.090217430349475806e+26
4.251862606289124991e+26
4.417817162291147439e+26
4.588154356828934469e+26
4.762947023296354670e+26
4.942267352809616044e+26
5.126186665117116167e+26
5.314775154115899522e+26
5.508101619857241033e+26
5.706233172448785245e+26
5.909234920793534360e+26
6.117169630381252196e+26
6.330097364281207888e+26
6.548075090247991845e+26
6.771156269478819774e+26
6.999390408504407004e+26
7.232822591358945894e+26
7.471492971939217052e+26
7.715436245567584355e+26
7.964681077933851083e+26
8.219249512616682037e+26
8.479156333434847727e+26
8.744408405399143793e+26
9.015003968365724011e+26
9.290931910199157246e+26
9.572170991124982918e+26
9.858689049688444358e+26
1.015044215924233750e+27
1.044737376969031104e+27
1.074941380022708707e+27
1.105647772297803487e+27
1.136846559954873439e+27
1.168526111664165618e+27
1.200673057829442911e+27
1.233272190850696445e+27
1.266306361637761818e+27
1.299756378684995871e+27
1.333600904241343076e+27
1.367816355041686620e+27
1.402376801268828525e+27
1.437253872659196116e+27
1.472416664291147511e+27
1.507831652806041569e+27
1.543462614088020026e+27
1.579270555523463344e+27
1.615213651793101275e+27
1.651247200438298003e+27
1.687323583246763695e+27
1.723392253903948487e+27
1.759399733778491266e+27
1.795289642109188265e+27
1.831002736315449167e+27
1.866476997001391241e+27
1.901647724119849243e+27
1.936447691045782023e+27
1.970807308864222706e+27
2.004654865535321736e+27
2.037916770189255981e+27
2.070517883728359964e+27
2.102381785125028729e+27
2.133430637523322653e+27
2.163581854453282284e+27
2.192729971982154887e+27
2.220712470230652969e+27
2.247322002232466404e+27
2.272386025633334804e+27
2.295820315380429742e+27
2.317624712356869097e+27
2.337859462671327763e+27
2.356621344693812918e+27
2.374025326313810252e+27
2.390191758420822340e+27
2.405238390536214712e+27
2.419275531481537050e+27
2.432403219661594670e+27
2.444709073995134880e+27
2.456265963231394547e+27
2.467128850051781330e+27
2.477331698161632693e+27
2.486887698443889860e+27
2.495797452697607496e+27
2.504064403133260711e+27
2.511708286545474046e+27
2.518768109963841343e+27
2.525296126585871460e+27
2.531349611060158783e+27
2.536984839018816646e+27
2.542253918794939365e+27
2.547203621661640548e+27
2.551875276742555248e+27
2.556305156587544054e+27
2.560525034220834781e+27
2.564562772181971751e+27
2.568442874495739888e+27
2.572186980499363624e+27
2.575814296505616908e+27
2.579341963324637623e+27
2.582785341422052746e+27
2.586158028900067700e+27
2.589471906209623471e+27
2.592737669015788298e+27
2.595965227219111826e+27
2.599163819312410583e+27
2.602342106952461838e+27
2.605508247908152574e+27
2.608669966738560821e+27
2.611834612720949514e+27
2.615009213839304751e+27
2.618200522028047400e+27
2.621415054502725774e+27
2.624659128659925358e+27
2.627938893469236190e+27
2.631260355911931333e+27
2.634629404341152436e+27
2.638051827872250296e+27
2.641533333051095254e+27
2.645079557214406265e+27
2.648696079393211887e+27
2.652388428350180773e+27
2.656162088341813569e+27
2.660022502302958986e+27
2.663975072870736760e+27
2.668025161013123939e+27
2.672178082562693351e+27
2.676439102467039707e+27
2.680813426979663185e+27
2.685306193637946787e+27
2.689922459204177346e+27
2.694667185446643015e+27
2.699545222910636032e+27
2.704561292586227180e+27
2.709719965613411443e+27
2.715025640963379857e+27
2.720482521240709503e+27
2.726094586580845857e+27
2.731865566802529354e+27
2.737798911829792960e+27
2.743897760566333348e+27
2.750164908281980066e+27
2.756602772723261723e+27
2.763213359057300728e+27
2.769998223893963241e+27
2.776958438548408219e+27
2.784094551823109197e+27
2.791406552526260460e+27
2.798893832038282455e+27
2.806555147197857369e+27
2.814388583847460032e+27
2.822391521361549301e+27
2.830560598518160343e+27
2.838891681083197928e+27
2.847379831478352642e+27
2.856019280939428530e+27
2.864803404532642299e+27
2.873724699461492005e+27
2.882774767012144449e+27
2.891944298581256483e+27
2.901223066096188028e+27
2.910599917265904592e+27
2.920062775914737324e+27
2.929598647813044795e+27
2.939193632178820407e+27
2.948832939220515318e+27
2.958500913797348888e+27
2.968181065504202469e+27
2.977856105141825810e+27
2.987507987798243055e+27
2.997117962371960971e+27
3.006666627666189626e+27
3.016133994744440370e+27
3.025499555568403427e+27
3.034742357463812686e+27
3.043841083320145452e+27
3.052774136927509340e+27
3.061519733240673326e+27
3.070055992840957774e+27
3.078361040275778171e+27
3.086413105431455017e+27
3.094190627521574961e+27
3.101672360756639909e+27
3.108837481199080921e+27
3.115665693811570657e+27
3.122137339149326048e+27
3.128233498683219369e+27
3.133936098178463487e+27
3.139228008131517995e+27
3.144093140688435555e+27
3.148516542092721502e+27
3.152484480097287258e+27
3.155984525447170188e+27
3.159005626873735185e+27
3.161538178761422895e+27
3.163574080920363449e+27
3.165106789683252466e+27
3.166131359771954479e+27
