3.087873305699480966e+02
3.086914751735638447e+02
3.084998786068189816e+02
3.082127319438482687e+02
3.078303769489044726e+02
3.073531940469248411e+02
3.067817498105136451e+02
3.061166105911156592e+02
3.053585632582609719e+02
3.045083550090118933e+02
3.035669867736620517e+02
3.025353799229857259e+02
3.014147415653378062e+02
3.002061590678713969e+02
2.989110362859247516e+02
2.975306170044715941e+02
2.960664909628424653e+02
2.945200475049591091e+02
2.928930500920421878e+02
2.911870216233852489e+02
2.894038859677838218e+02
2.875452865796337960e+02
2.856132934273122146e+02
2.836096566812676656e+02
2.815365772754012710e+02
2.793958975836774812e+02
2.771899337194095096e+02
2.749206052440010239e+02
2.725903271896956426e+02
2.702010809577279247e+02
2.677553639430624912e+02
2.652552038790383904e+02
2.627031638483874190e+02
2.601013024170524659e+02
2.574522317346066416e+02
2.547580258711500392e+02
2.520213296424769851e+02
2.492442176206054398e+02
2.464293512647813031e+02
2.435787911184349355e+02
2.406951997862762482e+02
2.377806098584868835e+02
2.348376702467232349e+02
2.318683723903622536e+02
2.288753374500160760e+02
2.258605033510450539e+02
2.228264503318859795e+02
2.197750513673466628e+02
2.167088335802927190e+02
2.136295945619491761e+02
2.105397971788660527e+02
2.074411542702286511e+02
2.043360544169632931e+02
2.012261174475762004e+02
1.981136487822622314e+02
1.950001681197288121e+02
1.918878900255942597e+02
1.887782281038153656e+02
1.856732995648420683e+02
1.825744071073637258e+02
1.794835652770098307e+02
1.764019621979032308e+02
1.733315056165067745e+02
1.702732665286528686e+02
1.672290428947224825e+02
1.641997871071750694e+02
1.611871854619664646e+02
1.581920713047344123e+02
1.552160184486886862e+02
1.522597417250872240e+02
1.493247026491480653e+02
1.464114989828664761e+02
1.435214810673381578e+02
1.406551318837183260e+02
1.378136925923029992e+02
1.349975344508187334e+02
1.322077922274453670e+02
1.294447292048287466e+02
1.267093772657294721e+02
1.240018960762586886e+02
1.213232187789968179e+02
1.186734063097804324e+02
1.160532977741630560e+02
1.134628607082573524e+02
1.109028453607432994e+02
1.083731315591653015e+02
1.058743862719615834e+02
1.034064075863745131e+02
1.009697850842015328e+02
9.856424127476941521e+01
9.619029448572221952e+01
9.384759792258979871e+01
9.153660495388403717e+01
8.925690578535480313e+01
8.700889520949365874e+01
8.479210668459207056e+01
8.260688282587477715e+01
8.045270646301834461e+01
7.832987437792738206e+01
7.623782467431243504e+01
7.417681452144829279e+01
7.214624289900457654e+01
7.014633339457360250e+01
6.817645107741461175e+01
6.623679173021173483e+01
6.432669124501133240e+01
6.244632305999511601e+01
6.059499804403120748e+01
5.877287237532384268e+01
5.697923536642168330e+01
5.521423058808969841e+01
5.347712845523679448e+01
5.176806410024730098e+01
5.008629075157263344e+01
4.843193874368419216e+01
4.680424471686846744e+01
4.520333728335835133e+01
4.362843577754933477e+01
4.207966957640893213e+01
4.055623841631138049e+01
3.905827432948267841e+01
3.758495324822776240e+01
3.613641116457650071e+01
3.471179363105326132e+01
3.331124133655204389e+01
3.193385990350919457e+01
3.057979484619345456e+01
2.924809862427953888e+01
2.793892066427359566e+01
2.665124309495647381e+01
2.538521477746875732e+01
2.413973032031852384e+01
2.291491452706196696e+01
2.170958838682192749e+01
2.052359856995570908e+01
1.935460830615889805e+01
1.818162814651050851e+01
1.695644445617608298e+01
1.569278890626177869e+01
1.445120249469511542e+01
1.327301528063832947e+01
1.218289844266742072e+01
1.118868238031435247e+01
1.029037065109377735e+01
9.482042068984050331e+00
8.756438529285238914e+00
8.105072542298824345e+00
7.520181461801566769e+00
6.994157246368720493e+00
6.520463954617722102e+00
6.093003954970437341e+00
5.706633959129758793e+00
5.356629122174398461e+00
5.039022936402020036e+00
4.750183676244725817e+00
4.487062692228312777e+00
4.246863991866248078e+00
4.027236968952730756e+00
3.826017394050837517e+00
3.641382442964898214e+00
3.471645494539459698e+00
3.315383672960553252e+00
3.171273240406611293e+00
3.038196452682596860e+00
2.915107067124016904e+00
2.801123274825812803e+00
2.695369826864195684e+00
2.597008873387911976e+00
2.505330370458938472e+00
2.419819879504696569e+00
2.339964489340400355e+00
2.265336991321523108e+00
2.195513039811283651e+00
2.130137488294721049e+00
2.068857258215267336e+00
2.011376897048899881e+00
1.957401484456483765e+00
1.906684705248205880e+00
1.858979306278091270e+00
1.814079382907635818e+00
1.771776865847894289e+00
1.731899113652673350e+00
1.694270359297817885e+00
1.658745390645773643e+00
1.625175150765332255e+00
1.593437099642436516e+00
1.563404338266052740e+00
1.534973118048525320e+00
1.508034984887401286e+00
1.482501811924781698e+00
1.458280554337095358e+00
1.435296113177164878e+00
1.413468364517290965e+00
1.392733109837065220e+00
1.373021100424782981e+00
1.354277288603741525e+00
1.336441613974475029e+00
1.319466736787374694e+00
1.303300389449528751e+00
1.287901746556870730e+00
1.273225175085341165e+00
1.259235373581018003e+00
1.245892379077162326e+00
1.233165589679375174e+00
1.221019906607877736e+00
1.209428739141245934e+00
1.198361177127571287e+00
1.187794064383019155e+00
1.177700111205688183e+00
1.168059111415009843e+00
1.158846916354277834e+00
1.150045861452010598e+00
1.141634533321783440e+00
1.133597463747646028e+00
1.125915630107956478e+00
1.118575467810437818e+00
1.111560051640875457e+00
1.104857471718473372e+00
1.098452649710658147e+00
1.092335118198640709e+00
1.086491431176914713e+00
1.080912382191148602e+00
1.075585973294095776e+00
1.070504103342846181e+00
1.065656063726105884e+00
1.061034724701295895e+00
1.056630529835237420e+00
1.052437205153728295e+00
1.048446227425877231e+00
1.044652078130134054e+00
1.041047163526892749e+00
1.037626632965557683e+00
1.034383731185578803e+00
1.031314198258408643e+00
1.028412036783158179e+00
1.025673508745320150e+00
1.023093302278895500e+00
1.020668138916283052e+00
1.018393326432557311e+00
1.016265988368870943e+00
1.014281991238816349e+00
1.012438806881672537e+00
1.010732804116766692e+00
1.009161753522865412e+00
1.007722475630614012e+00
1.006412997244775065e+00
1.005230550573521731e+00
1.004173390171409386e+00
1.003239139797251545e+00
1.002426278867964760e+00
1.001732835292964641e+00
1.001157548438219802e+00
1.000698904804787182e+00
1.000355979047074628e+00
1.000127804162989076e+00
1.000013883951117677e+00
