1.999999999991344812e-01
1.999999999991025068e-01
1.999999999991659561e-01
1.999999999990703659e-01
1.999999999991985966e-01
1.999999999990388910e-01
1.999999999992292388e-01
1.999999999990076105e-01
1.999999999992611854e-01
1.999999999989758026e-01
1.999999999992918276e-01
1.999999999989464372e-01
1.999999999993222477e-01
1.999999999989163224e-01
1.999999999993524735e-01
1.999999999988870958e-01
1.999999999993815336e-01
1.999999999988581467e-01
1.999999999994090394e-01
1.999999999988298638e-01
1.999999999994374333e-01
1.999999999988020249e-01
1.999999999994633293e-01
1.999999999987765453e-01
1.999999999994898081e-01
1.999999999987502608e-01
1.999999999995139832e-01
1.999999999987271126e-01
1.999999999995384636e-01
1.999999999987033816e-01
1.999999999995604738e-01
1.999999999986811772e-01
1.999999999995826228e-01
1.999999999986597776e-01
1.999999999996028566e-01
1.999999999986406263e-01
1.999999999996226741e-01
1.999999999986213917e-01
1.999999999996395772e-01
1.999999999986042665e-01
1.999999999996569244e-01
1.999999999985873911e-01
1.999999999996725231e-01
1.999999999985735410e-01
1.999999999996874278e-01
1.999999999985591359e-01
1.999999999997001676e-01
1.999999999985468679e-01
1.999999999997127687e-01
1.999999999985357657e-01
1.999999999997232603e-01
1.999999999985250521e-01
1.999999999997328082e-01
1.999999999985161148e-01
1.999999999997411904e-01
1.999999999985078991e-01
1.999999999997486289e-01
1.999999999985008492e-01
1.999999999997550681e-01
1.999999999984950760e-01
1.999999999997603417e-01
1.999999999984901633e-01
1.999999999997649214e-01
1.999999999984862220e-01
1.999999999997683631e-01
1.999999999984833909e-01
1.999999999997716382e-01
1.999999999984827248e-01
1.999999999997765787e-01
1.999999999984884980e-01
1.999999999997932321e-01
1.999999999985231924e-01
1.999999999998702260e-01
1.999999999986920018e-01
2.000000000002373768e-01
1.999999999994889477e-01
2.000000000019488688e-01
2.000000000031492697e-01
2.000000000097023056e-01
2.000000000194565863e-01
2.000000000436849279e-01
2.000000000896512142e-01
2.000000001872717370e-01
2.000000003804512649e-01
2.000000007700289684e-01
2.000000015355783423e-01
2.000000030336889778e-01
2.000000059193761115e-01
2.000000114196977541e-01
2.000000217589625040e-01
2.000000409476560270e-01
2.000000760648297793e-01
2.000001394414157585e-01
2.000002521603383987e-01
2.000004496812791688e-01
2.000007905450114642e-01
2.000013696502502270e-01
2.000023378738521873e-01
2.000039304077191327e-01
2.000065063962880862e-01
2.000106027648249074e-01
2.000170047122369066e-01
2.000268345863450425e-01
2.000416588910123583e-01
2.000636104018454764e-01
2.000955180914581188e-01
2.001410325493821751e-01
2.002047286911812496e-01
2.002921622734451235e-01
2.004098527157155696e-01
2.005651641072346558e-01
2.007660599529740297e-01
2.010207169285572193e-01
2.013369983535171215e-01
2.017218089289171401e-01
2.021803755257897128e-01
2.027155213381758303e-01
2.033270173514866441e-01
2.040111018842811486e-01
2.047602519089913586e-01
2.055632682819108770e-01
2.064057019359416822e-01
2.072706045980181322e-01
2.081395419699548222e-01
2.089937695681258756e-01
2.098154485986244433e-01
2.105887708306301564e-01
2.113008716554087840e-01
2.119424427474617123e-01
2.125079995283219725e-01
2.129958060014387200e-01
2.134075017038847000e-01
2.137475069895963531e-01
2.140222990482304743e-01
2.142396522040679041e-01
2.144079236559747470e-01
2.145354448896723276e-01
2.146300538428073668e-01
2.146987788867336655e-01
2.147476656562685715e-01
2.147817242682961147e-01
2.148049672990251791e-01
2.148205078142120528e-01
2.148306896664619603e-01
2.148372279651450389e-01
2.148413439311199769e-01
2.148438845915894291e-01
2.148454227158004826e-01
2.148463362314680380e-01
2.148468686223697077e-01
2.148471731719407696e-01
2.148473442178372439e-01
2.148474385666222508e-01
2.148474896919190524e-01
2.148475169185301292e-01
2.148475311702375823e-01
2.148475385079151589e-01
2.148475422225786247e-01
2.148475440747614207e-01
2.148475449823057382e-01
2.148475454217667613e-01
2.148475456299083763e-01
2.148475457285235479e-01
2.148475457731639227e-01
2.148475457944702682e-01
2.148475458031368079e-01
2.148475458078917266e-01
2.148475458090933765e-01
2.148475458104808222e-01
2.148475458102269975e-01
2.148475458109505853e-01
2.148475458104397440e-01
2.148475458110255532e-01
2.148475458104844860e-01
2.148475458110304936e-01
2.148475458104995572e-01
2.148475458110236380e-01
2.148475458105096325e-01
2.148475458110151726e-01
2.148475458105184865e-01
2.148475458110065406e-01
2.148475458105270630e-01
2.148475458109980751e-01
2.148475458105353342e-01
2.148475458109899705e-01
2.148475458105434943e-01
2.148475458109819214e-01
2.148475458105513214e-01
2.148475458109740943e-01
2.148475458105590929e-01
2.148475458109664893e-01
2.148475458105665870e-01
2.148475458109589953e-01
2.148475458105740532e-01
2.148475458109516956e-01
2.148475458105812974e-01
2.148475458109444514e-01
2.148475458105884583e-01
2.148475458109374570e-01
2.148475458105954250e-01
2.148475458109304348e-01
2.148475458106023084e-01
2.148475458109236624e-01
2.148475458106090807e-01
2.148475458109168901e-01
2.148475458106157976e-01
2.148475458109103398e-01
2.148475458106222924e-01
2.148475458109037894e-01
2.148475458106288150e-01
2.148475458108973779e-01
2.148475458106351710e-01
2.148475458108910219e-01
2.148475458106415548e-01
2.148475458108846936e-01
2.148475458106477998e-01
2.148475458108785041e-01
2.148475458106539893e-01
2.148475458108723146e-01
2.148475458106600122e-01
2.148475458108662917e-01
2.148475458106660629e-01
2.148475458108602409e-01
2.148475458106720859e-01
2.148475458108542735e-01
2.148475458106780256e-01
2.148475458108483893e-01
2.148475458106838820e-01
2.148475458108424774e-01
2.148475458106897107e-01
2.148475458108367597e-01
2.148475458106955671e-01
2.148475458108309033e-01
2.148475458107012848e-01
2.148475458108251857e-01
2.148475458107070857e-01
2.148475458108194402e-01
2.148475458107128033e-01
2.148475458108137226e-01
2.148475458107184655e-01
2.148475458108080605e-01
2.148475458107241554e-01
2.148475458108024261e-01
2.148475458107297065e-01
2.148475458107967639e-01
2.148475458107353964e-01
2.148475458107911296e-01
2.148475458107409752e-01
2.148475458107856062e-01
2.148475458107465541e-01
2.148475458107800273e-01
2.148475458107521607e-01
2.148475458107743652e-01
2.148475458107577118e-01
2.148475458107688696e-01
2.148475458107632630e-01
