2.481514668931317402e+01
2.481505929919537579e+01
2.481488453206675615e+01
2.481462210205400609e+01
2.481427204817557808e+01
2.481383379784161747e+01
2.481330741507074578e+01
2.481269203886215280e+01
2.481198775670353029e+01
2.481119341662100553e+01
2.481030912740191141e+01
2.480933344264473206e+01
2.480826648960192315e+01
2.480710652306335717e+01
2.480585368521203193e+01
2.480450592667818555e+01
2.480306340029635592e+01
2.480152374616202948e+01
2.479988712268331241e+01
2.479815085195595614e+01
2.479631509201896833e+01
2.479437683833493722e+01
2.479233624168773176e+01
2.479018996101168071e+01
2.478793813191299122e+01
2.478557706553118933e+01
2.478310687322622030e+01
2.478052350557587147e+01
2.477782703934997954e+01
2.477501305014666855e+01
2.477208156837526332e+01
2.476902777840884795e+01
2.476585165092139107e+01
2.476254796078204379e+01
2.475911660374156043e+01
2.475555192461131426e+01
2.475185372697241704e+01
2.474801590246668326e+01
2.474403814291164849e+01
2.473991386077724286e+01
2.473564261383442187e+01
2.473121730609648239e+01
2.472663733591147661e+01
2.472189506580572527e+01
2.471698970575418741e+01
2.471191303947078310e+01
2.470666405546025501e+01
2.470123391634954046e+01
2.469562135124283131e+01
2.468981685367370460e+01
2.468381884975732987e+01
2.467761710925573482e+01
2.467120970505131083e+01
2.466458562064951821e+01
2.465774251759046365e+01
2.465066852145340803e+01
2.464336081498317199e+01
2.463580658329658846e+01
2.462800245173251668e+01
2.461993456947701731e+01
2.461159891245359432e+01
2.460298048296388274e+01
2.459407449932182388e+01
2.458486468732807850e+01
2.457534537982009226e+01
2.456549887383417996e+01
2.455531846479257041e+01
2.454478484102316216e+01
2.453389007893008866e+01
2.452261304409389808e+01
2.451094437546324301e+01
2.449886085949082926e+01
2.448635143312003137e+01
2.447339049424833846e+01
2.445996495502770429e+01
2.444604644828409334e+01
2.443161946434366882e+01
2.441665240873122045e+01
2.440112685727658359e+01
2.438500741526439697e+01
2.436827212680979926e+01
2.435088107935184709e+01
2.433280800397622912e+01
2.431400756134214092e+01
2.429444816944196006e+01
2.427407789723628184e+01
2.425285855491649301e+01
2.423073010925547166e+01
2.420764606869653690e+01
2.418353631986521890e+01
2.415834383686664211e+01
2.413198582374180390e+01
2.410439177866716065e+01
2.407546281952274825e+01
2.404511115071262140e+01
2.401321746460759954e+01
2.397967191352746141e+01
2.394432954531077229e+01
2.390705300511923070e+01
2.386766610449990722e+01
2.382599868029214107e+01
2.378183859888146401e+01
2.373497942463340138e+01
2.368517130546247174e+01
2.363217216289166700e+01
2.357569774212266722e+01
2.351547665680690002e+01
2.345119919067012404e+01
2.338257563819207974e+01
2.330928240790800032e+01
2.323102223903686081e+01
2.314746567808231603e+01
2.305831204920174926e+01
2.296322556015450189e+01
2.286189810643207565e+01
2.275398222447019236e+01
2.263916031817342400e+01
2.251708036663585588e+01
2.238744003878047906e+01
2.224993536812133144e+01
2.210437259449597391e+01
2.195063509032147664e+01
2.178875418104827588e+01
2.161859563384453153e+01
2.143966710179227064e+01
2.125117493966192228e+01
2.105235295465985956e+01
2.084248277395693449e+01
2.062105824939091647e+01
2.038775674016041251e+01
2.014264251815668416e+01
1.988622943201628246e+01
1.961987565842512637e+01
1.934616605320125871e+01
1.906984318109906695e+01
1.879894175013485835e+01
1.854647290817514005e+01
1.833129871303145464e+01
1.817639027386075057e+01
1.810136104835415694e+01
1.811170326289693122e+01
1.819309828202132806e+01
1.831730431725008756e+01
1.845347423899373851e+01
1.857714494910982594e+01
1.867375339752386409e+01
1.873849525169706354e+01
1.877334753145656521e+01
1.878379316649251507e+01
1.877578162341966106e+01
1.875448734137509632e+01
1.872352545598905849e+01
1.868539254335307831e+01
1.864134784738783068e+01
1.859217221523641328e+01
1.853781782578515447e+01
1.847826017569323653e+01
1.841323807436859283e+01
1.834665858598025068e+01
1.828240946015242230e+01
1.822036973144234651e+01
1.816061061386452735e+01
1.810277891486580160e+01
1.804685599864327727e+01
1.799256942778123758e+01
1.793987640679589290e+01
1.788855539683350671e+01
1.783855850578018476e+01
1.778970047244753516e+01
1.774193491977555226e+01
1.769510406623621179e+01
1.764916529359195252e+01
1.760398234656488725e+01
1.755951689133810234e+01
1.751564988017678459e+01
1.747234707601887038e+01
1.742950336405250056e+01
1.738708812863634989e+01
1.734500763136362878e+01
1.730323430804075002e+01
1.726168376025524509e+01
1.722033090006312861e+01
1.717909902279465584e+01
1.713796497621117609e+01
1.709685840276373980e+01
1.705575759535732772e+01
1.701459743072091868e+01
1.697335720945200777e+01
1.693197611414233350e+01
1.689043406603320463e+01
1.684867377186064985e+01
1.680667543167402300e+01
1.676438461212754305e+01
1.672178148957367227e+01
1.667881392112120409e+01
1.663546179064258368e+01
1.659167475335172171e+01
1.654743216078872692e+01
1.650268503753254024e+01
1.645741198824905638e+01
1.641156503179825421e+01
1.636512183459199221e+01
1.631803508164180627e+01
1.627028133256161624e+01
1.622181365387006480e+01
1.617260735465514898e+01
1.612261564183061324e+01
1.607181246004315511e+01
1.602015096323543020e+01
1.596760365657652159e+01
1.591412350492094419e+01
1.585968155249432421e+01
1.580423051275926305e+01
1.574774002370550363e+01
1.569016258521879692e+01
1.563146659379560077e+01
1.557160451370570087e+01
1.551054382473645354e+01
1.544823733324360937e+01
1.538465216039302064e+01
1.531974211975780875e+01
1.525347487208968644e+01
1.518580631885292576e+01
1.511670605388317590e+01
1.504613374892370281e+01
1.497406304418303691e+01
1.490045993476388375e+01
1.482530526317318120e+01
1.474857515705283006e+01
1.467026231940405268e+01
1.459035862057713473e+01
1.450887542784176176e+01
1.442582851863967264e+01
1.434125774820632060e+01
1.425521452108585052e+01
1.416778115207845801e+01
1.407906118809981422e+01
1.398919883896292937e+01
1.389837242697549691e+01
1.380681416682094387e+01
1.371480681461104645e+01
1.362270369022897576e+01
1.353092797225789035e+01
1.343999189105027803e+01
1.335049672978558810e+01
1.326314822019039141e+01
1.317875288846342130e+01
1.309822382122037254e+01
1.302256598884810401e+01
1.295286398593399291e+01
1.289024780765331890e+01
1.283585569994296982e+01
1.279077747344876848e+01
1.275599624960199563e+01
1.273232190923974727e+01
1.272033380506320377e+01
