2.417429901668432635e+00
2.417006439423903252e+00
2.416159653197288648e+00
2.414889447560864877e+00
2.413196237137644307e+00
2.411079830526010159e+00
2.408540918215428928e+00
2.405579211733873901e+00
2.402195676609944375e+00
2.398389925645926457e+00
2.394163198243253188e+00
2.389515006251858420e+00
2.384446861432553799e+00
2.378958171867814109e+00
2.373050719806575337e+00
2.366723806138799624e+00
2.359979481359196107e+00
2.352816935104044216e+00
2.345238483484290537e+00
2.337243200154258016e+00
2.328833663805341292e+00
2.320008826678418679e+00
2.310771526581011592e+00
2.301120588164359937e+00
2.291059104433506022e+00
2.280585765481908389e+00
2.269703915109658965e+00
2.258412101038966835e+00
2.246713912944881653e+00
2.234607747459512517e+00
2.222097434656800985e+00
2.209181210387193062e+00
2.195863139048030988e+00
2.182141284968578621e+00
2.168019940145451852e+00
2.153496985515212625e+00
2.138576933245428524e+00
2.123257467782626584e+00
2.107543313269998997e+00
2.091431943236128355e+00
2.074928284766506259e+00
2.058029584596169137e+00
2.040740962801211644e+00
2.023059421868690144e+00
2.004990263904091741e+00
1.986530227965981110e+00
1.967684786114922035e+00
1.948450392908644302e+00
1.928832677057220168e+00
1.908827785466076010e+00
1.888441488822791170e+00
1.867669600937463370e+00
1.846518018281394058e+00
1.824982193592725288e+00
1.803068131231575499e+00
1.780770892076782852e+00
1.758096568573222607e+00
1.735039795823406061e+00
1.711606732401049547e+00
1.687791550216547254e+00
1.663600449579969887e+00
1.639027097865349392e+00
1.614077709954087281e+00
1.588745402907900006e+00
1.563036375843049219e+00
1.536943144708177167e+00
1.510471858869883333e+00
1.483614376634671217e+00
1.456376759413923860e+00
1.428750144774660669e+00
1.400740463053257390e+00
1.372338060402028326e+00
1.343548687204324743e+00
1.314361818722935116e+00
1.284782969717951584e+00
1.254800654799610005e+00
1.224420089367493691e+00
1.193628725501494792e+00
1.162431405854913002e+00
1.130814403727453898e+00
1.098782104017299810e+00
1.066319467811866373e+00
1.033430323141368179e+00
1.000098164741174189e+00
9.663261474190224520e-01
9.320961202528954548e-01
8.974104272370959645e-01
8.622490616364665295e-01
8.266133926832751611e-01
7.904813095083297325e-01
7.538530096632093391e-01
7.167039821554355150e-01
6.790330143655969319e-01
6.408128390431889754e-01
6.020405420601332436e-01
5.626856670550426376e-01
5.227432393071136385e-01
4.821790814743770470e-01
4.409857115682823681e-01
3.991245699343634601e-01
3.565851064136831838e-01
3.133235459710528859e-01
2.693255591508422753e-01
2.245410908597998134e-01
1.789511221378223549e-01
1.324979346919930301e-01
8.515664452444025867e-02
3.686003868801478178e-02
-1.242416128932087582e-02
-6.277514476039355862e-02
-1.142345809568156290e-01
-1.668970998270564998e-01
-2.208163470402635109e-01
-2.761074333420960869e-01
-3.328391990199146555e-01
-3.911550633760307871e-01
-4.511424461912481032e-01
-5.129867630555419167e-01
-5.767941372904515918e-01
-6.428206695624834044e-01
-7.111347643194441126e-01
-7.817362567372542204e-01
-8.503312538669839382e-01
-9.076068145749680571e-01
-9.502354650147604165e-01
-9.811311946388235894e-01
-1.003223410919992231e+00
-1.019325125550688105e+00
-1.031312553623662920e+00
-1.040684733596287215e+00
-1.048293353128649352e+00
-1.054839715540370593e+00
-1.060658883150328302e+00
-1.066089237946499457e+00
-1.071248044746828887e+00
-1.076322847948679939e+00
-1.081345989567843002e+00
-1.086446637790037473e+00
-1.091628508620136495e+00
-1.097005684463428166e+00
-1.102579280012687457e+00
-1.108478121352367562e+00
-1.114714441038674231e+00
-1.121462911154917030e+00
-1.128298197087567623e+00
-1.134551028710625298e+00
-1.140254651276125797e+00
-1.145394665403353329e+00
-1.150073523898608840e+00
-1.154283048530194034e+00
-1.158113428755096930e+00
-1.161557062271181273e+00
-1.164693718937228173e+00
-1.167514029314790758e+00
-1.170088327533866046e+00
-1.172404937438804362e+00
-1.174525682578721364e+00
-1.176436785417876552e+00
-1.178192545751303166e+00
-1.179777561414020459e+00
-1.181239598450951833e+00
-1.182562157025221161e+00
-1.183787397062247670e+00
-1.184898199817359554e+00
-1.185931946133468085e+00
-1.186871293173960451e+00
-1.187749555919870525e+00
-1.188549473498829778e+00
-1.189300897111184030e+00
-1.189986874108544201e+00
-1.190634293645285835e+00
-1.191226671475718479e+00
-1.191788349912450862e+00
-1.192303421255560547e+00
-1.192794023622238075e+00
-1.193244894433806325e+00
-1.193676250438922670e+00
-1.194073513473433934e+00
-1.194455212904330210e+00
-1.194807473111123342e+00
-1.195147330382018369e+00
-1.195461614827322272e+00
-1.195766031759942116e+00
-1.196048109935651027e+00
-1.196322359642463695e+00
-1.196576994371407743e+00
-1.196825444035877428e+00
-1.197056588637226193e+00
-1.197282874948761178e+00
-1.197493828746139632e+00
-1.197700996590330691e+00
-1.197894528061712816e+00
-1.198085140622984213e+00
-1.198263585345466398e+00
-1.198439811900297469e+00
-1.198605150796359764e+00
-1.198768837035222967e+00
-1.198922759166691998e+00
-1.199075483780829066e+00
-1.199219436972360775e+00
-1.199362557397882778e+00
-1.199497789233114675e+00
-1.199632478798154045e+00
-1.199760069964558085e+00
-1.199887348187830050e+00
-1.200008239709100977e+00
-1.200128997114144447e+00
-1.200244012669884119e+00
-1.200359031180325831e+00
-1.200468895446946682e+00
-1.200578865192865941e+00
-1.200684218927411617e+00
-1.200789752103319064e+00
-1.200891164516670662e+00
-1.200992806772610999e+00
-1.201090785584730369e+00
-1.201189025287899170e+00
-1.201284024708323184e+00
-1.201379300264995731e+00
-1.201471726974610466e+00
-1.201564432224212720e+00
-1.201654649216113757e+00
-1.201745136657800472e+00
-1.201833464474013180e+00
-1.201922045687797258e+00
-1.202008760085063521e+00
-1.202095702045562930e+00
-1.202181026338173808e+00
-1.202266541228627084e+00
-1.202350630454822378e+00
-1.202434854997340041e+00
-1.202517768016709843e+00
-1.202600726838341183e+00
-1.202682383262827059e+00
-1.202763932427341587e+00
-1.202844058578954822e+00
-1.202923818104589593e+00
-1.203001905497482094e+00
-1.203079220992796072e+00
-1.203154542382356418e+00
-1.203228540387119683e+00
-1.203300249539287048e+00
-1.203369994297609047e+00
-1.203437257065892441e+00
-1.203501894955411933e+00
-1.203563950965713891e+00
-1.203622723079830203e+00
-1.203678832114342789e+00
-1.203730954797932018e+00
-1.203780247864162378e+00
-1.203824704364278686e+00
-1.203865930671171647e+00
-1.203901114295357289e+00
-1.203932088731147321e+00
-1.203954850843166557e+00
-1.203970515475304204e+00
