2.249377678949170445e+01
2.249231022360595489e+01
2.248937724842807029e+01
2.248497817885609962e+01
2.247911348415848565e+01
2.247178379306977547e+01
2.246298988599301083e+01
2.245273270336919680e+01
2.244101333415752109e+01
2.242783302729395345e+01
2.241319317665969280e+01
2.239709533537248731e+01
2.237954119752114579e+01
2.236053261496335764e+01
2.234007157616881400e+01
2.231816022512987985e+01
2.229480083771817789e+01
2.226999584224968132e+01
2.224374779381858858e+01
2.221605939599682600e+01
2.218693347366416546e+01
2.215637299526439818e+01
2.212438104470168554e+01
2.209096084352151124e+01
2.205611572248985297e+01
2.201984914301735330e+01
2.198216466907953759e+01
2.194306598715709811e+01
2.190255687919226091e+01
2.186064124027692301e+01
2.181732305337193978e+01
2.177260640393795654e+01
2.172649545717119679e+01
2.167899446873913405e+01
2.163010776530754242e+01
2.157983975051503478e+01
2.152819488958203920e+01
2.147517770963387562e+01
2.142079278919339203e+01
2.136504475194094965e+01
2.130793826189887596e+01
2.124947800969891887e+01
2.118966871426756882e+01
2.112851510065660676e+01
2.106602190903510774e+01
2.100219386312527803e+01
2.093703568729939946e+01
2.087055206465126034e+01
2.080274766298453315e+01
2.073362708153856815e+01
2.066319488663936355e+01
2.059145554608629425e+01
2.051841347521795456e+01
2.044407295795251756e+01
2.036843820399884564e+01
2.029151325552623675e+01
2.021330205622603060e+01
2.013380834256542684e+01
2.005303572537709655e+01
1.997098756462393254e+01
1.988766706416382135e+01
1.980307712891649174e+01
1.971722047341753381e+01
1.963009946023175800e+01
1.954171622287484311e+01
1.945207248425750635e+01
1.936116969451412473e+01
1.926900882818486949e+01
1.917559053744750130e+01
1.908091492664689781e+01
1.898498172137801987e+01
1.888779001884753939e+01
1.878933847320197970e+01
1.868962502004873727e+01
1.858864707836037411e+01
1.848640124728434131e+01
1.838288352487941069e+01
1.827808897509457253e+01
1.817201196350232451e+01
1.806464579201443499e+01
1.795598295166295699e+01
1.784601472222659524e+01
1.773473144196612949e+01
1.762212206883780397e+01
1.750817446690264489e+01
1.739287492517361144e+01
1.727620846017233802e+01
1.715815828765451201e+01
1.703870614046048715e+01
1.691783168733532250e+01
1.679551286477948935e+01
1.667172523585213639e+01
1.654644233413097254e+01
1.641963495365770953e+01
1.629127150229799881e+01
1.616131721171236890e+01
1.602973449627856084e+01
1.589648206894248439e+01
1.576151530029718195e+01
1.562478522208443543e+01
1.548623887882940586e+01
1.534581819517930867e+01
1.520346030939580473e+01
1.505909627295508635e+01
1.491265135080178972e+01
1.476404351064653930e+01
1.461318366859786799e+01
1.445997390970570784e+01
1.430430764856289549e+01
1.414606749910008787e+01
1.398512530679509425e+01
1.382133954979136803e+01
1.365455518096026921e+01
1.348460038551247209e+01
1.331128614598256021e+01
1.313440208694730416e+01
1.295371564528658581e+01
1.276896656487935999e+01
1.257986553263594587e+01
1.238608657035267946e+01
1.218726513697219538e+01
1.198298807674444078e+01
1.177280279910328176e+01
1.155632176309676673e+01
1.133387465501815150e+01
1.110730610379683547e+01
1.087912282757808846e+01
1.065155290177897740e+01
1.042632314888897227e+01
1.020466613570686931e+01
9.987415172161295374e+00
9.775095811872953178e+00
9.568019984563603586e+00
9.366346471982160082e+00
9.170135531993311773e+00
8.979376721420113228e+00
8.794017152043874574e+00
8.613971703882089770e+00
8.439138098586749237e+00
8.269399168993270877e+00
8.104631769846871947e+00
7.944705719233999375e+00
7.789489772867481676e+00
7.638849250221146470e+00
7.492650502382409705e+00
7.350758067862880552e+00
7.213038268366158690e+00
7.079356236395189406e+00
6.949578941284733524e+00
6.823572300817239977e+00
6.701204134231000253e+00
6.582342726443825676e+00
6.466863838293273936e+00
6.354658854402030599e+00
6.245648819698494947e+00
6.139779726196437970e+00
6.037010302161209374e+00
5.937299027553519792e+00
5.840602081656301792e+00
5.746870469853514685e+00
5.656052127660877282e+00
5.568090532814204074e+00
5.482927042312751631e+00
5.400499682338494090e+00
5.320745334123249570e+00
5.243598567753962492e+00
5.168993643460569665e+00
5.096863366927689043e+00
5.027140910660184758e+00
4.959758686400371985e+00
4.894649999561478282e+00
4.831747940524465434e+00
4.770986887930632747e+00
4.712301423154778846e+00
4.655627698678586057e+00
4.600902380663425717e+00
4.548063897787455900e+00
4.497051416454597828e+00
4.447805984025810844e+00
4.400269540347153452e+00
4.354385967642700805e+00
4.310100141049909794e+00
4.267358895798277985e+00
4.226110118481687827e+00
4.186303640639599699e+00
4.147890371657341646e+00
4.110823126541397698e+00
4.075055800648968329e+00
4.040544138313356015e+00
4.007244949062188866e+00
3.975116822790332183e+00
3.944119386717106934e+00
3.914213972002018593e+00
3.885362910394184688e+00
3.857530156516884468e+00
3.830680622957479908e+00
3.804780761888118423e+00
3.779797937212232561e+00
3.755700968721488842e+00
3.732459539838854923e+00
3.710044707119818597e+00
3.688428342099141943e+00
3.667583608612813961e+00
3.647484437255050338e+00
3.628105972716037186e+00
3.609424079378871664e+00
3.591415760627054699e+00
3.574058694151581506e+00
3.557331624974882089e+00
3.541213929090103019e+00
3.525685981768584387e+00
3.510728748213888917e+00
3.496324128562719569e+00
3.482454574301836470e+00
3.469103411234546019e+00
3.456254480476864011e+00
3.443892440539902289e+00
3.432002431791548513e+00
3.420570358696541025e+00
3.409582576699583090e+00
3.399026155568209528e+00
3.388888587722007184e+00
3.379158033536289185e+00
3.369823050209478588e+00
3.360872819806492551e+00
3.352296897821697375e+00
3.344085424669029916e+00
3.336228893160686049e+00
3.328718344084035330e+00
3.321545151876316382e+00
3.314701204866304707e+00
3.308178708480586039e+00
3.301970350668295140e+00
3.296069122025627518e+00
3.290468466862602970e+00
3.285162119676285908e+00
3.280144242256949116e+00
3.275409275975222023e+00
3.270952065257108465e+00
3.266767725171840553e+00
3.262851751527781730e+00
3.259199903252747887e+00
3.255808299272038298e+00
3.252673315162066370e+00
3.249791666871250317e+00
3.247160321110269088e+00
3.244776565884705199e+00
3.242637934093569818e+00
3.240742260809741815e+00
3.239087619665933282e+00
3.237672366949312597e+00
3.236495090696531740e+00
3.235554642102202116e+00
3.234850097897933541e+00
3.234380780202005479e+00
3.234146233319611596e+00
