-2.018135112532699083e+01
-2.018052225974902214e+01
-2.017886450646810559e+01
-2.017637820407186311e+01
-2.017306328574110452e+01
-2.016892042824353837e+01
-2.016394951873025576e+01
-2.015815157133159374e+01
-2.015152642493418256e+01
-2.014407542979850518e+01
-2.013579837339967327e+01
-2.012669694047318458e+01
-2.011677086300431583e+01
-2.010602215811557159e+01
-2.009445049726837595e+01
-2.008205822743825308e+01
-2.006884495354250930e+01
-2.005481334941387317e+01
-2.003996294638222864e+01
-2.002429674166050688e+01
-2.000781418488150365e+01
-1.999051859265764364e+01
-1.997240932369776090e+01
-1.995349000950345797e+01
-1.993375990745691340e+01
-1.991322295887870908e+01
-1.989187830817908420e+01
-1.986973020083308583e+01
-1.984677765531469262e+01
-1.982302521495538983e+01
-1.979847175792308533e+01
-1.977312211842970768e+01
-1.974697501846376113e+01
-1.972003557541319196e+01
-1.969230233759973459e+01
-1.966378069709757170e+01
-1.963446900933534067e+01
-1.960437293173398032e+01
-1.957349060572303401e+01
-1.954182794380818322e+01
-1.950938285027520536e+01
-1.947616148144790316e+01
-1.944216147910542247e+01
-1.940738923102551894e+01
-1.937184208869659585e+01
-1.933552665778328006e+01
-1.929843996904799397e+01
-1.926058883115284104e+01
-1.922196992078666611e+01
-1.918259023326174173e+01
-1.914244605463638038e+01
-1.910154454891289788e+01
-1.905988157141410966e+01
-1.901746443508266893e+01
-1.897428852046506265e+01
-1.893036126770268979e+01
-1.888567753414398354e+01
-1.884024486316247149e+01
-1.879405753559365522e+01
-1.874712317158280328e+01
-1.869943541665159259e+01
-1.865100193845177401e+01
-1.860181568221663539e+01
-1.855188433067198162e+01
-1.850120005681257851e+01
-1.844977052241601356e+01
-1.839758704837371184e+01
-1.834465723540694171e+01
-1.829097146341929658e+01
-1.823653722729724791e+01
-1.818134386674570635e+01
-1.812539872067526758e+01
-1.806868997750140338e+01
-1.801122476383145354e+01
-1.795298999196333156e+01
-1.789399251270270597e+01
-1.783421782143044609e+01
-1.777367242129723124e+01
-1.771234023129282420e+01
-1.765022732527457094e+01
-1.758731586439930084e+01
-1.752361140007095841e+01
-1.745909412816457618e+01
-1.739376897082849283e+01
-1.732761392020862345e+01
-1.726063314615148414e+01
-1.719280216141093121e+01
-1.712412424103234443e+01
-1.705457209769003057e+01
-1.698414794569738362e+01
-1.691282132203919630e+01
-1.684059318597996935e+01
-1.676742945561247922e+01
-1.669332960625313689e+01
-1.661825540991414840e+01
-1.654220458670791061e+01
-1.646513412992851499e+01
-1.638703968109776810e+01
-1.630787268823495140e+01
-1.622762632647320657e+01
-1.614624555975640874e+01
-1.606372062925898447e+01
-1.597998885134532365e+01
-1.589503696690818479e+01
-1.580879318331602867e+01
-1.572124005326865870e+01
-1.563229481129204501e+01
-1.554193498650589511e+01
-1.545006442094504884e+01
-1.535665461206015792e+01
-1.526159280109140681e+01
-1.516484325997891958e+01
-1.506627226298509825e+01
-1.496583550859386058e+01
-1.486337216013956386e+01
-1.475882800814397378e+01
-1.465200605964289160e+01
-1.454284144129452550e+01
-1.443108678861060845e+01
-1.431666793161313223e+01
-1.419926085972072016e+01
-1.407876919848261998e+01
-1.395453007885565988e+01
-1.382442492667434841e+01
-1.368003483454875813e+01
-1.351494063343762342e+01
-1.333207353179375154e+01
-1.313659778985974391e+01
-1.293351065106178588e+01
-1.272656722572080490e+01
-1.251871510291081613e+01
-1.231186146188888131e+01
-1.210741699927546833e+01
-1.190617581639047629e+01
-1.170872762450472138e+01
-1.151531768109950171e+01
-1.132614123383511462e+01
-1.114118925534577187e+01
-1.096046989365621016e+01
-1.078385598262385336e+01
-1.061126269236701525e+01
-1.044250443252796323e+01
-1.027744443854963485e+01
-1.011586312151759870e+01
-9.957588173311002322e+00
-9.802374901678643226e+00
-9.650025324006346494e+00
-9.500294091395987905e+00
-9.353054029536219005e+00
-9.208421058734174380e+00
-9.067611767462455674e+00
-8.935054290190635129e+00
-8.822147638552770843e+00
-8.743498056755395709e+00
-8.698619621232484889e+00
-8.672548874045633127e+00
-8.653894425409612623e+00
-8.637911301684107812e+00
-8.623003266285683921e+00
-8.608640410394462705e+00
-8.594644962731843307e+00
-8.580937651391870702e+00
-8.567484540326617548e+00
-8.554254617481440448e+00
-8.541230948249392441e+00
-8.528389863297364926e+00
-8.515717784157400772e+00
-8.503193569028466570e+00
-8.490805176606270877e+00
-8.478533172764683101e+00
-8.466366636808023927e+00
-8.454287541725483024e+00
-8.442285877781914749e+00
-8.430344819934736833e+00
-8.418455109383858215e+00
-8.406600951902522212e+00
-8.394773702962790907e+00
-8.382958449324622308e+00
-8.371147040421501373e+00
-8.359325310791712482e+00
-8.347485496576846131e+00
-8.335614060692575933e+00
-8.323703529620280150e+00
-8.311740886981842991e+00
-8.299718862463267399e+00
-8.287624862781132862e+00
-8.275451741581608900e+00
-8.263187239726420330e+00
-8.250824262339545356e+00
-8.238350802950353824e+00
-8.225759751483543880e+00
-8.213039279121460368e+00
-8.200182198920192178e+00
-8.187176790332516774e+00
-8.174015732255538680e+00
-8.160687348025801313e+00
-8.147184129036860512e+00
-8.133494382710740211e+00
-8.119610363347572246e+00
-8.105520307122057844e+00
-8.091216185526489468e+00
-8.076686112866115153e+00
-8.061921736522192461e+00
-8.046911003755148784e+00
-8.031645202042998477e+00
-8.016112073277737338e+00
-8.000302516631878191e+00
-7.984204039488521865e+00
-7.967807134670771951e+00
-7.951099058724703461e+00
-7.934069894943204027e+00
-7.916706650982395566e+00
-7.898999018972665986e+00
-7.880933785972397132e+00
-7.862500302660835771e+00
-7.843685201928256134e+00
-7.824477588302784170e+00
-7.804864062196195995e+00
-7.784833643498763500e+00
-7.764373101859150417e+00
-7.743471630030000163e+00
-7.722116484357361088e+00
-7.700297426814225688e+00
-7.678002685015884232e+00
-7.655223186896777499e+00
-7.631948856582513763e+00
-7.608172672926650115e+00
-7.583887327089930075e+00
-7.559089146298764383e+00
-7.533775151622014832e+00
-7.507946901825027552e+00
-7.481608005819446738e+00
-7.454767958096492286e+00
-7.427440178569351126e+00
-7.399645928356625824e+00
-7.371412965776826809e+00
-7.342779641670647450e+00
-7.313794262127382595e+00
-7.284519447728504460e+00
-7.255032254194835772e+00
-7.225428801571251114e+00
-7.195825071038432164e+00
-7.166361599871218679e+00
-7.137204562454160239e+00
-7.108549891141572985e+00
-7.080623672911891653e+00
-7.053684339316931506e+00
-7.028020593682874129e+00
-7.003949495148439119e+00
-6.981809496196804687e+00
-6.961952070153207828e+00
-6.944728077154676882e+00
-6.930472389075045925e+00
-6.919484988626181554e+00
-6.912012497400376709e+00
-6.908230510669362445e+00
