-1.805345267271104603e+01
-1.805260550708026202e+01
-1.805091129849762055e+01
-1.804836999833687372e+01
-1.804498197415700389e+01
-1.804074712748342790e+01
-1.803566606931757121e+01
-1.802973864888260991e+01
-1.802296571821182525e+01
-1.801534707052044482e+01
-1.800688379546855700e+01
-1.799757562527572574e+01
-1.798742388279805127e+01
-1.797642823294896885e+01
-1.796459022628346958e+01
-1.795190945272337402e+01
-1.793838768390827099e+01
-1.792402442564340959e+01
-1.790882166285928179e+01
-1.789277880660307929e+01
-1.787589804604897026e+01
-1.785817868523608709e+01
-1.783962310719405409e+01
-1.782023049498837963e+01
-1.780000341367225758e+01
-1.777894090953142836e+01
-1.775704571624840611e+01
-1.773431672553800098e+01
-1.771075682461711409e+01
-1.768636473068684012e+01
-1.766114346754387299e+01
-1.763509155558930175e+01
-1.760821213620098646e+01
-1.758050350812938234e+01
-1.755196890907869545e+01
-1.752260638847972629e+01
-1.749241925660618691e+01
-1.746140528278884219e+01
-1.742956782332815990e+01
-1.739690433322499175e+01
-1.736341818514797453e+01
-1.732910648169707457e+01
-1.729397257875152150e+01
-1.725801318414399788e+01
-1.722123159985970631e+01
-1.718362409177278494e+01
-1.714519386639852883e+01
-1.710593669501715297e+01
-1.706585564200941363e+01
-1.702494592525435380e+01
-1.698321041451535862e+01
-1.694064370843219791e+01
-1.689724842298250707e+01
-1.685301846367818257e+01
-1.680795612582103615e+01
-1.676205453863887129e+01
-1.671531560090057411e+01
-1.666773157166414165e+01
-1.661930386683511074e+01
-1.657002376891943385e+01
-1.651989211232132249e+01
-1.646889908196509822e+01
-1.641704481755901668e+01
-1.636431826813129575e+01
-1.631071874816413825e+01
-1.625623381193102546e+01
-1.620086179736182430e+01
-1.614458868051114138e+01
-1.608741164628747811e+01
-1.602931487935138932e+01
-1.597029420446996717e+01
-1.591033176554489792e+01
-1.584942178238287447e+01
-1.578754406426839374e+01
-1.572469093441931243e+01
-1.566083951839363131e+01
-1.559597989247670391e+01
-1.553008608004485147e+01
-1.546314548565449520e+01
-1.539512852401413134e+01
-1.532601940766078208e+01
-1.525578432307019661e+01
-1.518440364656390251e+01
-1.511183856989219976e+01
-1.503806482653108390e+01
-1.496303765438622158e+01
-1.488672712331976733e+01
-1.480908130538617051e+01
-1.473006330565236688e+01
-1.464961249193691017e+01
-1.456768334885393656e+01
-1.448420460464618564e+01
-1.439912006338947315e+01
-1.431234547006219238e+01
-1.422381155068371150e+01
-1.413341850649520914e+01
-1.404108164580033069e+01
-1.394668353616588519e+01
-1.385012289136151509e+01
-1.375126466731319042e+01
-1.364999327915733929e+01
-1.354616124573722402e+01
-1.343964822024900485e+01
-1.333030890798050194e+01
-1.321803941995774778e+01
-1.310272460139259998e+01
-1.298431232793119783e+01
-1.286275861829127898e+01
-1.273810852659996407e+01
-1.261043476359365734e+01
-1.247992179348342923e+01
-1.234679176285993130e+01
-1.221138845282770369e+01
-1.207408519023819871e+01
-1.193536906643546125e+01
-1.179572946435303038e+01
-1.165574947821962226e+01
-1.151597823588896219e+01
-1.137704215507682193e+01
-1.123950197548135677e+01
-1.110395511100304589e+01
-1.097059006143747695e+01
-1.083791434862558489e+01
-1.070141436443639371e+01
-1.055852708691830166e+01
-1.041128258410370222e+01
-1.026309040450314924e+01
-1.011727052512407887e+01
-9.976575907814149602e+00
-9.843263896161474236e+00
-9.719161509800766652e+00
-9.605891915343196530e+00
-9.505098692328921572e+00
-9.418787592015336330e+00
-9.349785715618326165e+00
-9.302347972801793929e+00
-9.282810944683987486e+00
-9.299661617201742558e+00
-9.361830712317459557e+00
-9.473975349599420781e+00
-9.630582069796236766e+00
-9.813653603699417971e+00
-9.996805354678421907e+00
-1.015272760127230001e+01
-1.026024995046126875e+01
-1.030861910585954000e+01
-1.029822149206176540e+01
-1.023756224552031924e+01
-1.013883745320301699e+01
-1.001398133180044248e+01
-9.872770097118182875e+00
-9.722156423482481102e+00
-9.566789031461432558e+00
-9.409377490313129755e+00
-9.251515545021998577e+00
-9.093787903285470264e+00
-8.937087208292009421e+00
-8.806099548719949155e+00
-8.765970600857315276e+00
-8.745300966320536773e+00
-8.725696290153068801e+00
-8.706747992366384636e+00
-8.688350664868938367e+00
-8.670509836110893431e+00
-8.653145841343706124e+00
-8.636251577401521828e+00
-8.619760331565062828e+00
-8.603661382669022473e+00
-8.587898129080636878e+00
-8.572459282144279769e+00
-8.557296149594566970e+00
-8.542397934342385923e+00
-8.527722218181526870e+00
-8.513259038782617694e+00
-8.498971029672269140e+00
-8.484849120306002135e+00
-8.470860059775681350e+00
-8.456995604623811502e+00
-8.443225884441895701e+00
-8.429543367655986330e+00
-8.415920975424215911e+00
-8.402351755866284577e+00
-8.388810942437022078e+00
-8.375292029990269782e+00
-8.361772169368030916e+00
-8.348245176008344259e+00
-8.334689789276101379e+00
-8.321100028945020100e+00
-8.307455946383951684e+00
-8.293751660112501867e+00
-8.279968298843542129e+00
-8.266099984503171072e+00
-8.252128722205799960e+00
-8.238048551275014120e+00
-8.223842179642403494e+00
-8.209503486294636332e+00
-8.195015730803447696e+00
-8.180372561396209719e+00
-8.165557656729456326e+00
-8.150564370447703766e+00
-8.135376683592305369e+00
-8.119987597667973844e+00
-8.104381293448051693e+00
-8.088550369196898515e+00
-8.072479115987508891e+00
-8.056159685091600409e+00
-8.039576401940987438e+00
-8.022720936256051871e+00
-8.005577586980207272e+00
-7.988137520077846609e+00
-7.970384965569912161e+00
-7.952310580816225993e+00
-7.933898508530544902e+00
-7.915138917586698852e+00
-7.896015877908272529e+00
-7.876519126308473950e+00
-7.856632720737692033e+00
-7.836346075378539666e+00
-7.815643363220299733e+00
-7.794513862675317206e+00
-7.772942084210364477e+00
-7.750917470341694759e+00
-7.728425229553715248e+00
-7.705455433023170819e+00
-7.681994547882532665e+00
-7.658033977943535575e+00
-7.633562299248485061e+00
-7.608573299097468379e+00
-7.583058930619348104e+00
-7.557016915316286720e+00
-7.530444450853697624e+00
-7.503345457618419090e+00
-7.475725095228666461e+00
-7.447596752610028403e+00
-7.418977452014424046e+00
-7.389894700955507822e+00
-7.360382880857977206e+00
-7.330490086272110517e+00
-7.300275590394532443e+00
-7.269816764631367612e+00
-7.239207644796771923e+00
-7.208565895679027058e+00
-7.178032293638195505e+00
-7.147777379645565254e+00
-7.118001212678367828e+00
-7.088938723560253230e+00
-7.060858287599219629e+00
-7.034063838167310401e+00
-7.008889806388132193e+00
-6.985697200075102309e+00
-6.964862072985968489e+00
-6.946763284048416587e+00
-6.931763525329261988e+00
-6.920190021361950272e+00
-6.912312308242441361e+00
-6.908323218898550167e+00
