1.093334294614892777e+01
1.093278835365386215e+01
1.093167959896546293e+01
1.093001754211094756e+01
1.092780347169116517e+01
1.092503910315424953e+01
1.092172657649659406e+01
1.091786845339362522e+01
1.091346771376333358e+01
1.090852775176654532e+01
1.090305237124842463e+01
1.089704578062656637e+01
1.089051258723198501e+01
1.088345779111015155e+01
1.087588677829023176e+01
1.086780531353170964e+01
1.085921953255858163e+01
1.085013593379260755e+01
1.084056136959810246e+01
1.083050303705192441e+01
1.081996846825372138e+01
1.080896552019248702e+01
1.079750236418684395e+01
1.078558747491764436e+01
1.077322961907263377e+01
1.076043784362414257e+01
1.074722146376181797e+01
1.073359005050348358e+01
1.071955341800819284e+01
1.070512161061648726e+01
1.069030488964366299e+01
1.067511371995245817e+01
1.065955875633253136e+01
1.064365082971414900e+01
1.062740093324438995e+01
1.061082020825401884e+01
1.059391993014378386e+01
1.057671149421851275e+01
1.055920640149776979e+01
1.054141624453119519e+01
1.052335269324681732e+01
1.050502748085980009e+01
1.048645238986894945e+01
1.046763923816741837e+01
1.044859986529349172e+01
1.042934611884648888e+01
1.040988984109206328e+01
1.039024285577994533e+01
1.037041695519658902e+01
1.035042388747362807e+01
1.033027534417245263e+01
1.030998294816338934e+01
1.028955824181761791e+01
1.026901267552771380e+01
1.024835759657246648e+01
1.022760423833942944e+01
1.020676370991819759e+01
1.018584698607538463e+01
1.016486489762164958e+01
1.014382812217927388e+01
1.012274717535811952e+01
1.010163240234596671e+01
1.008049396991860647e+01
1.005934185887348065e+01
1.003818585688977194e+01
1.001703555181666516e+01
9.995900325390611130e+00
9.974789347381204152e+00
9.953711570164710309e+00
9.932675723723122019e+00
9.911690311066148951e+00
9.890763604072521531e+00
9.869903639746684831e+00
9.849118216886136423e+00
9.828414893154430843e+00
9.807800982554285341e+00
9.787283553295006655e+00
9.766869426048261360e+00
9.746565172585965442e+00
9.726377114794098944e+00
9.706311324056104084e+00
9.686373620999782830e+00
9.666569575601608122e+00
9.646904507642505067e+00
9.627383487509701965e+00
9.608011337339043223e+00
9.588792632493163381e+00
9.569731703370580433e+00
9.550832637541789794e+00
9.532099282208443825e+00
9.513535246982209870e+00
9.495143906980393567e+00
9.476928406235336055e+00
9.458891661415229635e+00
9.441036365853612722e+00
9.423364993884806751e+00
9.405879805482129541e+00
9.388582851194836820e+00
9.371475977378715072e+00
9.354560831713721214e+00
9.337838868999936537e+00
9.321311357220915639e+00
9.304979383860414899e+00
9.288843862455411937e+00
9.272905539364646899e+00
9.257165000728358351e+00
9.241622679590955514e+00
9.226278863154876220e+00
9.211133700130710977e+00
9.196187208145939707e+00
9.181439281172938394e+00
9.166889696936294740e+00
9.152538124259681496e+00
9.138384130315150955e+00
9.124427187740797862e+00
9.110666681598495131e+00
9.097101916150538869e+00
9.083732121443304663e+00
9.070556459697161955e+00
9.057574031515366997e+00
9.044783881940551495e+00
9.032185006405551775e+00
9.019776356647277282e+00
9.007556846677122309e+00
8.995525358930873239e+00
8.983680750755167921e+00
8.972021861425924172e+00
8.960547519935893490e+00
8.949256553828469407e+00
8.938147799382640812e+00
8.927220113447269512e+00
8.916472387139910083e+00
8.905903561394540091e+00
8.895512643855632007e+00
8.885298725742902803e+00
8.875260995975937206e+00
8.865398748194740719e+00
8.855711374940264946e+00
8.846198343291172606e+00
8.836859148920588325e+00
8.827693251166774502e+00
8.818699998727238309e+00
8.809878560573286777e+00
8.801227876340567136e+00
8.792746634372774039e+00
8.784433277038960597e+00
8.776286026294332743e+00
8.768302920015063506e+00
8.760481850834707984e+00
8.752820602074153911e+00
8.745316878190331877e+00
8.737968329173311233e+00
8.730772569421747065e+00
8.723727192061522473e+00
8.716829779721939175e+00
8.710077912656664978e+00
8.703469174915724693e+00
8.697001159100826939e+00
8.690671470091890782e+00
8.684477728022089948e+00
8.678417570697648742e+00
8.672488655600998797e+00
8.666688661575543406e+00
8.661015290262140454e+00
8.655466267337912356e+00
8.650039343594484009e+00
8.644732295882993967e+00
8.639542927946555650e+00
8.634469071155896458e+00
8.629508585160404976e+00
8.624659358464050740e+00
8.619919308934022695e+00
8.615286384248001639e+00
8.610758562285505846e+00
8.606333851467356411e+00
8.602010291047106350e+00
8.597785951357534984e+00
8.593658934015140360e+00
8.589627372085145041e+00
8.585689430209336948e+00
8.581843304698972830e+00
8.578087223594717869e+00
8.574419446695529246e+00
8.570838265558311519e+00
8.567342003470042044e+00
8.563929015394018407e+00
8.560597687891808860e+00
8.557346439022396112e+00
8.554173718220003053e+00
8.551078006151952238e+00
8.548057814557973089e+00
8.545111686072152324e+00
8.542238194028881182e+00
8.539435942253925660e+00
8.536703564841781500e+00
8.534039725920479214e+00
8.531443119404762854e+00
8.528912468738900188e+00
8.526446526629788636e+00
8.524044074771614632e+00
8.521703923562730765e+00
8.519424911815749013e+00
8.517205906461560616e+00
8.515045802248289775e+00
8.512943521435554217e+00
8.510898013485231672e+00
8.508908254748988043e+00
8.506973248153594014e+00
8.505092022884268133e+00
8.503263634067096177e+00
8.501487162450711565e+00
8.499761714088027276e+00
8.498086420018392317e+00
8.496460435950822898e+00
8.494882941948628030e+00
8.493353142116010446e+00
8.491870264286983883e+00
8.490433559717104117e+00
8.489042302778301519e+00
8.487695790657358685e+00
8.486393343058121985e+00
8.485134301908129117e+00
8.483918031069684673e+00
8.482743916055824229e+00
8.481611363751465404e+00
8.480519802139991015e+00
8.479468680035520123e+00
8.478457466821119226e+00
8.477485652193223586e+00
8.476552745912428577e+00
8.475658277560849996e+00
8.474801796306321577e+00
8.473982870673454570e+00
8.473201088321847152e+00
8.472456055831450783e+00
8.471747398495319104e+00
8.471074760119654101e+00
8.470437802831428442e+00
8.469836206893441855e+00
8.469269670526895055e+00
8.468737909741541614e+00
8.468240658173254332e+00
8.467777666929169555e+00
8.467348704440162521e+00
8.466953556320881091e+00
8.466592025237128283e+00
8.466263930780803193e+00
8.465969109352434074e+00
8.465707414051626856e+00
8.465478714575633390e+00
8.465282897126533257e+00
8.465119864327665056e+00
8.464989535149868516e+00
8.464891844848345670e+00
8.464826744910961764e+00
8.464794203018660923e+00
