-2.748226129549221075e-01
-2.748377546244945013e-01
-2.748680144350041377e-01
-2.749133454724024261e-01
-2.749736777222138162e-01
-2.750489184934478692e-01
-2.751389529771576803e-01
-2.752436449341317815e-01
-2.753628375048668975e-01
-2.754963541339586763e-01
-2.756439995998855030e-01
-2.758055611404252039e-01
-2.759808096630170793e-01
-2.761695010289722529e-01
-2.763713773997668599e-01
-2.765861686335985281e-01
-2.768135937199912577e-01
-2.770533622405307317e-01
-2.773051758436856917e-01
-2.775687297223060623e-01
-2.778437140824895346e-01
-2.781298155934517347e-01
-2.784267188083298095e-01
-2.787341075470319840e-01
-2.790516662326893993e-01
-2.793790811746292291e-01
-2.797160417913114316e-01
-2.800622417681603027e-01
-2.804173801457563453e-01
-2.807811623354022346e-01
-2.811533010595708704e-01
-2.815335172162923283e-01
-2.819215406669362545e-01
-2.823171109483481600e-01
-2.827199779105639688e-01
-2.831299022827519773e-01
-2.835466561701272536e-01
-2.839700234859068861e-01
-2.843998003222948934e-01
-2.848357952656935255e-01
-2.852778296610746778e-01
-2.857257378315421481e-01
-2.861793672586795956e-01
-2.866385787302752619e-01
-2.871032464614176605e-01
-2.875732581958678757e-01
-2.880485152938885296e-01
-2.885289328135465237e-01
-2.890144395916751652e-01
-2.895049783314730396e-01
-2.900005057027961186e-01
-2.905009924619653128e-01
-2.910064235969184732e-01
-2.915167985042877996e-01
-2.920321312039317885e-01
-2.925524505971857647e-01
-2.930778007739893165e-01
-2.936082413747564401e-01
-2.941438480116807530e-01
-2.946847127548274936e-01
-2.952309446870969301e-01
-2.957826705327132322e-01
-2.963400353624944250e-01
-2.969032033795881431e-01
-2.974723587877720621e-01
-2.980477067446414274e-01
-2.986294744001710688e-01
-2.992179120210929910e-01
-2.998132941993730260e-01
-3.004159211426795095e-01
-3.010261200422099104e-01
-3.016442465124358763e-01
-3.022706860943770724e-01
-3.029058558127560863e-01
-3.035502057739797310e-01
-3.042042207901458073e-01
-3.048684220104032616e-01
-3.055433685387377585e-01
-3.062296590129214291e-01
-3.069279331165774560e-01
-3.076388729915228715e-01
-3.083632045142145062e-01
-3.091016983948806640e-01
-3.098551710540486392e-01
-3.106244852255136135e-01
-3.114105502304772011e-01
-3.122143218617007832e-01
-3.130368018120469054e-01
-3.138790365762054724e-01
-3.147421157505067013e-01
-3.156271696515108305e-01
-3.165353661721352352e-01
-3.174679067930026855e-01
-3.184260216688519218e-01
-3.194109637143788261e-01
-3.204240016227403731e-01
-3.214664117627804019e-01
-3.225394689190482778e-01
-3.236444358617788231e-01
-3.247825517622417446e-01
-3.259550195021390651e-01
-3.271629919625341221e-01
-3.284075574178207391e-01
-3.296897242001521899e-01
-3.310104048391507847e-01
-3.323703999154528077e-01
-3.337703818946565759e-01
-3.352108792239359980e-01
-3.366922609779446907e-01
-3.382147223261984248e-01
-3.397782710636773063e-01
-3.413827153920242496e-01
-3.430276530655071987e-01
-3.447124619154250946e-01
-3.464362916460033692e-01
-3.481980566441038039e-01
-3.499964293721811726e-01
-3.518298337052986891e-01
-3.536964373348979174e-01
-3.555941420740429959e-01
-3.575205705624994734e-01
-3.594730474551858790e-01
-3.614485726801028309e-01
-3.634437837353098888e-01
-3.654549032621048910e-01
-3.674776672723387150e-01
-3.695072285023104919e-01
-3.715380285696338047e-01
-3.735636323528196412e-01
-3.755765191164142647e-01
-3.775678289982268843e-01
-3.795270733318298340e-01
-3.814418372032671312e-01
-3.832975376790278554e-01
-3.850773536664113816e-01
-3.867625042708885963e-01
-3.883330887034842083e-01
-3.897696511087349602e-01
-3.910554375551473782e-01
-3.921789774146787755e-01
-3.931362845560252284e-01
-3.939318760201324099e-01
-3.945781293545061463e-01
-3.950931472345166062e-01
-3.954978772107626828e-01
-3.958133840033652984e-01
-3.960588838065915995e-01
-3.962507073602841157e-01
-3.964020325353905250e-01
-3.965231043874848926e-01
-3.966216848294031316e-01
-3.967035562213025446e-01
-3.967729840093385252e-01
-3.968331005730247885e-01
-3.968862049918729928e-01
-3.969339884793173789e-01
-3.969777000230251263e-01
-3.970182664988984866e-01
-3.970563792664626446e-01
-3.970925565740177077e-01
-3.971271886874841450e-01
-3.971605707215056791e-01
-3.971929266989202567e-01
-3.972244273164050599e-01
-3.972552031559443142e-01
-3.972853545691629185e-01
-3.973149591072243636e-01
-3.973440771242711111e-01
-3.973727560114143076e-01
-3.974010333984424603e-01
-3.974289395740658870e-01
-3.974564993136746605e-01
-3.974837332571283799e-01
-3.975106589454320827e-01
-3.975372915986837286e-01
-3.975636446986993144e-01
-3.975897304240298968e-01
-3.976155599742994262e-01
-3.976411438112453789e-01
-3.976664918378534086e-01
-3.976916135310299971e-01
-3.977165180401306954e-01
-3.977412142598469313e-01
-3.977657108845252254e-01
-3.977900164484393097e-01
-3.978141393561069328e-01
-3.978380879049169816e-01
-3.978618703024853764e-01
-3.978854946797504843e-01
-3.979089691012984153e-01
-3.979323015732338376e-01
-3.979555000495815786e-01
-3.979785724371499578e-01
-3.980015265995641704e-01
-3.980243703601873961e-01
-3.980471115044826869e-01
-3.980697577814110710e-01
-3.980923169043237286e-01
-3.981147965508716191e-01
-3.981372043623196966e-01
-3.981595479417374683e-01
-3.981818348513987416e-01
-3.982040726088115767e-01
-3.982262686816510633e-01
-3.982484304809699727e-01
-3.982705653528874068e-01
-3.982926805680702120e-01
-3.983147833091207901e-01
-3.983368806551079166e-01
-3.983589795632451747e-01
-3.983810868468489197e-01
-3.984032091494415506e-01
-3.984253529139955563e-01
-3.984475243470031458e-01
-3.984697293761916281e-01
-3.984919736013390335e-01
-3.985142622367801035e-01
-3.985366000447763679e-01
-3.985589912580426719e-01
-3.985814394902619795e-01
-3.986039476325232145e-01
-3.986265177341031252e-01
-3.986491508651213711e-01
-3.986718469590332936e-01
-3.986946046320633541e-01
-3.987174209771083278e-01
-3.987402913288511930e-01
-3.987632089973205951e-01
-3.987861649665234709e-01
-3.988091475554780274e-01
-3.988321420387443972e-01
-3.988551302246967634e-01
-3.988780899902513166e-01
-3.989009947727646943e-01
-3.989238130214664557e-01
-3.989465076142172384e-01
-3.989690352488589609e-01
-3.989913458239539024e-01
-3.990133818296442980e-01
-3.990350777774700486e-01
-3.990563597065297508e-01
-3.990771448135944088e-01
-3.990973412645823504e-01
-3.991168482545052187e-01
-3.991355563897248659e-01
-3.991533484692862954e-01
-3.991701007375462185e-01
-3.991856846667405923e-01
-3.991999693022194040e-01
-3.992128241645067632e-01
-3.992241226509510854e-01
-3.992337458196705824e-01
-3.992415863756265115e-01
-3.992475526229571914e-01
-3.992515721096020487e-01
-3.992535946804762204e-01
