-7.685481469808026489e+00
-7.684872248977722364e+00
-7.683654136924262801e+00
-7.681827792380156339e+00
-7.679394202238832179e+00
-7.676354680101612260e+00
-7.672710864333108560e+00
-7.668464715613872329e+00
-7.663618513985843705e+00
-7.658174855374373813e+00
-7.652136647581618156e+00
-7.645507105731188524e+00
-7.638289747158675702e+00
-7.630488385725193723e+00
-7.622107125549334228e+00
-7.613150354132868003e+00
-7.603622734877625078e+00
-7.593529198968068883e+00
-7.582874936619733219e+00
-7.571665387668467417e+00
-7.559906231504164964e+00
-7.547603376324897084e+00
-7.534762947719803705e+00
-7.521391276557557681e+00
-7.507494886194066019e+00
-7.493080478977732994e+00
-7.478154922071093225e+00
-7.462725232568872435e+00
-7.446798561936305738e+00
-7.430382179749624783e+00
-7.413483456767490765e+00
-7.396109847316660435e+00
-7.378268871025795761e+00
-7.359968093892373275e+00
-7.341215108721323546e+00
-7.322017514922718462e+00
-7.302382897712771381e+00
-7.282318806708560466e+00
-7.261832733968277331e+00
-7.240932091472826571e+00
-7.219624188110946861e+00
-7.197916206173665010e+00
-7.175815177435763026e+00
-7.153327958846476875e+00
-7.130461207931386269e+00
-7.107221357954343510e+00
-7.083614592978054070e+00
-7.059646822913904884e+00
-7.035323658754050413e+00
-7.010650388139239020e+00
-6.985631951533879835e+00
-6.960272919252538770e+00
-6.934577469719640064e+00
-6.908549369332735779e+00
-6.882191954459660366e+00
-6.855508116108151917e+00
-6.828500287991292161e+00
-6.801170438740337332e+00
-6.773520069226503182e+00
-6.745550215998500576e+00
-6.717261462071315137e+00
-6.688653956356132468e+00
-6.659727443254253032e+00
-6.630481303981990315e+00
-6.600914611406543564e+00
-6.571026200175024812e+00
-6.540814754072645343e+00
-6.510278912461153311e+00
-6.479417397691124236e+00
-6.448229165151457387e+00
-6.416713577489564280e+00
-6.384870604098875191e+00
-6.352701046608540736e+00
-6.320206790416844633e+00
-6.287391081679598592e+00
-6.254258828199676046e+00
-6.220816921776608055e+00
-6.187074578384549106e+00
-6.153043691489913591e+00
-6.118739192533737992e+00
-6.084179411552485206e+00
-6.049386429749587180e+00
-6.014386415037156652e+00
-5.979209930811628659e+00
-5.943892207980412401e+00
-5.908473370182415252e+00
-5.872998602685912672e+00
-5.837518256236344349e+00
-5.802087878554380573e+00
-5.766768167837638792e+00
-5.731624844821401332e+00
-5.696728442245000856e+00
-5.662154013211638137e+00
-5.627980762436993523e+00
-5.594291606974510778e+00
-5.561172675218077011e+00
-5.528712755024682401e+00
-5.497002703266092638e+00
-5.466134830243492004e+00
-5.436202272868499108e+00
-5.407298370597374060e+00
-5.379516057595806977e+00
-5.352947283800362221e+00
-5.327682476322166849e+00
-5.303810051294364669e+00
-5.281415984768422334e+00
-5.260583449864631334e+00
-5.241392526115346229e+00
-5.223919985992035109e+00
-5.208239163087774237e+00
-5.194419906455459035e+00
-5.182528626393127169e+00
-5.172628438604906620e+00
-5.164779416540181245e+00
-5.159038965945846655e+00
-5.155462341954913263e+00
-5.154103337677240937e+00
-5.155015185485200213e+00
-5.158251728721579887e+00
-5.163868944518464232e+00
-5.171926929339903722e+00
-5.182492501208469271e+00
-5.195642629035540416e+00
-5.211468974890394179e+00
-5.230083932342584063e+00
-5.251628666501109599e+00
-5.276283804972526248e+00
-5.304283579962990380e+00
-5.335934338436612911e+00
-5.371638332856987219e+00
-5.411923405727311120e+00
-5.457478286328182548e+00
-5.509191255299906942e+00
-5.568186301851255848e+00
-5.635845115797140537e+00
-5.713795661758658717e+00
-5.803841100767544781e+00
-5.907802298853208178e+00
-6.027261674874092812e+00
-6.163231206349084168e+00
-6.315814680718816909e+00
-6.483966133848618085e+00
-6.665431624564217117e+00
-6.856897462323578551e+00
-7.054293093387904889e+00
-7.253158545418589398e+00
-7.448998488886292790e+00
-7.637583251133126083e+00
-7.815189298564604314e+00
-7.978783244487144266e+00
-8.126149160847720765e+00
-8.255951490885479416e+00
-8.367725032214245573e+00
-8.461791785847745828e+00
-8.539117757234544470e+00
-8.601134119493577757e+00
-8.649551368393327166e+00
-8.686191344991039287e+00
-8.712853085334886671e+00
-8.731218448388535336e+00
-8.742795481788075307e+00
-8.748892783083158875e+00
-8.750616460737747460e+00
-8.748881728867933916e+00
-8.744432650038655552e+00
-8.737865304633139374e+00
-8.729651273598417305e+00
-8.720159592587306108e+00
-8.709676245143421980e+00
-8.698420861786907210e+00
-8.686560654613469268e+00
-8.674221814428168642e+00
-8.661498686626742938e+00
-8.648461065179320784e+00
-8.635159929813509549e+00
-8.621631918590409782e+00
-8.607902787881343443e+00
-8.593990070975911166e+00
-8.579905108647318812e+00
-8.565654591604561219e+00
-8.551241726328852266e+00
-8.536667112185488904e+00
-8.521929398471476347e+00
-8.507025774607960500e+00
-8.491952334442508743e+00
-8.476704345989823253e+00
-8.461276450459841669e+00
-8.445662808614828876e+00
-8.429857208071043218e+00
-8.413853141750443854e+00
-8.397643865139698960e+00
-8.381222438051180390e+00
-8.364581755152082465e+00
-8.347714568415987912e+00
-8.330613503874559456e+00
-8.313271074423644436e+00
-8.295679690035528964e+00
-8.277831666381292308e+00
-8.259719232677547041e+00
-8.241334539378017965e+00
-8.222669666262509836e+00
-8.203716631369498913e+00
-8.184467401221382943e+00
-8.164913902737076512e+00
-8.145048037275163466e+00
-8.124861697229135871e+00
-8.104346785678792742e+00
-8.083495239606039107e+00
-8.062299057294508131e+00
-8.040750330562453030e+00
-8.018841282617845678e+00
-7.996564312384204953e+00
-7.973912046316824487e+00
-7.950877398823438469e+00
-7.927453642612904972e+00
-7.903634490430452963e+00
-7.879414189893672038e+00
-7.854787633325104323e+00
-7.829750484785261477e+00
-7.804299326742272669e+00
-7.778431829175072920e+00
-7.752146944187139788e+00
-7.725445129608957906e+00
-7.698328605374799238e+00
-7.670801646864422452e+00
-7.642870919677813291e+00
-7.614545860638200381e+00
-7.585839109943680825e+00
-7.556766999468850443e+00
-7.527350101963238949e+00
-7.497613845418389822e+00
-7.467589195838623795e+00
-7.437313410105042877e+00
-7.406830858155868391e+00
-7.376193910302132117e+00
-7.345463880677698398e+00
-7.314712011520906998e+00
-7.284020474717605609e+00
-7.253483356807757687e+00
-7.223207581168299640e+00
-7.193313706698587495e+00
-7.163936526343928968e+00
-7.135225372438195102e+00
-7.107344020630415038e+00
-7.080470072801559489e+00
-7.054793695041959189e+00
-7.030515593672530095e+00
-7.007844134562282612e+00
-6.986991552520897208e+00
-6.968169260188990854e+00
-6.951582348672521228e+00
-6.937423469564513390e+00
-6.925866389518772870e+00
-6.917059598896498684e+00
-6.911120417567083507e+00
-6.908130056963342369e+00
