2.349746884600186549e-08
2.352303705130509348e-08
2.357402462708317813e-08
2.365106136202678592e-08
2.375369944186005288e-08
2.388320835657235587e-08
2.403883737059905512e-08
2.422251575815090035e-08
2.443318325131984359e-08
2.467345968682620702e-08
2.494196592315258350e-08
2.524205464531562361e-08
2.557201568346669673e-08
2.593598949429405493e-08
2.633191980853251829e-08
2.676480390717363169e-08
2.723222131553939976e-08
2.774011123269847405e-08
2.828566770954821952e-08
2.887587540712113497e-08
2.950751834121475600e-08
3.018875163421103880e-08
3.091592129849995106e-08
3.169850310198993541e-08
3.253237359364440381e-08
3.342850917219334117e-08
3.438228194695309293e-08
3.540638444601218261e-08
3.649564592143120013e-08
3.766473311793604118e-08
3.890789080214381887e-08
4.024206939435836642e-08
4.166088480451716844e-08
4.318394289346074163e-08
4.480418441916429374e-08
4.654431841555026627e-08
4.839656360274755622e-08
5.038727302712787538e-08
5.250789797397070730e-08
5.478909104891402951e-08
5.722149534922301096e-08
5.984086065345691587e-08
6.263699046159965440e-08
6.565170624598531961e-08
6.887395676033499355e-08
7.235283122225187173e-08
7.607643484593883062e-08
8.010259968273947276e-08
8.441863963088487995e-08
8.909295829671482975e-08
9.411219273612443598e-08
9.955759790519424399e-08
1.054153414665538876e-07
1.117823888232788009e-07
1.186447831614718577e-07
1.261188088125108333e-07
1.341909314312123783e-07
1.430013396389051565e-07
1.525377645219157386e-07
1.629701682605740262e-07
1.742888237873521172e-07
1.867010383530317958e-07
2.002015386647954497e-07
2.150448266358920470e-07
2.312329292092049591e-07
2.490804719716512590e-07
2.686010089432095283e-07
2.901864260839784318e-07
3.138680822346632996e-07
3.401380767889534689e-07
3.690549203116799534e-07
4.012420199257097912e-07
4.367990172406853927e-07
4.765232720137866181e-07
5.205765979264127034e-07
5.699895823296129747e-07
6.250181401932705751e-07
6.870096901128555425e-07
7.563631843149075140e-07
8.348626937538814791e-07
9.231260991719395543e-07
1.023548901718809802e-06
1.137087237041592133e-06
1.267007980678108365e-06
1.414796156519528739e-06
1.584985053838765649e-06
1.779898771708099412e-06
2.005951986552575962e-06
2.266823335246645929e-06
2.571792504174576461e-06
2.926770250059891108e-06
3.345523601236602503e-06
3.837731768782764060e-06
4.424420965631715553e-06
5.121816219237587973e-06
5.963138052805157432e-06
6.976366361722791930e-06
8.216149879076427127e-06
9.732399144262047908e-06
1.161960933990074647e-05
1.397024360444703591e-05
1.695969199347923650e-05
2.077674715606487088e-05
2.605147863833122139e-05
3.408320996107658626e-05
4.646726507701382024e-05
6.493104236338613370e-05
9.209871240381769836e-05
1.313871792155373562e-04
1.880980057384461094e-04
2.692728494987751769e-04
3.861642460810612741e-04
5.541734548054394385e-04
7.992678880108723986e-04
1.159218490654404530e-03
1.703979944820590469e-03
2.547212651292601535e-03
3.932344040416247549e-03
4.988423427058880089e-03
5.824500737742308032e-03
6.775429204411076087e-03
7.853065864867473864e-03
9.066932920270470708e-03
1.042876969758530295e-02
1.194262375005657358e-02
1.361519611283389629e-02
1.542867269111807688e-02
1.734160566381289653e-02
1.920398153496311738e-02
2.074719025425533769e-02
2.170562912745957473e-02
2.215211795615174006e-02
2.232670036047565074e-02
2.241886935679240564e-02
2.249906182103068517e-02
2.260724534883861228e-02
2.274239837822972926e-02
2.291568522869444346e-02
2.311340277401610285e-02
2.334190883373881559e-02
2.358470636682049801e-02
2.384824571820349029e-02
2.411584613325634674e-02
2.439565886590298882e-02
2.467161760235890566e-02
2.495396310611881427e-02
2.522723082962290142e-02
2.550358871253999293e-02
2.576785355675246039e-02
2.603379763852941772e-02
2.628616408449067215e-02
2.654003194067999782e-02
2.677978542551883237e-02
2.702159435145370936e-02
2.724928416993096375e-02
2.747997921095295809e-02
2.769681488796161412e-02
2.791779463617371712e-02
2.812527901338073358e-02
2.833811694157661182e-02
2.853783754878870885e-02
2.874412905382527431e-02
2.893764808106234071e-02
2.913893381029464963e-02
2.932773654509714459e-02
2.952547000936533300e-02
2.971094650827101405e-02
2.990648633595468023e-02
3.008993113885355050e-02
3.028454634569769169e-02
3.046716738412774336e-02
3.066204899372102985e-02
3.084498070108662726e-02
3.104125602635766923e-02
3.122557394510194415e-02
3.142432158833297073e-02
3.161105709978487277e-02
3.181332173713986161e-02
3.200347630145645994e-02
3.221028289134424127e-02
3.240484161434051269e-02
3.261720899046133271e-02
3.281715357295463681e-02
3.303610756183915365e-02
3.324242881947515188e-02
3.346901512327481870e-02
3.368272534021233416e-02
3.391802248660865521e-02
3.414016791426321973e-02
3.438530061938893656e-02
3.461697446935486921e-02
3.487312780070150192e-02
3.511548412015384757e-02
3.538391889394962991e-02
3.563818776011831724e-02
3.592025766892606442e-02
3.618776220317301839e-02
3.648493325126291736e-02
3.676710903948952891e-02
3.708098197365426729e-02
3.737939959618130636e-02
3.771173616784177784e-02
3.802812769899123480e-02
3.838088179308205006e-02
3.871717234291055521e-02
3.909252727886348977e-02
3.945087293740644208e-02
3.985128661440431180e-02
4.023412055200281667e-02
4.066238061347879351e-02
4.107246963249854693e-02
4.153176152081039518e-02
4.197227610831352068e-02
4.246626785480859395e-02
4.294086984846193222e-02
4.347381882559968325e-02
4.398677232259528419e-02
4.456366117135138194e-02
4.511997450923464770e-02
4.574668635682114376e-02
4.635229623465376980e-02
4.703584363005986618e-02
4.769785729794272927e-02
4.844668582585451300e-02
4.917370470933889876e-02
4.999810235353144283e-02
5.080066212498728778e-02
5.171332147717457028e-02
5.260450228456445276e-02
5.362130878316942462e-02
5.461760023555843613e-02
5.575876339481893734e-02
5.688132160162379797e-02
5.817304221362530614e-02
5.944956944386784597e-02
6.092657305398974099e-02
6.239422278589945581e-02
6.410374931429745071e-02
6.581379339988924215e-02
6.782215023405208099e-02
6.984783109217863883e-02
7.225171555228945830e-02
7.470221706136222217e-02
7.764953015738960962e-02
8.069661838801117648e-02
8.442781565490571627e-02
8.836131343726909282e-02
9.330019761514921073e-02
9.865761176276097166e-02
1.056390063939023349e-01
1.135594808116880267e-01
1.245129264384494255e-01
1.379293099008506718e-01
1.584179771051350549e-01
1.865104519530693672e-01
2.251560004832868778e-01
