-1.222035507506038732e+00
-1.221597401402790384e+00
-1.220721189900590309e+00
-1.219407016777597663e+00
-1.217654883663533694e+00
-1.215465077463701915e+00
-1.212837599279435352e+00
-1.209772877830234572e+00
-1.206270911251135614e+00
-1.202332268078891708e+00
-1.197956940037941509e+00
-1.193145632768104258e+00
-1.187898327100042506e+00
-1.182215862299896614e+00
-1.176098202740593734e+00
-1.169546317017456039e+00
-1.162560146347352275e+00
-1.155140783465899990e+00
-1.147288138536086688e+00
-1.139003422267501620e+00
-1.130286504592956653e+00
-1.121138706950416619e+00
-1.111559848494572345e+00
-1.101551352947025553e+00
-1.091112976654504019e+00
-1.080246235838904889e+00
-1.068950810398202833e+00
-1.057228297770545389e+00
-1.045078286002473433e+00
-1.032502440775642683e+00
-1.019500240945212299e+00
-1.006073405556914269e+00
-9.922212847928342239e-01
-9.779456340241151624e-01
-9.632456528984291166e-01
-9.481231136209462562e-01
-9.325770407867142175e-01
-9.166092011489004321e-01
-9.002184167511915192e-01
-8.834064234144914929e-01
-8.661718097732193922e-01
-8.485162515720348075e-01
-8.304380693743484976e-01
-8.119388454875589023e-01
-7.930165934140162021e-01
-7.736727637889936338e-01
-7.539050191148282121e-01
-7.337146344621285898e-01
-7.130988717063989624e-01
-6.920587798617411357e-01
-6.705911639773898258e-01
-6.486967887813761546e-01
-6.263719386583477267e-01
-6.036170266952581853e-01
-5.804277438423215418e-01
-5.568040733609256332e-01
-5.327410294855334794e-01
-5.082380745286384505e-01
-4.832894502712288265e-01
-4.578939913811362339e-01
-4.320450565774756613e-01
-4.057407272977263668e-01
-3.789733506989078626e-01
-3.517401062947631551e-01
-3.240321794733059813e-01
-2.958456706089380717e-01
-2.671704265470676853e-01
-2.380012557625842406e-01
-2.083264569676574196e-01
-1.781392892264363481e-01
-1.474262525937980184e-01
-1.161787422511679768e-01
-8.438115749261099197e-02
-5.202264179001842709e-02
-1.908512588385850167e-02
1.444498195437726555e-02
4.858867192173901839e-02
8.336288091066366979e-02
1.187920826307773542e-01
1.548973388195437062e-01
1.917073145230952513e-01
2.292482075461936275e-01
2.675537758741063921e-01
3.066566863940836107e-01
3.465969532488228921e-01
3.874155022134775361e-01
4.291601239171122240e-01
4.718824574821459117e-01
5.156400819791303602e-01
5.604988006434414860e-01
6.065286712188566742e-01
6.538146619139439952e-01
7.024429219113866862e-01
7.525251186028867334e-01
8.041682831379883822e-01
8.575227576562843845e-01
9.127223853803322351e-01
9.699768588458053120e-01
1.029451931305862100e+00
1.091458129871808014e+00
1.156183475968867835e+00
1.224164706840774830e+00
1.295749498298431890e+00
1.376410186692111015e+00
1.474998095115446439e+00
1.589982913984852697e+00
1.714548206511543826e+00
1.843424057600942412e+00
1.973021202941297680e+00
2.101153496173594259e+00
2.226622610445740946e+00
2.348681192098563741e+00
2.467024041763548503e+00
2.581329195479522554e+00
2.691545691136241203e+00
2.797297643469626838e+00
2.898465059520377363e+00
2.993838692773423293e+00
3.084380309807386755e+00
3.172900573444616068e+00
3.259836042089852448e+00
3.345266963748783962e+00
3.429118792102767266e+00
3.511467342331552111e+00
3.592260030068032961e+00
3.671559851033173949e+00
3.749343517287836214e+00
3.825714673787194098e+00
3.900815013454493219e+00
3.975121669292834614e+00
4.049379612861205402e+00
4.124443276359597732e+00
4.200764194523355144e+00
4.278466242876505454e+00
4.357376565048308947e+00
4.437232698632689321e+00
4.517643037250486771e+00
4.598216844555095939e+00
4.678507532345715703e+00
4.758122279310113889e+00
4.836662209412323499e+00
4.913812294112645418e+00
4.989275084095352142e+00
5.062842441275408056e+00
5.134325865866175675e+00
5.203616224202378682e+00
5.270615661100649163e+00
5.335290753733425539e+00
5.397609036490180756e+00
5.457588513607449343e+00
5.515239662442320778e+00
5.570612437759534963e+00
5.623743460589056831e+00
5.674700817255529550e+00
5.723535762420077333e+00
5.770325353454019535e+00
5.815127985268198074e+00
5.858023869254196825e+00
5.899073824711566161e+00
5.938357644858977658e+00
5.975935689575162080e+00
6.011885217295493078e+00
6.046264423757429896e+00
6.079146842165456199e+00
6.110587548409050385e+00
6.140655742684862695e+00
6.169402897384671292e+00
6.196893635140565237e+00
6.223175636550793755e+00
6.248308925943473646e+00
6.272337386667696357e+00
6.295316559321967098e+00
6.317286635622685331e+00
6.338298866043113655e+00
6.358389921431940373e+00
6.377606998912607850e+00
6.395983454912257393e+00
6.413562690303340474e+00
6.430374970298111670e+00
6.446460162436384422e+00
6.461845668574161650e+00
6.476568082542725868e+00
6.490652167679782814e+00
6.504131494830427407e+00
6.517028405869230490e+00
6.529373687162675743e+00
6.541187465554331837e+00
6.552497967419181890e+00
6.563323298812678175e+00
6.573689335770072972e+00
6.583612344892453727e+00
6.593116046525529406e+00
6.602215036080286481e+00
6.610931058115984804e+00
6.619277192254593878e+00
6.627273372946002716e+00
6.634931307003048673e+00
6.642269270900976963e+00
6.649297729789936717e+00
6.656033441538494522e+00
6.662485749619012410e+00
6.668670020713901359e+00
6.674594586155085274e+00
6.680273537742202450e+00
6.685714294482949960e+00
6.690929779299979785e+00
6.695926589691462816e+00
6.700716576205142161e+00
6.705305597341929769e+00
6.709704519032044345e+00
6.713918535658894626e+00
6.717957608266300618e+00
6.721826335002288211e+00
6.725533844403681627e+00
6.729084199864749927e+00
6.732485763071542451e+00
6.735742118302879611e+00
6.738860919910411695e+00
6.741845323369299869e+00
6.744702329610906766e+00
6.747434710768568600e+00
6.750048863158878198e+00
6.752547216622637904e+00
6.754935607009121767e+00
6.757216158902342507e+00
6.759394187583480651e+00
6.761471545764210056e+00
6.763453064179029361e+00
6.765340353727559375e+00
6.767137793074782692e+00
6.768846778338198256e+00
6.770471265344667700e+00
6.772012459691776343e+00
6.773473920619833777e+00
6.774856684934688289e+00
6.776163938798074327e+00
6.777396569625378397e+00
6.778557411473212113e+00
6.779647219625384302e+00
6.780668494658379508e+00
6.781621875006560884e+00
6.782509544211059449e+00
6.783332037316382568e+00
6.784091235253277397e+00
6.784787581468812334e+00
6.785422666859751928e+00
6.785996853588018851e+00
6.786511453475686295e+00
6.786966756530850020e+00
6.787363805290210550e+00
6.787702826254355060e+00
6.787984602596197625e+00
6.788209307934293335e+00
6.788377482216278125e+00
6.788489274013682184e+00
6.788545052752250619e+00
