-7.205067172199841607e+00
-7.204509505571708772e+00
-7.203394201588351642e+00
-7.201721386503689537e+00
-7.199491147547681713e+00
-7.196703736347156877e+00
-7.193359296317026974e+00
-7.189458202681108467e+00
-7.185000652066893423e+00
-7.179987140596685080e+00
-7.174417913908727407e+00
-7.168293585360703268e+00
-7.161614444129022594e+00
-7.154381216121859843e+00
-7.146594227256062304e+00
-7.138254310210868425e+00
-7.129361819451883520e+00
-7.119917687465451728e+00
-7.109922287596303292e+00
-7.099376643881405435e+00
-7.088281137295399326e+00
-7.076636873748599399e+00
-7.064444228896416433e+00
-7.051704379273803447e+00
-7.038417680425683720e+00
-7.024585366515983864e+00
-7.010207756179033467e+00
-6.995286126261524018e+00
-6.979820739483241887e+00
-6.963812898240825611e+00
-6.947262787904699088e+00
-6.930171716828770201e+00
-6.912539768903534387e+00
-6.894368236071374945e+00
-6.875657073607810865e+00
-6.856407531531720778e+00
-6.836619406003967114e+00
-6.816293876037869737e+00
-6.795430544394030825e+00
-6.774030485929716683e+00
-6.752093071440000926e+00
-6.729619233823206592e+00
-6.706608068482764473e+00
-6.683060323215094023e+00
-6.658974769058544574e+00
-6.634351919410356402e+00
-6.609190165608284317e+00
-6.583489730229018733e+00
-6.557248562239839096e+00
-6.530466528688886108e+00
-6.503141065001750931e+00
-6.475271608300392501e+00
-6.446854999386306240e+00
-6.417890159662091421e+00
-6.388373242596982138e+00
-6.358302554595188560e+00
-6.327673455358675092e+00
-6.296483520946759782e+00
-6.264727194537829114e+00
-6.232401187216510152e+00
-6.199498883329815691e+00
-6.166015971033420584e+00
-6.131944609927716172e+00
-6.097279278835562089e+00
-6.062010717949497973e+00
-6.026131975343496983e+00
-5.989632141823612699e+00
-5.952502569798790333e+00
-5.914730426907604866e+00
-5.876305050382297779e+00
-5.837211356042338650e+00
-5.797436277168374730e+00
-5.756962079647095720e+00
-5.715772815145255592e+00
-5.673847612588028611e+00
-5.631167048881414949e+00
-5.587706513803960995e+00
-5.543442364311286674e+00
-5.498345497851885533e+00
-5.452387103166128846e+00
-5.405532631586371650e+00
-5.357746879826342123e+00
-5.308988629103605028e+00
-5.259214679819139704e+00
-5.208375549761021794e+00
-5.156417902931941910e+00
-5.103281887893879265e+00
-5.048901120411436239e+00
-4.993202551870674633e+00
-4.936102696459341743e+00
-4.877511448040692699e+00
-4.817322422141033123e+00
-4.755423103215322023e+00
-4.691675635125896804e+00
-4.625937590393389698e+00
-4.558026390249096949e+00
-4.487759226916034905e+00
-4.414886936619971891e+00
-4.339172687788194871e+00
-4.260260219348603883e+00
-4.177848129319438719e+00
-4.091368613787810915e+00
-4.000339052233997883e+00
-3.900937401738135524e+00
-3.787705832060106026e+00
-3.662651529503498260e+00
-3.531197556524868109e+00
-3.397446161339708226e+00
-3.264140431950533383e+00
-3.132921410083354008e+00
-3.004669897512562304e+00
-2.879903938211462400e+00
-2.758809473500367204e+00
-2.641557892918665829e+00
-2.528119879346360843e+00
-2.418660785381664180e+00
-2.313147889847516403e+00
-2.212223573127067855e+00
-2.115024600276457889e+00
-2.019568155054395575e+00
-1.925537365064845297e+00
-1.832856716117606144e+00
-1.741550671154230123e+00
-1.651539360867802619e+00
-1.562824580907590466e+00
-1.475326052911274388e+00
-1.389016001994541893e+00
-1.303777106495369820e+00
-1.219465106701107526e+00
-1.135720379233347677e+00
-1.052032397399842667e+00
-9.678626052365679744e-01
-8.829842192279115931e-01
-7.974160765658533379e-01
-7.113875158575710955e-01
-6.251900517008774916e-01
-5.391969548184107897e-01
-4.537710321124722168e-01
-3.692990906404342022e-01
-2.861163770841322895e-01
-2.045461206771932716e-01
-1.248396684556698361e-01
-4.722233971506555744e-02
2.815304367873846039e-02
1.011573453103637998e-01
1.717234063188058657e-01
2.397984482144908391e-01
3.053783324479664718e-01
3.684634949201716081e-01
4.290912285710505869e-01
4.872957252425719754e-01
5.431390577410240006e-01
5.966750335903445723e-01
6.479789643368831786e-01
6.971147790607127304e-01
7.441635120036796947e-01
7.891931402953618058e-01
8.322857284414544310e-01
8.735095514077415579e-01
9.129448804664992423e-01
9.506580519009126817e-01
9.867259195992329479e-01
1.021211609243400265e+00
1.054187689584303200e+00
1.085713410789344913e+00
1.115856660307739334e+00
1.144672526398306633e+00
1.172224109832358030e+00
1.198562284173776415e+00
1.223745434644336827e+00
1.247820309131425054e+00
1.270840752698918497e+00
1.292849560112923291e+00
1.313896270195304083e+00
1.334019943603949265e+00
1.353266076370686077e+00
1.371670236889565020e+00
1.389274153049452565e+00
1.406110150630435429e+00
1.422216463695906263e+00
1.437622423384177006e+00
1.452363036792728934e+00
1.466464880830262496e+00
1.479959990756483545e+00
1.492872418576153937e+00
1.505231468698216446e+00
1.517058884485681158e+00
1.528381465153235697e+00
1.539218847665298151e+00
1.549595535976563854e+00
1.559529248594489381e+00
1.569042388551828981e+00
1.578150929696088722e+00
1.586875353337196648e+00
1.595230048754167740e+00
1.603233740256547302e+00
1.610899379555942090e+00
1.618244084989536091e+00
1.625279505330001317e+00
1.632021291119870154e+00
1.638479911220179108e+00
1.644669674573209228e+00
1.650599982344467254e+00
1.656283916950616053e+00
1.661729914052646695e+00
1.666949934338386008e+00
1.671951540896749133e+00
1.676745668014804069e+00
1.681339090619556664e+00
1.685741803225680790e+00
1.689959869186165253e+00
1.694002421896565469e+00
1.697874882560773457e+00
1.701585594811360291e+00
1.705139400582160070e+00
1.708543918432348097e+00
1.711803467932415668e+00
1.714925001174674390e+00
1.717912366831242599e+00
1.720771903588341756e+00
1.723507035731087766e+00
1.726123536546980253e+00
1.728624447938802877e+00
1.731015021198563986e+00
1.733297953751966602e+00
1.735478014102413535e+00
1.737557589373352585e+00
1.739541000658840542e+00
1.741430355557280540e+00
1.743229559636303438e+00
1.744940468647467435e+00
1.746566601314719858e+00
1.748109586388347791e+00
1.749572581494736490e+00
1.750957010632203659e+00
1.752265693372387245e+00
1.753499868823465535e+00
1.754662039047523381e+00
1.755753275921469347e+00
1.756775782226831062e+00
1.757730478228601179e+00
1.758619283502032893e+00
1.759442980428209014e+00
1.760203219444413714e+00
1.760900657026263083e+00
1.761536686684802566e+00
1.762111849375775030e+00
1.762627292222507691e+00
1.763083449679180736e+00
1.763481231668766913e+00
1.763820974280196685e+00
1.764103358959347556e+00
1.764328632344053460e+00
1.764497259734111534e+00
1.764609418175518085e+00
1.764665406340135245e+00
