-7.016958050403512607e+04
-7.001956884453739622e+04
-6.972051477004869957e+04
-6.927436415181457414e+04
-6.868398248140956275e+04
-6.795317663136255578e+04
-6.708658342063709279e+04
-6.608970656161395891e+04
-6.496875464245594776e+04
-6.373069460039133992e+04
-6.238304474808707891e+04
-6.093394629125047504e+04
-5.939191837716693408e+04
-5.776594917402482679e+04
-5.606522084411315882e+04
-5.429922146190975036e+04
-5.247744829050049157e+04
-5.060954134262473235e+04
-4.870497337109097862e+04
-4.677320520784279506e+04
-4.482337050305611774e+04
-4.286445217015774688e+04
-4.090496918636549526e+04
-3.895317259834465949e+04
-3.701674071086335607e+04
-3.510299224630646495e+04
-3.321859508960037783e+04
-3.136979341985870269e+04
-2.956213394208767204e+04
-2.780070318501958536e+04
-2.608987391993951314e+04
-2.443354839276362327e+04
-2.283492648118433863e+04
-2.129675042900893459e+04
-1.982109528058033538e+04
-1.840961071784501110e+04
-1.706333347228041021e+04
-1.578292211674547798e+04
-1.456849050719300794e+04
-1.341983182206535457e+04
-1.233627162883497476e+04
-1.131687805126247440e+04
-1.036033277524792356e+04
-9.465124909459422270e+03
-8.629438116839743088e+03
-7.851326465868509331e+03
-7.128615868377588413e+03
-6.459060948625804485e+03
-5.840259052765448359e+03
-5.269787849129395909e+03
-4.745130318855617588e+03
-4.263793410382000729e+03
-3.823242597034886330e+03
-3.421002418939945983e+03
-3.054599379597981169e+03
-2.721645606745370515e+03
-2.419789039508497808e+03
-2.146781723221462926e+03
-1.900436400703550134e+03
-1.678681129634194804e+03
-1.479521529904969384e+03
-1.301083486909136809e+03
-1.141580419941452419e+03
-9.993458257536177598e+02
-8.728050217910173387e+02
-7.604992087917297567e+02
-6.610612103874541390e+02
-5.732326089858366913e+02
-4.958430540687189136e+02
-4.278218687819100978e+02
-3.681805375300768901e+02
-3.160200064165206300e+02
-2.705159905513128820e+02
-2.309230121021275011e+02
-1.965621925435786750e+02
-1.668228972760242641e+02
-1.411527004801874341e+02
-1.190573420477623898e+02
-1.000925745660152302e+02
-8.386299125196366333e+01
-7.001548692049452427e+01
-5.823738719518892282e+01
-4.825127853824975688e+01
-3.981276000050172570e+01
-3.270642149041511715e+01
-2.674344921054063917e+01
-2.175855601536546757e+01
-1.760759903658972192e+01
-1.416529080716142097e+01
-1.132293037937629521e+01
-8.986748496249065354e+00
-7.075809348385837971e+00
-5.520867297484027603e+00
-4.262462578619553355e+00
-3.250191304082837185e+00
-2.440991606333986930e+00
-1.798754593747860620e+00
-1.292772561936306186e+00
-8.976520787038297922e-01
-5.918607030832423455e-01
-3.579668211275883749e-01
-1.811160117929752622e-01
-4.963722567128375784e-02
4.893677561362611006e-02
1.229505878400484753e-01
1.741286332429625994e-01
2.063183052938789563e-01
2.251379877010481201e-01
2.353736702763155608e-01
2.401965839774078126e-01
2.416135064195489845e-01
2.406069922446907039e-01
2.377383253444267097e-01
2.329240969748364309e-01
2.259359535100630978e-01
2.156015606444584565e-01
2.002640013932498464e-01
1.749585490101823460e-01
1.633254876447851334e-01
1.597314536218061021e-01
1.557815287783987646e-01
1.514781304277565688e-01
1.467291026315032665e-01
1.415113112330973477e-01
1.357677989130957608e-01
1.294594526648068511e-01
1.226775204235469874e-01
1.157491157311936747e-01
1.098775877708042525e-01
1.073333975914185223e-01
1.102889065224631759e-01
1.181859815863991470e-01
1.290309094891006203e-01
1.412281407997837690e-01
1.539541990430941532e-01
1.666406682806971240e-01
1.789483476571701037e-01
1.905622624757030703e-01
2.013208709599935142e-01
2.110793022576370470e-01
2.198209980612440551e-01
2.275321183932832170e-01
2.342874276181217685e-01
2.401427381918712356e-01
2.452067169253902557e-01
2.495552389936604165e-01
2.532946823178633400e-01
2.564948162802604958e-01
2.592448239678038502e-01
2.615994295399794445e-01
2.636281561940065910e-01
2.653703318661039812e-01
2.668784880440427942e-01
2.681792402657823815e-01
2.693120349582763251e-01
2.702938972438117538e-01
2.711547663190315149e-01
2.719047156332385362e-01
2.725670003278493070e-01
2.731467158644807491e-01
2.736625231744833076e-01
2.741159271829566868e-01
2.745225012577831580e-01
2.748810985148377739e-01
2.752052853284145395e-01
2.754918785268501424e-01
2.757532198996283102e-01
2.759844785919388643e-01
2.761973507475101175e-01
2.763855879227028467e-01
2.765606833044209067e-01
2.767150890815960884e-01
2.768604488833359967e-01
2.769879528283062942e-01
2.771096919097442712e-01
2.772155705869104314e-01
2.773183908902558947e-01
2.774066996851393130e-01
2.774942573337432772e-01
2.775681401947345250e-01
2.776433106208552326e-01
2.777052242976796315e-01
2.777702957449889598e-01
2.778221736185657598e-01
2.778789899376225003e-01
2.779223627852118184e-01
2.779724300664370151e-01
2.780085158461479411e-01
2.780530831030125216e-01
2.780828542490656474e-01
2.781229754045033697e-01
2.781472096524915671e-01
2.781837920503248407e-01
2.782031110990054179e-01
2.782369543667519429e-01
2.782518534880725203e-01
2.782836816223878129e-01
2.782945524937838200e-01
2.783250413998479278e-01
2.783321898446218245e-01
2.783619921510102624e-01
2.783656520633076004e-01
2.783954208067032643e-01
2.783957652586247500e-01
2.784261779626692745e-01
2.784233283159213701e-01
2.784551130702069277e-01
2.784491468292543126e-01
2.784831122303031981e-01
2.784740703764315706e-01
2.785111416649053151e-01
2.784990363211687914e-01
2.785403008276291503e-01
2.785251243574028424e-01
2.785718905951391489e-01
2.785536277119678994e-01
2.786075043777067606e-01
2.785861496729974407e-01
2.786491538488917175e-01
2.786247385754216932e-01
2.786994472798240419e-01
2.786720817149815899e-01
2.787618488813129458e-01
2.787317909739910338e-01
2.788410652118617494e-01
2.788088341148145521e-01
2.789436354483560421e-01
2.789102031582339492e-01
2.790788574942661415e-01
2.790459797670968300e-01
2.792602844686720709e-01
2.792310875617171062e-01
2.795082244922120762e-01
2.794882787700179172e-01
2.798540781761466034e-01
2.798534381125347137e-01
2.803482046037165665e-01
2.803854657767317349e-01
2.810749487961393123e-01
2.811857767284857701e-01
2.821832007330015157e-01
2.824395321753276900e-01
2.839534692709256847e-01
2.845106257806459538e-01
2.869598775026708792e-01
2.881857066875630480e-01
2.925128610190034228e-01
2.953979343113101175e-01
3.040878959173642926e-01
3.118456070896312715e-01
3.331706553244065394e-01
3.597097304516307936e-01
4.337569676569711929e-01
5.766785510335334930e-01
1.067887013252985851e+00
2.227473449456375043e+00
