3.787672397320922625e-10
3.791694318161543294e-10
3.799726011852456794e-10
3.811842437076445572e-10
3.828007089987533624e-10
3.848371078429177266e-10
3.872873364069664262e-10
3.901743615557481564e-10
3.934895965795300290e-10
3.972642339549963419e-10
4.014871636603301906e-10
4.061983113447409275e-10
4.113839930994794320e-10
4.170935267714681217e-10
4.233105951257950144e-10
4.300947364132409307e-10
4.374269335877364489e-10
4.453779653717167684e-10
4.539260439279937409e-10
4.631544289184619529e-10
4.730384897799260613e-10
4.836754635296508826e-10
4.950378088639145195e-10
5.072385365527229441e-10
5.202471371350905704e-10
5.341945459141539743e-10
5.490472475596233571e-10
5.649566742443283822e-10
5.818862991432041532e-10
6.000111282077455411e-10
6.192916663764519196e-10
6.399301776572466172e-10
6.618843136505439426e-10
6.853880157086017861e-10
7.103962994415997403e-10
7.371800968761449336e-10
7.656921491459178533e-10
7.962467852477916352e-10
8.287950340433971385e-10
8.637023706802169180e-10
9.009189513364515242e-10
9.408708048750202958e-10
9.835084360218393778e-10
1.029329893672589200e-09
1.078287776059041116e-09
1.130966188089689923e-09
1.187322284408476046e-09
1.248043487454682744e-09
1.313094955578769702e-09
1.383288763151290691e-09
1.458602870925606496e-09
1.540000514636746917e-09
1.627479115442978313e-09
1.722186198860510785e-09
1.824147870293783923e-09
1.934737598767768832e-09
2.054022952129116177e-09
2.183656059380167211e-09
2.323763675198721643e-09
2.476343774823431800e-09
2.641606943765431570e-09
2.821983277053413025e-09
3.017801574090898467e-09
3.232035731195863429e-09
3.465180945682903969e-09
3.720900749411889551e-09
3.999924628026092002e-09
4.306797973994874466e-09
4.642580829653625237e-09
5.012956403022537931e-09
5.419452811936251806e-09
5.869235659527999981e-09
6.364499245598042837e-09
6.914361032561183959e-09
7.521969625752310959e-09
8.199042338507844685e-09
8.950105656093304057e-09
9.790383977335787529e-09
1.072641194569730856e-08
1.177821124330709802e-08
1.295527535406954676e-08
1.428428993303090061e-08
1.577916334029388271e-08
1.747599796581794552e-08
1.939538576273578458e-08
2.158699236806443018e-08
2.408169768579822682e-08
2.694912681674582419e-08
3.023630148339194249e-08
3.404294115668975316e-08
3.844195814207211584e-08
4.357972403282600931e-08
4.957174898867246116e-08
5.663908000179105861e-08
6.496941329266132509e-08
7.490791084462711155e-08
8.676884925570926349e-08
1.011132441845998709e-07
1.184861099930934737e-07
1.398461724708531570e-07
1.661756302108024128e-07
1.992371860093364064e-07
2.409933500985912123e-07
2.981227856308264803e-07
3.846477663912951708e-07
5.165700653244559674e-07
7.104298080546537764e-07
9.901034674283098680e-07
1.385944746502077766e-06
1.942424510473753998e-06
2.716685954755130134e-06
3.794127857258998491e-06
5.286180847646591044e-06
7.366731363647161624e-06
1.027217214201236969e-05
1.440276015207462938e-05
2.035019812953870521e-05
2.921952058755801913e-05
3.405073222384035202e-05
3.650177132103423253e-05
3.904862802154897972e-05
4.169015776228443294e-05
4.441415824584589618e-05
4.721610851724284986e-05
5.007318465587402639e-05
5.297847598337973845e-05
5.589692372535290323e-05
5.881864350282535150e-05
6.170179820022696801e-05
6.455109412502874739e-05
6.734944733092425068e-05
7.013510359514814438e-05
7.289000568127066836e-05
7.563652310838801936e-05
7.833387153025188094e-05
8.099934327463960448e-05
8.358612079182747726e-05
8.611681172541301441e-05
8.854385992725686638e-05
9.089810071863300121e-05
9.313286341419750808e-05
9.528790972978284945e-05
9.731742654819089617e-05
9.926936129057772418e-05
1.010976550579410207e-04
1.028569684718073132e-04
1.044995729785410684e-04
1.060853639972354545e-04
1.075637482457474661e-04
1.089987525300540884e-04
1.103361348349251485e-04
1.116433830018320197e-04
1.128621847891427867e-04
1.140631602657779390e-04
1.151837477824898582e-04
1.162975957538852175e-04
1.173378468513786726e-04
1.183812069058251727e-04
1.193565337439887584e-04
1.203436929859104593e-04
1.212672802130108652e-04
1.222104622307111285e-04
1.230935823999431680e-04
1.240032713920430601e-04
1.248556060761631841e-04
1.257408569719953729e-04
1.265707910406630430e-04
1.274395053425671871e-04
1.282543829065232294e-04
1.291135449806979753e-04
1.299198859862468660e-04
1.307757616463292246e-04
1.315794427769663454e-04
1.324377449148398875e-04
1.332441501209443487e-04
1.341101769386009526e-04
1.349243231258569881e-04
1.358030743492687534e-04
1.366297173385382969e-04
1.375259932419011834e-04
1.383697184878013482e-04
1.392882059177417053e-04
1.401535078417786239e-04
1.410988568413897341e-04
1.419902100864779595e-04
1.429671042341033925e-04
1.438890297128832133e-04
1.449022529273273326e-04
1.458593812236999338e-04
1.469138835473031998e-04
1.479110180361275237e-04
1.490119827862405183e-04
1.500541647559548882e-04
1.512070794318137105e-04
1.522996575277749847e-04
1.535103909762217339e-04
1.546590974334156627e-04
1.559339860237503599e-04
1.571450224389099701e-04
1.584909683942494017e-04
1.597711042226980028e-04
1.611956898358902514e-04
1.625523774248205887e-04
1.640639997021436491e-04
1.655055105467302808e-04
1.671135419483878702e-04
1.686491300640922725e-04
1.703641125586068280e-04
1.720042125267787973e-04
1.738380943113492286e-04
1.755945638586935685e-04
1.775609910624200382e-04
1.794474112506420525e-04
1.815620910956385948e-04
1.835941417349754858e-04
1.858752995319240358e-04
1.880712339165044886e-04
1.905401947622977897e-04
1.929214472259183587e-04
1.956033856775462188e-04
1.981953593198891594e-04
2.011202787592163924e-04
2.039533814732678949e-04
2.071574128155367412e-04
2.102684415577478038e-04
2.137955941954519515e-04
2.172296172440127816e-04
2.211341836512655012e-04
2.249471505654955094e-04
2.292970775619416481e-04
2.335595186598547746e-04
2.384412455525809164e-04
2.432436480994759165e-04
2.487692370515775619e-04
2.542300842445282204e-04
2.605480554980691256e-04
2.668262508107760748e-04
2.741386455269473766e-04
2.814534732306062082e-04
2.900438797451294209e-04
2.987085871051893484e-04
3.089905647798331248e-04
3.194721126205211513e-04
3.320782079522152088e-04
3.451112074351596489e-04
3.610698029491311704e-04
3.778937685752192777e-04
3.990173841741096166e-04
4.219311221034057380e-04
4.517901275915099852e-04
4.856655186897531284e-04
5.325121599324546089e-04
5.898923829302575540e-04
6.775191804387592194e-04
7.976659230869492453e-04
9.629457239783363641e-04
