nan
3.263057540571260962e+00
nan
3.630791136834638166e+00
nan
3.826529155897668844e+00
nan
3.960399684760486760e+00
nan
4.061969410867353858e+00
nan
4.143588788058760741e+00
nan
4.211608787649311125e+00
nan
4.269730568723549169e+00
nan
4.320301287928280054e+00
nan
4.364903510252541530e+00
nan
4.404655144205851691e+00
nan
4.440375419966332338e+00
nan
4.472682809086465205e+00
nan
4.502055903536652970e+00
nan
4.528872846108307648e+00
nan
4.553437837969658730e+00
nan
4.575999492629099663e+00
nan
4.596763851419240154e+00
nan
4.615903882387700996e+00
nan
4.633566492952186699e+00
nan
4.649877861461762407e+00
nan
4.664947530519193641e+00
nan
4.678871616436784286e+00
nan
4.691735348351138590e+00
nan
4.703615153229650403e+00
nan
4.714580363154672327e+00
nan
4.724694647078866439e+00
nan
4.734017276027097765e+00
nan
4.742604256697143583e+00
nan
4.750509356941353900e+00
nan
4.757785139343791769e+00
nan
4.764484011509754424e+00
nan
4.770659350677244781e+00
nan
4.776366821061389878e+00
nan
4.781665920303928452e+00
nan
4.786621950586022578e+00
nan
4.791308618963969757e+00
nan
4.795811493761110711e+00
nan
4.800232919182572111e+00
nan
4.804698947347732840e+00
nan
4.809369640844742833e+00
nan
4.814454555912015543e+00
nan
4.820236875569053225e+00
nan
4.827112149908541205e+00
nan
4.835652944492649929e+00
nan
4.846721675325631473e+00
nan
4.861678960241969882e+00
nan
4.882796967992850234e+00
nan
4.914162209312290308e+00
nan
4.963927329680995371e+00
nan
5.047046864408167188e+00
nan
nan
5.245421162631376255e+00
6.061776992632177397e+00
5.279589866442609747e+00
5.553190008677164613e+00
5.086973594785193953e+00
5.172725483435161031e+00
4.825491536480287280e+00
4.821262063107583096e+00
4.530054475588094043e+00
4.475148421983447200e+00
4.199208648390145626e+00
4.111098447109279519e+00
3.790112178549935429e+00
3.745455954005730614e+00
4.169680812947947679e+00
4.162097479421376534e+00
4.167922722316546924e+00
4.097997609908331285e+00
4.095726294131127432e+00
4.039653501423049242e+00
4.026999747103952920e+00
3.980507585991568398e+00
3.962052786323358777e+00
3.923955727291850160e+00
3.909800926749721572e+00
3.898383321289251580e+00
3.921369702265333768e+00
3.956080669091696755e+00
4.003090937233070967e+00
4.048832038918764198e+00
4.092443508183720269e+00
4.135133862321440645e+00
4.170309135527382693e+00
4.208011614941953304e+00
4.234595362150538556e+00
4.267807542732055204e+00
4.286575763220434432e+00
4.316387347136259933e+00
4.328114792062238259e+00
4.355583518138108623e+00
4.360757531192144931e+00
4.386725450840769369e+00
4.385555217247835813e+00
4.410659518421169878e+00
4.403183571035163446e+00
4.427914560047963022e+00
4.414105987780434504e+00
4.438853291273652246e+00
4.418692881382096260e+00
4.443770049104466935e+00
4.417288383462260271e+00
4.442942445776853155e+00
4.410239580851078145e+00
4.436653672402824711e+00
4.397904311981749359e+00
4.425198870690291386e+00
4.380648619585981507e+00
4.408883936966076611e+00
4.358840305206010513e+00
4.388021326869460559e+00
4.332841903080575818e+00
4.362925116994717634e+00
4.303004557346728376e+00
4.333906324966750212e+00
4.269663300155132291e+00
4.301268857592832617e+00
4.233133752284551576e+00
4.265306166217980532e+00
4.193710052160014357e+00
4.226298570995386861e+00
4.151663762953197612e+00
4.184511173668642670e+00
4.107243499307855927e+00
4.140192273231979136e+00
4.060675058193581322e+00
4.093572204306743068e+00
4.012161872185941114e+00
4.044862523185652314e+00
3.961885648363547396e+00
3.994255475910251096e+00
3.910007087714380880e+00
3.941923688080299915e+00
3.856666609867981599e+00
3.888020020608871530e+00
3.801985030417480704e+00
3.832677538376055626e+00
3.746064149989768222e+00
3.776009545981654281e+00
3.688987230341667090e+00
3.718109646446983163e+00
3.630819333633034773e+00
3.659051778339797334e+00
3.571607510114464201e+00
3.598890194936878562e+00
3.511380813233059506e+00
3.537659343405808787e+00
3.450150125344395136e+00
3.475373602248114313e+00
3.387907766474117732e+00
3.412026833423853489e+00
3.324626852128369059e+00
3.347591693935436208e+00
3.260260357257446007e+00
3.282018643267604840e+00
3.194739820919802131e+00
3.215234565504400788e+00
3.127973611441342339e+00
3.147140899674985448e+00
3.059844634873111424e+00
3.077611139704990784e+00
2.990207335109800191e+00
3.006487516923687764e+00
2.918883773473683441e+00
2.933576613355231899e+00
2.845658498402915626e+00
2.858643559490750885e+00
2.770271805935478060e+00
2.781404335200151401e+00
2.692410828387190147e+00
2.701515495881265938e+00
2.611697651195787895e+00
2.618560347558716916e+00
2.527673295216354532e+00
2.532030141249401289e+00
2.439775840874846224e+00
2.441298136741931302e+00
2.347310073385097784e+00
2.345583224332518313e+00
2.249404552999658247e+00
2.243897843891821786e+00
2.144949505717627769e+00
2.134971563687915630e+00
2.032504494324122835e+00
2.017135575887627930e+00
1.910156642973288799e+00
1.888141797098987995e+00
1.775294265881173228e+00
1.744867071620289423e+00
1.624227853193297655e+00
1.582803274258075321e+00
1.451517212298200743e+00
1.395118613758480564e+00
1.248685689019568335e+00
1.170779110481579899e+00
1.001519585834556691e+00
8.903614021947858781e-01
6.836542456180082494e-01
5.153510850190100578e-01
2.388994604495208451e-01
-4.239642382529244108e-02
-4.637993679991363472e-01
-8.572847206650600071e-01
