5.601781132817241027e-09
5.607298540737482360e-09
5.618215510137855562e-09
5.634829944458577339e-09
5.656786978722620604e-09
5.684686205678247665e-09
5.717931740957258299e-09
5.757432515053414543e-09
5.802344875934254124e-09
5.853898758388870209e-09
5.910993124742442261e-09
5.975194837474024474e-09
6.045132810302501290e-09
6.122731342291254091e-09
6.206333358104746086e-09
6.298246115716650260e-09
6.396507037467876396e-09
6.503837415548883051e-09
6.617945718513973176e-09
6.742004568023268677e-09
6.873365644817940600e-09
7.015697229486810887e-09
7.165961464014981071e-09
7.328374637893581247e-09
7.499471048836395394e-09
7.684076554742405058e-09
7.878252991971317858e-09
8.087507985451925931e-09
8.307379086015601465e-09
8.544140240232889042e-09
8.792744625186575346e-09
9.060331481548515045e-09
9.341200014783917808e-09
9.643470628180268525e-09
9.960707981509701112e-09
1.030214938831778927e-08
1.066053168665499087e-08
1.104636832515503894e-08
1.145146031207127557e-08
1.188778428369342731e-08
1.234608029072888289e-08
1.284000831289861490e-08
1.335910238832006277e-08
1.391896551669589225e-08
1.450775744057993108e-08
1.514333121154920328e-08
1.581227688711735696e-08
1.653506155932507614e-08
1.729647855015092176e-08
1.812004175308867788e-08
1.898848370066313220e-08
1.992888122732800049e-08
2.092159876255807803e-08
2.199789374244955945e-08
2.313540461138089843e-08
2.437031124095510753e-08
2.567710913113640400e-08
2.709779503467136440e-08
2.860323561337773770e-08
3.024232747309305603e-08
3.198174227016372470e-08
3.387859360417369329e-08
3.589469877195558094e-08
3.809699807302719665e-08
4.044168741358672814e-08
4.300751131920867083e-08
4.574415369404570271e-08
4.874460636179439792e-08
5.195101018069109622e-08
5.547364084438002222e-08
5.924590787002238765e-08
6.339916990121710398e-08
6.785674464549695008e-08
7.277586062678640570e-08
7.806820142220405815e-08
8.392294370737360716e-08
9.023841415366130251e-08
9.724352037392736611e-08
1.048213513812647220e-07
1.132506020718497798e-07
1.223971456475025879e-07
1.326025877376121693e-07
1.437136377534226436e-07
1.561521241621290485e-07
1.697439185300286778e-07
1.850141811821764976e-07
2.017669898201155861e-07
2.206620851752331288e-07
2.414823029351038878e-07
2.650648231336503555e-07
2.911746886731898555e-07
3.208862266342457025e-07
3.539554728814960315e-07
3.917785262453910878e-07
4.341208374328181570e-07
4.828225239213600074e-07
5.376941594771775377e-07
6.012002528960586032e-07
6.732632974837652161e-07
7.572446911690975742e-07
8.533020890143109445e-07
9.661165146226599863e-07
1.096308123926793297e-06
1.250553319664297349e-06
1.430358210884755053e-06
1.645512310824949671e-06
1.899210773169384748e-06
2.206279236807006844e-06
2.573164834464773231e-06
3.023193944429405650e-06
3.569211279435177156e-06
4.249642023432672491e-06
5.090322741491336291e-06
6.158263041649939447e-06
7.506692826441254695e-06
9.262046528790799927e-06
1.154088728588064771e-05
1.477372865816743479e-05
1.987069155673654305e-05
2.807710631208522263e-05
4.073579754289822114e-05
6.005840251244350792e-05
8.892558762813800954e-05
1.321301415467545390e-04
1.961471338248665843e-04
2.919785697132229159e-04
4.354808100369983860e-04
6.547874462924363741e-04
9.959956966402710304e-04
1.547995009488044174e-03
2.496111152674790855e-03
3.291059618161449804e-03
3.917206328109141752e-03
4.649222465319376510e-03
5.483696021623769325e-03
6.449291008163276703e-03
7.534809075341522035e-03
8.770450672689099683e-03
1.012384727709143492e-02
1.159052965851151834e-02
1.302073951697786322e-02
1.423416905316348194e-02
1.503832641775832736e-02
1.555210499289499081e-02
1.591265772785217109e-02
1.624943857276747727e-02
1.657373962167442080e-02
1.692642267230333800e-02
1.727972235678758989e-02
1.766113042770013283e-02
1.803592619756021545e-02
1.843184403788256098e-02
1.881230061610832463e-02
1.920789391670335924e-02
1.958107590820251653e-02
1.996584541819772241e-02
2.032361170142846230e-02
2.069168563403925645e-02
2.103008261126951967e-02
2.137916792008306630e-02
2.169719765018325239e-02
2.202735062301166072e-02
2.232583024430663532e-02
2.263846326170992559e-02
2.291918662031708007e-02
2.321638756463662370e-02
2.348158246582412317e-02
2.376569511488418190e-02
2.401770332885936818e-02
2.429109091425550593e-02
2.453219628677735450e-02
2.479712179794295313e-02
2.502946943615521821e-02
2.528804554577268257e-02
2.551361373211015818e-02
2.576779192529191770e-02
2.598839279839702462e-02
2.623997321577873493e-02
2.645726799370512819e-02
2.670791926227183630e-02
2.692343993193750673e-02
2.717472304641043931e-02
2.738989616195041180e-02
2.764328933046561812e-02
2.785945974408345072e-02
2.811638276477928383e-02
2.833483636137919953e-02
2.859667403448447678e-02
2.881865923958854686e-02
2.908678384327733485e-02
2.931353205743995535e-02
2.958932520715652423e-02
2.982207053012574105e-02
3.010694490898784687e-02
3.034694363686391005e-02
3.064236519422279884e-02
3.089091565280523491e-02
3.119842695886725775e-02
3.145689030705215578e-02
3.177813584985311052e-02
3.204795856899456119e-02
3.238471290567720984e-02
3.266745180049902136e-02
3.302165164602674507e-02
3.331900233575494502e-02
3.369278390946932322e-02
3.400661400299326981e-02
3.440235728354925498e-02
3.473474573446684588e-02
3.515512773387016732e-02
3.550841229552841732e-02
3.595647210747417166e-02
3.633330740637647632e-02
3.681252669324295429e-02
3.721595628911922304e-02
3.773036016746156296e-02
3.816390718837898294e-02
3.871819234196276910e-02
3.918597505712307499e-02
3.978567464321233760e-02
4.029255595607370705e-02
4.094425494518024594e-02
4.149603872695493967e-02
4.220765949863238692e-02
4.281135271858717978e-02
4.359254031872301927e-02
4.425670939254303798e-02
4.511936107164246645e-02
4.585462607093950677e-02
4.681363453828199517e-02
4.763337009723944693e-02
4.870769165759936820e-02
4.962904648924460621e-02
5.084327789330583131e-02
5.188870127912734859e-02
5.327548079818792554e-02
5.447508605859199132e-02
5.607888422309716125e-02
5.747425509776469404e-02
5.935762138573957153e-02
6.100823756959630750e-02
6.326264007545809309e-02
6.525736401235901485e-02
6.802323503849844188e-02
7.050236829294385943e-02
7.400927895702970327e-02
7.721098721418540034e-02
8.186708255043659288e-02
8.623785639842189432e-02
9.285961045749425991e-02
9.936649406699925302e-02
1.099042047400163591e-01
1.211777879320990736e-01
1.418369408279281652e-01
1.682816720697387081e-01
2.196682893499819766e-01
