-7.631041547987151397e+00
-7.630527631554705259e+00
-7.629499915261706455e+00
-7.627958526634522229e+00
-7.625903815044861034e+00
-7.623336034841497799e+00
-7.620255767158915283e+00
-7.616663391747708900e+00
-7.612559719759302901e+00
-7.607945254183392514e+00
-7.602821033707521714e+00
-7.597187681617130650e+00
-7.591046460882596492e+00
-7.584398111309173629e+00
-7.577244116075669389e+00
-7.569585326832759975e+00
-7.561423442011122376e+00
-7.552759419453646927e+00
-7.543595166930369800e+00
-7.533931741748732591e+00
-7.523771254062185498e+00
-7.513114852728744353e+00
-7.501964842183507898e+00
-7.490322453605853248e+00
-7.478190176346829254e+00
-7.465569313215362435e+00
-7.452462527713398011e+00
-7.438871181958253587e+00
-7.424798101284502572e+00
-7.410244692979377490e+00
-7.395213930164832306e+00
-7.379707249131636004e+00
-7.363727754821387528e+00
-7.347276894099409539e+00
-7.330357885617945435e+00
-7.312972165864028540e+00
-7.295123046706372349e+00
-7.276811930487474100e+00
-7.258042199142090922e+00
-7.238815193968158646e+00
-7.219134340859352683e+00
-7.199000889681234305e+00
-7.178418280890367598e+00
-7.157387638653943895e+00
-7.135912384939652853e+00
-7.113993479641359308e+00
-7.091634289126161228e+00
-7.068835565655326114e+00
-7.045600578377853473e+00
-7.021929823253988623e+00
-6.997826425599435574e+00
-6.973290570514854458e+00
-6.948325187326267027e+00
-6.922930089180577617e+00
-6.897107951113901514e+00
-6.870858145969541475e+00
-6.844183029378227978e+00
-6.817081457465607564e+00
-6.789555393773431646e+00
-6.761603092316650354e+00
-6.733226043444564546e+00
-6.704421803644160960e+00
-6.675191299576130888e+00
-6.645531283550189627e+00
-6.615442017523162299e+00
-6.584919330332980714e+00
-6.553962706376505132e+00
-6.522566917402309095e+00
-6.490730543974495781e+00
-6.458447150789777602e+00
-6.425714272980108888e+00
-6.392524099407719262e+00
-6.358872960492262472e+00
-6.324751478580486364e+00
-6.290154599468309016e+00
-6.255071162519454830e+00
-6.219494524605398311e+00
-6.183411494867308456e+00
-6.146813607703228932e+00
-6.109685357535503236e+00
-6.072016187118567387e+00
-6.033787945853205770e+00
-5.994987671590474854e+00
-5.955594181179791669e+00
-5.915591738827407298e+00
-5.874955668625926108e+00
-5.833667021408396103e+00
-5.791697074470329554e+00
-5.749023133211707659e+00
-5.705611750905138280e+00
-5.661435833407647777e+00
-5.616456368301412816e+00
-5.570641043877625265e+00
-5.523944217093839981e+00
-5.476327317041008946e+00
-5.427736696643337133e+00
-5.378126174285720040e+00
-5.327432291328784153e+00
-5.275599467654664920e+00
-5.222552002260751891e+00
-5.168222504320620025e+00
-5.112519684610252746e+00
-5.055361020574625108e+00
-4.996634910176407374e+00
-4.936239032758690470e+00
-4.874034605446960100e+00
-4.809892820590834006e+00
-4.743637378797852300e+00
-4.675103229722883391e+00
-4.604060297014109793e+00
-4.530292959499664818e+00
-4.453490092375971265e+00
-4.373365210304098305e+00
-4.289474964198416451e+00
-4.201441121671392942e+00
-4.108559016345258996e+00
-4.010297309515225450e+00
-3.902338915282508758e+00
-3.777946516994754145e+00
-3.639577436328899740e+00
-3.494368081642658996e+00
-3.347203966460352564e+00
-3.201335091913512620e+00
-3.058399496616265534e+00
-2.919369232053319330e+00
-2.784591380158285112e+00
-2.654324976981164319e+00
-2.528544304631461959e+00
-2.407402147216538335e+00
-2.290838698191961509e+00
-2.179496733946686415e+00
-2.072510359778499289e+00
-1.967687027298991698e+00
-1.864566071400129088e+00
-1.763081325017961998e+00
-1.663227231343851420e+00
-1.564914767946542051e+00
-1.468115835283443360e+00
-1.372726861882164195e+00
-1.278658670925781227e+00
-1.185693265865900292e+00
-1.093480806319988341e+00
-1.001528631680061343e+00
-9.095067569862539392e-01
-8.173989354258489604e-01
-7.254380042095448511e-01
-6.339619792559403333e-01
-5.433514249434734378e-01
-4.539766043214976121e-01
-3.661843901904122678e-01
-2.802742838127536551e-01
-1.964996204201747143e-01
-1.150574179050226908e-01
-3.609781265686367452e-02
4.027889714406110433e-02
1.140092755761686200e-01
1.850676739142174398e-01
2.534529784071626879e-01
3.191902214365879287e-01
3.823184398171585174e-01
4.428937937339942343e-01
5.009787701094406964e-01
5.566467160045003304e-01
6.099721792109810137e-01
6.610364844866497558e-01
7.099189283788309712e-01
7.567030255356481661e-01
8.014683269349602845e-01
8.442970443109103496e-01
8.852663331781365219e-01
9.244550884338996743e-01
9.619365918141175031e-01
9.977853388748918473e-01
1.032069990032330686e+00
1.064860136865205309e+00
1.096219520502178080e+00
1.126212677616551083e+00
1.154898404479829610e+00
1.182336244637563594e+00
1.208580185239648719e+00
1.233684962718861078e+00
1.257699982578409648e+00
1.280675428909042957e+00
1.302656401247080042e+00
1.323688820106394770e+00
1.343813775761892426e+00
1.363073226214348566e+00
1.381504553355120013e+00
1.399146052623319703e+00
1.416031692280135035e+00
1.432196395916455867e+00
1.447671000681809872e+00
1.462487335057188309e+00
1.476673371938221457e+00
1.490258104902128400e+00
1.503266892085298068e+00
1.515726134680849935e+00
1.527658807599472590e+00
1.539088944227137379e+00
1.550037349924471286e+00
1.560525897216438640e+00
1.570573418271351773e+00
1.580199814731038099e+00
1.589422125414365672e+00
1.598258454958298991e+00
1.606724213110358734e+00
1.614835866261142616e+00
1.622607344821022313e+00
1.630053621599640401e+00
1.637187283901563761e+00
1.644021942559439786e+00
1.650568965528644627e+00
1.656840721216550127e+00
1.662847470504831282e+00
1.668600447844009738e+00
1.674108908782131699e+00
1.679383052116025565e+00
1.684431220154535058e+00
1.689262665039370725e+00
1.693884899118875298e+00
1.698306308373646933e+00
1.702533650422516587e+00
1.706574517813278291e+00
1.710434981324604253e+00
1.714121905712027605e+00
1.717640736107476362e+00
1.720997668645414258e+00
1.724197577895414168e+00
1.727246044634211941e+00
1.730147422375184707e+00
1.732906724399542631e+00
1.735527827570069181e+00
1.738015220589116172e+00
1.740372343401213939e+00
1.742603198508437146e+00
1.744710824377122105e+00
1.746698771512660731e+00
1.748569708388996391e+00
1.750326763866720148e+00
1.751972264258568446e+00
1.753508943569250800e+00
1.754938810394123028e+00
1.756264227369571440e+00
1.757486906673960902e+00
1.758608860009167385e+00
1.759631521531581644e+00
1.760556569648525249e+00
1.761385176259135488e+00
1.762118701662932718e+00
1.762758069080238688e+00
1.763304334082661740e+00
1.763758183756170661e+00
1.764120382505081519e+00
1.764391398025138002e+00
1.764571729209417406e+00
1.764661699610956536e+00
