7.754555611064271936e+00
7.755021492357471402e+00
7.755956605086096189e+00
7.757353938544232719e+00
7.759223544133313055e+00
7.761551398517959832e+00
7.764354257283556215e+00
7.767611080615855812e+00
7.771345333160373237e+00
7.775528952844018349e+00
7.780192120202105599e+00
7.785299743185175814e+00
7.790888727004898762e+00
7.796916939970993887e+00
7.803428022718581936e+00
7.810372792293433619e+00
7.817801637466580189e+00
7.825658310423968089e+00
7.833999962755656910e+00
7.842763266202536165e+00
7.852012151833430487e+00
7.861676193350555231e+00
7.871826119944237199e+00
7.882384387654610691e+00
7.893428544426017268e+00
7.904873906959317686e+00
7.916804864581901136e+00
7.929129570897774038e+00
7.941939281250000704e+00
7.955134960278785528e+00
7.968814755985484943e+00
7.982872416038275354e+00
7.997413009755561575e+00
8.012323037649851543e+00
8.027714521036575235e+00
8.043466680876345976e+00
8.059698523186787256e+00
8.076281954728093737e+00
8.093343000952588184e+00
8.110746217476844322e+00
8.128624685947769990e+00
8.146835571555307354e+00
8.165519050925013289e+00
8.184524857149581223e+00
8.204000302635265029e+00
8.223787644268854891e+00
8.244041373045801535e+00
8.264596223047449897e+00
8.285613908656813464e+00
8.306921592004025356e+00
8.328688257624289548e+00
8.350733443947021328e+00
8.373233454358308236e+00
8.396000149174168925e+00
8.419217201222167546e+00
8.442688735568331992e+00
8.466605846909283528e+00
8.490764865138586970e+00
8.515364361016816375e+00
8.540192806494536271e+00
8.565456304270472998e+00
8.590935402672400301e+00
8.616843793780233796e+00
8.642954033650509515e+00
8.669487462619407836e+00
8.696208572799688952e+00
8.723346412921152648e+00
8.750657336406888476e+00
8.778378161570802973e+00
8.806257025287186124e+00
8.834538577440421037e+00
8.862962657357588370e+00
8.891781808959931865e+00
8.920727489883208960e+00
8.950060200644664121e+00
8.979502929920439414e+00
9.009324197001170376e+00
9.039238431272128338e+00
9.069522232011779650e+00
9.099881376036512037e+00
9.130600602153274181e+00
9.161376938579639528e+00
9.192503320647855247e+00
9.223667929500896534e+00
9.255171950386419155e+00
9.286694616915870171e+00
9.318545412739455358e+00
9.350394522193560931e+00
9.382559769338094213e+00
9.414702187233681130e+00
9.447147973969123314e+00
9.479548910595083200e+00
9.512239592170571356e+00
9.544862450532464848e+00
9.577760487260833955e+00
9.610566694691360823e+00
9.643632473943331007e+00
9.676581299595158114e+00
9.709772945285834567e+00
9.742821309430008014e+00
9.776094487489173090e+00
9.809196775275603741e+00
9.842504512472682876e+00
9.875612416892940004e+00
9.908904966316743668e+00
9.941967406725460421e+00
9.975192221787326119e+00
1.000815542309661232e+01
1.004125735341471248e+01
1.007406524101408607e+01
1.010698715725524899e+01
1.013958234994739094e+01
1.017226657811827195e+01
1.020459249342014019e+01
1.023698377278265248e+01
1.026898873871797591e+01
1.030103960415145181e+01
1.033266779345417952e+01
1.036422739365935541e+01
1.039513045361655763e+01
1.042567731244844431e+01
1.045527208450377721e+01
1.048418685869910938e+01
1.051178644877307455e+01
1.053824229334788143e+01
1.056281464281638272e+01
1.058542786648275857e+01
1.060509125413442533e+01
1.062106124993966638e+01
1.063163074271554365e+01
1.063345744168461060e+01
1.062933307673467986e+01
1.062599185785640543e+01
1.062313851012084598e+01
1.062155932789314328e+01
1.062044742133929809e+01
1.062065206392170325e+01
1.062139911600528741e+01
1.062354876508649681e+01
1.062636429815892747e+01
1.063073103814077847e+01
1.063594696614128310e+01
1.064293109829210948e+01
1.065099663517437101e+01
1.066105540138569552e+01
1.067236503010427029e+01
1.068577183665474450e+01
1.070044287988107712e+01
1.071715596021142680e+01
1.073499991930387942e+01
1.075471115068978634e+01
1.077532889794673387e+01
1.079758046604145250e+01
1.082048147559426532e+01
1.084477472346571325e+01
1.086946799811583908e+01
1.089533359187934636e+01
1.092137758578637907e+01
1.094840773061963723e+01
1.097542827601198212e+01
1.100328386483291609e+01
1.103097368666162126e+01
1.105937877757061827e+01
1.108748891701848649e+01
1.111622057493753069e+01
1.114454964398318282e+01
1.117342729627386078e+01
1.120181132475670616e+01
1.123068735592979550e+01
1.125899121655356261e+01
1.128774327826131163e+01
1.131585383018361135e+01
1.134437879586848652e+01
1.137219955214666278e+01
1.140040885647931468e+01
1.142785588872417790e+01
1.145567196312066116e+01
1.148267076659467811e+01
1.151002431459857434e+01
1.153650740107037542e+01
1.156333530623662220e+01
1.158924034104812151e+01
1.161548404699448511e+01
1.164075239019533470e+01
1.166635663176535331e+01
1.169093217803037987e+01
1.171584397322392768e+01
1.173967221195152888e+01
1.176384004745307443e+01
1.178686728429475927e+01
1.181024044453381094e+01
1.183241314007648270e+01
1.185494114216042227e+01
1.187620533381255861e+01
1.189783743948416017e+01
1.191813821975638454e+01
1.193882300157205556e+01
1.195810403057291360e+01
1.197778897335028070e+01
1.199599200589015702e+01
1.201462312650994413e+01
1.203168753497984156e+01
1.204920900405765494e+01
1.206507127732400875e+01
1.208142502516352046e+01
1.209601822104795232e+01
1.211114350759510039e+01
1.212439663189308092e+01
1.213822955594700836e+01
1.215006683401485432e+01
1.216253975037760782e+01
1.217287974749003965e+01
1.218392055150838971e+01
1.219267508454485593e+01
1.220220631076052342e+01
1.220927907491257969e+01
1.221721673896542981e+01
1.222250154689879054e+01
1.222875363533662529e+01
1.223213212918431836e+01
1.223659660710706021e+01
1.223793525039071639e+01
1.224049740654262131e+01
1.223964348482485498e+01
1.224017235905085066e+01
1.223694860027086051e+01
1.223529212443300018e+01
1.222948936786045060e+01
1.222546767306377191e+01
1.221683472684246041e+01
1.221023078245750426e+01
1.219846013706975896e+01
1.218900640894782939e+01
1.217371367491914746e+01
1.216107266641528284e+01
1.214176620248656313e+01
1.212550126461557198e+01
1.210153589422268716e+01
1.208106591607682745e+01
1.205156968240846105e+01
1.202609576528207214e+01
1.198984855702440733e+01
1.195822909978259752e+01
1.191344973537121632e+01
1.187397352627610481e+01
1.181791842159601735e+01
1.176785711789690403e+01
1.169598986641150518e+01
1.163061377270852326e+01
1.153465751271070161e+01
1.144471923386429602e+01
1.130721714938004396e+01
1.117096066326650039e+01
1.094611877795750665e+01
1.069689579632147591e+01
1.030165628218895613e+01
