-3.598384507499573519e+05
-3.591294664442091598e+05
-3.577158456759944675e+05
-3.556060944558384945e+05
-3.528130765922344290e+05
-3.493534498782064766e+05
-3.452480645903584082e+05
-3.405210433818446472e+05
-3.352003754827279481e+05
-3.293166690647491487e+05
-3.229039362813981134e+05
-3.159980559709026129e+05
-3.086377425383375958e+05
-3.008627639644022565e+05
-2.927150850326255895e+05
-2.842368903616780299e+05
-2.754718896858969820e+05
-2.664631979074385599e+05
-2.572547871660868695e+05
-2.478892757738624641e+05
-2.384095088277487957e+05
-2.288563055626843416e+05
-2.192701474675800127e+05
-2.096889294203868194e+05
-2.001497318714559951e+05
-1.906866155415865360e+05
-1.813324524310935230e+05
-1.721167973479994980e+05
-1.630677514430465817e+05
-1.542099368701561471e+05
-1.455663663422576501e+05
-1.371565402522671211e+05
-1.289982964332289121e+05
-1.211060424621683196e+05
-1.134925613654279005e+05
-1.061673858805490599e+05
-9.913853818732433137e+04
-9.241104781078668020e+04
-8.598860644195279747e+04
-7.987222703162033577e+04
-7.406179821674278355e+04
-6.855487900002801325e+04
-6.334814102319549420e+04
-5.843629100260768610e+04
-5.381339289133535931e+04
-4.947190884697076399e+04
-4.540389701589170727e+04
-4.160016111460090178e+04
-3.805132299271740339e+04
-3.474707076854516345e+04
-3.167710835708694140e+04
-2.883049236934616420e+04
-2.619646334219415439e+04
-2.376386215609316059e+04
-2.152184972853395448e+04
-1.945939441268441078e+04
-1.756588840547014843e+04
-1.583069836936176944e+04
-1.424368778150898834e+04
-1.279482380539923361e+04
-1.147461531472713068e+04
-1.027376978599381800e+04
-9.183556833004879081e+03
-8.195509569373451086e+03
-7.301723259287316068e+03
-6.494596199208680446e+03
-5.767072603359269124e+03
-5.112418576241116170e+03
-4.524417680435328293e+03
-3.997178022445215902e+03
-3.525288162685818406e+03
-3.103651726877236797e+03
-2.727610471263803447e+03
-2.392803171877937075e+03
-2.095261799372490259e+03
-1.831291739935008536e+03
-1.597546200208024175e+03
-1.390925085863830873e+03
-1.208631974271397439e+03
-1.048089227057039352e+03
-9.069811536628898239e+02
-7.831831677860265017e+02
-6.747941282389309663e+02
-5.800775691934840097e+02
-4.974856491131154144e+02
-4.256106928595595491e+02
-3.632027035747933041e+02
-3.091296514268311171e+02
-2.623901025653348711e+02
-2.220808743453529814e+02
-1.874060031848884478e+02
-1.576505589023873313e+02
-1.321869016896368976e+02
-1.104536080332178045e+02
-9.195974795554238312e+01
-7.626802127697835942e+01
-6.299761183266130615e+01
-5.181076521465403317e+01
-4.241463945501970301e+01
-3.455067378437390602e+01
-2.799574866804292128e+01
-2.255379971162208719e+01
-1.805651822245234683e+01
-1.435675557125689572e+01
-1.132893385548122289e+01
-8.863864258781857686e+00
-6.868992177829016832e+00
-5.264318728592681573e+00
-3.982573398931621433e+00
-2.965980453460463906e+00
-2.166434465020688371e+00
-1.542890206736412750e+00
-1.061617511975748052e+00
-6.940022497079314512e-01
-4.170041750607811348e-01
-2.110691267265200621e-01
-6.102031956658598988e-02
4.886434027269473401e-02
1.292623906745318796e-01
1.826989646708911397e-01
2.144943827282503879e-01
2.319254732341585190e-01
2.406567822851105320e-01
2.441671101949590417e-01
2.444704416414939796e-01
2.424492374234862302e-01
2.384591328662418463e-01
2.321996188547593987e-01
2.228358600766474906e-01
2.084113972168934181e-01
1.839393531124982051e-01
1.715274210000870547e-01
1.683312289107549709e-01
1.646794929357574822e-01
1.609638979533432046e-01
1.567121602403814262e-01
1.523873874456523059e-01
1.475487828858038641e-01
1.428239691135362310e-01
1.382249244180086545e-01
1.355345819312751277e-01
1.364831164511424166e-01
1.426461776334546627e-01
1.522958041120091033e-01
1.636833239490209091e-01
1.753235874050830256e-01
1.867840475669090838e-01
1.975356197381817336e-01
2.075387637599948043e-01
2.165441797801643253e-01
2.246437087670854205e-01
2.317401365546970238e-01
2.379861327810711413e-01
2.433657660181815507e-01
2.480435325592630635e-01
2.520347562466230262e-01
2.554880065112980492e-01
2.584228782343295228e-01
2.609625236932704428e-01
2.631201270278709092e-01
2.649940746025112315e-01
2.665887952101798075e-01
2.679823858825671756e-01
2.691714091840337053e-01
2.702187078068540305e-01
2.711146475989918980e-01
2.719111682248176454e-01
2.725939524720921714e-01
2.732074378044747620e-01
2.737337337651435942e-01
2.742123271239694793e-01
2.746224694457180537e-01
2.750005927161356389e-01
2.753234911372304250e-01
2.756259659720577959e-01
2.758825217219363912e-01
2.761274272069584867e-01
2.763328958371369937e-01
2.765335447337455288e-01
2.766991701976700413e-01
2.768654789768537627e-01
2.769996280774906228e-01
2.771390720819426612e-01
2.772480269386913831e-01
2.773663114699606025e-01
2.774548272657805792e-01
2.775563634192984019e-01
2.776280641487476886e-01
2.777163096884585070e-01
2.777739712657134596e-01
2.778516776079643091e-01
2.778974319684059391e-01
2.779668254283606532e-01
2.780023086683520717e-01
2.780652254357618425e-01
2.780916858775812628e-01
2.781496743336287492e-01
2.781680515334266635e-01
2.782224515670621567e-01
2.782334339444095250e-01
2.782854402607869426e-01
2.782895067124495636e-01
2.783402213482369936e-01
2.783376705805329920e-01
2.783881486896659374e-01
2.783791188373277437e-01
2.784304111271678761e-01
2.784148913666077974e-01
2.784680862572883053e-01
2.784459214642501235e-01
2.785021900808672957e-01
2.784730790487468521e-01
2.785337265601469103e-01
2.784972138304473988e-01
2.785637415043004106e-01
2.785192024221066487e-01
2.785933862506947412e-01
2.785400044124233254e-01
2.786239985915398010e-01
2.785607343774950118e-01
2.786572118445249657e-01
2.785827602309851603e-01
2.786951088533494159e-01
2.786078442310555570e-01
2.787404478229082994e-01
2.786383533044585192e-01
2.787970046292179149e-01
2.786775838221890456e-01
2.788701082002935649e-01
2.787302799797379826e-01
2.789675051024643748e-01
2.788034898873912315e-01
2.791008048093011618e-01
2.789080328566287403e-01
2.792879909365451607e-01
2.790611220927742830e-01
2.795579831991114039e-01
2.792912869758629735e-01
2.799593696132327003e-01
2.796481622031615766e-01
2.805782021519641067e-01
2.802233730741761630e-01
2.815771557719995433e-01
2.811991587039249230e-01
2.832904173050406760e-01
2.829749423346722415e-01
2.864842645545019328e-01
2.865495163463654960e-01
2.932050949829687614e-01
2.949423228438226019e-01
3.103087555981688395e-01
3.204541367184238765e-01
3.712695794398278015e-01
4.491417386469666040e-01
8.222746278376799056e-01
2.085333889729397150e+00
