1.035859382419973060e-10
1.036860699676399309e-10
1.038849620468644499e-10
1.041864596779261548e-10
1.045864340559463419e-10
1.050926244013455501e-10
1.056981001594098752e-10
1.064145931968645067e-10
1.072322965055432525e-10
1.081670850021593845e-10
1.092061688524426323e-10
1.103697712427450360e-10
1.116419796360914611e-10
1.130476297014474223e-10
1.145675103904307310e-10
1.162313984955313103e-10
1.180165696409357278e-10
1.199581416566152705e-10
1.220296192251823804e-10
1.242719408526950596e-10
1.266545352771260143e-10
1.292247313481383913e-10
1.319475239737301778e-10
1.348773045065929092e-10
1.379742167386895740e-10
1.413005041772191288e-10
1.448109751222366822e-10
1.485766503826278089e-10
1.525464422701317849e-10
1.568012311197573323e-10
1.612833860655470462e-10
1.660849121376749865e-10
1.711408890639244200e-10
1.765559257100713045e-10
1.822569527418878716e-10
1.883629132403234241e-10
1.947915989895504397e-10
2.016783137553783858e-10
2.089305710233461349e-10
2.167024119107069726e-10
2.248897600680030888e-10
2.336681862827355088e-10
2.429205146717962846e-10
2.528471330975029104e-10
2.633160282485213837e-10
2.745562842856227063e-10
2.864190498599840027e-10
2.991666947227460396e-10
3.126312266626903265e-10
3.271137455289940011e-10
3.424244682624513408e-10
3.589097034907863111e-10
3.763548294092514471e-10
3.951590979737494669e-10
4.150795461066620570e-10
4.365776355597454865e-10
4.593780423461074790e-10
4.840155820094329562e-10
5.101779654932395510e-10
5.384868188913156266e-10
5.685876288891868972e-10
6.012051531772865940e-10
6.359366698597922983e-10
6.736299571170491317e-10
7.138273113970990752e-10
7.575238920083088576e-10
8.041994049926311760e-10
8.550263932957998629e-10
9.094135145618110064e-10
9.687478668414943896e-10
1.032357798757702997e-09
1.101891314159412829e-09
1.176586539003191590e-09
1.258410583789777916e-09
1.346501105884905943e-09
1.443217957518530041e-09
1.547588349557976932e-09
1.662458805971508345e-09
1.786737434102446608e-09
1.923878322253735615e-09
2.072664921070166316e-09
2.237315997476615490e-09
2.416490857603065402e-09
2.615379311618433614e-09
2.832527969980132149e-09
3.074371897197125160e-09
3.339375380324221089e-09
3.635587751655133358e-09
3.961453386483276998e-09
4.327139435388460224e-09
4.731186471520311507e-09
5.186577203868853208e-09
5.692154297042864217e-09
6.264699313413518081e-09
6.903713540621752776e-09
7.631189294731671557e-09
8.447897843741287091e-09
9.383112250307796149e-09
1.043992162033005897e-08
1.165798608899620964e-08
1.304452068990767002e-08
1.465435786044090115e-08
1.650199859081771023e-08
1.866504132807032807e-08
2.117089896058872066e-08
2.413240279250404295e-08
2.760013994820198373e-08
3.174346287548286833e-08
3.665543168000347115e-08
4.259999564907044791e-08
4.975035218996749220e-08
5.853708411142645329e-08
6.929028051342639087e-08
8.275370658318041731e-08
9.957730837511839850e-08
1.211540471035502932e-07
1.488539176760268228e-07
1.876805065624538648e-07
2.485670805951089944e-07
3.453096264825339505e-07
4.921365306421795880e-07
7.111821338618909123e-07
1.030517925095866166e-06
1.494043364610219876e-06
2.158611496040367213e-06
3.114383675005379463e-06
4.483108551037668937e-06
6.464720941864094481e-06
9.357645938206682367e-06
1.368613485093077499e-05
2.040158261797960756e-05
2.446445891449018471e-05
2.647620840411739397e-05
2.860794618740075085e-05
3.081034066504020869e-05
3.312845070704147722e-05
3.549836256360383233e-05
3.796677872678826891e-05
4.045678638452225177e-05
4.301753543561708649e-05
4.556327349838231833e-05
4.816149796481570568e-05
5.073823717677721542e-05
5.338386906926827154e-05
5.600645523080314593e-05
5.868637779081416927e-05
6.130796237160712932e-05
6.395643714403208204e-05
6.650559924441555104e-05
6.905445124345031360e-05
7.147067295945291172e-05
7.387005073858149071e-05
7.611517110678166925e-05
7.833878036051835898e-05
8.039753678853897535e-05
8.243978191334082534e-05
8.431466402354396094e-05
8.618435112934699327e-05
8.788896730484555312e-05
8.960300933364849420e-05
9.115646514453269245e-05
9.273515042095584150e-05
9.415821348380546470e-05
9.562223501135198617e-05
9.693510784093174737e-05
9.830397041209979489e-05
9.952520107175159500e-05
1.008165308495758095e-04
1.019626222011255258e-04
1.031919997685969929e-04
1.042774020470869521e-04
1.054584667200731985e-04
1.064957556764347871e-04
1.076404304340739963e-04
1.086405579035312513e-04
1.097593122193490521e-04
1.107318695323374709e-04
1.118339785663420647e-04
1.127874445317450351e-04
1.138812264727421332e-04
1.148231888842666479e-04
1.159162146979455718e-04
1.168535632293051961e-04
1.179528393058754896e-04
1.188919319270190992e-04
1.200040589580119192e-04
1.209508657901517832e-04
1.220821782742059726e-04
1.230424073368667839e-04
1.241990983331335682e-04
1.251783075982980018e-04
1.263665432100991243e-04
1.273702431284030390e-04
1.285962709722991508e-04
1.296300213630140771e-04
1.309002770978802150e-04
1.319697820954821911e-04
1.332909980276817037e-04
1.344022027062814122e-04
1.357815225979324780e-04
1.369407149858298462e-04
1.383858195143608972e-04
1.395997419979010448e-04
1.411189898952927969e-04
1.423949645375425881e-04
1.439975553448674336e-04
1.453436284733896299e-04
1.470397941813945432e-04
1.484649068258297663e-04
1.502661415853583744e-04
1.517803341128291870e-04
1.536996739152383994e-04
1.553143357358879406e-04
1.573667038226417801e-04
1.590948826474834819e-04
1.612975219273829290e-04
1.631543122600824730e-04
1.655273339907673371e-04
1.675303721093673436e-04
1.700974617920999966e-04
1.722675656715294296e-04
1.750569045251024007e-04
1.774189139829035087e-04
1.804644007964428538e-04
1.830482989545544981e-04
1.863911980976952552e-04
1.892336357274558892e-04
1.929248421595840376e-04
1.960712515740723654e-04
2.001744698211615602e-04
2.036820627206429484e-04
2.082783752637240126e-04
2.122205031664337819e-04
2.174151144538464294e-04
2.218877973075955275e-04
2.278203027659838850e-04
2.329523371138399104e-04
2.398129354237284671e-04
2.457821735517354820e-04
2.538383824649117289e-04
2.608992130783119225e-04
2.705422283969873302e-04
2.790747031624794469e-04
2.909051294439936580e-04
3.015092932846957265e-04
3.165089620002171835e-04
3.302034026888637499e-04
3.501178669471176601e-04
3.688121318469400416e-04
3.971332797878954690e-04
4.249632103385297325e-04
4.700320517603508359e-04
5.182481141020316585e-04
6.066041883296126010e-04
7.197039587120947690e-04
9.394746885141835304e-04
