-3.598387304761422565e+05
-3.591297469008724438e+05
-3.577161245899384958e+05
-3.556063756884852191e+05
-3.528133547557923594e+05
-3.493537318386185216e+05
-3.452483420612242771e+05
-3.405213260044481140e+05
-3.352006523373235832e+05
-3.293169522660676157e+05
-3.229042126121183392e+05
-3.159983396534370258e+05
-3.086380184492761618e+05
-3.008630480213157134e+05
-2.927153606345698936e+05
-2.842371746817964595e+05
-2.754721650913170888e+05
-2.664634823801268940e+05
-2.572550624843687110e+05
-2.478895602935643983e+05
-2.384097841609760362e+05
-2.288565900326907285e+05
-2.192704229070869042e+05
-2.096892137559439871e+05
-2.001500074953424337e+05
-1.906868996718687413e+05
-1.813327283025850484e+05
-1.721170812173131271e+05
-1.630680276099524344e+05
-1.542102204381309566e+05
-1.455666428370846261e+05
-1.371568234932488122e+05
-1.289985732741656975e+05
-1.211063253640228795e+05
-1.134928385578183661e+05
-1.061676684429527086e+05
-9.913881572554465674e+04
-9.241133004326344235e+04
-8.598888431152439443e+04
-7.987250895145400136e+04
-7.406207639647592441e+04
-6.855516063013943494e+04
-6.334841948723319365e+04
-5.843657236962342722e+04
-5.381367161105708510e+04
-4.947218997946509626e+04
-4.540417596150790632e+04
-4.160044204162390088e+04
-3.805160213462022512e+04
-3.474735151845146902e+04
-3.167738766689107069e+04
-2.883077296891561491e+04
-2.619674279347869378e+04
-2.376414262992785370e+04
-2.152212929733216879e+04
-1.945967478284658137e+04
-1.756616807052593504e+04
-1.583097865521385938e+04
-1.424396752435074814e+04
-1.279510402359992986e+04
-1.147489511960240270e+04
-1.027404995061937007e+04
-9.183836686709193600e+03
-8.195789692115307844e+03
-7.302003150935610392e+03
-6.494876289622556214e+03
-5.767352524116961831e+03
-5.112698642017957354e+03
-4.524697623240306712e+03
-3.997458069683808390e+03
-3.525568121974666610e+03
-3.103931760344779832e+03
-2.727890442716267899e+03
-2.393083195247671028e+03
-2.095541779679882438e+03
-1.831571755997837272e+03
-1.597826186872450990e+03
-1.391205096711078795e+03
-1.208911965432815805e+03
-1.048369234233938641e+03
-9.072611479563908006e+02
-7.834631724181704158e+02
-6.750741246775311311e+02
-5.803575720891295759e+02
-4.977656469938204964e+02
-4.258906945904300301e+02
-3.634827024049525335e+02
-3.094096523911422878e+02
-2.626701020055917866e+02
-2.223608748159034292e+02
-1.876860030057280539e+02
-1.579305590629280402e+02
-1.324669017390694421e+02
-1.107336080052977536e+02
-9.223974813519880911e+01
-7.654802113949538978e+01
-6.327761208060620390e+01
-5.209076501785786206e+01
-4.269463973347505714e+01
-3.483067355971601131e+01
-2.827574895489519946e+01
-2.283379947857036640e+01
-1.833651850544514872e+01
-1.463675534193369820e+01
-1.160893412839093664e+01
-9.143864041087340411e+00
-7.148992438035938868e+00
-5.544318528317426775e+00
-4.262573646008020134e+00
-3.245980275784142943e+00
-2.446434700076263180e+00
-1.822890057447551282e+00
-1.341617737677235134e+00
-9.740021365112225826e-01
-6.970043964374325052e-01
-4.910690611957453378e-01
-3.410205470418155582e-01
-2.311356774245804935e-01
-1.507379275855453005e-01
-9.730126134826556916e-02
-6.550619666820894915e-02
-4.807519138167318240e-02
-3.934437481188870350e-02
-3.583449834706445292e-02
-3.553195971494964300e-02
-3.755442438084720391e-02
-4.154596484076025081e-02
-4.780871584408636493e-02
-5.717528291818125413e-02
-7.160931205655776677e-02
-9.608304738631907871e-02
-1.084805587537859689e-01
-1.116769368011872460e-01
-1.153278575509511794e-01
-1.190453474189340083e-01
-1.232960389950418789e-01
-1.276226296722514086e-01
-1.324601428464595165e-01
-1.371866106763619808e-01
-1.417844604065410796e-01
-1.444763012048470574e-01
-1.435265367079548160e-01
-1.373650118091826744e-01
-1.277142463610413392e-01
-1.163283150988128067e-01
-1.046868676320661662e-01
-9.322797627014713095e-02
-8.247509527807916907e-02
-7.247350613098432759e-02
-6.346662820168298691e-02
-5.536867375444070455e-02
-4.827062354309449854e-02
-4.202626700426945888e-02
-3.664485292748100725e-02
-3.196884000014602739e-02
-2.797568001735388152e-02
-2.452434372048945335e-02
-2.158737871657668422e-02
-1.904984962426291631e-02
-1.688998800676710932e-02
-1.501839746275805861e-02
-1.342123910425131218e-02
-1.203028241016442131e-02
-1.083862176822036547e-02
-9.794270393096684429e-03
-8.895468708902211363e-03
-8.102246778346944636e-03
-7.416346835630791001e-03
-6.806553211917630922e-03
-6.276854444938892268e-03
-5.802392064418313532e-03
-5.388522418357759650e-03
-5.015021515369558376e-03
-4.688029477655894679e-03
-4.390727520082423826e-03
-4.129665272861658860e-03
-3.890550480719756968e-03
-3.680110470721394047e-03
-3.485946871356729575e-03
-3.314826990033169479e-03
-3.155785856853079302e-03
-3.015554110566645400e-03
-2.884260508339841610e-03
-2.768561515192341158e-03
-2.659425219229479172e-03
-2.563421250938715309e-03
-2.472163291419518169e-03
-2.392137110214733083e-03
-2.315451739315940120e-03
-2.248521832766713080e-03
-2.183832956041045943e-03
-2.127747487868764196e-03
-2.073031547136293222e-03
-2.026017919026282775e-03
-1.979673939942161801e-03
-1.940328002081275101e-03
-1.901081427594781192e-03
-1.868285225479279473e-03
-1.835116181316347921e-03
-1.807976441937856737e-03
-1.780065842378757840e-03
-1.757867687480892289e-03
-1.734556500823602587e-03
-1.716728463017684787e-03
-1.697486790418083202e-03
-1.683574322902351740e-03
-1.667977885355499809e-03
-1.657623347961751856e-03
-1.645335647943238283e-03
-1.638263323220798045e-03
-1.629022234466776875e-03
-1.625027347780273572e-03
-1.618635247441618840e-03
-1.617576284199664797e-03
-1.613893117888247917e-03
-1.615686985539551302e-03
-1.614625878714212679e-03
-1.619245679980957451e-03
-1.620770903952099048e-03
-1.628246296839333572e-03
-1.632373587801361084e-03
-1.642793934692665311e-03
-1.649593375442698177e-03
-1.663114162755138402e-03
-1.672716103069027361e-03
-1.689569495187453465e-03
-1.702174359362888063e-03
-1.722685317705061970e-03
-1.738578711223934085e-03
-1.763189002607073487e-03
-1.782764433666303439e-03
-1.812068328709073861e-03
-1.835861382199308924e-03
-1.870659394220481123e-03
-1.899399876862672065e-03
-1.940781494083487161e-03
-1.975475019603888799e-03
-2.024950102553019649e-03
-2.067010212672156563e-03
-2.126726185687358075e-03
-2.178197984509259045e-03
-2.251317253770991709e-03
-2.315277642050470649e-03
-2.406675907509369782e-03
-2.488002315278950091e-03
-2.605668184450231351e-03
-2.712656449278853191e-03
-2.870806753299913819e-03
-3.019019577442392469e-03
-3.246100814299170655e-03
-3.469242628871531658e-03
-3.833191882876590528e-03
-4.222908834156800968e-03
-4.939819050964302030e-03
-5.858429979575412172e-03
-7.645814357556656067e-03
