1.443797033025780911e+04
1.443064694525053528e+04
1.441601195145120255e+04
1.439409146130081172e+04
1.436492064908870270e+04
1.432855142198826979e+04
1.428504189224429865e+04
1.423446913228654375e+04
1.417691343520616647e+04
1.411247610917709244e+04
1.404125858840797810e+04
1.396338520449166390e+04
1.387897723000455335e+04
1.378818054710184879e+04
1.369113472528808597e+04
1.358800549067526299e+04
1.347894895801632811e+04
1.336414878764763671e+04
1.324377570951420967e+04
1.311802923903406372e+04
1.298709264740908293e+04
1.285117909259105545e+04
1.271048220553339161e+04
1.256522647822104045e+04
1.241561364955327736e+04
1.226187717914238419e+04
1.210422462911547518e+04
1.194289604020581282e+04
1.177810251682457056e+04
1.161008831097988696e+04
1.143906582741548664e+04
1.126528121120325886e+04
1.108894599750975613e+04
1.091030599041758433e+04
1.072956978791660731e+04
1.054698073270410896e+04
1.036274254727669177e+04
1.017709413221226896e+04
9.990232548753514493e+03
9.802390436440156918e+03
9.613756581337142052e+03
9.424555722900353430e+03
9.234966945044303429e+03
9.045205641803248000e+03
8.855439965803609084e+03
8.665874723621744124e+03
8.476666111992419246e+03
8.288007316738508962e+03
8.100041761290510294e+03
7.912950187628216554e+03
7.726862634501645516e+03
7.541946784918221965e+03
7.358318882945589394e+03
7.176133139824229147e+03
6.995491788507010824e+03
6.816535349386669623e+03
6.639352010897586297e+03
6.464068566024758184e+03
6.290759295469346398e+03
6.119537397450049866e+03
5.950463537219074169e+03
5.783637605080290086e+03
5.619107082527973034e+03
5.456958976797855030e+03
5.297228139661904606e+03
5.139989241121471423e+03
4.985265161980001722e+03
4.833118884425961369e+03
4.683562063942283203e+03
4.536646730486639171e+03
4.392374129063498913e+03
4.250786142006569207e+03
4.111874470567764547e+03
3.975671706513254776e+03
3.842160909239456487e+03
3.711366273655216901e+03
3.583263138398122010e+03
3.457868217034416375e+03
3.335150052587072423e+03
3.215118800817627744e+03
3.097737124003839654e+03
2.983009539032520934e+03
2.870893718480668213e+03
2.761389443258915435e+03
2.654450250556035371e+03
2.550072062010367517e+03
2.448205084535293281e+03
2.348842222182083788e+03
2.251931095181331784e+03
2.157462389332391467e+03
2.065381807675955315e+03
1.975678569208676663e+03
1.888297041758292380e+03
1.803225677918838073e+03
1.720407989645211501e+03
1.639832312758190255e+03
1.561441661813028531e+03
1.485224860401530577e+03
1.411124639485035004e+03
1.339130884652541909e+03
1.269186078382032065e+03
1.201281743150633929e+03
1.135359915634298432e+03
1.071414392664288016e+03
1.009386241101420524e+03
9.492723579261663645e+02
8.910118046908970655e+02
8.346058641183494728e+02
7.799896358818346016e+02
7.271711846204145786e+02
6.760777161768778569e+02
6.267294162143184622e+02
5.790363596011708296e+02
5.330457608802773848e+02
4.886216810884246229e+02
4.459031422607597506e+02
4.046897533360497050e+02
3.682605022252091089e+02
3.424723746035342629e+02
3.265279654440479931e+02
3.164227214093451721e+02
3.096853301187574061e+02
3.046626985692770404e+02
3.005338432936269442e+02
2.967428640530146708e+02
2.930449944451044075e+02
2.891826007708805264e+02
2.850418854637850359e+02
2.803475960675765464e+02
2.749202966848097844e+02
2.680563249829496613e+02
2.599175056986643426e+02
2.516589800950607696e+02
2.435140368210475117e+02
2.354846663455763576e+02
2.275378925838998327e+02
2.196817650040459284e+02
2.118919451403351104e+02
2.041786014488365311e+02
1.965455287612119832e+02
1.890571853418277044e+02
1.818475322174359974e+02
1.751311030709964882e+02
1.690819762086433116e+02
1.637683369179159740e+02
1.591740082960879192e+02
1.552467516783025019e+02
1.519176119796217961e+02
1.491150146691609280e+02
1.467672038030283943e+02
1.448080231752911970e+02
1.431764195871317895e+02
1.418194399823561582e+02
1.406903784660356678e+02
1.397504083407191615e+02
1.389660506163275500e+02
1.383103561967090798e+02
1.377601884727849608e+02
1.372974428824076369e+02
1.369063844596967101e+02
1.365750706097667830e+02
1.362928150840168371e+02
1.360518184804754469e+02
1.358447573009533471e+02
1.356665713409230989e+02
1.355121575133702549e+02
1.353782566158586746e+02
1.352612331163225576e+02
1.351590134462169885e+02
1.350689391323778068e+02
1.349897210799789491e+02
1.349193588681992253e+02
1.348570859907411545e+02
1.348013517194857798e+02
1.347517401520944986e+02
1.347070130698703565e+02
1.346669912495972312e+02
1.346306577235457667e+02
1.345979937152114587e+02
1.345681420815301408e+02
1.345411929284988730e+02
1.345164070653705437e+02
1.344939482189036539e+02
1.344731662289825067e+02
1.344542740706563109e+02
1.344366903663589028e+02
1.344206603213989411e+02
1.344056569694467953e+02
1.343919457506967774e+02
1.343790437676547924e+02
1.343672281679806133e+02
1.343560525755061406e+02
1.343457997379615563e+02
1.343360542147721901e+02
1.343270999523080604e+02
1.343185482530422235e+02
1.343106810747284214e+02
1.343031332712711787e+02
1.342961824964674520e+02
1.342894846914850291e+02
1.342833115221481535e+02
1.342773380875027556e+02
1.342718288419349619e+02
1.342664765106643472e+02
1.342615374513898416e+02
1.342567207829405049e+02
1.342522741308906120e+02
1.342479220027449287e+02
1.342439028419192084e+02
1.342399557149050793e+02
1.342363095710342691e+02
1.342327173426104707e+02
1.342293982761012501e+02
1.342261185840679616e+02
1.342230876784526004e+02
1.342200845523991575e+02
1.342173087093118511e+02
1.342145514926205294e+02
1.342120024661882383e+02
1.342094649501934498e+02
1.342071185699265072e+02
1.342047782958127584e+02
1.342026138391795769e+02
1.342004515336955137e+02
1.341984512187069356e+02
1.341964503377537596e+02
1.341945989128758470e+02
1.341927452731781898e+02
1.341910296873513460e+02
1.341893111712916209e+02
1.341877203112064763e+02
1.341861266338741814e+02
1.341846511193408844e+02
1.341831736503192190e+02
1.341818056819078322e+02
1.341804373176359206e+02
1.341791705741822796e+02
1.341779056603654965e+02
1.341767352479852207e+02
1.341755695562203243e+02
1.341744920161591494e+02
1.341734227860633837e+02
1.341724361779852188e+02
1.341714622485768871e+02
1.341705663431920073e+02
1.341696884220746711e+02
1.341688850735752112e+02
1.341681062486260316e+02
1.341674001061026047e+02
1.341667268531942341e+02
1.341661268275240957e+02
1.341655712594061072e+02
1.341650941383057614e+02
1.341646805756489869e+02
1.341643642064792346e+02
1.341641657229139639e+02
