1.354892264051083430e+03
1.354357938365557857e+03
1.353290040155587803e+03
1.351689964207538424e+03
1.349559962326494997e+03
1.346902809261263201e+03
1.343722232545374936e+03
1.340022357472527574e+03
1.335808349505723299e+03
1.331085640928085695e+03
1.325860783031573419e+03
1.320140458067005284e+03
1.313932537550358802e+03
1.307244884085617969e+03
1.300086611299749393e+03
1.292466680999742948e+03
1.284395359476748354e+03
1.275882616274286420e+03
1.266939770895789707e+03
1.257577700195154193e+03
1.247808668887351132e+03
1.237644353217642220e+03
1.227097848117689864e+03
1.216181515360695812e+03
1.204909159729425937e+03
1.193293710317316027e+03
1.181349557682827481e+03
1.169090077309869457e+03
1.156530119415548143e+03
1.143683383836970506e+03
1.130565053936950790e+03
1.117189032339841560e+03
1.103570710240421931e+03
1.089724073472589453e+03
1.075664598467221367e+03
1.061406238108854950e+03
1.046964435605591234e+03
1.032352999475794377e+03
1.017587226682376468e+03
1.002680675900728033e+03
9.876483914258459436e+02
9.725035836112771221e+02
9.572609452751657955e+02
9.419332478755470675e+02
9.265347424143229773e+02
9.110776795346081371e+02
8.955757872445610701e+02
8.800407226945966386e+02
8.644856194103861071e+02
8.489214780392500188e+02
8.333607761877054827e+02
8.178138049240906184e+02
8.022923347560405318e+02
7.868059041460008984e+02
7.713655356340387925e+02
7.559799820694897790e+02
7.406594873807683825e+02
7.254119956541733245e+02
7.102469515722690403e+02
6.951714768827160924e+02
6.801942060683760474e+02
6.653214341468935800e+02
6.505609836986719756e+02
6.359183273210973084e+02
6.214004827258676187e+02
6.070121125393969805e+02
5.927594447904318713e+02
5.786463520963834526e+02
5.646782955004354108e+02
5.508583844063671222e+02
5.371913423977667890e+02
5.236795485725559729e+02
5.103270246949781495e+02
4.971354578231308210e+02
4.841082089202595284e+02
4.712463158472648956e+02
4.585525244115416399e+02
4.460272698888095420e+02
4.336727324402799582e+02
4.214887943028276709e+02
4.094771225930011838e+02
3.976370981194223759e+02
3.859699298620827790e+02
3.744745499575709573e+02
3.631517656607424556e+02
3.520001133502569814e+02
3.410200556413360573e+02
3.302097851402284618e+02
3.195694767176902928e+02
3.090970290378238587e+02
2.987923850235928285e+02
2.886531956474087792e+02
2.786792256270327357e+02
2.688679192087908518e+02
2.592189135989484612e+02
2.497294798903867274e+02
2.403991744226846947e+02
2.312251186104656711e+02
2.222068296057085774e+02
2.133412888952520916e+02
2.046280105278740677e+02
1.960638269449052586e+02
1.876482797079798104e+02
1.793780163973182482e+02
1.712526332245800234e+02
1.632685173569562096e+02
1.554253499860917032e+02
1.477191182769566353e+02
1.401496412353503160e+02
1.327122501645253578e+02
1.254070351002084749e+02
1.182281637898459223e+02
1.111764111363040968e+02
1.042435601748386347e+02
9.743267383446976737e+01
9.072853936299999589e+01
8.413758008833487168e+01
7.744687267912550510e+01
7.039466601607843188e+01
6.330189714011702051e+01
5.662570311856698169e+01
5.057767979561721461e+01
4.522056085263513836e+01
4.052198822276552903e+01
3.642061914576777326e+01
3.284137817646361412e+01
2.971660827648544867e+01
2.698188883473133615e+01
2.458621242031685838e+01
2.248211404443404149e+01
2.064063996167501358e+01
1.901345467336892625e+01
1.754364872385395202e+01
1.620862859439982984e+01
1.499401780162945741e+01
1.388779586488375806e+01
1.287841758622482935e+01
1.195628316971808580e+01
1.111219535376920220e+01
1.033817320653693628e+01
9.626210088048493319e+00
8.968459457554683212e+00
8.357321786139500830e+00
7.787412252350606856e+00
7.255887807557266811e+00
6.761404451346897382e+00
6.302965164750131244e+00
5.879513457713592572e+00
5.489714789799527317e+00
5.131988925409004310e+00
4.804508968279948888e+00
4.505304205659389716e+00
4.232302683332680893e+00
3.983426895567871107e+00
3.756625897026339977e+00
3.549941164446390296e+00
3.361514759636814453e+00
3.189627161854292403e+00
3.032686420632163760e+00
2.889247639819414459e+00
2.757991875793185610e+00
2.637735982319670214e+00
2.527407918276701970e+00
2.426052458539852630e+00
2.332806690999264632e+00
2.246904449809349558e+00
2.167653719369581733e+00
2.094441035032235110e+00
2.026711347085887738e+00
1.963972802956076125e+00
1.905779060901309885e+00
1.851734493398130343e+00
1.801478710808969153e+00
1.754692085085965525e+00
1.711082179175523521e+00
1.670389457355227369e+00
1.632375324610020773e+00
1.596827900845650072e+00
1.563551410138734665e+00
1.532371920822554134e+00
1.503127866324425854e+00
1.475675678924482703e+00
1.449881263105796680e+00
1.425625472972174901e+00
1.402796392693692606e+00
1.381294625035042856e+00
1.361026261165773299e+00
1.341907960816431489e+00
1.323860516018063871e+00
1.306813712839590025e+00
1.290700411395415248e+00
1.275461185739388492e+00
1.261038856600762648e+00
1.247382910526122490e+00
1.234444433030517985e+00
1.222180311056562330e+00
1.210548523180266622e+00
1.199512131330982445e+00
1.189034891864883869e+00
1.179085043583555592e+00
1.169631209269044625e+00
1.160645987589693728e+00
1.152102119378720868e+00
1.143975891194471073e+00
1.136243544452296916e+00
1.128884498334590480e+00
1.121877983032189885e+00
1.115206089465351047e+00
1.108850610494740430e+00
1.102795924578838349e+00
1.097026030984099121e+00
1.091527274109717949e+00
1.086285560546314866e+00
1.081288930375215784e+00
1.076524945461192484e+00
1.071983113600380788e+00
1.067652438737449083e+00
1.063523703407679211e+00
1.059587172683718936e+00
1.055834739941675426e+00
1.052257777301090158e+00
1.048849149346960941e+00
1.045601203655177613e+00
1.042507656725835785e+00
1.039561718906168775e+00
1.036757856436628877e+00
1.034090045712283468e+00
1.031553415011986718e+00
1.029142623591154271e+00
1.026853386356124664e+00
1.024680973767828851e+00
1.022621622436839850e+00
1.020671152248340707e+00
1.018826265588140378e+00
1.017083278481522024e+00
1.015439310915566162e+00
1.013891129124646850e+00
1.012436229248789621e+00
1.011071788201075572e+00
1.009795642695372031e+00
1.008605346398623315e+00
1.007499046174082036e+00
1.006474643456047202e+00
1.005530569386480000e+00
1.004665048550361650e+00
1.003876774534012473e+00
1.003164274321122207e+00
1.002526485663963518e+00
1.001962220551210203e+00
1.001470645623343980e+00
1.001050843148497460e+00
1.000702195325562149e+00
1.000424040968425521e+00
1.000215962306146178e+00
1.000077532696240779e+00
1.000008474891516563e+00
