9.079210860935761573e+00
9.079447773350988626e+00
9.079921562503304955e+00
9.080632157041806707e+00
9.081579449953570915e+00
9.082763298579767053e+00
9.084183524637149176e+00
9.085839914244896676e+00
9.087732217956824954e+00
9.089860150798958927e+00
9.092223392312437369e+00
9.094821586601781860e+00
9.097654342388489468e+00
9.100721233069956284e+00
9.104021796783730025e+00
9.107555536477054403e+00
9.111321919981728357e+00
9.115320380094251718e+00
9.119550314661237778e+00
9.124011086670101633e+00
9.128702024344985233e+00
9.133622421247928003e+00
9.138771536385258187e+00
9.144148594319172929e+00
9.149752785284528400e+00
9.155583265310777819e+00
9.161639156349073332e+00
9.167919546404505127e+00
9.174423489673426246e+00
9.181150006685907528e+00
9.188098084453228509e+00
9.195266676620432733e+00
9.202654703623908361e+00
9.210261052853965680e+00
9.218084578822388409e+00
9.226124103334942816e+00
9.234378415668807349e+00
9.242846272754906778e+00
9.251526399365113562e+00
9.260417488304286238e+00
9.269518200607134162e+00
9.278827165739860661e+00
9.288342981806557930e+00
9.298064215760327045e+00
9.307989403619092883e+00
9.318117050686073100e+00
9.328445631774869184e+00
9.338973591439161837e+00
9.349699344206950258e+00
9.360621274819319382e+00
9.371737738473694179e+00
9.383047061071538408e+00
9.394547539470465836e+00
9.406237441740733729e+00
9.418115007426058227e+00
9.430178447808735598e+00
9.442425946179016094e+00
9.454855658108698435e+00
9.467465711728882738e+00
9.480254208011878347e+00
9.493219221057184853e+00
9.506358798381528530e+00
9.519670961212892024e+00
9.533153704788521310e+00
9.546804998656828189e+00
9.560622786983165255e+00
9.574604988859441335e+00
9.588749498617481493e+00
9.603054186146144033e+00
9.617516897212105675e+00
9.632135453784274048e+00
9.646907654361806195e+00
9.661831274305626494e+00
9.676904066173468877e+00
9.692123760058317217e+00
9.707488063930254540e+00
9.722994663981635810e+00
9.738641224975527422e+00
9.754425390597395662e+00
9.770344783809960632e+00
9.786397007211158794e+00
9.802579643395189279e+00
9.818890255316567561e+00
9.835326386657136766e+00
9.851885562195969115e+00
9.868565288182139739e+00
9.885363052710268050e+00
9.902276326098803594e+00
9.919302561270985308e+00
9.936439194138424469e+00
9.953683643987245588e+00
9.971033313866728420e+00
9.988485590980408446e+00
1.000603784707954524e+01
1.002368743885893565e+01
1.004143170835497401e+01
1.005926798334594707e+01
1.007719357775444458e+01
1.009520579205188540e+01
1.011330191366505105e+01
1.013147921738458734e+01
1.014973496577541923e+01
1.016806640958898456e+01
1.018647078817727625e+01
1.020494532990857550e+01
1.022348725258485125e+01
1.024209376386075121e+01
1.026076206166411708e+01
1.027948933461796877e+01
1.029827276246388124e+01
1.031710951648671326e+01
1.033599675994059552e+01
1.035493164847613734e+01
1.037391133056877379e+01
1.039293294794819111e+01
1.041199363602878236e+01
1.043109052434103212e+01
1.045022073696380538e+01
1.046938139295744641e+01
1.048856960679763972e+01
1.050778248880996557e+01
1.052701714560505764e+01
1.054627068051435757e+01
1.056554019402632427e+01
1.058482278422310507e+01
1.060411554721754257e+01
1.062341557759049415e+01
1.064271996882837357e+01
1.066202581376087188e+01
1.068133020499875308e+01
1.070063023537170466e+01
1.071992299836614215e+01
1.073920558856292296e+01
1.075847510207489144e+01
1.077772863698418959e+01
1.079696329377928343e+01
1.081617617579160751e+01
1.083536438963180082e+01
1.085452504562544185e+01
1.087365525824821511e+01
1.089275214656046487e+01
1.091181283464105611e+01
1.093083445202047521e+01
1.094981413411310989e+01
1.096874902264865170e+01
1.098763626610253397e+01
1.100647302012536599e+01
1.102525644797127846e+01
1.104398372092513014e+01
1.106265201872849602e+01
1.108125853000439598e+01
1.109980045268067173e+01
1.111827499441197098e+01
1.113667937300026267e+01
1.115501081681382800e+01
1.117326656520465988e+01
1.119144386892419618e+01
1.120953999053736183e+01
1.122755220483480265e+01
1.124547779924330015e+01
1.126331407423427322e+01
1.128105834373031158e+01
1.129870793550970198e+01
1.131626019160883878e+01
1.133371246872251881e+01
1.135106213860200342e+01
1.136830658845082276e+01
1.138544322131826192e+01
1.140246945649044363e+01
1.141938272987897918e+01
1.143618049440710749e+01
1.145286022039327989e+01
1.146941939593211224e+01
1.148585552727267967e+01
1.150216613919405795e+01
1.151834877537808843e+01
1.153440099877928660e+01
1.155032039199184979e+01
1.156610455761372158e+01
1.158175111860761142e+01
1.159725771865899269e+01
1.161262202253093179e+01
1.162784171641578013e+01
1.164291450828362073e+01
1.165783812822744103e+01
1.167261032880497318e+01
1.168722888537714333e+01
1.170169159644310319e+01
1.171599628397176573e+01
1.173014079372980589e+01
1.174412299560608197e+01
1.175794078393241904e+01
1.177159207780072592e+01
1.178507482137635520e+01
1.179838698420771870e+01
1.181152656153206237e+01
1.182449157457736888e+01
1.183728007086036449e+01
1.184989012448054879e+01
1.186231983641023113e+01
1.187456733478051341e+01
1.188663077516318900e+01
1.189850834084851350e+01
1.191019824311878139e+01
1.192169872151770882e+01
1.193300804411555305e+01
1.194412450776992785e+01
1.195504643838229697e+01
1.196577219115008717e+01
1.197630015081437804e+01
1.198662873190317413e+01
1.199675637897015434e+01
1.200668156682891841e+01
1.201640280078268930e+01
1.202591861684938657e+01
1.203522758198211307e+01
1.204432829428496099e+01
1.205321938322413367e+01
1.206189950983434045e+01
1.207036736692043988e+01
1.207862167925430441e+01
1.208666120376685882e+01
1.209448472973528155e+01
1.210209107896533887e+01
1.210947910596881449e+01
1.211664769813601872e+01
1.212359577590333970e+01
1.213032229291582098e+01
1.213682623618474388e+01
1.214310662624017212e+01
1.214916251727847119e+01
1.215499299730471883e+01
1.216059718827007430e+01
1.216597424620398904e+01
1.217112336134131922e+01
1.217604375824426377e+01
1.218073469591914559e+01
1.218519546792800767e+01
1.218942540249499551e+01
1.219342386260751887e+01
1.219719024611219282e+01
1.220072398580551720e+01
1.220402454951928917e+01
1.220709144020075954e+01
1.220992419598746537e+01
1.221252239027680986e+01
1.221488563179028830e+01
1.221701356463242227e+01
1.221890586834435055e+01
1.222056225795209805e+01
1.222198248400948017e+01
1.222316633263567809e+01
1.222411362554744052e+01
1.222482422008594227e+01
1.222529800923825860e+01
1.222553492165348565e+01
