9.909407120656042733e-03
9.909226120722411379e-03
9.908942185878542169e-03
9.908398652807671320e-03
9.907829722589965235e-03
9.906922053831916652e-03
9.906066001614342170e-03
9.904791517099663031e-03
9.903645138988653035e-03
9.902000067331414093e-03
9.900559065309273363e-03
9.898538524355014398e-03
9.896797483618477442e-03
9.894395455200133069e-03
9.892347815532838429e-03
9.889557114255789066e-03
9.887195135230890386e-03
9.884007371067225767e-03
9.881322090831994379e-03
9.877727625258696589e-03
9.874708812607673261e-03
9.870696707979159656e-03
9.867332807373648332e-03
9.862890769170075747e-03
9.859168838312244026e-03
9.854283149855258550e-03
9.850188789371615988e-03
9.844844238546080623e-03
9.840361513279174965e-03
9.834541310743932785e-03
9.829652662092815824e-03
9.823338350403970631e-03
9.818024499091021831e-03
9.811195852100655646e-03
9.805435690677162530e-03
9.798070602503502688e-03
9.791841076837590890e-03
9.783915439636126782e-03
9.777191418553446423e-03
9.768678988245228095e-03
9.761433120418033099e-03
9.752305369458891607e-03
9.744507926559854358e-03
9.734733882756226378e-03
9.726352587812184952e-03
9.715898658111501648e-03
9.706898497909691170e-03
9.695728276013884303e-03
9.686071296329052532e-03
9.674145352900767950e-03
9.663790435228775122e-03
9.651066089382322535e-03
9.639968707784222351e-03
9.626399778481994907e-03
9.614511735067729839e-03
9.600048270975368794e-03
9.587317408486844758e-03
9.571905394787250110e-03
9.558275284685635934e-03
9.541856325311588033e-03
9.527265929735269714e-03
9.509776903464911557e-03
9.494160209410426252e-03
9.475532898282569907e-03
9.458818522382901606e-03
9.438979210946264048e-03
9.421089973287808533e-03
9.399959017310334855e-03
9.380811482863718812e-03
9.358302846320517773e-03
9.337806832779580249e-03
9.313827592233692859e-03
9.291885643400742134e-03
9.266335459336496466e-03
9.242842283700538134e-03
9.215612839014212035e-03
9.190454713914079574e-03
9.161429120698862810e-03
9.134483263540132958e-03
9.103535440636760859e-03
9.074669350182876237e-03
9.041663375883938689e-03
9.010734148882376324e-03
8.975523595938329074e-03
8.942377227591925826e-03
8.904804491674727512e-03
8.869275173218241215e-03
8.829170811862506810e-03
8.791080245506139451e-03
8.748262353221167298e-03
8.707419115150105693e-03
8.661692773354054756e-03
8.617891771165221010e-03
8.569048631174502537e-03
8.522070726009273178e-03
8.469888813246553502e-03
8.419500713626990734e-03
8.363744587502906780e-03
8.309699179106764394e-03
8.250120655507614878e-03
8.192158021340456911e-03
8.128497779590017694e-03
8.066347309109583169e-03
7.998337890028421951e-03
7.931722109140837418e-03
7.859093112167087405e-03
7.787734249691012807e-03
7.710221036328551020e-03
7.633851983912720920e-03
7.551210036349965612e-03
7.469592451413484442e-03
7.381620979423028986e-03
7.294575185419201017e-03
7.201156090292505467e-03
7.108610883173236382e-03
7.009773297834907303e-03
6.911846326491623803e-03
6.807725791886837068e-03
6.703531171304205616e-03
6.590666634309046493e-03
6.474144431016033013e-03
6.345707747115201212e-03
6.210146003139786763e-03
6.059465361595617154e-03
5.897467046128859400e-03
5.716025276073954074e-03
5.516749121716862762e-03
5.290813314906413559e-03
5.034799049811316922e-03
4.737882000981537452e-03
4.379987555845736742e-03
3.983571706552636697e-03
3.622025623954010058e-03
3.297436288549907002e-03
3.010827748522681112e-03
2.752496864186691934e-03
2.524002480775136732e-03
2.317685831863285171e-03
2.135083299802090131e-03
1.970094925353165112e-03
1.824243338689006226e-03
1.692601856262452176e-03
1.576693803840539159e-03
1.472447110503907015e-03
1.381268083632193350e-03
1.299570560307198750e-03
1.228557457185208658e-03
1.164986501927663945e-03
1.109950395704197663e-03
1.060532360553172486e-03
1.017816611510668221e-03
9.791933261500908228e-04
9.457966002392829150e-04
9.152852978071976875e-04
8.888631323296633307e-04
8.644076795714100833e-04
8.431897715248063297e-04
8.232553110749041758e-04
8.059311765632566019e-04
7.893876874979008492e-04
7.749957743298360388e-04
7.610149586715468390e-04
7.488503879957914347e-04
7.368237974842032972e-04
7.263675269343689749e-04
7.158452775120558711e-04
7.067120367181412965e-04
6.973583660864671576e-04
6.892592516504173102e-04
6.808207895994864388e-04
6.735366627652270011e-04
6.658199057386216934e-04
6.591825155505136487e-04
6.520378265431709883e-04
6.459163789258981058e-04
6.392265715346936040e-04
6.335181177737292607e-04
6.271902546077447356e-04
6.218127600574318301e-04
6.157722108443445868e-04
6.106595122165350787e-04
6.048456089751995998e-04
5.999437107638262929e-04
5.943065396257077911e-04
5.895708672454097986e-04
5.840688756274995232e-04
5.794622176461983621e-04
5.740604111200808390e-04
5.695513619712030745e-04
5.642199311109899864e-04
5.597817002652930984e-04
5.544949634479395860e-04
5.501044549745274983e-04
5.448400349731475278e-04
5.404771279855815876e-04
5.352153025846058268e-04
5.308622818092234184e-04
5.255854645188272290e-04
5.212265635476320217e-04
5.159188817958060540e-04
5.115399111318307728e-04
5.061868574200667449e-04
5.017748963031805169e-04
4.963630336480303164e-04
4.919061696242562265e-04
4.864228767993238728e-04
4.819099805842536445e-04
4.763432256482074247e-04
4.717637513837705677e-04
4.661018840078071839e-04
4.614456867492088758e-04
4.556772411132530422e-04
4.509344044473686110e-04
4.450479050451361753e-04
4.402085721988156027e-04
4.341923347908818319e-04
4.292465364381161394e-04
4.230884555568439963e-04
4.180259267096991956e-04
4.117132393975437470e-04
4.065232161136866766e-04
4.000422286894424130e-04
3.947132125742934951e-04
3.880489727033955812e-04
3.825684468637544013e-04
3.757043362853921989e-04
3.700584097280372377e-04
3.629756223715151914e-04
3.571485695210820988e-04
3.498254232244274605e-04
3.437990689841097041e-04
3.362100727536632095e-04
3.299629472910989660e-04
3.220775030387956631e-04
3.155836467507559004e-04
3.073641916210118302e-04
3.005914150888653615e-04
2.919906821482665853e-04
2.848979492295683675e-04
2.758547874080504564e-04
2.683881297896507532e-04
2.588208623602358924e-04
2.509067092835222282e-04
2.407020509099746142e-04
2.322357189620219853e-04
2.212291177182851038e-04
2.120535046452555938e-04
1.999914662087849595e-04
1.898538449447022584e-04
1.763141725339858296e-04
1.647673665260826405e-04
1.489684029045352566e-04
1.351086432474719922e-04
1.154289617366903605e-04
9.728945942412187044e-05
7.453054153644114385e-05
