4.780232640526069828e-09
4.784825219896273738e-09
4.794030423130990337e-09
4.807858727448584468e-09
4.826370583326893800e-09
4.849587207588270738e-09
4.877610415129272159e-09
4.910472694447038045e-09
4.948318847319589649e-09
4.991193450542848311e-09
5.039286617726075238e-09
5.092656138121201761e-09
5.151540520195441290e-09
5.216012229293603753e-09
5.286362084402326455e-09
5.362679072195347817e-09
5.445311166505726595e-09
5.534366156079164769e-09
5.630255063376563535e-09
5.733107263285551530e-09
5.843403919897310483e-09
5.961299366101377384e-09
6.087353383956125114e-09
6.221749328613331026e-09
6.365135685003814040e-09
6.517729716440097937e-09
6.680280579088297775e-09
6.853045311536509103e-09
7.036887928311315502e-09
7.232112288836740274e-09
7.439714081170081846e-09
7.660052453824896168e-09
7.894274712023885106e-09
8.142805487631934002e-09
8.406967388458876625e-09
8.687262827924589819e-09
8.985217897579554415e-09
9.301427667256600456e-09
9.637655319158589221e-09
9.994606624787398290e-09
1.037432204133030681e-08
1.077764000673352814e-08
1.120692644705414141e-08
1.166317930063288667e-08
1.214914795480160327e-08
1.266602276129287870e-08
1.321700660510057825e-08
1.380352279276967463e-08
1.442931262010832403e-08
1.509608251313306037e-08
1.580821556120312252e-08
1.656776368029908135e-08
1.737987818800377512e-08
1.824703442935888549e-08
1.917530731553442709e-08
2.016769353299985329e-08
2.123138347086035086e-08
2.237001884756073175e-08
2.359214379147011677e-08
2.490220222090724328e-08
2.631038953470770318e-08
2.782215277583045912e-08
2.944971239585416413e-08
3.119977706396139660e-08
3.308706484959426004e-08
3.511988084142711872e-08
3.731604220443217763e-08
3.968588706890514015e-08
4.225110270622404799e-08
4.502463386639324844e-08
4.803303371067273742e-08
5.129261287263935231e-08
5.483608676776075807e-08
5.868414507365561058e-08
6.287736745335623569e-08
6.744218608324117266e-08
7.242929956770448906e-08
7.787273396032909261e-08
8.383632237555785246e-08
9.036422270050815780e-08
9.753747713627451688e-08
1.054138900530542178e-07
1.140972786753704793e-07
1.236640142589334846e-07
1.342483818483011718e-07
1.459522889817320124e-07
1.589512559416097645e-07
1.733827236019302651e-07
1.894787253596058861e-07
2.074267731816687072e-07
2.275374146201176126e-07
2.500696917387742546e-07
2.754448644496489212e-07
3.040257032203887945e-07
3.363921425126023676e-07
3.730598736148724885e-07
4.148403553636456355e-07
4.624788770794402543e-07
5.171314910845084585e-07
5.798953108581965025e-07
6.524507643947432023e-07
7.364466052258135045e-07
8.343813781030883634e-07
9.487916636929398253e-07
1.083489139582358415e-06
1.242482880533563958e-06
1.431762092196578476e-06
1.657865229897671131e-06
1.930532049422388316e-06
2.260830870548016746e-06
2.665256426870708190e-06
3.163413032448918901e-06
3.784621897505926284e-06
4.565655625623178696e-06
5.561694506033195878e-06
6.847605103875869199e-06
8.534923857914369365e-06
1.091260624586716356e-05
1.476113348836736109e-05
2.106705808313570649e-05
3.096018700067361472e-05
4.607678485400979021e-05
6.875163537166753026e-05
1.023056610038251249e-04
1.515552843400172923e-04
2.232596095967162976e-04
3.274164428512526008e-04
4.780803076948491226e-04
6.968388375132518638e-04
1.014698948003266024e-03
1.482478845162630817e-03
2.177029467167547298e-03
3.238847697084122623e-03
4.903273670572218072e-03
7.456024149454418791e-03
8.829795788385573496e-03
1.019767986159476024e-02
1.172451316627364480e-02
1.338308671777628175e-02
1.519318753601096687e-02
1.712760185240220362e-02
1.919555819770336208e-02
2.136553712647670106e-02
2.363958335823962420e-02
2.598241645582074696e-02
2.839242188029194106e-02
3.083322502774228993e-02
3.330327154577415044e-02
3.576813206481230245e-02
3.822922012843596451e-02
4.065615095576687044e-02
4.305472287630707218e-02
4.539930254605185206e-02
4.770009302634305171e-02
4.993583555540530294e-02
5.212032534161343406e-02
5.423578403604867315e-02
5.629851760870598770e-02
5.829325662758773341e-02
6.023781103262235148e-02
6.211859337053610153e-02
6.395412359465897645e-02
6.573187969956932608e-02
6.747052894155830538e-02
6.915819611722107130e-02
7.081333052204420719e-02
7.242444182402026087e-02
7.400954516737712208e-02
7.555738507065616616e-02
7.708542989808588042e-02
7.858258287503878947e-02
8.006572018827290416e-02
8.152387304060501605e-02
8.297332091880219029e-02
8.440321808533725323e-02
8.582926577679869662e-02
8.724074953605699678e-02
8.865282220261914981e-02
9.005491419783040463e-02
9.146166404249152226e-02
9.286266150160825406e-02
9.427206478197530659e-02
9.567963585056797615e-02
9.709908403475621397e-02
9.852035349075094484e-02
9.995673211260799884e-02
1.013983527726324829e-01
1.028581045798958177e-01
1.043263119414338663e-01
1.058154825369493346e-01
1.073161313120932769e-01
1.088403962198105923e-01
1.103789778533822846e-01
1.119436501584104571e-01
1.135252904763394549e-01
1.151353081271377504e-01
1.167647441224482219e-01
1.184246358037342600e-01
1.201061703748472348e-01
1.218199986839805377e-01
1.235574320059989184e-01
1.253287126026179643e-01
1.271252488463412156e-01
1.289568444082865584e-01
1.308149728438469384e-01
1.327089611797798996e-01
1.346303114481099683e-01
1.365878281325708932e-01
1.385730007869307445e-01
1.405940583452090498e-01
1.426424337983638324e-01
1.447257219010367746e-01
1.468352537557651438e-01
1.489779281339736194e-01
1.511449305072753158e-01
1.533424022620732685e-01
1.555613449161630246e-01
1.578070862093599591e-01
1.600704155554332486e-01
1.623558016370566237e-01
1.646538090986600922e-01
1.669680191877820352e-01
1.692887797914320036e-01
1.716187791790214634e-01
1.739481812628315971e-01
1.762788029269682644e-01
1.786006835355048172e-01
1.809148189501167403e-01
1.832112087562036418e-01
1.854901050602472401e-01
1.877415729255060561e-01
1.899652194171402575e-01
1.921512929404667613e-01
1.942988675316039693e-01
1.963984960205305275e-01
1.984488356801156483e-01
2.004408593168949260e-01
2.023729201826067192e-01
2.042365150522846284e-01
2.060297976214952864e-01
2.077448789755168557e-01
2.093798083698639456e-01
2.109273896047139663e-01
2.123856551786858504e-01
2.137481721581387106e-01
2.150130397045774133e-01
2.161746551575046693e-01
2.172312658681425923e-01
2.181781654172093854e-01
2.190138289675242489e-01
2.197345107694316790e-01
2.203389885408114091e-01
2.208245365456274478e-01
2.211902995340866152e-01
2.214346204903573923e-01
2.215570590172841192e-01
