-3.974419355545833241e+05
-3.966699208695696434e+05
-3.951305172592477757e+05
-3.928329700563611696e+05
-3.897909651203132817e+05
-3.860226146915154532e+05
-3.815501054619431961e+05
-3.763996805835906998e+05
-3.706011318735470995e+05
-3.641877838055497850e+05
-3.571958531660290319e+05
-3.496644426960286801e+05
-3.416347966224397533e+05
-3.331503124510484631e+05
-3.242557240968271508e+05
-3.149971402832176536e+05
-3.054211882991610910e+05
-2.955750865732078091e+05
-2.855057814130234765e+05
-2.752600596988407196e+05
-2.648837084930580459e+05
-2.544216716063854983e+05
-2.439172580097375321e+05
-2.334123434823685966e+05
-2.229466487146747822e+05
-2.125579845891357982e+05
-2.022816151757826738e+05
-1.921505426562967477e+05
-1.821949645341496507e+05
-1.724425919966509682e+05
-1.629182050017850997e+05
-1.536439961431354168e+05
-1.446392221820616105e+05
-1.359205643412120407e+05
-1.275018705811296677e+05
-1.193945227426250058e+05
-1.116072605812556430e+05
-1.041465462917966070e+05
-9.701645907423971221e+04
-9.021904823924205266e+04
-8.375428585970235872e+04
-7.762040077048125386e+04
-7.181387656347497250e+04
-6.632976023061324668e+04
-6.116169323924048513e+04
-5.630219018846175459e+04
-5.174269177797003067e+04
-4.747381052221370192e+04
-4.348539591207123885e+04
-3.976674584297490946e+04
-3.630667598528575036e+04
-3.309369703774059599e+04
-3.011608210968082130e+04
-2.736201114360248903e+04
-2.481963184037475730e+04
-2.247717356508854573e+04
-2.032299891816570744e+04
-1.834569013397472736e+04
-1.653408975247455965e+04
-1.487736294884600647e+04
-1.336502685908138665e+04
-1.198699246653181217e+04
-1.073358297355321702e+04
-9.595558854137596427e+03
-8.564126255269222384e+03
-7.630948646534958243e+03
-6.788146606138279822e+03
-6.028299202860217520e+03
-5.344436707924119219e+03
-4.730034473958768103e+03
-4.179000153697190399e+03
-3.685662431952631778e+03
-3.244754263577463917e+03
-2.851398398786129746e+03
-2.501088010796056551e+03
-2.189670555946486729e+03
-1.913326975984694855e+03
-1.668555069203536732e+03
-1.452148247676422898e+03
-1.261179274570729149e+03
-1.092979351199052189e+03
-9.451228038577288544e+02
-8.154070823254281777e+02
-7.018387578190212253e+02
-6.026148417841378659e+02
-5.161102824662337980e+02
-4.408608648870164757e+02
-3.755522625830255947e+02
-3.190046579666180264e+02
-2.701633122462149572e+02
-2.280849492250327444e+02
-1.919297440490226450e+02
-1.609494408093364086e+02
-1.344806233747163162e+02
-1.119344850557068725e+02
-9.279122660082239804e+01
-7.659136144838792859e+01
-6.293108188335729380e+01
-5.145496285271920556e+01
-4.185214292862294627e+01
-3.385028033845979678e+01
-2.721240715678214173e+01
-2.173199052567810341e+01
-1.723033348713601498e+01
-1.355260025474005836e+01
-1.056565291892066760e+01
-8.154910603197413010e+00
-6.222525802045327126e+00
-4.684962757226752039e+00
-3.471427935556688382e+00
-2.522074315568622715e+00
-1.786602814857536581e+00
-1.223033254440402784e+00
-7.963730832938087367e-01
-4.779733540537176584e-01
-2.440434915113657288e-01
-7.582410220313340332e-02
4.515048806563018435e-02
1.321783086817767683e-01
1.887101553629994544e-01
2.211618906621921898e-01
2.384779671296759496e-01
2.470641313129579852e-01
2.508831151391350822e-01
2.519741576243236802e-01
2.514903917170709380e-01
2.498665687033515548e-01
2.473903959884717341e-01
2.439449744690870836e-01
2.394896061810294907e-01
2.334842403282806900e-01
2.254915541174145333e-01
2.139578560785414252e-01
1.970054347619524249e-01
1.717495569034512282e-01
1.678887223078721624e-01
1.666886575029220829e-01
1.654154192881193974e-01
1.647647359085749330e-01
1.643536592466055546e-01
1.646059196163137117e-01
1.652944187017312272e-01
1.667110668781124350e-01
1.686784436730068837e-01
1.713846382584887640e-01
1.746511054773917104e-01
1.785709098079181212e-01
1.829450543394607887e-01
1.877900935732199628e-01
1.928952019499700354e-01
1.982340165682304478e-01
2.036091830762774557e-01
2.089884527983637552e-01
2.142116711769995741e-01
2.192660249439047915e-01
2.240381729943941580e-01
2.285427047493339692e-01
2.327083166008138138e-01
2.365724341492221605e-01
2.400937410291788254e-01
2.433233864928108781e-01
2.462376164152393354e-01
2.488930941121146601e-01
2.512742242888109656e-01
2.534378128248929718e-01
2.553705362009018320e-01
2.571266386030450768e-01
2.586919002642722454e-01
2.601171139538607235e-01
2.613857146061735470e-01
2.625451634719176974e-01
2.635760446541956514e-01
2.645230685509560864e-01
2.653639148716837037e-01
2.661412713625305737e-01
2.668300369493734059e-01
2.674715981444102386e-01
2.680382353156730013e-01
2.685706855584621966e-01
2.690387493815659670e-01
2.694830807696347863e-01
2.698710926903918894e-01
2.702438421847037087e-01
2.705663962461982153e-01
2.708806342906383002e-01
2.711492714227349277e-01
2.714153767602664469e-01
2.716392657479360095e-01
2.718655262972736741e-01
2.720519901734482771e-01
2.722450667366159704e-01
2.723999884620678658e-01
2.725652721769617481e-01
2.726934073090953037e-01
2.728352956194473045e-01
2.729405138287729904e-01
2.730626242928628211e-01
2.731480966190567572e-01
2.732534333924213077e-01
2.733217781328872165e-01
2.734128624122917905e-01
2.734662594087099441e-01
2.735452323784255957e-01
2.735855130568419780e-01
2.736542177746310589e-01
2.736829364465633296e-01
2.737429834991208510e-01
2.737614740092588206e-01
2.738142945328810307e-01
2.738237152328569235e-01
2.738706039388363878e-01
2.738719730908343863e-01
2.739141231856571101e-01
2.739083461919952223e-01
2.739468774920757466e-01
2.739347667662589969e-01
2.739707478512940497e-01
2.739530356713432147e-01
2.739875005973176902e-01
2.739648449114572282e-01
2.739988048349246141e-01
2.739717877350619779e-01
2.740062378245526897e-01
2.739753562821460875e-01
2.740112785634382098e-01
2.739769270397769962e-01
2.740152903915099025e-01
2.739777350541497403e-01
2.740194944808050370e-01
2.739788388671920982e-01
2.740249374578641595e-01
2.739810792965732822e-01
2.740324579854223619e-01
2.739850361190954708e-01
2.740426586784165397e-01
2.739909869791577468e-01
2.740558911335892467e-01
2.739988718296508252e-01
2.740722633410759834e-01
2.740082630460450863e-01
2.740916813775577943e-01
2.740183342575388536e-01
2.741139441192734227e-01
2.740278051136560977e-01
2.741389296103248774e-01
2.740347995141058646e-01
2.741669735254815832e-01
2.740364362749879712e-01
2.741997565260514969e-01
2.740275316924500881e-01
2.742429503570217864e-01
2.739956060284252093e-01
2.743176162286278252e-01
2.738914639872093715e-01
2.745620379076467166e-01
2.728915582935953488e-01
