3.839314724063172621e-03
-1.274254270176617028e-03
7.661964331366509159e-04
-5.469559082652654175e-04
4.260710068035871334e-04
-3.486909811457699596e-04
2.955212119905445086e-04
-2.563289298307662055e-04
2.265829012029764954e-04
-2.029966832063349229e-04
1.840449384582629384e-04
-1.683350103810974101e-04
1.552346067423823002e-04
-1.440481337761719167e-04
1.344720616720185215e-04
-1.261217050162020557e-04
1.188317939713830798e-04
-1.123765112645527304e-04
1.066536644524523930e-04
-1.015274627289410665e-04
9.692559992999234657e-05
-9.276775513290360970e-05
8.899554246142587382e-05
-8.556535934808214548e-05
8.242449407569463204e-05
-7.955527403534326557e-05
7.690611109468530244e-05
-7.447879209940669635e-05
7.222015493384222778e-05
-7.014747047127980442e-05
6.820425767187145594e-05
-6.642082441086539796e-05
6.473611234431074588e-05
-6.319201084242553673e-05
6.172185720741759794e-05
-6.037835008833940492e-05
5.908827783377074079e-05
-5.791487954689225625e-05
5.677743837517939347e-05
-5.574986451599802566e-05
5.474290189642540695e-05
-5.384160568429575630e-05
5.294701588896298986e-05
-5.215612568860419142e-05
5.135892735631171512e-05
-5.066546392023351774e-05
4.995310723344252455e-05
-4.934639991701162754e-05
4.870823642583246578e-05
-4.817948367271989091e-05
4.760635239109475017e-05
-4.714828890476060520e-05
4.663218578521342275e-05
-4.623883032612740083e-05
4.577263712908070340e-05
-4.543910284394678153e-05
4.501635729778139916e-05
-4.473871217406715303e-05
4.435340511543653836e-05
-4.412857440369329906e-05
4.377496186444139892e-05
-4.360066769502853507e-05
4.327308697755789108e-05
-4.314782334522072231e-05
4.284050214272141583e-05
-4.276354630992315235e-05
4.247039286306652600e-05
-4.244185740226447801e-05
4.215621735918175428e-05
-4.217715093957032422e-05
4.189151262824675252e-05
-4.196406283614562924e-05
4.166968641780453088e-05
-4.179734522636487635e-05
4.148378158281877876e-05
-4.167174486645967824e-05
4.132619532110526784e-05
-4.158188416263407179e-05
4.118832932114394220e-05
-4.152214629394366776e-05
4.106013651705458145e-05
-4.148657058531975123e-05
4.092951350410385631e-05
-4.146877305069059653e-05
4.078146043959883716e-05
-4.146192376995500207e-05
4.059688456530842742e-05
-4.145884524597043963e-05
4.035084443589296704e-05
-4.145236008755770121e-05
4.000989020384222321e-05
-4.143614608866756519e-05
3.952789083767822468e-05
-4.140662563648198920e-05
3.883922405392856647e-05
-4.136698900119437956e-05
3.784715631935119974e-05
-4.133570564669728685e-05
3.640299400330356455e-05
-4.136514917073353986e-05
3.426060753562351467e-05
-4.192782029707755150e-05
3.036042294965636415e-05
-4.875979459439524414e-05
2.446453503949628071e-05
-6.585218353015970347e-05
1.213655471603621959e-05
-9.873227551664871002e-05
-1.589043735598029793e-05
-1.588508223378848924e-04
-7.393289357026621149e-05
-2.646933629064489595e-04
-1.817255273711013098e-04
-4.399218255719502852e-04
-3.594570630665517479e-04
-7.050145941451759933e-04
-6.144206600652177231e-04
-1.061895111032937168e-03
-9.218010621072103040e-04
-1.480949973140036936e-03
-1.212834271744659851e-03
-1.919037657708631221e-03
-1.400088211030903760e-03
-2.464875138707595809e-03
-1.539142326337991423e-03
-4.359149085497734423e-03
-2.038579986209005518e-03
3.294484523888372221e-03
2.153471682768485530e-03
3.065314806885767376e-03
2.328832528006406256e-03
2.754477730559432794e-03
2.042680336800823185e-03
1.965663944871070146e-03
1.088607780615390369e-03
8.936506717160253152e-04
3.007799053582606253e-04
3.305482473663392791e-04
-9.760227869852530549e-06
1.289389384637259378e-04
-1.036823842463993752e-04
6.464662062363969654e-05
-1.246277687971414925e-04
4.565574424161256118e-05
-1.252570763881757704e-04
4.017623142664559100e-05
-1.221595682027785230e-04
3.853958672805693204e-05
-1.196158932726135106e-04
3.813986573226953891e-05
-1.183843962991753033e-04
3.830447167937325105e-05
-1.184255312682802689e-04
3.882419819780533540e-05
-1.195956412958401171e-04
3.959481447150458390e-05
-1.217838849229849288e-04
4.054042570020750135e-05
-1.249243526693736021e-04
4.159757192121106849e-05
-1.289876566308439942e-04
4.271047512745203322e-05
-1.339725874027412184e-04
4.382799163805136224e-05
-1.399005081408900006e-04
4.490085429050862109e-05
-1.468120322583642366e-04
4.587911720480846605e-05
-1.547652772772066066e-04
4.670983286703104831e-05
-1.638351753753266530e-04
4.733494771055534806e-05
-1.741135089678401686e-04
4.768937086529025701e-05
-1.857094696094672460e-04
4.769915979875139178e-05
-1.987506200911493058e-04
4.727977155291895216e-05
-2.133841867700506263e-04
4.633434283290235341e-05
-2.297786355314136090e-04
4.475197628748393315e-05
-2.481254997796726982e-04
4.240602551059913331e-05
-2.686414348143551130e-04
3.915238987367361539e-05
-2.915704725991792481e-04
3.482784762945586590e-05
-3.171864477846573984e-04
2.924847508621994570e-05
-3.457955583000116686e-04
2.220822522838230225e-05
-3.777390112796579088e-04
1.347776767324237582e-05
-4.133956899150209412e-04
2.803726290795189676e-06
-4.531847572936206921e-04
-1.009150413616256641e-05
-4.975680876355797729e-04
-2.550912695410356376e-05
-5.470523860696902343e-04
-4.377219746046558146e-05
-6.021908248915984474e-04
-6.522237812744033597e-05
-6.635839865301438505e-04
-9.021471304457257890e-05
-7.318798662396241430e-04
-1.191098211490476444e-04
-8.077726559161089743e-04
-1.522627651016236175e-04
-8.920000112597785890e-04
-1.900076855342180276e-04
-9.853385146971701831e-04
-2.326370955745442391e-04
-1.088597110145844878e-03
-2.803745020858187855e-04
-1.202608436875715050e-03
-3.333387533596200475e-04
-1.328218287888520248e-03
-3.914981933841502710e-04
-1.466273949144204130e-03
-4.546122957083303441e-04
-1.617613068119178434e-03
-5.221578873626310556e-04
-1.783056157668039959e-03
-5.932362084814012202e-04
-1.963408182542582866e-03
-6.664555827194916255e-04
-2.159478423378008698e-03
-7.397817902907568915e-04
-2.372133883543450870e-03
-8.103431195330819360e-04
-2.602411597389021718e-03
-8.741670364422029008e-04
-2.851732695527205760e-03
-9.258052712999053149e-04
-3.122293182058387840e-03
-9.577625768568985348e-04
-3.417769453720256867e-03
-9.595553192852482620e-04
-3.744610602616474295e-03
-9.160241151948174268e-04
-4.114500250091910824e-03
-8.040305546168117438e-04
-4.549367220574219821e-03
-5.853276856069133255e-04
-5.092633215247536864e-03
-1.892209946254069461e-04
-5.838245299575243671e-03
5.370777594624817890e-04
-7.022643857295556014e-03
2.011044397585182251e-03
-9.431274673194888630e-03
5.975016138681402827e-03
-1.805532211002532778e-02
4.200534589620713577e-02
