6.064903942007963122e-01
6.080068254001682604e-01
6.110398412671960156e-01
6.155886783266079076e-01
6.216537984837219311e-01
6.292336775441498276e-01
6.383290903821172702e-01
6.489377576077935972e-01
6.610607747182049021e-01
6.746951154438373122e-01
6.898422068326318657e-01
7.064982868801137350e-01
7.246651286040246553e-01
7.443382482914437936e-01
7.655197831211929538e-01
7.882045446504863939e-01
8.123950565345389174e-01
8.380854456227804228e-01
8.652786489126926828e-01
8.939681317270677940e-01
9.241572763279312097e-01
9.558389129966335940e-01
9.890169068325336266e-01
1.023683483045344289e+00
1.059843033486677299e+00
1.097487211970720633e+00
1.136620988158003609e+00
1.177235482119879162e+00
1.219336300447393828e+00
1.262914071428796081e+00
1.307975106838470181e+00
1.354509589848633233e+00
1.402524616028193671e+00
1.452009975289184851e+00
1.502973637384469097e+00
1.555405056594348467e+00
1.609313180671438470e+00
1.664687192367934943e+00
1.721537136591728467e+00
1.779851995989826685e+00
1.839643049357079452e+00
1.900899158999218574e+00
1.963632994538339283e+00
2.027833387276336108e+00
2.093514577914155517e+00
2.160665467152630193e+00
2.229302074022979419e+00
2.299413481908418433e+00
2.371017726841179396e+00
2.444104203265937691e+00
2.518693239620146684e+00
2.594774687602299679e+00
2.672371486644447458e+00
2.751474113060695004e+00
2.832108486949713733e+00
2.914265901937465486e+00
2.997975689263189025e+00
3.083230183106393074e+00
3.170062629208882043e+00
3.258466662659015967e+00
3.348480035116336406e+00
3.440097988385881322e+00
3.533363478683536840e+00
3.628273716476230870e+00
3.724877692900140147e+00
3.823175018975736972e+00
3.923221714489609102e+00
4.025020310853880900e+00
4.128635054856588660e+00
4.234072029785493463e+00
4.341405166866985077e+00
4.450644875907805442e+00
4.561876561905719996e+00
4.675115921309657807e+00
4.790462052691786710e+00
4.907937142177059009e+00
5.027656767636005775e+00
5.149651129566630736e+00
5.274055825887430160e+00
5.400911026895420797e+00
5.530376914793115439e+00
5.662506168178480515e+00
5.797489529540361453e+00
5.935395521249625439e+00
6.076453406621084241e+00
6.220751983691751086e+00
6.368569843561302513e+00
6.520021998106489747e+00
6.675451340421249213e+00
6.835007059703346322e+00
6.999117538571286268e+00
7.167976619685311412e+00
7.342128704047923726e+00
7.521824991269060234e+00
7.707770121882393966e+00
7.900283253508497694e+00
8.100290617322965403e+00
8.308165019986654798e+00
8.525118594410944439e+00
8.751435134850932940e+00
8.988604009929520799e+00
9.238621828746392595e+00
9.516283376433793961e+00
9.824342122771934527e+00
1.014106122812430755e+01
1.044552720448801608e+01
1.071838710670983197e+01
1.094967698551253044e+01
1.113618771106482086e+01
1.128489939152105137e+01
1.140311183754930369e+01
1.150085127938129226e+01
1.158254258017297822e+01
1.165442780105837173e+01
1.171711900183234256e+01
1.177471016431510797e+01
1.182586369409739291e+01
1.187405282690284380e+01
1.191673069019015863e+01
1.195741468025478937e+01
1.199224069418663596e+01
1.202505128389401179e+01
1.204955305221597150e+01
1.206956989643629186e+01
1.207142019370344954e+01
1.205401859616497617e+01
1.196302985324740042e+01
1.193779547041306976e+01
1.193224366134579739e+01
1.193129991181675820e+01
1.194901619785922087e+01
1.199341580871461233e+01
1.207889844088685116e+01
1.220670693521180539e+01
1.236634793866548243e+01
1.253891650773771183e+01
1.270975396543644642e+01
1.286362232063581423e+01
1.299914129832889387e+01
1.311937832677385529e+01
1.323128066143059911e+01
1.333815030303041382e+01
1.344368387814642851e+01
1.354827147168026080e+01
1.365330539332725124e+01
1.375797605088347453e+01
1.386284448484090248e+01
1.396682994603030181e+01
1.407025753348646546e+01
1.417208689143650346e+01
1.427260729449386822e+01
1.437090659462105968e+01
1.446730186031293108e+01
1.456102268356270457e+01
1.465242809799451429e+01
1.474087667006143043e+01
1.482676418665526619e+01
1.490955688692184289e+01
1.498967551355158179e+01
1.506667201468515493e+01
1.514097970545975080e+01
1.521221699010407669e+01
1.528081928121111055e+01
1.534645589701835000e+01
1.540955644178679051e+01
1.546982917403487434e+01
1.552769238146883701e+01
1.558288428356368804e+01
1.563580828392091959e+01
1.568622592941951943e+01
1.573452362766892243e+01
1.578048138919634624e+01
1.582446755429741003e+01
1.586627704153382012e+01
1.590625977049375273e+01
1.594422296919149495e+01
1.598049826312435151e+01
1.601490328865396862e+01
1.604775181389808836e+01
1.607887049097113774e+01
1.610855585861521533e+01
1.613664256403843211e+01
1.616341065417202927e+01
1.618870202412406201e+01
1.621278102073410210e+01
1.623549624227136690e+01
1.625709714438433551e+01
1.627743863489757459e+01
1.629675608017871369e+01
1.631491041790375007e+01
1.633212370473134101e+01
1.634826271524658381e+01
1.636353694429713457e+01
1.637781887724299068e+01
1.639130615804042179e+01
1.640387690859234127e+01
1.641571759321228896e+01
1.642671193655999673e+01
1.643703585375086007e+01
1.644657866959015280e+01
1.645550633926534800e+01
1.646371380816293950e+01
1.647135761939756193e+01
1.647833837455843309e+01
1.648480371050339244e+01
1.649065992748162657e+01
1.649604621848374109e+01
1.650087462227157431e+01
1.650527630457509076e+01
1.650916906904391723e+01
1.651267642171388417e+01
1.651572193176809122e+01
1.651842176040605992e+01
1.652070520427468736e+01
1.652268133884513190e+01
1.652428509914022570e+01
1.652561867749282243e+01
1.652662249778397907e+01
1.652739201888593001e+01
1.652787293981486982e+01
1.652815409279438086e+01
1.652818617852786431e+01
1.652805148421539627e+01
1.652770539325159405e+01
1.652722372885396140e+01
1.652656621557764183e+01
1.652580232129046678e+01
1.652489577571169477e+01
1.652390985347890506e+01
1.652281198590768696e+01
1.652165948664906381e+01
1.652042323627290443e+01
1.651915489147818050e+01
1.651782858655319686e+01
1.651649068168455514e+01
1.651511841725799812e+01
1.651375324406298617e+01
1.651237538867399479e+01
1.651102176894670137e+01
1.650967548027325904e+01
1.650836923696133240e+01
1.650708886543346665e+01
1.650586313081955581e+01
1.650468041743414105e+01
1.650356570590614425e+01
1.650250972615526379e+01
1.650153374922117422e+01
1.650063060680306037e+01
1.649981785842594917e+01
1.649909017924515098e+01
1.649846136085383108e+01
1.649792767214219680e+01
1.649749905307011844e+01
1.649717315030693854e+01
1.649695596852373569e+01
1.649684637319274572e+01
