3.974422154073803104e+05
3.966702009185481002e+05
3.951307972298253444e+05
3.928332500773792854e+05
3.897912451039467123e+05
3.860228947049137205e+05
3.815503854505902273e+05
3.763999605934440042e+05
3.706014118648376898e+05
3.641880638133556349e+05
3.571961331589516485e+05
3.496647227025044849e+05
3.416350766164631350e+05
3.331505924565928872e+05
3.242560040916503640e+05
3.149974202880750527e+05
3.054214682945832610e+05
2.955753665775389527e+05
2.855060614089116571e+05
2.752603397027550964e+05
2.648839884893197450e+05
2.544219516099668981e+05
2.439175380063002231e+05
2.334126234856751980e+05
2.229469287114879407e+05
2.125582645922146912e+05
2.022818951728046814e+05
1.921508226591802377e+05
1.821952445313495409e+05
1.724428719993713021e+05
1.629184849991382798e+05
1.536442761457147426e+05
1.446395021795458160e+05
1.359208443436695670e+05
1.275021505787273491e+05
1.193948027449760848e+05
1.116075405789514334e+05
1.041468262940555287e+05
9.701673907202303235e+04
9.021932824142092431e+04
8.375456585756065033e+04
7.762068077258941776e+04
7.181415656139956263e+04
6.633004023265936121e+04
6.116197323722254077e+04
5.630247019045341585e+04
5.174297177600388386e+04
4.747409052415761835e+04
4.348567591014986101e+04
3.976702584487703280e+04
3.630695598340352444e+04
3.309397703960566287e+04
3.011636210783252682e+04
2.736229114543616379e+04
2.481991183855620329e+04
2.247745356689522305e+04
2.032327891637260473e+04
1.834597013575801611e+04
1.653436975070316839e+04
1.487764295060950099e+04
1.336530685732829988e+04
1.198727246827879571e+04
1.073386297181531518e+04
9.595838855871079431e+03
8.564406253543653293e+03
7.631228648257706482e+03
6.788426604422429591e+03
6.028579204574738469e+03
5.344716706215568593e+03
4.730314475667469196e+03
4.179280151993813888e+03
3.685942433657622132e+03
3.245034261877209246e+03
2.851678400489373416e+03
2.501368009097200684e+03
2.189950557649778148e+03
1.913606974285585238e+03
1.668835070908516627e+03
1.452428245975616619e+03
1.261459276278856578e+03
1.093259349495312335e+03
9.454028055703422524e+02
8.156870806176699489e+02
7.021187595373005479e+02
6.028948400714671152e+02
5.163902841912523627e+02
4.411408631687257866e+02
3.758322643157084713e+02
3.192846562421940462e+02
2.704433139873846699e+02
2.283649474941689164e+02
1.922097457994043737e+02
1.612294390719527541e+02
1.347606251349553759e+02
1.122144833119806862e+02
9.307122837150110684e+01
7.687135969880550590e+01
6.321108366502322440e+01
5.173496109814919919e+01
4.213214472181528691e+01
3.413027858027659533e+01
2.749240896207035689e+01
2.201198876595082154e+01
1.751033530517327819e+01
1.383259849653088835e+01
1.084565475052825789e+01
8.434908851038132482e+00
6.502527648358297441e+00
4.964961017890517248e+00
3.751429798302757579e+00
2.802072599355330595e+00
2.066604696923635576e+00
1.503031577399155161e+00
1.076374989951445871e+00
7.579717420391794969e-01
5.240454333092149364e-01
3.558226001062743116e-01
2.348515665943721187e-01
1.478204524125621977e-01
9.129253713395432679e-02
5.883736170892849698e-02
4.152619339025409584e-02
3.293629849751050082e-02
2.912400342619721194e-02
2.802905084968706009e-02
2.852260167755230058e-02
3.014278074854855397e-02
3.263432643460151272e-02
3.607744137686302865e-02
4.055901297226888191e-02
4.656579531075717704e-02
5.460839047943408936e-02
6.615212963162286908e-02
8.321957177193613220e-02
1.084072064454727480e-01
1.121392028951144482e-01
1.133880847309828438e-01
1.146308373750061921e-01
1.153070219453991296e-01
1.156996051432980094e-01
1.154643115043631485e-01
1.147619439559190851e-01
1.133577817895445455e-01
1.113787847360968031e-01
1.086823311530662473e-01
1.054055530195410900e-01
1.014937538447195087e-01
9.711021959498067346e-02
9.227213195728468931e-02
8.715838068619816137e-02
8.182593499714534147e-02
7.644276204627187266e-02
7.106959046313877926e-02
6.583890064230722705e-02
6.079057329162552287e-02
5.601138863700029502e-02
5.151294044995646804e-02
4.734063524138654860e-02
4.348274869325644693e-02
3.995501460151448803e-02
3.673181823936191859e-02
3.381136569745482601e-02
3.116261611762747782e-02
2.877541996433812324e-02
2.661889463813392129e-02
2.468022487006592269e-02
2.293157474488492775e-02
2.136045778962946187e-02
1.994313919037029453e-02
1.866875279928600917e-02
1.751769687436838252e-02
1.648108388744647101e-02
1.554300843166674453e-02
1.469647395161590049e-02
1.392868283982328335e-02
1.323426747774573801e-02
1.260295488466759914e-02
1.203070596692105802e-02
1.150925964962935116e-02
1.103562665643920485e-02
1.060313333922498213e-02
1.020960434990573866e-02
9.849613478657861729e-03
9.521609074991636487e-03
9.221145035534979509e-03
8.947144156959100855e-03
8.695932278762892945e-03
8.466791395521301028e-03
8.256657877352748323e-03
8.065084706809284854e-03
7.889493686706048822e-03
7.729641555473425706e-03
7.583338395859229308e-03
7.450493503164505593e-03
7.329229495507675295e-03
7.219569166388011341e-03
7.119888302173044831e-03
7.030293273771305064e-03
6.949366205259806771e-03
6.877273973837617037e-03
6.812767826030632738e-03
6.756057192441326104e-03
6.706032623378117147e-03
6.662931964665577862e-03
6.625760964462253620e-03
6.594774584538696388e-03
6.569074102046349936e-03
6.548922411109102913e-03
6.533500124770766880e-03
6.523070476162635099e-03
6.516879981225926627e-03
6.515185842183553525e-03
6.517289284888960407e-03
6.523436097884344372e-03
6.532972901936209484e-03
6.546129548983523061e-03
6.562290383427488681e-03
6.581665619624069499e-03
6.603671163213156725e-03
6.628494741332332726e-03
6.655579101146317893e-03
6.685087552834548252e-03
6.716486374472264639e-03
6.749913521600559366e-03
6.784856859911822871e-03
6.821429080113304393e-03
6.859138968903765246e-03
6.898075030470871526e-03
6.937767412255751304e-03
6.978282361927823363e-03
7.019172674555313254e-03
7.060484890807097909e-03
7.101796260711273380e-03
7.143136493610819336e-03
7.184109279384195620e-03
7.224730403181985582e-03
7.264631865840346162e-03
7.303818237793754421e-03
7.341951408794586929e-03
7.379027131807709521e-03
7.414738431848200140e-03
7.449074340318683797e-03
7.481760019094917114e-03
7.512779676864859112e-03
7.541891526502832004e-03
7.569076791266303450e-03
7.594127716064552266e-03
7.617024413205091687e-03
7.637594293977464921e-03
7.655818284293479381e-03
7.671560232469443880e-03
7.684803764542376923e-03
7.695450455144584728e-03
7.703488310650617732e-03
7.708857757896327677e-03
7.711552456173822664e-03
