-1.166368081883557117e+00
-1.165921341047162940e+00
-1.165027779187248980e+00
-1.163687691218496356e+00
-1.161900835971628299e+00
-1.159667802796178648e+00
-1.156988187706300852e+00
-1.153862873526780408e+00
-1.150291290362522645e+00
-1.146274613073723581e+00
-1.141812101451694872e+00
-1.136905220471488009e+00
-1.131553053818773247e+00
-1.125757354180742187e+00
-1.119517021858606354e+00
-1.112834094364313575e+00
-1.105707279725159919e+00
-1.098138896901370343e+00
-1.090127450995559855e+00
-1.081675538544037085e+00
-1.072781449133676679e+00
-1.063448052499129215e+00
-1.053673407969428766e+00
-1.043460653579909359e+00
-1.032807601262389685e+00
-1.021717651915849290e+00
-1.010188350253153455e+00
-9.982233540349100265e-01
-9.858199179207358664e-01
-9.729819499314477094e-01
-9.597063884437112558e-01
-9.459973844935852805e-01
-9.318515301086468527e-01
-9.172732113966595158e-01
-9.022586396217009419e-01
-8.868124272503364880e-01
-8.709303654243334414e-01
-8.546172833988282536e-01
-8.378685071976427201e-01
-8.206890723289844702e-01
-8.030737882552790863e-01
-7.850278851016141424e-01
-7.665455969206746989e-01
-7.476323355509054691e-01
-7.282816922541752724e-01
-7.084992462063556262e-01
-6.882778686225473619e-01
-6.676232899128397014e-01
-6.465275725044993260e-01
-6.249965798956033103e-01
-6.030214635647783705e-01
-5.806081995155503161e-01
-5.577469103481909052e-01
-5.344436610590193037e-01
-5.106874087950439289e-01
-4.864842804823863998e-01
-4.618219090597130982e-01
-4.367064519826782676e-01
-4.111240326525689159e-01
-3.850808023116620848e-01
-3.585611574097847809e-01
-3.315711996001006190e-01
-3.040933419248651459e-01
-2.761335847670531862e-01
-2.476720533766388066e-01
-2.187145846970140195e-01
-1.892386524007360626e-01
-1.592498544695521712e-01
-1.287225748674178383e-01
-9.766207994787436120e-02
-6.603913175650220901e-02
-3.385855015232529935e-02
-1.086822576458681879e-03
3.227182144986302098e-02
6.625597802846551476e-02
1.008621899345450712e-01
1.361351512789428786e-01
1.720724095822557254e-01
2.087260460268468842e-01
2.460949126030052003e-01
2.842401398770341148e-01
3.231622740066716348e-01
3.629336745869725100e-01
4.035570919421058722e-01
4.451190275493351889e-01
4.876251055068526741e-01
5.311799483717989379e-01
5.757929303966740076e-01
6.215923734862933703e-01
6.685925300145897365e-01
7.169534885077860631e-01
7.666957613840063024e-01
8.180233308998280384e-01
8.709644271209489030e-01
9.257860928624319641e-01
9.825249772540061155e-01
1.041543612126478280e+00
1.102883866740320240e+00
1.167064016400661153e+00
1.234115795083729372e+00
1.304874384040375146e+00
1.380798216509007581e+00
1.471659706618380969e+00
1.582553897129343135e+00
1.706390292388739516e+00
1.837165484631539947e+00
1.969734965824579520e+00
2.101613101512829651e+00
2.230799921574165179e+00
2.356725227574638204e+00
2.478642855689939140e+00
2.596628262293412259e+00
2.710347078981400593e+00
2.820072041824799314e+00
2.925598696104864338e+00
3.027263863151024914e+00
3.124896154297492679e+00
3.218861258054899643e+00
3.308976427182639846e+00
3.395630487047706314e+00
3.478588375943666655e+00
3.558262401937211994e+00
3.634282292009096249e+00
3.707058216103765513e+00
3.775777963005425786e+00
3.840546006933570400e+00
3.897810818624791285e+00
3.947783792749650633e+00
3.995477394746237199e+00
4.042521516881132371e+00
4.090064718444193836e+00
4.138173475018648517e+00
4.187111995108221407e+00
4.236961220226191038e+00
4.288664683726824300e+00
4.345350824846232030e+00
4.409173841335561228e+00
4.478023121958131014e+00
4.549608879477560208e+00
4.622170852163502097e+00
4.694861236057145781e+00
4.767053619143133858e+00
4.838520799570601660e+00
4.908988734865493697e+00
4.978370281610387416e+00
5.046473393696825127e+00
5.113230602597939267e+00
5.178479169904858459e+00
5.242163103753926023e+00
5.304150774966102766e+00
5.364408163951811304e+00
5.422840368078324147e+00
5.479440845853595476e+00
5.534150956883784112e+00
5.586990349351050433e+00
5.637931417743589968e+00
5.687014916350274341e+00
5.734237204490884032e+00
5.779654024250706179e+00
5.823278810019060003e+00
5.865176696190245842e+00
5.905372415437075695e+00
5.943936017792405657e+00
5.980899092066143119e+00
6.016333304917795388e+00
6.050273872237612593e+00
6.082791787579815868e+00
6.113923641283687260e+00
6.143738247245345008e+00
6.172272053327252372e+00
6.199590761034022179e+00
6.225729691628701268e+00
6.250750906539214391e+00
6.274687992413521265e+00
6.297599121090738272e+00
6.319515797279916747e+00
6.340492240218303266e+00
6.360557703314190015e+00
6.379762512020716869e+00
6.398133618683994328e+00
6.415717590707340712e+00
6.432539108437206110e+00
6.448641163030468526e+00
6.464046242405137477e+00
6.478793968359403799e+00
6.492904746892245171e+00
6.506415048286577907e+00
6.519343324610657575e+00
6.531723114046717349e+00
6.543571051004663630e+00
6.554917956439813231e+00
6.565778785440608445e+00
6.576181848209452063e+00
6.586140556774692456e+00
6.595680906348927230e+00
6.604814897400020257e+00
6.613566393951106903e+00
6.621946109976944328e+00
6.629975949615977804e+00
6.637665458023610299e+00
6.645034738213903225e+00
6.652092276334309773e+00
6.658856520760701336e+00
6.665335000451939607e+00
6.671544643832330479e+00
6.677492116600173055e+00
6.683192950714208713e+00
6.688653034902543482e+00
6.693886617611353174e+00
6.698898889602199702e+00
6.703702918925870335e+00
6.708303270503578553e+00
6.712711925972784321e+00
6.716932890102438769e+00
6.720977143649762731e+00
6.724848190931289160e+00
6.728556089568007437e+00
6.732103897582583762e+00
6.735500820041311343e+00
6.738749517725316274e+00
6.741858407154430743e+00
6.744829796231291752e+00
6.747671370914264166e+00
6.750385126296358784e+00
6.752978070246056674e+00
6.755451921192294762e+00
6.757813056341351654e+00
6.760062950024140704e+00
6.762207391597667261e+00
6.764247640596622091e+00
6.766188937114592683e+00
6.768032352212357772e+00
6.769782611425551266e+00
6.771440620936659549e+00
6.773010622854066298e+00
6.774493379571698171e+00
6.775892677592489477e+00
6.777209154295831262e+00
6.778446165321182271e+00
6.779604239653416187e+00
6.780686323926581771e+00
6.781692853334247317e+00
6.782626384646246009e+00
6.783487271967435284e+00
6.784277698770459608e+00
6.784997948972659287e+00
6.785649846864135526e+00
6.786233615359038573e+00
6.786750731331146369e+00
6.787201364231290057e+00
6.787586653022249727e+00
6.787906719647857301e+00
6.788162372476482354e+00
6.788353690367390669e+00
6.788481156279346784e+00
6.788544808913630213e+00
