-1.003214614798281223e+00
-1.004167649271749729e+00
-1.006073567404629721e+00
-1.008931975745408050e+00
-1.012742422411504029e+00
-1.017504122211607687e+00
-1.023216323887113699e+00
-1.029877853951282507e+00
-1.037487664636172591e+00
-1.046044199378986850e+00
-1.055546118012557155e+00
-1.065991487956262862e+00
-1.077378682095168072e+00
-1.089705400815077052e+00
-1.102969736972726933e+00
-1.117169034941386530e+00
-1.132301116094562854e+00
-1.148362981987459008e+00
-1.165352192869627990e+00
-1.183265423009797868e+00
-1.202099983929189708e+00
-1.221852240672056888e+00
-1.242519270719433022e+00
-1.264097150708778150e+00
-1.286582741355263293e+00
-1.309971854721888374e+00
-1.334261154950297845e+00
-1.359446216672938634e+00
-1.385523530941967785e+00
-1.412488465751300160e+00
-1.440337366256448703e+00
-1.469065428633575809e+00
-1.498668883507741079e+00
-1.529142794514009251e+00
-1.560483313800929972e+00
-1.592685416673303544e+00
-1.625745218113104684e+00
-1.659657654772832336e+00
-1.694418851659674985e+00
-1.730023762510928487e+00
-1.766468576120551193e+00
-1.803748325763117277e+00
-1.841859325105436263e+00
-1.880796756852047391e+00
-1.920557128781351208e+00
-1.961135851161280197e+00
-2.002529704180319836e+00
-2.044734412926374034e+00
-2.087747118351943598e+00
-2.131563957718402236e+00
-2.176182532244985701e+00
-2.221599499891965923e+00
-2.267813034002246209e+00
-2.314820434122759618e+00
-2.362620571264223646e+00
-2.411211521134568159e+00
-2.460592993127664219e+00
-2.510763988854131767e+00
-2.561725213641761645e+00
-2.613476761583089836e+00
-2.666020510210163508e+00
-2.719357831417226201e+00
-2.773491972088296897e+00
-2.828425788174358857e+00
-2.884164116441211956e+00
-2.940711526654297803e+00
-2.998074692324573576e+00
-3.056260153343874020e+00
-3.115276696699220693e+00
-3.175133118963930912e+00
-3.235840631503893672e+00
-3.297410608910273488e+00
-3.359857037335656216e+00
-3.423194231187629999e+00
-3.487439348037616238e+00
-3.552610051603923846e+00
-3.618727122337124680e+00
-3.685812039815394403e+00
-3.753889724841633413e+00
-3.822986008750835385e+00
-3.893130550932238698e+00
-3.964354156095441617e+00
-4.036691920916624987e+00
-4.110180352912883528e+00
-4.184860811875099174e+00
-4.260776375562230101e+00
-4.337975656340652186e+00
-4.416509349390033812e+00
-4.496434523325143040e+00
-4.577810776091790324e+00
-4.660705121353782232e+00
-4.745187666120743941e+00
-4.831337243689101335e+00
-4.919236516231316969e+00
-5.008978541756814451e+00
-5.100661196522487728e+00
-5.194394909715208897e+00
-5.290296299104621625e+00
-5.388497364523794353e+00
-5.489138245020657614e+00
-5.592378230182329268e+00
-5.698387597587267983e+00
-5.807360871071312047e+00
-5.919507824342868041e+00
-6.035069451921102335e+00
-6.154308514957911314e+00
-6.277528565821428153e+00
-6.405065049409621736e+00
-6.537306969357027597e+00
-6.674690918170615994e+00
-6.817721740737433755e+00
-6.966974593388186143e+00
-7.123096835640134294e+00
-7.286827787667657041e+00
-7.458892481680742037e+00
-7.640062321559367042e+00
-7.830459956780455144e+00
-8.032903702621938535e+00
-8.250871702752361259e+00
-8.470825744634774779e+00
-8.668366282783537713e+00
-8.824101598861259887e+00
-8.927997763786414964e+00
-8.984025525751325958e+00
-9.003036417602320540e+00
-8.997694318632170507e+00
-8.975983278294243917e+00
-8.943822594381103386e+00
-8.902765612054700739e+00
-8.854579662045658495e+00
-8.797577408233500762e+00
-8.731687823435155593e+00
-8.652291193718580686e+00
-8.557202160913893962e+00
-8.448299841593303938e+00
-8.440359976879918236e+00
-8.442234953273526799e+00
-8.444221623284700939e+00
-8.448308147776851129e+00
-8.453433434973387506e+00
-8.460801047382528139e+00
-8.469823497968519632e+00
-8.481365315893691914e+00
-8.495023213520729755e+00
-8.511431439324431025e+00
-8.530233644720967234e+00
-8.551859687860085657e+00
-8.575922065142863815e+00
-8.602659095200934303e+00
-8.631619783671247603e+00
-8.662879833859877365e+00
-8.695933622975193344e+00
-8.730744088834690331e+00
-8.766786836427851171e+00
-8.803970222299922099e+00
-8.841792938284052994e+00
-8.880158413989185817e+00
-8.918619722278917195e+00
-8.957106874086994353e+00
-8.995242112349806973e+00
-9.032995401237890576e+00
-9.070058963786573614e+00
-9.106443359624297074e+00
-9.141903276604335105e+00
-9.176483861503522022e+00
-9.209991454777966879e+00
-9.242497551190387739e+00
-9.273849196239600801e+00
-9.304136222906407738e+00
-9.333236803643659485e+00
-9.361252370371071052e+00
-9.388084472395702207e+00
-9.413840910574215570e+00
-9.438440620963252314e+00
-9.461993923310316745e+00
-9.484432638311034225e+00
-9.505866881220292441e+00
-9.526238032263201205e+00
-9.545654144042366340e+00
-9.564063728190252078e+00
-9.581571556883424989e+00
-9.598131514288771982e+00
-9.613844337097070536e+00
-9.628668016684537534e+00
-9.642698827851271304e+00
-9.655897965778173386e+00
-9.668357047196082021e+00
-9.680039832616232687e+00
-9.691033243692595889e+00
-9.701303161888715110e+00
-9.710931885210445813e+00
-9.719887114271372752e+00
-9.728246667340046727e+00
-9.735979867507973395e+00
-9.743160244353438415e+00
-9.749758624629674131e+00
-9.755844469595432500e+00
-9.761390048725042234e+00
-9.766460992123853657e+00
-9.771030994114754620e+00
-9.775162098716375425e+00
-9.778829439081857089e+00
-9.782091719621121229e+00
-9.784925549332935901e+00
-9.787386535891542394e+00
-9.789452816829383508e+00
-9.791177138083874354e+00
-9.792539227436980909e+00
-9.793589192122848175e+00
-9.794308414399054641e+00
-9.794744569522837452e+00
-9.794880754139406065e+00
-9.794762397084690875e+00
-9.794374357614634263e+00
-9.793759977084885548e+00
-9.792905905987772996e+00
-9.791853524727658353e+00
-9.790591275986274766e+00
-9.789158667776966638e+00
-9.787545900797566034e+00
-9.785790656942891630e+00
-9.783884820011978789e+00
-9.781864248019795482e+00
-9.779722389941662541e+00
-9.777493240380966455e+00
-9.775171655102340651e+00
-9.772789691378655164e+00
-9.770343421191052258e+00
-9.767862868898870232e+00
-9.765345113718421288e+00
-9.762818046747881340e+00
-9.760279544567067589e+00
-9.757755278282237654e+00
-9.755243729130341990e+00
-9.752768291203503637e+00
-9.750327889536272608e+00
-9.747943623901100807e+00
-9.745614742037368217e+00
-9.743360073247174569e+00
-9.741179106193301962e+00
-9.739088457405571830e+00
-9.737087806000646495e+00
-9.735191633545584367e+00
-9.733399777917950857e+00
-9.731724667485428526e+00
-9.730166272984009268e+00
-9.728735041042856579e+00
-9.727431045454510539e+00
-9.726262803167772475e+00
-9.725230453212065029e+00
-9.724340612923500160e+00
-9.723593442509956830e+00
-9.722993671047147402e+00
-9.722541435883723437e+00
-9.722239577456686987e+00
-9.722088174476516187e+00
