6.030621342894225023e+00
6.030512727249082161e+00
6.030295504562006137e+00
6.029969736844643435e+00
6.029535449844800610e+00
6.028992767386770701e+00
6.028341732175973355e+00
6.027582529448832993e+00
6.026715218551723652e+00
6.025740045526119637e+00
6.024657085905410270e+00
6.023466645714810497e+00
6.022168816072808184e+00
6.020763961942400044e+00
6.019252189263375463e+00
6.017633920652630586e+00
6.015909275928359001e+00
6.014078733823199130e+00
6.012142426891113445e+00
6.010100888168405042e+00
6.007954261578210442e+00
6.005703132351324136e+00
6.003347654161505176e+00
6.000888462000757428e+00
5.998325717391018053e+00
5.995660102296954008e+00
5.992891783866207689e+00
5.990021487856626692e+00
5.987049384458533297e+00
5.983976239611965120e+00
5.980802223561112463e+00
5.977528138339833319e+00
5.974154150801406438e+00
5.970681094456098847e+00
5.967109128810062835e+00
5.963439113645611300e+00
5.959671196593042453e+00
5.955806257850693619e+00
5.951844428004714693e+00
5.947786601089679159e+00
5.943632884766317126e+00
5.939384179521755236e+00
5.935040563416803749e+00
5.930602935114655416e+00
5.926071335520893157e+00
5.921446652206970640e+00
5.916728880391617373e+00
5.911918886186267486e+00
5.907016609510662875e+00
5.902022883426486288e+00
5.896937581748079360e+00
5.891761491541855911e+00
5.886494408391524935e+00
5.881137058917348170e+00
5.875689146891482473e+00
5.870151322364493218e+00
5.864523182109129706e+00
5.858805281621788374e+00
5.852997093712574816e+00
5.847099059264809107e+00
5.841110508197870921e+00
5.835031744404182596e+00
5.828861933803723971e+00
5.822601218318086858e+00
5.816248576329322795e+00
5.809803959873835133e+00
5.803266133534581428e+00
5.796634828218308222e+00
5.789908565374916272e+00
5.783086819728543659e+00
5.776167836762519769e+00
5.769150795569288448e+00
5.762033628802417873e+00
5.754815175344056399e+00
5.747493013454199939e+00
5.740065591166978898e+00
5.732530085220147065e+00
5.724884494906975263e+00
5.717125541617746443e+00
5.709250709196424189e+00
5.701256201659485434e+00
5.693138909814285498e+00
5.684894448047727700e+00
5.676519022902002831e+00
5.668007573878789174e+00
5.659355514642194329e+00
5.650557007721300096e+00
5.641606542773094368e+00
5.632497381068755971e+00
5.623222927494676782e+00
5.613775387968964026e+00
5.604146882216664238e+00
5.594328365951302118e+00
5.584310419513556667e+00
5.574082496822286181e+00
5.563633310314540559e+00
5.552950480044598791e+00
5.542020417824036649e+00
5.530828461306233734e+00
5.519358140371537047e+00
5.507591889386822537e+00
5.495509559487596896e+00
5.483089799123868069e+00
5.470307665882526926e+00
5.457136729427943145e+00
5.443545662296220833e+00
5.429500992970687889e+00
5.414962695812015170e+00
5.399887140324262091e+00
5.384222210745341464e+00
5.367908828648189079e+00
5.350877947192262063e+00
5.333045012211638181e+00
5.314318566835212643e+00
5.294564456014939857e+00
5.273678690365640520e+00
5.251416467027901547e+00
5.229412788543969626e+00
5.212503722808737194e+00
5.201848931219667627e+00
5.195090479352025170e+00
5.190686231658857785e+00
5.187437398937929878e+00
5.184833353465584160e+00
5.182465143629775284e+00
5.180226497073661562e+00
5.177943359790885047e+00
5.175612704925642404e+00
5.173108610967886101e+00
5.170442913002889718e+00
5.167465519658101414e+00
5.164162752867095918e+00
5.160274929003719535e+00
5.155682315086838940e+00
5.149751957900467580e+00
5.142992511074680806e+00
5.136307579843670368e+00
5.129586864474416252e+00
5.122946049226812626e+00
5.116344640909229469e+00
5.109861135031841251e+00
5.103488558555917542e+00
5.097293297843028981e+00
5.091284264213310706e+00
5.085519568232204968e+00
5.080012816803420428e+00
5.074810949221070011e+00
5.069922951352896945e+00
5.065380302340011021e+00
5.061181016115638087e+00
5.057339142283918676e+00
5.053839959024585937e+00
5.050682051015131790e+00
5.047840545710553073e+00
5.045303491326074585e+00
5.043040674551982683e+00
5.041035197811397417e+00
5.039256149186186917e+00
5.037686089079124407e+00
5.036296546622804904e+00
5.035072124825710205e+00
5.033988275902498977e+00
5.033032683287519404e+00
5.032185005402171285e+00
5.031436073949494769e+00
5.030769385523164772e+00
5.030178522103915917e+00
5.029650200349012223e+00
5.029180209418872671e+00
5.028757843975460773e+00
5.028380575262024088e+00
5.028039710378759075e+00
5.027733959513399853e+00
5.027456182489455472e+00
5.027205979891080645e+00
5.026977406455650943e+00
5.026770689869270115e+00
5.026580807752694113e+00
5.026408420760185791e+00
5.026249224951082617e+00
5.026104172911943557e+00
5.025969526084906214e+00
5.025846427466500899e+00
5.025731589158550783e+00
5.025626271923916200e+00
5.025527552129287479e+00
5.025436756551528994e+00
5.025351260298551281e+00
5.025272419440419469e+00
5.025197857696773518e+00
5.025128934499085709e+00
5.025063483448671597e+00
5.025002849145351114e+00
5.024945044833657448e+00
5.024891387640919582e+00
5.024840046588458620e+00
5.024792302675886724e+00
5.024746461656270036e+00
5.024703762608143442e+00
5.024662632652274752e+00
5.024624265206779405e+00
5.024587196233052389e+00
5.024552571221136077e+00
5.024519024653729460e+00
5.024487652875789578e+00
5.024457180307013715e+00
5.024428653675496292e+00
5.024400880130545310e+00
5.024374856834644021e+00
5.024349467562605476e+00
5.024325660323427201e+00
5.024302390305638966e+00
5.024280557019070947e+00
5.024259182582380134e+00
5.024239118815636118e+00
5.024219450883375515e+00
5.024200983816371924e+00
5.024182862438055786e+00
5.024165845934311925e+00
5.024149135816278644e+00
5.024133446378736600e+00
5.024118033199707511e+00
5.024103566620930827e+00
5.024089353964151350e+00
5.024076022522560692e+00
5.024062929293739543e+00
5.024050659381121164e+00
5.024038617611572555e+00
5.024027347704304702e+00
5.024016300663323165e+00
5.024005979571949609e+00
5.023995880132405389e+00
5.023986465482026098e+00
5.023977274698911977e+00
5.023968731606519356e+00
5.023960417479837126e+00
5.023952717404362112e+00
5.023945253805464972e+00
5.023938373552259584e+00
5.023931739297117005e+00
5.023925660161554951e+00
5.023919838216323264e+00
5.023914545252350372e+00
5.023909522057268262e+00
5.023905003457171503e+00
5.023900768355381352e+00
5.023897014927930726e+00
5.023893559687079069e+00
5.023890564422907268e+00
5.023887882839623842e+00
5.023885640555349141e+00
5.023883728135585258e+00
5.023882235191243772e+00
5.023881088902511394e+00
5.023880342989666126e+00
5.023879961083706824e+00
