7.948973397346652980e+00
7.949378453456317217e+00
7.950188850497356796e+00
7.951403604800048264e+00
7.953023571184523632e+00
7.955046780545969476e+00
7.957474658772150100e+00
7.960304247769958153e+00
7.963537546291703961e+00
7.967170601869577595e+00
7.971205988668065068e+00
7.975638752555910926e+00
7.980472046442274703e+00
7.985699905247230390e+00
7.991326064789386230e+00
7.997343537637476629e+00
8.003756647579939099e+00
8.010557371164063412e+00
8.017750626187941876e+00
8.025327337058236310e+00
8.033293022711834652e+00
8.041637536630254601e+00
8.050367007251333362e+00
8.059470195427657302e+00
8.068953848882136626e+00
8.078805610919740587e+00
8.089032860004094161e+00
8.099622093419315050e+00
8.110581333828324802e+00
8.121895900079833197e+00
8.133574474941834609e+00
8.145601162037921839e+00
8.157985323194120397e+00
8.170709805165753181e+00
8.183784671655308429e+00
8.197191465539257038e+00
8.210940980207460882e+00
8.225013401749144748e+00
8.239420287612912119e+00
8.254140407783577160e+00
8.269186126905703205e+00
8.284534732706820392e+00
8.300199452066884476e+00
8.316156017233527820e+00
8.332418588774029189e+00
8.348961263292986601e+00
8.365799229400606052e+00
8.382904861388212225e+00
8.400294500725800972e+00
8.417938697001561721e+00
8.435855050534252442e+00
8.454011821545627470e+00
8.472426291060774162e+00
8.491058708660915499e+00
8.509917970305128421e+00
8.528952722039337075e+00
8.548168309793755526e+00
8.567507075149942253e+00
8.586973325730548723e+00
8.606502468982560217e+00
8.626096986304917280e+00
8.645682698273892797e+00
8.665258185844521677e+00
8.684735249910467303e+00
8.704105135202489407e+00
8.723258593498448121e+00
8.742173902555578024e+00
8.760708973728087656e+00
8.778819229225485188e+00
8.796308152066092845e+00
8.813089488143273087e+00
8.828868169227680696e+00
8.843477531390458779e+00
8.856418474906643468e+00
8.867362377629715908e+00
8.875352501820280793e+00
8.881855069499867028e+00
8.888671357037955190e+00
8.895876550153184681e+00
8.903536348522045785e+00
8.911597214577485104e+00
8.920104246403600001e+00
8.929026230675837894e+00
8.938391943361580161e+00
8.948185059153018983e+00
8.958425334802047502e+00
8.969107619571444090e+00
8.980247208651606527e+00
8.991848832160505012e+00
9.003926762409964368e+00
9.016495847261767338e+00
9.029572749809178234e+00
9.043184418211032138e+00
9.057354827841439970e+00
9.072127799110615953e+00
9.087540580974762250e+00
9.103655370286599435e+00
9.120518210603604459e+00
9.138197800303956342e+00
9.156734714221011373e+00
9.176189741985414372e+00
9.196585783874658304e+00
9.217964907624484283e+00
9.240323823413856275e+00
9.263679390509544476e+00
9.287998875122022824e+00
9.313273796355625578e+00
9.339445490925385229e+00
9.366486466485538287e+00
9.394320816661062779e+00
9.422911743824800013e+00
9.452176053648818410e+00
9.482076752218443261e+00
9.512531212145287185e+00
9.543508371248488942e+00
9.574930657316176763e+00
9.606775805679159674e+00
9.638972886175103838e+00
9.671508943411417647e+00
9.704319474980614757e+00
9.737400084338238671e+00
9.770691653704080437e+00
9.804197126434253562e+00
9.837861506958974545e+00
9.871693829865497705e+00
9.905642039327984705e+00
9.939720171611599042e+00
9.973878116952317185e+00
1.000813403428993809e+01
1.004243896885951237e+01
1.007681452309646986e+01
1.011121228412621598e+01
1.014565678620815525e+01
1.018009968815001187e+01
1.021456807666406519e+01
1.024901332143773303e+01
1.028346478365537919e+01
1.031787326452533371e+01
1.035227019834756490e+01
1.038660559801248695e+01
1.042091282726824097e+01
1.045514093370811182e+01
1.048932511044611893e+01
1.052341329317771468e+01
1.055744243754344502e+01
1.059135924180058907e+01
1.062520238301794251e+01
1.065891721054521035e+01
1.069254410213564199e+01
1.072602695552837204e+01
1.075940784495690039e+01
1.079262911851182061e+01
1.082573455660240391e+01
1.085866486104444562e+01
1.089146554027035130e+01
1.092407555194050062e+01
1.095654216545503701e+01
1.098880249291352307e+01
1.102090560822761844e+01
1.105278667098879986e+01
1.108449661373125750e+01
1.111596852917764977e+01
1.114725527354014289e+01
1.117828774908939948e+01
1.120912081246992820e+01
1.123968304088158732e+01
1.127003138097340695e+01
1.130009193734700013e+01
1.132992385053015205e+01
1.135945059010815328e+01
1.138873361052510624e+01
1.141769356690399739e+01
1.144639436606353655e+01
1.147475364985190893e+01
1.150283793701888513e+01
1.153056163537016587e+01
1.155799405936504165e+01
1.158504613715106402e+01
1.161179019049416894e+01
1.163813339416121551e+01
1.166415132073364624e+01
1.168974708607062851e+01
1.171499979359784227e+01
1.173980815871250449e+01
1.176425513736782591e+01
1.178823466206604564e+01
1.181183391028920759e+01
1.183494160272868179e+01
1.185764956089955824e+01
1.187984081177902773e+01
1.190161230361154310e+01
1.192284082718903626e+01
1.194362900754404144e+01
1.196384678738036378e+01
1.198360309356631070e+01
1.200276032899115108e+01
1.202143443046093729e+01
1.203947947729267831e+01
1.205701921589229464e+01
1.207389851185041252e+01
1.209024982137811932e+01
1.210590778285652114e+01
1.212101457260051163e+01
1.213539344496651751e+01
1.214919742704618955e+01
1.216223706531770610e+01
1.217467749996601079e+01
1.218631505046803909e+01
1.219732837668989944e+01
1.220749782286284635e+01
1.221701713387524890e+01
1.222564866037358833e+01
1.223360297332553515e+01
1.224062209117114186e+01
1.224693534792494098e+01
1.225226170855011887e+01
1.225685142726217691e+01
1.226039723284001326e+01
1.226317270629134093e+01
1.226484059471687615e+01
1.226570049699714637e+01
1.226538073738016266e+01
1.226420994959350885e+01
1.226177672040980227e+01
1.225844210888883801e+01
1.225374853348992943e+01
1.224809329478196140e+01
1.224096475703672127e+01
1.223280075612471052e+01
1.222302577716224192e+01
1.221212300298807385e+01
1.219944056591093684e+01
1.218551232868945355e+01
1.216959387760468658e+01
1.215227552167791814e+01
1.213269871734778071e+01
1.211151612213551942e+01
1.208772537741807618e+01
1.206204675791316561e+01
1.203329170082530375e+01
1.200225089043738436e+01
1.196748622257513617e+01
1.192985474990763706e+01
1.188756881590033565e+01
1.184153045337339449e+01
1.178943351328291378e+01
1.173215987069065136e+01
1.166657545257957196e+01
1.159336396375097245e+01
1.150794504292235310e+01
1.141033879826271935e+01
1.129324934796852453e+01
1.115518982431174422e+01
1.098558045149475504e+01
1.079125385221221656e+01
1.061827566675396817e+01
