2.013018481084966060e-02
2.008544800092526561e-02
2.010334826166065847e-02
2.009183482826470968e-02
2.010037049431800948e-02
2.009357468641881361e-02
2.009922830783239522e-02
2.009438544080605071e-02
2.009862630185993426e-02
2.009485414625633570e-02
2.009825607852389062e-02
2.009515949304613303e-02
2.009800664665806202e-02
2.009537430622743148e-02
2.009782828715878100e-02
2.009553385354989619e-02
2.009769542686223875e-02
2.009565731540563505e-02
2.009759359624713193e-02
2.009575604441748986e-02
2.009751402387716102e-02
2.009583721753727126e-02
2.009745111657218475e-02
2.009590562613911002e-02
2.009740117726255271e-02
2.009596462747392787e-02
2.009736170771259101e-02
2.009601668571947553e-02
2.009733101034799629e-02
2.009606369892563693e-02
2.009730795383862789e-02
2.009610720941140682e-02
2.009729183446112843e-02
2.009614854906172088e-02
2.009728229776275299e-02
2.009618894862952310e-02
2.009727929962412674e-02
2.009622962165796833e-02
2.009728307132541136e-02
2.009627174451966702e-02
2.009729375971069931e-02
2.009631514379567330e-02
2.009730615671917464e-02
2.009633744059785565e-02
2.009722372099231880e-02
2.009592516647601412e-02
2.009520440848588940e-02
2.008651696525204366e-02
2.004964171365175574e-02
1.985737146334881631e-02
1.886448865150341936e-02
1.393282128536971198e-02
-4.353250068965031083e-03
-4.037961273203130586e-02
-8.085522452221863277e-02
-1.168176852235133789e-01
-1.464885782011674242e-01
-1.700672621780458527e-01
-1.882731844858172576e-01
-2.019459992364814327e-01
-2.119248101155628838e-01
-2.189383483163782063e-01
-2.236048897791711176e-01
-2.263945924261706877e-01
-2.276758617823539943e-01
-2.276899118429956959e-01
-2.266103130659197773e-01
-2.245005467801334254e-01
-2.213799067646113894e-01
-2.171453077992736291e-01
-2.116475993394877908e-01
-2.045427036926358022e-01
-1.953824907249115395e-01
-1.832809372235954526e-01
-1.670084786778131825e-01
-1.452469512318557421e-01
-1.365530222325859189e-01
-1.335807184556385974e-01
-1.303731323093222372e-01
-1.269322729654732140e-01
-1.231660250242421206e-01
-1.190896494862313248e-01
-1.146171885954856140e-01
-1.097333043392402507e-01
-1.043462702345180348e-01
-9.841056881565971026e-02
-9.182032391237282543e-02
-8.450285226767020874e-02
-7.634958485439630183e-02
-6.731119669371921077e-02
-5.740862645243649531e-02
-4.692631817318743126e-02
-3.660224293257449690e-02
-2.778331256512350800e-02
-2.194757329598662210e-02
-1.974666588575429982e-02
-2.074680676687878922e-02
-2.417059892678341537e-02
-2.947915130430672770e-02
-3.642984331219642491e-02
-4.494055118640699620e-02
-5.495301286564721610e-02
-6.636264889018805846e-02
-7.897712801617567946e-02
-9.253336135703607579e-02
-1.067076216604326278e-01
-1.211616314100341651e-01
-1.355546010215716579e-01
-1.495841861117225557e-01
-1.629873898391635545e-01
-1.755694786816328623e-01
-1.871913010709614911e-01
-1.977831551174377700e-01
-2.073208781824032454e-01
-2.158300847333421979e-01
-2.233598439406138947e-01
-2.299855052784343934e-01
-2.357865328453037645e-01
-2.408518177738713240e-01
-2.452631144396767715e-01
-2.491028298892239701e-01
-2.524418195480051530e-01
-2.553483832883545190e-01
-2.578787920493441632e-01
-2.600864177107995445e-01
-2.620138225716301950e-01
-2.637014500011236606e-01
-2.651806073803076869e-01
-2.664815130090052442e-01
-2.676268299590016109e-01
-2.686390576504937289e-01
-2.695344502629001271e-01
-2.703298185064653136e-01
-2.710367521147913905e-01
-2.716679152413711829e-01
-2.722315326447745099e-01
-2.727372548646612715e-01
-2.731908868899164955e-01
-2.735998836220202013e-01
-2.739683102547891824e-01
-2.743020116849210766e-01
-2.746038009970664384e-01
-2.748783309566926181e-01
-2.751275131912512273e-01
-2.753551062212892808e-01
-2.755623740827058410e-01
-2.757523932804298306e-01
-2.759259660769219358e-01
-2.760856378257098842e-01
-2.762318871267939180e-01
-2.763668347319826468e-01
-2.764907403537387176e-01
-2.766053742950800864e-01
-2.767108590095765375e-01
-2.768086644135813734e-01
-2.768988414675860321e-01
-2.769825914401554678e-01
-2.770599489745797506e-01
-2.771318640823651203e-01
-2.771984035629466714e-01
-2.772602719119180992e-01
-2.773176127940349955e-01
-2.773708810568004113e-01
-2.774203404699868702e-01
-2.774661833242893505e-01
-2.775088371330219905e-01
-2.775482105257253695e-01
-2.775849403945376825e-01
-2.776186225829364029e-01
-2.776501524373148899e-01
-2.776787757087926245e-01
-2.777057000904852302e-01
-2.777297752993467816e-01
-2.777525814665752213e-01
-2.777725169696997898e-01
-2.777916021166515481e-01
-2.778077182781630294e-01
-2.778234028953208701e-01
-2.778359430214768500e-01
-2.778484811537341170e-01
-2.778576194844631919e-01
-2.778672064414972609e-01
-2.778730536410324858e-01
-2.778798315559936616e-01
-2.778824379969012104e-01
-2.778864995016156469e-01
-2.778858565105582490e-01
-2.778872466868923530e-01
-2.778832858079060553e-01
-2.778820024770953800e-01
-2.778745926978437031e-01
-2.778705850145424261e-01
-2.778595277866818813e-01
-2.778526930045182586e-01
-2.778377147586201246e-01
-2.778278929187441015e-01
-2.778086346164722609e-01
-2.777956007723716980e-01
-2.777716038399976606e-01
-2.777550572498099779e-01
-2.777257449703449121e-01
-2.777052944493151876e-01
-2.776699475344877599e-01
-2.776450918254272926e-01
-2.776028163856977260e-01
-2.775729179379605172e-01
-2.775226033627350986e-01
-2.774868532336259852e-01
-2.774271164727605266e-01
-2.773844870750844516e-01
-2.773135983166508112e-01
-2.772627792645163680e-01
-2.771785617796906354e-01
-2.771178718536468910e-01
-2.770175654068802173e-01
-2.769448302221992897e-01
-2.768249022536584114e-01
-2.767372818196385253e-01
-2.765931624383756171e-01
-2.764869041529771088e-01
-2.763126078700053334e-01
-2.761826863289060241e-01
-2.759702619188962869e-01
-2.758098431380609505e-01
-2.755485566926882401e-01
-2.753481833234013854e-01
-2.750232765469481366e-01
-2.747695977374314813e-01
-2.743603506775746936e-01
-2.740340861283656615e-01
-2.735107040688543045e-01
-2.730832756929004734e-01
-2.724017150873413451e-01
-2.718294688329791486e-01
-2.709224977835993919e-01
-2.701363676630056943e-01
-2.688974074971690054e-01
-2.677834980979156843e-01
-2.660358209182054345e-01
-2.643967455085365348e-01
-2.618308984589793331e-01
-2.593032091979887710e-01
-2.553396489491195354e-01
-2.512016143020925907e-01
-2.446586423852098457e-01
-2.373314178505052940e-01
-2.255172151166935923e-01
-2.110745836534253517e-01
-1.868663913120147957e-01
-1.536566255271776538e-01
-9.376886470895118286e-02
2.772000084465098269e-03
2.016857099779280627e-01
6.021273522093067987e-01
1.558862943073877405e+00
3.061275461578934376e+00
