0.000000000000000000e+00
0.000000000000000000e+00
1.950887415961421349e+21
5.852011089206706176e+21
1.170206135785742139e+22
1.949905468650833314e+22
2.924031154862726893e+22
4.092242552526863335e+22
5.454122616497437776e+22
7.009173223585648686e+22
8.756809915623797477e+22
1.069635559412000935e+23
1.282703366543579472e+23
1.514796004659231573e+23
1.765813464553583343e+23
2.035643161024417445e+23
2.324158906821906572e+23
2.631219754551800528e+23
2.956668788530310493e+23
3.300331776349679754e+23
3.662015770812223670e+23
4.041507564598023663e+23
4.438572095485257303e+23
4.852950699357064932e+23
5.284359314078028026e+23
5.732486529244933453e+23
6.196991587750635331e+23
6.677502235664438631e+23
7.173612526146248937e+23
7.684880480204545830e+23
8.210825705823260419e+23
8.750926890813712583e+23
9.304619261532526483e+23
9.871291943539470017e+23
1.045028530004484130e+24
1.104088821576857377e+24
1.164233537639183511e+24
1.225380455734653873e+24
1.287441393340872925e+24
1.350321948896427803e+24
1.413921248303643447e+24
1.478131714316131444e+24
1.542838845731920203e+24
1.607921037269278246e+24
1.673249414384373587e+24
1.738687733264551263e+24
1.804092300991586615e+24
1.869311992616880217e+24
1.934188285496243018e+24
1.998555388101254804e+24
2.062240162097464349e+24
2.125060889468559342e+24
2.186819406498934104e+24
2.247267780305182651e+24
2.306048010634931730e+24
2.362699650932022964e+24
2.416779813183115164e+24
2.467967013961119046e+24
2.516084799029953356e+24
2.561086018065417986e+24
2.603024470663413623e+24
2.642025513325555941e+24
2.678259845381234264e+24
2.711922979361628434e+24
2.743220070531515413e+24
2.772355720483650186e+24
2.799527397561486073e+24
2.824921705614777015e+24
2.848712484434704756e+24
2.871060232473118503e+24
2.892112352894419890e+24
2.912003894682933633e+24
2.930858752924694924e+24
2.948790943002683008e+24
2.965906550742783497e+24
2.982305434018750713e+24
2.998085000062214850e+24
3.013331899517197202e+24
3.028102470062225708e+24
3.042431987292718062e+24
3.056351618032115093e+24
3.069890903375302598e+24
3.083078046746038822e+24
3.095939805827889837e+24
3.108501731852357600e+24
3.120788138941076981e+24
3.132822286530043015e+24
3.144626391365274709e+24
3.156221775055742187e+24
3.167628885746324104e+24
3.178867385221583194e+24
3.189956070481190304e+24
3.200912667593272600e+24
3.211753140788334896e+24
3.222490349588163663e+24
3.233131966471188249e+24
3.243678605939179143e+24
3.254123386380868471e+24
3.264453252227488322e+24
3.274650936579790454e+24
3.284696652572376904e+24
3.294569270619491497e+24
3.304247261910679618e+24
3.313709581882367156e+24
3.322936648029735597e+24
3.331911351260598401e+24
3.340620053127711074e+24
3.349053404956136156e+24
3.357206923781688841e+24
3.365081226369380693e+24
3.372681950217559335e+24
3.380019368424893560e+24
3.387107804902315098e+24
3.393964910361421686e+24
3.400610915411696594e+24
3.407067908117630252e+24
3.413359211066661785e+24
3.419508863905441811e+24
3.425541240425827971e+24
3.431480776341399307e+24
3.437351811577791530e+24
3.443178514444260211e+24
3.448984884790935394e+24
3.454794807320005453e+24
3.460632153860795131e+24
3.466520913206404094e+24
3.472485350687710669e+24
3.478550182815121044e+24
3.484740771651109922e+24
3.491083329211472774e+24
3.497605137810885041e+24
3.504334780088533784e+24
3.511302384973616370e+24
3.518539885739940514e+24
3.526081296222267579e+24
3.533963003156532203e+24
3.542224080258804272e+24
3.550906623502483966e+24
3.560056112623916650e+24
3.569721799672781716e+24
3.579957128987952890e+24
3.590820190735052793e+24
3.602374211683646001e+24
3.614688086703416621e+24
3.627836953882152755e+24
3.641902818145555397e+24
3.656975225395242934e+24
3.673151993521129730e+24
3.690540001252989513e+24
3.709256042765512411e+24
3.729427747718156186e+24
3.751194576281489694e+24
3.774708887236198655e+24
3.800137090402073476e+24
3.827660879483578870e+24
3.857478558344156300e+24
3.889806454285639057e+24
3.924880433122343620e+24
3.962957506486128400e+24
4.004317547918503025e+24
4.049265104285321795e+24
4.098131320787030786e+24
4.151275961298984720e+24
4.209089543940761727e+24
4.271995567764176743e+24
4.340452851953920878e+24
4.414957956401332467e+24
4.496047706376360455e+24
4.584301781816411490e+24
4.680345395105770263e+24
4.784852008106329750e+24
4.898546113284139196e+24
5.022206018454312796e+24
5.156666660820646508e+24
5.302822377106538121e+24
5.461629656231196739e+24
5.634109787182022575e+24
5.821351429403380126e+24
6.024513002950925658e+24
6.244824926898177412e+24
6.483591586865325648e+24
6.742193061913872413e+24
7.022086474730104244e+24
7.324806998061495137e+24
7.651968364367265804e+24
8.005262915786339206e+24
8.386461025106954421e+24
8.797409930926375456e+24
9.240031802933612712e+24
9.716321089113483809e+24
1.022834094854178193e+25
1.077821883330148709e+25
1.136814101446474059e+25
1.200034613109461124e+25
1.267711755310827944e+25
1.340077465655606572e+25
1.417366280373077809e+25
1.499814215076262474e+25
1.587657508329873591e+25
1.681131243161516278e+25
1.780467828127921126e+25
1.885895356376267462e+25
1.997635826639115554e+25
2.115903248281284986e+25
2.240901617438521144e+25
2.372822790308672740e+25
2.511844244460966145e+25
2.658126758270979147e+25
2.811812003790298034e+25
2.973020087099157128e+25
3.141847036346094892e+25
3.318362275098917244e+25
3.502606086333079697e+25
3.694587107596134152e+25
3.894279867747890333e+25
4.101622407745644023e+25
4.316514000583987531e+25
4.538813013480038447e+25
4.768334931423388320e+25
5.004850584187574510e+25
5.248084598898457154e+25
5.497714117388280847e+25
5.753367802068780656e+25
6.014625164628365844e+25
6.281016241340352443e+25
6.552021642231958446e+25
6.827072996208342359e+25
7.105553810249715141e+25
7.386800761285647128e+25
7.670105427856605671e+25
7.954716474955627256e+25
8.239842286634340402e+25
8.524654053043969894e+25
8.808289292958619492e+25
9.089855810566157112e+25
9.368436053664127853e+25
9.643091863461410025e+25
9.912869569582258351e+25
1.017680541174726740e+26
1.043393122935183432e+26
1.068328039216047612e+26
1.092389390292834929e+26
1.115482663800317747e+26
1.137515364901963057e+26
1.158397648624230443e+26
1.178042946231227717e+26
1.196368581360970084e+26
1.213296367742594579e+26
1.228753184131783596e+26
1.242671518631424968e+26
1.254989978218151675e+26
1.265653756392757323e+26
1.274615055224329758e+26
1.281833455834279141e+26
1.287276234285519052e+26
1.290918618385880084e+26
