0.000000000000000000e+00
0.000000000000000000e+00
2.126254292210054700e+04
6.386996872143483779e+04
1.279875066236654384e+05
2.138642285666848766e+05
3.218347156464004074e+05
4.523209961305031320e+05
6.058353852689043852e+05
7.829834713383974740e+05
9.844682250202930300e+05
1.211094131702957442e+06
1.463772710420911433e+06
1.743527929177801590e+06
2.051503322794577107e+06
2.388968871775068343e+06
2.757329965279961936e+06
3.158135974663185887e+06
3.593091374402665067e+06
4.064066300712922588e+06
4.573110222188995220e+06
5.122464843889149837e+06
5.714580813639294356e+06
6.352133414925557561e+06
7.038042907628940418e+06
7.775493551355445758e+06
8.567958314577506855e+06
9.419221886019194499e+06
1.033341064778787643e+07
1.131502046812193282e+07
1.236895302607751824e+07
1.350054933533859439e+07
1.471563373368782178e+07
1.602055426352873631e+07
1.742223590017662942e+07
1.892822910491631925e+07
2.054677415954863280e+07
2.228685939911935851e+07
2.415829883574733138e+07
2.617180174355959520e+07
2.833906606761537492e+07
3.067286112124512345e+07
3.318713953455423191e+07
3.589713473895786703e+07
3.881949431660779566e+07
4.197239351956439018e+07
4.537569266769520193e+07
4.905106695007073879e+07
5.302219000766189396e+07
5.731488026707283407e+07
6.195732299822850525e+07
6.698030402534991503e+07
7.241790082865840197e+07
7.830981469641984999e+07
8.470707711912667751e+07
9.167719540693956614e+07
9.930399211540049314e+07
1.076855087501858771e+08
1.169341876341295689e+08
1.271783487075318545e+08
1.385647921807550788e+08
1.512619021367363334e+08
1.654640363061976731e+08
1.813965412311648726e+08
1.993226561041289866e+08
2.195514158446924090e+08
2.424486363207013011e+08
2.684497499850399494e+08
2.980780985676766038e+08
3.319669532484971285e+08
3.708920311369786263e+08
4.158121238533841968e+08
4.679321908279882073e+08
5.287858221070663929e+08
6.003737867983982563e+08
6.853519070521081686e+08
7.868820902353870869e+08
9.006740171391990185e+08
1.018027962883610487e+09
1.136397941617791891e+09
1.255850856701451063e+09
1.376472299482261181e+09
1.498351091921810150e+09
1.621574418773215532e+09
1.746230162481237411e+09
1.872403216326437473e+09
2.000176180394426584e+09
2.129625974103516102e+09
2.260823158620843410e+09
2.393828098829896927e+09
2.528688600531101704e+09
2.665434420300454140e+09
2.804071451677920818e+09
2.944570964917876720e+09
3.086855086278691769e+09
3.230776788467813492e+09
3.376103538665633678e+09
3.522512695228655815e+09
3.669602820140919685e+09
3.816912021859018803e+09
3.963937496037552834e+09
4.110153418339228630e+09
4.255029313760775566e+09
4.398049118638973236e+09
4.538731346356855392e+09
4.676648754286003113e+09
4.811445876455725670e+09
4.942852566291538239e+09
5.070692061297202110e+09
5.194883348188222885e+09
5.315437715441127777e+09
5.432451049010338783e+09
5.546092655464701653e+09
5.656592850936122894e+09
5.764229958088250160e+09
5.869318572847716331e+09
5.972199027551797867e+09
6.073229189001848221e+09
6.172777911545961380e+09
6.271220758457222939e+09
6.368937084436362267e+09
6.466308850604948044e+09
6.563720328099562645e+09
6.661558971918607712e+09
6.760216815850744247e+09
6.860092611283577919e+09
6.961594290904624939e+09
7.065141894293330193e+09
7.171170769636240959e+09
7.280135058814108849e+09
7.392511516669943810e+09
7.508803495513517380e+09
7.629545397768165588e+09
7.755307203680427551e+09
7.886699659996516228e+09
8.024379459224030495e+09
8.169055325791922569e+09
8.321493998199479103e+09
8.482527419338595390e+09
8.653059705239816666e+09
8.834075686514545441e+09
9.026649075181230545e+09
9.231952644267318726e+09
9.451267830186872482e+09
9.685996879775459290e+09
9.937674150681716919e+09
1.020798060035433006e+10
1.049875707032358170e+10
1.081202153978744125e+10
1.114998469986084366e+10
1.151507044452510071e+10
1.190993405533303452e+10
1.233748645301682663e+10
1.280091531822040558e+10
1.330371367574645615e+10
1.384970426808563232e+10
1.444307308814624023e+10
1.508839729399451256e+10
1.579068434122337151e+10
1.655540367255608177e+10
1.738853212329125595e+10
1.829658953017792892e+10
1.928669108743406677e+10
2.036658688630502701e+10
2.154472187922603226e+10
2.283027917438743973e+10
2.423324821558451462e+10
2.576447140376538467e+10
2.743572101389051819e+10
2.925974838623507690e+10
3.125036997360926819e+10
3.342251792767316437e+10
3.579233549581782532e+10
3.837722731138433075e+10
4.119596413714631653e+10
4.426873054444062042e+10
4.761723873044128418e+10
5.126477053416838837e+10
5.523629974286289978e+10
5.955852454134574127e+10
6.425999737966738129e+10
6.937114299077479553e+10
7.492439453502912903e+10
8.095419126113449097e+10
8.749711929901554871e+10
9.459188190034616089e+10
1.022794429546382904e+11
1.106029615575805664e+11
1.196079361205788574e+11
1.293420938162056732e+11
1.398555330928894348e+11
1.512005573850636597e+11
1.634318139948190918e+11
1.766060603857762451e+11
1.907822978215745544e+11
2.060214576484496765e+11
2.223865288594230652e+11
2.399421510742421265e+11
2.587547364005703735e+11
2.788919554012007446e+11
3.004228553165405273e+11
3.234172252180479736e+11
3.479457148954661865e+11
3.740790656656842651e+11
4.018882370514227295e+11
4.314434903545991211e+11
4.628145336747764282e+11
4.960694463410764771e+11
5.312748568239764404e+11
5.684946973844283447e+11
6.077904339747233887e+11
6.492196418947861328e+11
6.928363117768859863e+11
7.386892384708541260e+11
7.868224325533302002e+11
8.372733158728392334e+11
8.900732735830416260e+11
9.452456504823052979e+11
1.002806484195931274e+12
1.062762296297891235e+12
1.125111052816057373e+12
1.189839742714435303e+12
1.256925617248093262e+12
1.326333545224078125e+12
1.398017587815350342e+12
1.471918114520916992e+12
1.547963774858394775e+12
1.626068350379369385e+12
1.706133189292055420e+12
1.788043757300753174e+12
1.871672605868682861e+12
1.956875566701538330e+12
2.043495329360943848e+12
2.131357198884488037e+12
2.220273364166686523e+12
2.310038102250782715e+12
2.400432825520500000e+12
2.491220564018766113e+12
2.582151886526933105e+12
2.672958413610218750e+12
2.763359712226573730e+12
2.853055466927138184e+12
2.941733439744590332e+12
3.029059712133491211e+12
3.114687749626584961e+12
3.198245721066077637e+12
3.279346506337908691e+12
3.357570227082600586e+12
3.432474309906982910e+12
3.503567132114203613e+12
3.570314420812868164e+12
3.632092633894700195e+12
3.688174598825653809e+12
3.737617619954625000e+12
3.779125846239969238e+12
3.810608944311877930e+12
