nan
3.256958202681248249e+00
nan
3.627831123594245977e+00
nan
3.826750661957380117e+00
nan
3.963855504108053207e+00
nan
4.068765662033832164e+00
nan
4.153897545045175832e+00
nan
4.225679915375666340e+00
nan
4.287906147268587986e+00
nan
4.343034358104890913e+00
nan
4.392782660262818162e+00
nan
4.438437269374071903e+00
nan
4.481029712585666402e+00
nan
4.521450774765745528e+00
nan
4.560534694183204785e+00
nan
4.599133463998755111e+00
nan
4.638197375417295376e+00
nan
4.678880275764774943e+00
nan
4.722699579635083467e+00
nan
4.771809617210120535e+00
nan
4.829520896877078862e+00
nan
4.901409628809058283e+00
nan
4.998085084983694415e+00
nan
5.143924585533087068e+00
nan
5.420049881055891916e+00
nan
nan
nan
nan
3.598577153343395008e+00
5.066237538197352563e+00
4.752349570490447483e+00
5.191364674211365937e+00
4.871705616569478536e+00
5.099559731341162916e+00
4.830634157262275963e+00
4.953264365903207178e+00
4.724169849835520907e+00
4.784047967906923660e+00
4.583769925823152569e+00
4.603089471878653249e+00
4.422970872257901753e+00
4.414510995058278375e+00
4.247376528430840459e+00
4.218709189942417837e+00
4.057796453432339412e+00
4.013220633563558515e+00
3.850591784862956946e+00
3.792144621048143982e+00
3.614769809293369107e+00
3.544006602327868016e+00
3.317779267216183214e+00
3.356347983737595797e+00
3.877969306846079434e+00
3.822431390420907071e+00
3.889283950987792338e+00
3.793491088968766523e+00
3.833540240361173357e+00
3.760354407655388087e+00
3.781510470227885889e+00
3.720446526822736466e+00
3.728971796250982518e+00
3.673321066416181946e+00
3.671355576253686248e+00
3.615460836385208765e+00
3.601561978467384240e+00
3.537794179272718331e+00
3.505321866519229168e+00
3.420967785844836850e+00
3.359695118499447464e+00
3.253925258284402044e+00
3.204681305907106204e+00
3.175428912066634357e+00
3.251257885907694156e+00
3.336027106652106777e+00
3.481176227605228934e+00
3.595580979295496693e+00
3.751178241490946697e+00
3.861935313241366075e+00
4.009582026956087120e+00
4.102890757867351468e+00
4.231807680314735087e+00
4.299559183901476622e+00
4.403499115872270941e+00
4.444350821132286633e+00
4.523318330982222690e+00
4.542248577203207738e+00
4.601322812429602394e+00
4.605747527327265445e+00
4.651351200265729346e+00
4.647388166242564012e+00
4.684556203432173049e+00
4.675906166504169015e+00
4.707726976183392864e+00
4.696222283230143013e+00
4.724325703561102152e+00
4.710744005150044877e+00
4.735889055958002025e+00
4.720519129574138439e+00
4.742999881305478560e+00
4.725948649463361129e+00
4.745828259504121682e+00
4.727164689623377214e+00
4.744400738405532891e+00
4.724213187475162279e+00
4.738723040741592563e+00
4.717134727559765039e+00
4.728829588011790541e+00
4.705995505245136101e+00
4.714798347417208824e+00
4.690895178023630763e+00
4.696750219882621202e+00
4.671964805027683632e+00
4.674842281276671230e+00
4.649361151784179746e+00
4.649259244185098616e+00
4.623260232054269281e+00
4.620205099117563385e+00
4.593851277542500888e+00
4.587895734385113222e+00
4.561331555826471984e+00
4.552552772271862835e+00
4.525902099660042310e+00
4.514398615357853473e+00
4.487764272150624123e+00
4.473652574447857688e+00
4.447117038638404019e+00
4.430527938259469778e+00
4.404154821779698636e+00
4.385229805299483807e+00
4.359065830994277135e+00
4.337953548991175801e+00
4.312030764051949738e+00
4.288883767827615046e+00
4.263221815686732086e+00
4.238193623252477948e+00
4.212801927937457336e+00
4.186044460567912573e+00
4.160924234170086500e+00
4.132585648216386076e+00
4.107731658454386370e+00
4.077954562641542324e+00
4.053356641275629890e+00
4.022276682347453836e+00
3.997920961200235546e+00
3.965665742718130993e+00
3.941535632496054209e+00
3.908223932793185362e+00
3.884300859139811823e+00
3.850042104503837770e+00
3.826306031317864509e+00
3.791199981601777402e+00
3.767629748504589315e+00
3.731766358667434336e+00
3.708339859589373511e+00
3.671799277666067951e+00
3.648493509562060311e+00
3.611346180126838501e+00
3.588137186556638270e+00
3.550444029672095159e+00
3.527306760594124402e+00
3.489119402330527642e+00
3.466027509572862098e+00
3.427388541591891880e+00
3.404314125405502267e+00
3.365257377004105432e+00
3.342170695253958712e+00
3.302721499874763822e+00
3.279590648074357961e+00
3.239766091183357677e+00
3.216556658530768775e+00
3.176365791942201255e+00
3.153040491843701609e+00
3.112484498891749052e+00
3.089002772490333726e+00
3.048075070176943235e+00
3.024392650393703530e+00
2.983078906244511330e+00
2.959147330155591060e+00
2.917425374671171578e+00
2.893191420025191807e+00
2.851031023899638583e+00
2.826436041960361578e+00
2.783798525043690741e+00
2.758777630315852214e+00
2.715615259514781776e+00
2.690096325219560214e+00
2.646351446746677105e+00
2.620253842625445362e+00
2.575857681200084848e+00
2.549090670846371864e+00
2.503961706899808792e+00
2.476422397337207038e+00
2.430464209317553248e+00
2.402034912205349926e+00
2.355133330570518435e+00
2.325678147908126547e+00
2.277697512890518361e+00
2.247057890126092250e+00
2.197836124508091071e+00
2.165825011541515632e+00
2.115167095211677228e+00
2.081561200423948765e+00
2.029230445031482866e+00
1.993759826390252954e+00
1.939466051022841864e+00
1.901799904198932190e+00
1.845183137945851426e+00
1.804910020586969033e+00
1.745517572045942156e+00
1.702117260354240713e+00
1.639370660552844861e+00
1.592173031748942202e+00
1.525319001918649553e+00
1.473442090615061817e+00
1.401477357210654029e+00
1.343730627868410465e+00
1.265282049356010186e+00
1.200008825141320790e+00
1.113133238844183248e+00
1.037940784391613525e+00
9.397718870896952792e-01
8.510404444503208987e-01
7.371234931731491802e-01
6.290477499822844099e-01
4.919872460687250149e-01
3.545560302709975242e-01
1.810635105962276614e-01
-4.361844837866511553e-03
-2.395227908386206028e-01
-5.055434343460307733e-01
-8.275563807891417323e-01
-1.089112177627321820e+00
