1.834944932026000401e+02
1.833978731610503985e+02
1.832047453748341468e+02
1.829153548794725737e+02
1.825300373916357159e+02
1.820492805413980761e+02
1.814736399597016145e+02
1.808038410216899194e+02
1.800406534843826591e+02
1.791850332740974352e+02
1.782379562833113766e+02
1.772005995454423157e+02
1.760741350052750533e+02
1.748599492310814867e+02
1.735593981813385369e+02
1.721740644055427936e+02
1.707054740431222513e+02
1.691553902575803932e+02
1.675254939243868364e+02
1.658177118246369446e+02
1.640338627114130645e+02
1.621760185536953998e+02
1.602461179212124307e+02
1.582463583093641546e+02
1.561787790596387993e+02
1.540456825012745128e+02
1.518491889402062327e+02
1.495916840078577366e+02
1.472753486244203032e+02
1.449026295273263827e+02
1.424757475708773029e+02
1.399971878839207022e+02
1.374691904469994199e+02
1.348942556510557722e+02
1.322746218557159068e+02
1.296127812124400691e+02
1.269109499472064897e+02
1.241715880524793221e+02
1.213968695043324004e+02
1.185891976246275448e+02
1.157506845798948518e+02
1.128836515520714272e+02
1.099901300673717088e+02
1.070723320728820482e+02
1.041321904532863556e+02
1.011717777430211669e+02
9.819290895645332284e+01
9.519747301458863831e+01
9.218709517226294281e+01
8.916317264950724564e+01
8.612565639434335196e+01
8.306814672459239546e+01
7.996010903512441814e+01
7.674216220765511309e+01
7.339206836306975390e+01
6.995272664650741490e+01
6.648519970986514238e+01
6.304815273853404989e+01
5.968819029124142617e+01
5.644115382602516462e+01
5.333046532989650501e+01
5.037122706620365165e+01
4.757009483653320103e+01
4.492934105921830934e+01
4.244639274132704543e+01
4.011717170975175861e+01
3.793496296993323824e+01
3.589322266545023155e+01
3.398387986691793117e+01
3.219997779992877440e+01
3.053347204384214209e+01
2.897810437879513756e+01
2.752655714488696148e+01
2.617421173826081926e+01
2.491500042436840445e+01
2.374786758643444884e+01
2.265744490724965132e+01
2.162326800375924307e+01
2.064084690650149767e+01
1.970716249135388409e+01
1.882032953541987297e+01
1.797767525038705472e+01
1.717732547440371249e+01
1.641691431688137470e+01
1.569465067616068232e+01
1.500842358156950418e+01
1.435656069734854334e+01
1.373717166957538360e+01
1.314870711442958751e+01
1.258944411915226880e+01
1.205788084996540377e+01
1.155225780349263687e+01
1.107073182661846822e+01
1.061084120047728696e+01
1.016971487676198116e+01
9.744215556102860276e+00
9.331841658976843590e+00
8.930848852885581834e+00
8.540300518011983755e+00
8.159630355783093592e+00
7.788625977711685522e+00
7.427210522724576158e+00
7.075559013562263466e+00
6.733973380003763332e+00
6.402980798086976399e+00
6.083193272041810040e+00
5.775345577811130227e+00
5.480137963901418274e+00
5.198247615230530805e+00
4.930192978598649134e+00
4.676358562072431724e+00
4.436905915258545718e+00
4.211827625486896487e+00
4.000903962086992394e+00
3.803777330139492374e+00
3.619935758173452367e+00
3.448789504990216415e+00
3.289662112971439178e+00
3.141856339246973384e+00
3.004642513861998765e+00
2.877309975048342405e+00
2.759150421925249397e+00
2.649496522007360522e+00
2.547701630069514334e+00
2.453168902627893999e+00
2.365329473925746218e+00
2.283665122395256208e+00
2.207686531727730550e+00
2.136951718025774216e+00
2.071045344391946763e+00
2.009594347898923772e+00
1.952248762456451736e+00
1.898695435096072748e+00
1.848640489930135633e+00
1.801821672576527922e+00
1.757992412822303452e+00
1.716933124979530767e+00
1.678436744668242886e+00
1.642319189650961464e+00
1.608406216844187719e+00
1.576543177043885802e+00
1.546583036502928055e+00
1.518395517776014003e+00
1.491856141306394212e+00
1.466854820352440081e+00
1.443285794067002303e+00
1.421055729682189073e+00
1.400074435494108593e+00
1.380262514012029929e+00
1.361542759188246299e+00
1.343847397773822117e+00
1.327110089304822882e+00
1.311272788179398407e+00
1.296278277147809854e+00
1.282076678936994840e+00
1.268618464382477384e+00
1.255860639393294509e+00
1.243760177608616679e+00
1.232279905905617978e+00
1.221382318791591093e+00
1.211035183390641423e+00
1.201205698914663778e+00
1.191865840051560932e+00
1.182986829994417732e+00
1.174544239351211550e+00
1.166512745520845051e+00
1.158871002623354629e+00
1.151596663637335149e+00
1.144671035389461577e+00
1.138074342928686367e+00
1.131790182297669922e+00
1.125801009212326731e+00
1.120092401151491446e+00
1.114648754615889192e+00
1.109457367003200856e+00
1.104504328603564733e+00
1.099778433764095231e+00
1.095267255391995098e+00
1.090960894045105212e+00
1.086848224102309413e+00
1.082920488635446210e+00
1.079167707606175197e+00
1.075582125670636380e+00
1.072154773801921923e+00
1.068878776544539777e+00
1.065746059366561527e+00
1.062750521309075324e+00
1.059884881162286741e+00
1.057143720939155429e+00
1.054520464662215495e+00
1.052010297624761392e+00
1.049607272184012174e+00
1.047307107352094757e+00
1.045104416528435110e+00
1.042995391581720277e+00
1.040975147929835032e+00
1.039040296928912088e+00
1.037186404131255069e+00
1.035410453484417070e+00
1.033708414973643741e+00
1.032077603849462788e+00
1.030514354197149096e+00
1.029016276152528997e+00
1.027580032241937502e+00
1.026203495310204605e+00
1.024883624745285937e+00
1.023618527626979802e+00
1.022405432194362085e+00
1.021242654527009686e+00
1.020127666834147462e+00
1.019058971799474467e+00
1.018034263471157663e+00
1.017052211235877301e+00
1.016110711270780120e+00
1.015208581959900158e+00
1.014343904035535315e+00
1.013515629109538629e+00
1.012722006783776996e+00
1.011962107838836555e+00
1.011234336733085826e+00
1.010537870870839239e+00
1.009871257038322367e+00
1.009233768061470249e+00
1.008624081846242193e+00
1.008041556631966484e+00
1.007484991413777120e+00
1.006953820900045260e+00
1.006446956197668996e+00
1.005963900490646212e+00
1.005503668964998321e+00
1.005065826139675211e+00
1.004649484097917878e+00
1.004254262320596558e+00
1.003879363375467015e+00
1.003524456026340328e+00
1.003188827611475320e+00
1.002872191128933999e+00
1.002573913611262801e+00
1.002293747817435632e+00
1.002031135982832222e+00
1.001785866681158099e+00
1.001557453397413200e+00
1.001345717057879003e+00
1.001150238939084058e+00
1.000970869300220611e+00
1.000807254202336072e+00
1.000659270612903828e+00
1.000526626764439042e+00
1.000409224030034405e+00
1.000306830487443621e+00
1.000219369765358302e+00
1.000146667440843462e+00
1.000088666804296755e+00
1.000045247236926116e+00
1.000016365583145550e+00
1.000001943631418699e+00
