5.963463239495863100e-01
5.968854234043085016e-01
5.979638742811022034e-01
5.995819584866786123e-01
6.017404359566912442e-01
6.044398782065437681e-01
6.076815653506953963e-01
6.114663741448391754e-01
6.157961256043416043e-01
6.206720257534530383e-01
6.260964663178698597e-01
6.320710157457096745e-01
6.385986762148128104e-01
6.456814219123437892e-01
6.533229163002457485e-01
6.615255941710217469e-01
6.702938437227290436e-01
6.796306285996035479e-01
6.895411397941493270e-01
7.000289538041607473e-01
7.111001596359743937e-01
7.227590494682618605e-01
7.350127259774006383e-01
7.478663226448307721e-01
7.613280961138058078e-01
7.754041747327529155e-01
7.901041394616317159e-01
8.054353017393105496e-01
8.214087742509605938e-01
8.380332832421361067e-01
8.553217267205204255e-01
8.732845326775797723e-01
8.919366962222756712e-01
9.112907050093137507e-01
9.313640371023862441e-01
9.521716901537869981e-01
9.737341063736822955e-01
9.960693657751517049e-01
1.019201479982478897e+00
1.043152347357778398e+00
1.067950317546112027e+00
1.093622066424362105e+00
1.120201268018826246e+00
1.147720645351733681e+00
1.176220479718442791e+00
1.205741258931329885e+00
1.236331610492272581e+00
1.268042353678703327e+00
1.300933991717623472e+00
1.335077200460190072e+00
1.370582925509789662e+00
1.407728834989286026e+00
1.447446578837988440e+00
1.491630447126581771e+00
1.541628551974476791e+00
1.597268619099719178e+00
1.657766591196989880e+00
1.722152703917911865e+00
1.789524490607040663e+00
1.859035143350375563e+00
1.929999347890758443e+00
2.001818504079744265e+00
2.074047769946494313e+00
2.146298300061998177e+00
2.218301900624463308e+00
2.289805817488828943e+00
2.360651063717012832e+00
2.430658817026816632e+00
2.499729720564857427e+00
2.567711833446983061e+00
2.634529278992999046e+00
2.700011514266461354e+00
2.764069489968280724e+00
2.826436761287149935e+00
2.886947092585005148e+00
2.945025535013282791e+00
3.001269262559238094e+00
3.056985230055307756e+00
3.112300278518379759e+00
3.167239038215864610e+00
3.221727698093035830e+00
3.275777863378801946e+00
3.329327559864552644e+00
3.382376156696680791e+00
3.434866623194808621e+00
3.486787782969132277e+00
3.538082010772867214e+00
3.588726990398990679e+00
3.638660829265558672e+00
3.687852130108454141e+00
3.736243142424984676e+00
3.783824785893602716e+00
3.830618493586928519e+00
3.876784480596107141e+00
3.922617393209280934e+00
3.968550109324848307e+00
4.014991663228041574e+00
4.062283490182753809e+00
4.110659679377713260e+00
4.160316587694916635e+00
4.211401654480612322e+00
4.264053836702841771e+00
4.318364956022075596e+00
4.374398559308629864e+00
4.432147144513256976e+00
4.491552599913745780e+00
4.552475543644222356e+00
4.614726693053850859e+00
4.678050075445243650e+00
4.742162750397796778e+00
4.806745905196016189e+00
4.871485735608396261e+00
4.936064451972942635e+00
5.000195460320621343e+00
5.063609149032063605e+00
5.126079975812002587e+00
5.187406836753436501e+00
5.247433755719136173e+00
5.306027301788304840e+00
5.363093706849749509e+00
5.418555771733935877e+00
5.472368494988611332e+00
5.524496884536380215e+00
5.574931140883369274e+00
5.623665905117510633e+00
5.670715347080206747e+00
5.716093893532389281e+00
5.759831243823899882e+00
5.801954429429872384e+00
5.842502669738238730e+00
5.881510572510443069e+00
5.919022730778841890e+00
5.955077891622682529e+00
5.989723216793040095e+00
6.022999280503741559e+00
6.054953943204458788e+00
6.085628070793130284e+00
6.115068993394030983e+00
6.143316863715592824e+00
6.170417688941499890e+00
6.196410264785574995e+00
6.221338779480422687e+00
6.245240273688711596e+00
6.268156822449771681e+00
6.290123480881473661e+00
6.311180054055417266e+00
6.331359495498902312e+00
6.350699277247036534e+00
6.369230213359472259e+00
6.386987443494983374e+00
6.403999657571839421e+00
6.420299706564554398e+00
6.435914207453011571e+00
6.450873794839234066e+00
6.465203087714193053e+00
6.478930595119410718e+00
6.492079028190937073e+00
6.504674872564201848e+00
6.516739030753341488e+00
6.528296073392796828e+00
6.539365198359937459e+00
6.549969172310279752e+00
6.560125594110304270e+00
6.569855537483013208e+00
6.579175107326930672e+00
6.588103793662610563e+00
6.596656310302519977e+00
6.604850669686697984e+00
6.612700294158309511e+00
6.620221820703246607e+00
6.627427475794105405e+00
6.634332618506497248e+00
6.640948370532433032e+00
6.647288905635829082e+00
6.653364327015097501e+00
6.659187710581289110e+00
6.664768222376654450e+00
6.670117922709960290e+00
6.675245116819422897e+00
6.680160926479573824e+00
6.684872867538632413e+00
6.689391195217806896e+00
6.693722702559688820e+00
6.697876845272476842e+00
6.701859755500882976e+00
6.705680151722762439e+00
6.709343562600700750e+00
6.712858027115277793e+00
6.716228523576861065e+00
6.719462464876583496e+00
6.722564328036325421e+00
6.725540949174000360e+00
6.728396349247636188e+00
6.731136833064188529e+00
6.733766007132946818e+00
6.736289686795770670e+00
6.738711102347237691e+00
6.741035618127626527e+00
6.743266123294231029e+00
6.745407566495345009e+00
6.747462527890100148e+00
6.749435572811296247e+00
6.751329001831252619e+00
6.753147026622738913e+00
6.754891695056675971e+00
6.756566892282355852e+00
6.758174438020809305e+00
6.759717915707565083e+00
6.761198939313415757e+00
6.762620813224003768e+00
6.763984966079181760e+00
6.765294443903308697e+00
6.766550508605128300e+00
6.767755966720371497e+00
6.768911930357547568e+00
6.770020983769047263e+00
6.771084104664926606e+00
6.772103670690126087e+00
6.773080539158592650e+00
6.774016895381702597e+00
6.774913488999660949e+00
6.775772325979484201e+00
6.776594059839791129e+00
6.777380529015057498e+00
6.778132301384299119e+00
6.778851058581729205e+00
6.779537292349717248e+00
6.780192537263428854e+00
6.780817217534636399e+00
6.781412729509527892e+00
6.781979437652268849e+00
6.782518608070521537e+00
6.783030552506738253e+00
6.783516414044711951e+00
6.783976458032661583e+00
6.784411711026121061e+00
6.784822397660524196e+00
6.785209433790165612e+00
6.785573008419696350e+00
6.785913931906340402e+00
6.786232362149465125e+00
6.786529008632993687e+00
6.786804002161564320e+00
6.787057955432857170e+00
6.787290975698117457e+00
6.787503582471736685e+00
6.787695862587153073e+00
6.787868245578513537e+00
6.788020800710370395e+00
6.788153870526894451e+00
6.788267509597910809e+00
6.788361976836576162e+00
6.788437316168114855e+00
6.788493709186758984e+00
6.788531200387013520e+00
6.788549915712405181e+00
