4.653060003675512681e-03
4.652688250956308995e-03
4.651948591535341911e-03
4.650832099706492771e-03
4.649350314644452864e-03
4.647485376792553566e-03
4.645256521892424627e-03
4.642636940175234872e-03
4.639653569777127916e-03
4.636270625992182197e-03
4.632522757822879131e-03
4.628365172317140327e-03
4.623840240796719091e-03
4.618894119872502674e-03
4.613576918088197788e-03
4.607825690168584898e-03
4.601698300862780422e-03
4.595122641845009528e-03
4.588164357968997804e-03
4.580742106439395986e-03
4.572929342125782448e-03
4.564635405468565887e-03
4.555941598710658291e-03
4.546747851658499220e-03
4.537143360608420287e-03
4.527018538519098946e-03
4.516470534201949896e-03
4.505380124388681448e-03
4.493852483883452840e-03
4.481758619803107892e-03
4.469211825711663817e-03
4.456073190901342108e-03
4.442464245430430454e-03
4.428235997035896536e-03
4.413518362563475725e-03
4.398152088492844787e-03
4.382275671532787423e-03
4.365719401240471080e-03
4.348630603924185864e-03
4.330828901384082066e-03
4.312470774931797222e-03
4.293364954692659163e-03
4.273677504333397992e-03
4.253206029455899352e-03
4.232126742086215511e-03
4.210225888837544964e-03
4.187690586110957500e-03
4.164295495273195001e-03
4.140239643181183211e-03
4.115285833347149744e-03
4.089645947060043495e-03
4.063068320593718648e-03
4.035767156479123062e-03
4.007433874617544536e-03
3.978214363983234927e-03
3.947700225599648505e-03
3.916005295555793561e-03
3.882680307359407789e-03
3.847842320578879170e-03
3.811006071827369602e-03
3.772291353384322771e-03
3.731163921377394534e-03
3.687736989769721963e-03
3.641404621952696805e-03
3.592258661002288578e-03
3.539587556196520553e-03
3.483440459129825278e-03
3.422947112092921285e-03
3.358081070755864015e-03
3.287721870780251250e-03
3.211712576311771122e-03
3.128504942363441454e-03
3.037717857544235383e-03
2.936966419378659460e-03
2.825533480197692238e-03
2.699166813190312202e-03
2.565864920420611855e-03
2.438514005601199325e-03
2.318207951954972396e-03
2.204879622459774129e-03
2.097851607820231182e-03
1.996963990797737728e-03
1.901713379786875531e-03
1.811888125908952098e-03
1.727099407531414599e-03
1.647123098651668551e-03
1.571651795035932785e-03
1.500467621270602141e-03
1.433325922980114480e-03
1.370024498336302413e-03
1.310370361527097910e-03
1.254182982385303917e-03
1.201316155821392697e-03
1.151618830163036924e-03
1.104994221972217068e-03
1.061328922114860218e-03
1.020569431862707087e-03
9.826227322560459991e-04
9.474465458391446169e-04
9.149387925895871836e-04
8.850443958201294724e-04
8.576386205401801983e-04
8.326448769671928804e-04
8.099125957733469775e-04
7.893432212315559370e-04
7.707640017868124058e-04
7.540609790291200086e-04
7.390490901331820371e-04
7.256108038762108369e-04
7.135617027804013997e-04
7.027933794714065052e-04
6.931334378954012200e-04
6.844919203611207195e-04
6.767152023384994048e-04
6.697360446384934083e-04
6.634214314916764580e-04
6.577268217863905348e-04
6.525382187103882662e-04
6.478312554827484263e-04
6.435077371335661857e-04
6.395600408147392385e-04
6.359022276282552590e-04
6.325400560914429173e-04
6.293966442040097465e-04
6.264882660784554073e-04
6.237444798794189406e-04
6.211898066673732710e-04
6.187582153027637501e-04
6.164807505559222970e-04
6.142942626334466040e-04
6.122350409845647365e-04
6.102416807851383058e-04
6.083547785200290117e-04
6.065138338268420302e-04
6.047630670175555912e-04
6.030422593698870357e-04
6.013987585381855554e-04
5.997721629081147763e-04
5.982125871815449072e-04
5.966590968451666865e-04
5.951643126666695963e-04
5.936665000111549483e-04
5.922205974322013308e-04
5.907638628764216903e-04
5.893534179857962910e-04
5.879253494820191632e-04
5.865388672463372989e-04
5.851287546196143807e-04
5.837562448314323081e-04
5.823547087691970754e-04
5.809873609266448394e-04
5.795860675102690665e-04
5.782159998031528988e-04
5.768074393706424437e-04
5.754275036215752070e-04
5.740048183957361912e-04
5.726084475842614869e-04
5.711652965520414927e-04
5.697463849873538348e-04
5.682768374366424296e-04
5.668296461285793819e-04
5.653280973642507007e-04
5.638471789455438456e-04
5.623082832454810763e-04
5.607884221130932838e-04
5.592070391094122565e-04
5.576432034152671883e-04
5.560143549105111020e-04
5.544016577390813464e-04
5.527204925741635664e-04
5.510541601661073053e-04
5.493159252055481150e-04
5.475912704733902625e-04
5.457912861073731508e-04
5.440036859785231599e-04
5.421373247924636931e-04
5.402822001342553072e-04
5.383448675890893913e-04
5.364176646409538974e-04
5.344047807592180619e-04
5.324009531343612978e-04
5.303079343123319727e-04
5.282229247475034653e-04
5.260451649225155813e-04
5.238743860584894494e-04
5.216072365607145886e-04
5.193460501344648959e-04
5.169847976489443542e-04
5.146284915748800242e-04
5.121683337352177581e-04
5.097120966488609536e-04
5.071481148786631315e-04
5.045870078106286889e-04
5.019141371202161207e-04
4.992430620573130818e-04
4.964560575858272115e-04
4.936697227528934152e-04
4.907631229112866889e-04
4.878560046616780524e-04
4.848240907682129517e-04
4.817903919892542138e-04
4.786271442805157270e-04
4.754607491853270890e-04
4.721597990127864800e-04
4.688542240801354629e-04
4.654088019410132699e-04
4.619571425540673279e-04
4.583600213261324790e-04
4.547548933169662201e-04
4.509983256338367702e-04
4.472318004232284853e-04
4.433074484937655525e-04
4.393709797738599879e-04
4.352698350562978283e-04
4.311541739283596695e-04
4.268664628348340187e-04
4.225615568897099191e-04
4.180766270026147315e-04
4.135714968783012007e-04
4.088776758331159064e-04
4.041602600923108950e-04
3.992446760576757580e-04
3.943016314741186598e-04
3.891499796247761388e-04
3.839664186370803133e-04
3.785626515065916619e-04
3.731217908618674980e-04
3.674477008976063052e-04
3.617303839933914945e-04
3.557650322100595094e-04
3.497490700349916966e-04
3.434679922861823363e-04
3.371272401426086518e-04
3.305013267783765197e-04
3.238043689859982960e-04
3.167982547242276302e-04
3.097064940891422458e-04
3.022761944655954049e-04
2.947410124289174356e-04
2.868303657977385249e-04
2.787887836889385335e-04
2.703239329347774389e-04
2.616917654668226710e-04
2.525722986548445685e-04
2.432329473262794786e-04
2.333171320704935956e-04
2.231025515918011307e-04
2.121819322610092010e-04
2.008396606488956353e-04
1.885959454685205651e-04
1.757370272801765730e-04
1.616911087335416415e-04
1.467893418918856589e-04
1.305725277570714661e-04
1.143761302281121251e-04
1.017691349497783698e-04
