1.752909514223292831e-02
-5.846323829153583958e-03
3.505182308214993808e-03
-2.507131525826423318e-03
1.947194102839288048e-03
-1.596774736783123250e-03
1.348174677185831009e-03
-1.172164090707311732e-03
1.031178993161822747e-03
-9.264972154032805832e-04
8.350198763915556762e-04
-7.663947095616623507e-04
7.016623527002071800e-04
-6.538082034214844898e-04
6.050834743922977634e-04
-5.703224291055377293e-04
5.318700841102751023e-04
-5.059358415625363464e-04
4.744015276450008799e-04
-4.547454053872057892e-04
4.280226753346830487e-04
-4.130398045892229113e-04
3.897243242961591922e-04
-3.783662750675258202e-04
3.574695291396513277e-04
-3.490365375723324570e-04
3.298244959164241827e-04
-3.238483204255098087e-04
3.057442702009793129e-04
-3.019202146845333980e-04
2.844419503298856633e-04
-2.825895897507240870e-04
2.653051444444678021e-04
-2.653473836772283134e-04
2.478400663937166274e-04
-2.497955137552431847e-04
2.316320236438845737e-04
-2.356189611091333259e-04
2.163153377780999424e-04
-2.225682217686270905e-04
2.015478182260825374e-04
-2.104507361635214919e-04
1.869849542223022592e-04
-1.991546588845880547e-04
1.722034948020719869e-04
-1.897006098692819776e-04
1.562735825965805563e-04
-1.889199508665955157e-04
1.413844358663848551e-04
-1.994834275999923887e-04
1.267410008121361775e-04
-2.220343082685044143e-04
1.077102661643581695e-04
-2.591220866593591356e-04
7.841655459975287081e-05
-3.159617927483232233e-04
3.104807839965720713e-05
-4.013516362074872322e-04
-4.550001068191265836e-05
-5.289947701575628027e-04
-1.675047035642090770e-04
-7.195292942913376118e-04
-3.589961372479579427e-04
-1.003555842758055341e-03
-6.553810989594312719e-04
-1.426070993324773765e-03
-1.108623622626457106e-03
-2.052958530081303631e-03
-1.794781628475802283e-03
-2.980625272281732952e-03
-2.825217006443732359e-03
-4.350673373131961306e-03
-4.363779837948635748e-03
-6.373072653605748109e-03
-6.654202678037836501e-03
-9.364532030713620947e-03
-1.006591348804548869e-02
-1.381584255098056678e-02
-1.517503774981448020e-02
-2.051858588481259363e-02
-2.291694798065955357e-02
-3.082388833473842168e-02
-3.489720352597942832e-02
-4.720875057388645296e-02
-5.421676603974958514e-02
-7.221310133065293735e-02
-3.980677449986325112e-02
-8.854068586447813582e-03
-1.828155768405801893e-02
-1.263737125200950842e-02
-1.764860774084280048e-02
-1.463883191935092844e-02
-1.817944700373420180e-02
-1.631819792551756840e-02
-1.923591954380535901e-02
-1.806560907511980604e-02
-2.071312969786198721e-02
-2.006166629953288344e-02
-2.264090831192902900e-02
-2.245298371769928816e-02
-2.511496664802403966e-02
-2.540116579211018286e-02
-2.828542179426241435e-02
-2.910323688518464888e-02
-3.235258569485755659e-02
-3.378886917432018244e-02
-3.753694419807062505e-02
-3.966281236374994551e-02
-4.396795310150280328e-02
-4.672484626389523249e-02
-5.141012275669733234e-02
-5.439385521070156521e-02
-5.880454956771562908e-02
-6.108086924899710363e-02
-6.419049275594958248e-02
-6.497185703351038288e-02
-6.623233117960235228e-02
-6.438112385793952341e-02
-6.150134195079408339e-02
-5.416276117149109587e-02
-4.462183531297404804e-02
-2.993230368152612411e-02
-1.264481269264533872e-02
9.634763124373011203e-03
3.399211141325091112e-02
6.235575507484440033e-02
9.164566215063540966e-02
1.237271537895837381e-01
1.558176426330372955e-01
1.901305630679064052e-01
2.239069980603426990e-01
2.577403622467722144e-01
2.838589084706181209e-01
2.945902287088022486e-01
2.774505522469438157e-01
2.348849906842828128e-01
1.773378538418968198e-01
1.230000591646577129e-01
7.909341785575986494e-02
4.987430932911818965e-02
2.972408074536465883e-02
1.822135103049520727e-02
1.015726716531216781e-02
6.467035382386341659e-03
3.164307540399819395e-03
2.377286594127151279e-03
7.432271344834008196e-04
1.000743983157419094e-03
-7.485934478430898221e-05
5.722342622634440587e-04
-3.430389969771462295e-04
4.616575473127211061e-04
-4.362749310713228551e-04
4.494417639027779160e-04
-4.804543871928316210e-04
4.655339849122876487e-04
-5.136957813874091974e-04
4.900409796277301359e-04
-5.463593742858271086e-04
5.179954561606559503e-04
-5.810642451152940070e-04
5.483578820993765830e-04
-6.185293455440247492e-04
5.810123909228898705e-04
-6.590696553451255799e-04
6.160436056186900005e-04
-7.029358385812008083e-04
6.535820178403641597e-04
-7.503836609753010509e-04
6.937747052803371452e-04
-8.016874720458177280e-04
7.367808828549893404e-04
-8.571434213933825253e-04
7.827720918633616909e-04
-9.170710767338012678e-04
8.319334162838068827e-04
-9.818149249810105301e-04
8.844651786886225699e-04
-1.051745995826496114e-03
9.405850887358488226e-04
-1.127263662283905111e-03
1.000530909510249358e-03
-1.208797658970675289e-03
1.064563735380443096e-03
-1.296810372672520034e-03
1.132971996363160792e-03
-1.391799481255541916e-03
1.206076327802771842e-03
-1.494301045667449385e-03
1.284235472452993718e-03
-1.604893195788771728e-03
1.367853416795542561e-03
-1.724200598611874214e-03
1.457388006924434983e-03
-1.852899957766019137e-03
1.553361345045121446e-03
-1.991726872806238828e-03
1.656372339313849727e-03
-2.141484488758104657e-03
1.767111875301654320e-03
-2.303054500637316451e-03
1.886381203437165460e-03
-2.477411252437897952e-03
2.015114308878011417e-03
-2.665639903134706806e-03
2.154405265636438489e-03
-2.868959941928559375e-03
2.305541902153718844e-03
-3.088755756754188279e-03
2.470047563586795676e-03
-3.326616538297675219e-03
2.649733402919960453e-03
-3.584388610166439927e-03
2.846764565444883516e-03
-3.864244422219634875e-03
3.063744981963085687e-03
-4.168774106832107487e-03
3.303827482861206380e-03
-4.501107941818452071e-03
3.570858932552486726e-03
-4.865081746955495119e-03
3.869574644273189677e-03
-5.265462891234881301e-03
4.205863422933204740e-03
-5.708263475857790550e-03
4.587135867082180359e-03
-6.201181567404709209e-03
5.022846966274789431e-03
-6.754235052304588538e-03
5.525254933672086102e-03
-7.380693128340806534e-03
6.110551812624419668e-03
-8.098481906321538040e-03
6.800597850730675381e-03
-8.932371915064265394e-03
7.625672746806331191e-03
-9.917507905517602626e-03
8.629014180689916977e-03
-1.110535380669189567e-02
9.874661046343043841e-03
-1.257423334860927229e-02
1.146179311931742363e-02
-1.444923145197923343e-02
1.355284407732326030e-02
-1.694285157558225383e-02
1.643375318567807941e-02
-2.044701660329720921e-02
2.065929043718824076e-02
-2.577225508962382311e-02
2.746669041872670802e-02
-3.490872785088561248e-02
4.029233264611254556e-02
-5.439645846541901753e-02
7.356853326823438455e-02
-1.256572957054473416e-01
3.726448713175508631e-01
