2.221504411212178454e+00
2.221633560816746567e+00
2.221891770661743148e+00
2.222279616054370521e+00
2.222796831114394855e+00
2.223444574249468175e+00
2.224222409809063272e+00
2.225132095192116299e+00
2.226173036592461241e+00
2.227347615018650195e+00
2.228655095577040779e+00
2.230098517231777766e+00
2.231677027399265878e+00
2.233394368516555595e+00
2.235249601268130437e+00
2.237247230250265062e+00
2.239386269614322522e+00
2.241672060684107404e+00
2.244103622780092788e+00
2.246687228065873843e+00
2.249421967270438749e+00
2.252315162003821758e+00
2.255366059251393551e+00
2.258583179908220551e+00
2.261966036158919557e+00
2.265524538523032927e+00
2.269258604861447814e+00
2.273179779092844299e+00
2.277288566923102220e+00
2.281598461252167809e+00
2.286110793454508627e+00
2.290841419468012674e+00
2.295792809098415876e+00
2.300983733596323688e+00
2.306418215511758074e+00
2.312118693093978994e+00
2.318091293710103251e+00
2.324363171690127849e+00
2.330943295585980568e+00
2.337865042938249260e+00
2.345141175442995163e+00
2.352813392150875593e+00
2.360898507245140276e+00
2.369442765347303137e+00
2.378418730518820912e+00
2.387571850119512451e+00
2.395952819572471082e+00
2.402673339048612355e+00
2.407588903519028545e+00
2.410880975597479825e+00
2.412809031309599117e+00
2.413639866227984321e+00
2.413602963543667101e+00
2.412893485622419121e+00
2.411649563813609731e+00
2.409983959162194100e+00
2.407961409785996487e+00
2.405639947382792521e+00
2.403039604986475286e+00
2.400188143074397651e+00
2.397080292245061361e+00
2.393727979329105082e+00
2.390110903305857182e+00
2.386232385615880247e+00
2.382061692414801701e+00
2.377596668044436257e+00
2.372797562703313989e+00
2.367657630636391008e+00
2.362127624781444890e+00
2.356195732194223513e+00
2.349801303569893474e+00
2.342925883938347997e+00
2.335494025932510542e+00
2.327477799011742565e+00
2.318781512322215299e+00
2.309363067249812662e+00
2.299097790418325626e+00
2.287921580749652239e+00
2.275666227674217001e+00
2.262232020880568406e+00
2.247381536004675162e+00
2.230954407101469084e+00
2.212595118878201372e+00
2.192032661953317696e+00
2.168693326375800368e+00
2.142301754621416698e+00
2.130540032101189141e+00
2.167994788647508830e+00
2.209593877700135156e+00
2.250674163209559264e+00
2.291294475485289084e+00
2.331314239501361740e+00
2.370763857328485713e+00
2.409535457514995205e+00
2.447635018204423307e+00
2.484968747417594770e+00
2.521528943997945582e+00
2.557228744320521052e+00
2.592050884837671987e+00
2.625911336569100030e+00
2.658784510429514913e+00
2.690585823862947645e+00
2.721280752659624547e+00
2.750780548609010445e+00
2.779039688336977676e+00
2.805961130001879855e+00
2.831485274582820733e+00
2.855502443743122676e+00
2.877935706728922405e+00
2.898659068061624655e+00
2.917576062761852107e+00
2.934542929572316883e+00
2.949446033671768053e+00
2.962135603235636072e+00
2.972521520113940330e+00
2.980542707891136178e+00
2.986238280569141423e+00
2.989590522438461129e+00
2.990539749356938781e+00
2.988939844770853949e+00
2.984659632292570031e+00
2.977529171338784142e+00
2.967421040010544520e+00
2.954189863343416711e+00
2.937762426401306026e+00
2.918090394811969635e+00
2.895271007982685774e+00
2.869542531784325501e+00
2.841486892383453977e+00
2.812141770902829574e+00
2.783376527024753688e+00
2.758144176803445813e+00
2.740763796566962451e+00
2.736353916921617557e+00
2.749373392657163517e+00
2.781400637106392626e+00
2.830422683786301352e+00
2.892148163715553721e+00
2.962474018672821341e+00
3.036784097407817740e+00
3.110182584748423018e+00
3.178750840328910865e+00
3.239365093367272852e+00
3.290412818669536499e+00
3.331962342868301175e+00
3.365510559639270927e+00
3.393051813406446904e+00
3.416444648903898429e+00
3.437044799225839498e+00
3.455762315376019522e+00
3.473132592662795837e+00
3.489482944357090943e+00
3.504987998135713934e+00
3.519762353791951792e+00
3.533865715056330181e+00
3.547349167537850345e+00
3.560241122736303776e+00
3.572574734760984416e+00
3.584370303939995228e+00
3.595655043562448139e+00
3.606446697163149029e+00
3.616769454828700603e+00
3.626639679347673617e+00
3.636079303686935216e+00
3.645103545469454254e+00
3.653732378863478125e+00
3.661979943057940279e+00
3.669864447106562899e+00
3.677398998881591385e+00
3.684600203483521241e+00
3.691480187843373173e+00
3.698054096481841135e+00
3.704333129964696880e+00
3.710331101951020116e+00
3.716058343585861845e+00
3.721527455749511049e+00
3.726747957820767176e+00
3.731731345750915807e+00
3.736486384303224106e+00
3.741023563214159520e+00
3.745350948426755977e+00
3.749478113939271218e+00
3.753412480729457101e+00
3.757162790051388424e+00
3.760735869441277579e+00
3.764139703568266437e+00
3.767380575470510529e+00
3.770465783121130787e+00
3.773401111277557174e+00
3.776193235333381359e+00
3.778847485185568900e+00
3.781369972434952320e+00
3.783765612724064642e+00
3.786040007714120748e+00
3.788197696605763554e+00
3.790243820395658325e+00
3.792182576908374347e+00
3.794018691492955231e+00
3.795756052980840067e+00
3.797399012120197703e+00
3.798951178523742644e+00
3.800416565674854752e+00
3.801798531213380627e+00
3.803100785217142565e+00
3.804326458152633261e+00
3.805478987285360049e+00
3.806561298344099509e+00
3.807576583299751682e+00
3.808527583296387409e+00
3.809417269625158475e+00
3.810248216795550480e+00
3.811023197288793796e+00
3.811744634805027676e+00
3.812415122285679026e+00
3.813036946399712246e+00
3.813612537354769128e+00
3.814144056597693844e+00
3.814633786073343913e+00
3.815083771926457423e+00
3.815496160100095402e+00
3.815872889551545022e+00
3.816215980396977070e+00
3.816527270804884964e+00
3.816808663278825620e+00
3.817061899977696182e+00
3.817288772175668310e+00
3.817490929287480128e+00
3.817670056045728177e+00
3.817827710988936474e+00
3.817965475444189849e+00
3.818084817671984599e+00
3.818187217331062477e+00
3.818274051872097452e+00
3.818346699786332454e+00
3.818406446204739346e+00
3.818454567887661799e+00
3.818492255321215278e+00
3.818520682087906959e+00
3.818540941061021154e+00
3.818554100502051352e+00
3.818561152240014245e+00
3.818563056567201741e+00
3.818560700556634213e+00
3.818554933570146304e+00
3.818546534115323965e+00
3.818536237537319078e+00
3.818524710049360671e+00
3.818512569948387725e+00
3.818500367672952756e+00
3.818488601661470749e+00
3.818477703499568943e+00
3.818468049326263714e+00
3.818459949331495462e+00
3.818453655408543312e+00
3.818449354453824718e+00
3.818447172761015640e+00
