2.758107099908829740e-01
2.750765570412269101e-01
2.736135775216362864e-01
2.714323549275681757e-01
2.685486308127764121e-01
2.649831008518370168e-01
2.607612230922627949e-01
2.559128906282160387e-01
2.504721594117518824e-01
2.444768154408951399e-01
2.379680393375349923e-01
2.309898912979337360e-01
2.235889333205829388e-01
2.158136588875356476e-01
2.077140958755875622e-01
1.993412098192967885e-01
1.907465110519074858e-01
1.819814603848019519e-01
1.730971029272961037e-01
1.641435031930390254e-01
1.551694254955421071e-01
1.462218220869645757e-01
1.373455762845660344e-01
1.285830625965411755e-01
1.199739641490662895e-01
1.115549182669911682e-01
1.033594147317449391e-01
9.541753440445077672e-02
8.775592975037009580e-02
8.039765825399182442e-02
7.336224186870227149e-02
6.666559156948663467e-02
6.032013824557706100e-02
5.433484008450482905e-02
4.871537416560527828e-02
4.346421469041202718e-02
3.858087232001031208e-02
3.406202867111389476e-02
2.990180936383760035e-02
2.609195870045947357e-02
2.262213260126609907e-02
1.948009752116762472e-02
1.665203458892834665e-02
1.412277228319881034e-02
1.187624763020710475e-02
9.896663529101849127e-03
8.171432648026864115e-03
6.690789953909280496e-03
5.440800424540650007e-03
4.400834130975101594e-03
3.545893188390942218e-03
2.849563868370793510e-03
2.286340933702129489e-03
1.833030972356173042e-03
1.469418354677584073e-03
1.178384007752562900e-03
9.457296259372095868e-04
7.598419715057543478e-04
6.113190710108244242e-04
4.925987313478124045e-04
3.976289299709768760e-04
3.215799545498742077e-04
2.606065814097396124e-04
2.116502001728894620e-04
1.722801625215800939e-04
1.405645659567289962e-04
1.149680971678964243e-04
9.426964492935806131e-05
7.749761664949075433e-05
6.387799828723260799e-05
5.279371614366336031e-05
4.375204970121908963e-05
3.635917597212098471e-05
3.029974876233157215e-05
2.532095505486236522e-05
2.121970442626640039e-05
1.783262515519240865e-05
1.502800622638362151e-05
1.269950012857082880e-05
1.076103460102868436e-05
9.142830971495006644e-06
7.788175330745135210e-06
6.650885873112481772e-06
5.693251245363994032e-06
4.884404916407428593e-06
4.198994601310109935e-06
3.616157734178697683e-06
3.119057972077327260e-06
2.694510804508827101e-06
2.331566131906082056e-06
2.020951211415091831e-06
1.754818889146006384e-06
1.526523661038325785e-06
1.330436488542006867e-06
1.161788157358208077e-06
1.016535283322637719e-06
8.912492845021567993e-07
7.830202215302502886e-07
6.893778837117160919e-07
6.082229702017237054e-07
5.377709604783151301e-07
4.765029071063786780e-07
4.231254977283156962e-07
3.765358665336292161e-07
3.357931631930756582e-07
3.000933657507515722e-07
2.687490240129478260e-07
2.411711995205167181e-07
2.168550135279711865e-07
1.953666646108112115e-07
1.763331050043868152e-07
1.594327042380183565e-07
1.443879546357498438e-07
1.309590416724187113e-07
1.189395532490741523e-07
1.081538020348305638e-07
9.845549556639744495e-08
8.972338221444528818e-08
8.185459378485373433e-08
7.475910371468239920e-08
6.835703646645377097e-08
6.257701226959321860e-08
5.735525471869937714e-08
5.263465007866943775e-08
4.836413944668392667e-08
4.449798397664557517e-08
4.099528782350900893e-08
3.781940467305650167e-08
3.493756116342090599e-08
3.232037557703241197e-08
2.994156301271434905e-08
2.777754335503229372e-08
2.580721364991421825e-08
2.401162627960509954e-08
2.237381665075382060e-08
2.087853892150885467e-08
1.951212234219687912e-08
1.826258549650893191e-08
1.712214268845329671e-08
1.608652049883300837e-08
1.514849159168953039e-08
1.429891438195687510e-08
1.352860447480083722e-08
1.282898328217277539e-08
1.219236561798811444e-08
1.161193663907676288e-08
1.108171032847351697e-08
1.059641820552171384e-08
1.015143504590671320e-08
9.742682650020769391e-09
9.366568209933886697e-09
9.019911596194809352e-09
8.699899139001987162e-09
8.404029801182165090e-09
8.130081192350106393e-09
7.876069602515399533e-09
7.640225014780590772e-09
7.420961173878927437e-09
7.216857116914023875e-09
7.026634542244595250e-09
6.849144064682637269e-09
6.683347945206311594e-09
6.528309788269563248e-09
6.383181247704696906e-09
6.247194247634187682e-09
6.119650666329807422e-09
5.999916419239239792e-09
5.887413393862729608e-09
5.781614915472129391e-09
5.682039398487330027e-09
5.588246845166767386e-09
5.499833816819044776e-09
5.416430708732567539e-09
5.337697744264009503e-09
5.263322836380821170e-09
5.193018380441415983e-09
5.126519561464955786e-09
5.063581774992777214e-09
5.003979274827058142e-09
4.947503091129549495e-09
4.893959939575350770e-09
4.843170535593074376e-09
4.794968705267365410e-09
4.749200017052099301e-09
4.705721049178144449e-09
4.664398277200215654e-09
4.625107463455997226e-09
4.587732751831648659e-09
4.552166152928373246e-09
4.518306807457884077e-09
4.486060546901354010e-09
4.455339294716616096e-09
4.426060686923926118e-09
4.398147586366786148e-09
4.371527751203285787e-09
4.346133442217231353e-09
4.321901129904828739e-09
4.298771178585970640e-09
4.276687584858531373e-09
4.255597725239394926e-09
4.235452120361370625e-09
4.216204235253017514e-09
4.197810264891998589e-09
4.180228978142138854e-09
4.163421521238487724e-09
4.147351297938213606e-09
4.131983788259900018e-09
4.117286458654191107e-09
4.103228593900744538e-09
4.089781232122961332e-09
4.076917008197272081e-09
4.064610109271975970e-09
4.052836128399535551e-09
4.041572036901800932e-09
4.030796047215269337e-09
4.020487599013983856e-09
4.010627230473768627e-09
4.001196575535144436e-09
3.992178242964459163e-09
3.983555822532607662e-09
3.975313771385786887e-09
3.967437427244754054e-09
3.959912901704370830e-09
3.952727098836656251e-09
3.945867615122146419e-09
3.939322762073605198e-09
3.933081472570272222e-09
3.927133326318133904e-09
3.921468462410139886e-09
3.916077606610155005e-09
3.910951990003349251e-09
3.906083377237358182e-09
3.901463991160437286e-09
3.897086541277783658e-09
3.892944154301760303e-09
3.889030402190287288e-09
3.885339238554251731e-09
3.881865025737261140e-09
3.878602477043059795e-09
3.875546682396956848e-09
3.872693056368900219e-09
3.870037362028776499e-09
3.867575664748219891e-09
3.865304353925646595e-09
3.863220102559000121e-09
3.861319886567624994e-09
3.859600950134208899e-09
3.858060822400975010e-09
3.856697288580811035e-09
3.855508403848073536e-09
3.854492470220735251e-09
3.853648047505351096e-09
3.852973935954170245e-09
3.852469184156405253e-09
3.852133077474191678e-09
3.851965142806544562e-09
