8.746733479905094422e-02
nan
7.865278402506743483e-01
nan
1.041841182648185926e+00
nan
1.201516823099038955e+00
nan
1.317942319800031070e+00
nan
1.409594054714325528e+00
nan
1.485178603902631789e+00
nan
1.549509193508504579e+00
nan
1.605538875792348996e+00
nan
1.655221117616920035e+00
nan
1.699926674741255805e+00
nan
1.740666574709493597e+00
nan
1.778221211263218304e+00
nan
1.813220489016943660e+00
nan
1.846197211917618208e+00
nan
1.877625702436065636e+00
nan
1.907952865725583536e+00
nan
1.937626809439057185e+00
nan
1.967127586621192581e+00
nan
1.997003982270913136e+00
nan
2.027877853025605415e+00
nan
2.058732598291298288e+00
nan
1.997991791961446495e+00
1.047089098401448704e+00
nan
2.719516373255876474e+00
nan
2.950208012452593564e+00
nan
3.002771630766053690e+00
nan
2.978167014120837841e+00
nan
2.909518621351144585e+00
nan
2.811498731452606759e+00
3.636641027183617148e+00
2.691993322869642213e+00
3.145801495573294915e+00
2.556273738388687100e+00
2.830784768089166903e+00
2.408464076043563384e+00
2.574555777915107146e+00
2.251929052888762772e+00
2.347241731201204384e+00
2.089315059894016002e+00
2.136713391477989443e+00
1.922539503217747026e+00
1.936764705372694628e+00
1.752799957802319675e+00
1.743604847235100674e+00
1.580584035197357684e+00
1.554445756220210972e+00
1.405633016877432917e+00
1.366748770203849883e+00
1.226793171185478704e+00
1.177635881880476632e+00
1.041633043386805513e+00
9.831473258877491128e-01
8.455328725238626664e-01
7.767949251671060207e-01
6.294992224743285458e-01
5.447119913087821175e-01
3.877053811172892495e-01
6.100015075562509326e-01
1.260633250120962501e+00
9.447284534235842468e-01
1.105896199064960062e+00
9.601220551829773298e-01
1.041931465402799795e+00
9.468694764565070976e-01
9.939811527210040687e-01
9.210203885015564307e-01
9.477884480439869863e-01
8.860214908468069250e-01
8.983253050957636932e-01
8.421356109416696656e-01
8.425660589152902391e-01
7.883317916680725457e-01
7.778283709820199565e-01
7.226748495846085918e-01
7.010913597372272488e-01
6.422272087974313370e-01
6.084187513526894131e-01
5.425114556727834714e-01
4.938599214514612923e-01
4.156901426954212608e-01
3.458584400537249026e-01
2.434799846881598451e-01
1.323177573706058874e-01
-3.648419245107095699e-02
-2.863953762162148031e-01
-8.645472919437267034e-01
nan
nan
nan
nan
nan
nan
nan
nan
3.963177738962356811e-01
-1.495839468034860786e-01
-4.152821843321645723e-01
-5.843932869837678012e-01
-7.182055388039170207e-01
-8.222659311984912289e-01
-9.138711047156202749e-01
-9.907913711623459463e-01
-1.058922960640169553e+00
-1.108628333239732644e+00
-1.133128791931654167e+00
-1.115383948924467239e+00
-1.050518346466743136e+00
-9.448810107844349826e-01
nan
nan
nan
nan
nan
nan
nan
nan
nan
nan
nan
3.738875439130397105e+00
nan
2.939745626000073386e+00
nan
2.829812257334687331e+00
nan
2.787139650047926853e+00
nan
2.758132177336791280e+00
nan
2.731540224813148399e+00
nan
2.704969370163780695e+00
nan
2.677979166356101892e+00
nan
2.650524568565268080e+00
nan
2.622630064042037468e+00
nan
2.594328808340112147e+00
nan
2.565652796521286305e+00
nan
2.536631757418459809e+00
nan
2.507293315952286328e+00
nan
2.477663258898831877e+00
nan
2.447765751273443424e+00
nan
2.417623492684733755e+00
nan
2.387257818274660881e+00
nan
2.356688747670977691e+00
nan
2.325934982563190090e+00
nan
2.295013852186098546e+00
nan
2.263941203369289390e+00
nan
2.232731230976193082e+00
nan
2.201396242557046801e+00
nan
2.169946349739491964e+00
nan
2.138389076782706066e+00
nan
2.106728874980007937e+00
nan
2.074966528548516820e+00
nan
2.043098434509594163e+00
nan
2.011115734662777488e+00
nan
1.979003271417676846e+00
nan
1.946738331602623440e+00
nan
1.914289130825124863e+00
nan
1.881612975792725351e+00
nan
1.848654019591169151e+00
nan
1.815340493881521633e+00
nan
1.781581256692463588e+00
nan
1.747261427400950584e+00
nan
1.712236780425436811e+00
nan
1.676326416410632847e+00
nan
1.639302989504395791e+00
nan
1.600879384940274930e+00
nan
1.560690102551959280e+00
nan
1.518264509152900565e+00
nan
1.472987169299010191e+00
nan
1.424036814134421736e+00
nan
1.370288286118989340e+00
nan
1.310146533515229805e+00
nan
1.241246676348906064e+00
nan
1.159864801458966532e+00
nan
1.059622504430997036e+00
nan
9.281382994557265675e-01
nan
7.358145943994055527e-01
nan
3.725238506734302457e-01
nan
