4.653060003675496201e-03
4.652688250956295117e-03
4.651948591535328033e-03
4.650832099706473689e-03
4.649350314644445058e-03
4.647485376792528412e-03
4.645256521892410749e-03
4.642636940175220994e-03
4.639653569777113171e-03
4.636270625992174391e-03
4.632522757822870457e-03
4.628365172317131654e-03
4.623840240796716489e-03
4.618894119872491398e-03
4.613576918088187380e-03
4.607825690168565816e-03
4.601698300862761340e-03
4.595122641844999120e-03
4.588164357968987396e-03
4.580742106439385578e-03
4.572929342125777244e-03
4.564635405468550275e-03
4.555941598710641811e-03
4.546747851658483608e-03
4.537143360608403807e-03
4.527018538519085936e-03
4.516470534201936886e-03
4.505380124388670172e-03
4.493852483883437228e-03
4.481758619803092279e-03
4.469211825711648205e-03
4.456073190901323894e-03
4.442464245430412240e-03
4.428235997035880923e-03
4.413518362563459245e-03
4.398152088492829175e-03
4.382275671532782219e-03
4.365719401240450263e-03
4.348630603924175456e-03
4.330828901384069056e-03
4.312470774931779875e-03
4.293364954692641816e-03
4.273677504333384981e-03
4.253206029455888944e-03
4.232126742086215511e-03
4.210225888837532821e-03
4.187690586110954898e-03
4.164295495273179389e-03
4.140239643181168466e-03
4.115285833347141937e-03
4.089645947060036556e-03
4.063068320593718648e-03
4.035767156479118725e-03
4.007433874617534995e-03
3.978214363983224519e-03
3.947700225599632892e-03
3.916005295555782285e-03
3.882680307359403019e-03
3.847842320578874400e-03
3.811006071827363097e-03
3.772291353384311929e-03
3.731163921377390197e-03
3.687736989769713290e-03
3.641404621952688131e-03
3.592258661002284241e-03
3.539587556196512313e-03
3.483440459129817039e-03
3.422947112092911311e-03
3.358081070755861847e-03
3.287721870780239541e-03
3.211712576311767219e-03
3.128504942363434082e-03
3.037717857544224541e-03
2.936966419378654256e-03
2.825533480197690503e-03
2.699166813190307431e-03
2.565864920420607084e-03
2.438514005601193687e-03
2.318207951954969794e-03
2.204879622459763721e-03
2.097851607820225978e-03
1.996963990797735559e-03
1.901713379786873145e-03
1.811888125908949930e-03
1.727099407531414599e-03
1.647123098651666600e-03
1.571651795035930834e-03
1.500467621270597804e-03
1.433325922980113612e-03
1.370024498336302413e-03
1.310370361527097910e-03
1.254182982385304568e-03
1.201316155821392046e-03
1.151618830163036273e-03
1.104994221972217501e-03
1.061328922114858266e-03
1.020569431862706437e-03
9.826227322560453486e-04
9.474465458391440748e-04
9.149387925895855573e-04
8.850443958201310987e-04
8.576386205401801983e-04
8.326448769671939646e-04
8.099125957733465438e-04
7.893432212315563707e-04
7.707640017868124058e-04
7.540609790291208760e-04
7.390490901331824708e-04
7.256108038762121380e-04
7.135617027804013997e-04
7.027933794714073725e-04
6.931334378954012200e-04
6.844919203611215868e-04
6.767152023384998384e-04
6.697360446384946009e-04
6.634214314916788433e-04
6.577268217863914022e-04
6.525382187103886998e-04
6.478312554827502694e-04
6.435077371335655352e-04
6.395600408147384796e-04
6.359022276282552590e-04
6.325400560914429173e-04
6.293966442040097465e-04
6.264882660784554073e-04
6.237444798794186153e-04
6.211898066673720784e-04
6.187582153027622323e-04
6.164807505559212128e-04
6.142942626334458450e-04
6.122350409845636523e-04
6.102416807851362458e-04
6.083547785200284696e-04
6.065138338268410544e-04
6.047630670175547238e-04
6.030422593698855178e-04
6.013987585381838207e-04
5.997721629081144510e-04
5.982125871815455577e-04
5.966590968451666865e-04
5.951643126666703552e-04
5.936665000111538640e-04
5.922205974322013308e-04
5.907638628764206061e-04
5.893534179857959658e-04
5.879253494820185126e-04
5.865388672463375157e-04
5.851287546196147060e-04
5.837562448314327418e-04
5.823547087691969670e-04
5.809873609266447310e-04
5.795860675102698254e-04
5.782159998031548504e-04
5.768074393706433111e-04
5.754275036215763996e-04
5.740048183957374922e-04
5.726084475842624626e-04
5.711652965520425769e-04
5.697463849873548106e-04
5.682768374366427549e-04
5.668296461285803577e-04
5.653280973642517849e-04
5.638471789455456887e-04
5.623082832454819437e-04
5.607884221130957775e-04
5.592070391094140997e-04
5.576432034152693567e-04
5.560143549105122946e-04
5.544016577390821054e-04
5.527204925741637832e-04
5.510541601661080643e-04
5.493159252055494161e-04
5.475912704733918888e-04
5.457912861073736929e-04
5.440036859785243525e-04
5.421373247924633678e-04
5.402822001342553072e-04
5.383448675890899334e-04
5.364176646409538974e-04
5.344047807592183872e-04
5.324009531343616231e-04
5.303079343123321895e-04
5.282229247475032485e-04
5.260451649225149308e-04
5.238743860584891242e-04
5.216072365607137213e-04
5.193460501344645706e-04
5.169847976489446795e-04
5.146284915748790484e-04
5.121683337352169992e-04
5.097120966488601947e-04
5.071481148786626978e-04
5.045870078106276047e-04
5.019141371202152533e-04
4.992430620573122145e-04
4.964560575858255852e-04
4.936697227528926563e-04
4.907631229112861468e-04
4.878560046616767514e-04
4.848240907682120843e-04
4.817903919892528044e-04
4.786271442805151849e-04
4.754607491853264927e-04
4.721597990127863716e-04
4.688542240801353003e-04
4.654088019410123483e-04
4.619571425540666774e-04
4.583600213261303105e-04
4.547548933169640517e-04
4.509983256338357402e-04
4.472318004232269132e-04
4.433074484937652273e-04
4.393709797738591747e-04
4.352698350562965814e-04
4.311541739283578805e-04
4.268664628348325008e-04
4.225615568897088891e-04
4.180766270026138099e-04
4.135714968783002249e-04
4.088776758331154186e-04
4.041602600923094313e-04
3.992446760576744570e-04
3.943016314741174129e-04
3.891499796247749462e-04
3.839664186370791749e-04
3.785626515065909029e-04
3.731217908618665222e-04
3.674477008976053294e-04
3.617303839933911692e-04
3.557650322100590757e-04
3.497490700349906666e-04
3.434679922861819026e-04
3.371272401426082723e-04
3.305013267783753271e-04
3.238043689859973202e-04
3.167982547242274675e-04
3.097064940891420290e-04
3.022761944655945917e-04
2.947410124289168393e-04
2.868303657977376033e-04
2.787887836889377745e-04
2.703239329347771136e-04
2.616917654668219121e-04
2.525722986548446227e-04
2.432329473262793973e-04
2.333171320704937311e-04
2.231025515918008597e-04
2.121819322610085233e-04
2.008396606488952287e-04
1.885959454685204025e-04
1.757370272801764375e-04
1.616911087335413705e-04
1.467893418918854150e-04
1.305725277570717372e-04
1.143761302281125317e-04
1.017691349497793320e-04
