1.834944932025995854e+02
1.833978731610485227e+02
1.832047453748326404e+02
1.829153548794720336e+02
1.825300373916358296e+02
1.820492805413966835e+02
1.814736399597012451e+02
1.808038410216909142e+02
1.800406534843841655e+02
1.791850332740949057e+02
1.782379562833102113e+02
1.772005995454416905e+02
1.760741350052757070e+02
1.748599492310807761e+02
1.735593981813381106e+02
1.721740644055412588e+02
1.707054740431217965e+02
1.691553902575797110e+02
1.675254939243863817e+02
1.658177118246358077e+02
1.640338627114137751e+02
1.621760185536937229e+02
1.602461179212116349e+02
1.582463583093623924e+02
1.561787790596411583e+02
1.540456825012734043e+02
1.518491889402066306e+02
1.495916840078570829e+02
1.472753486244205590e+02
1.449026295273248479e+02
1.424757475708771324e+02
1.399971878839195085e+02
1.374691904470000168e+02
1.348942556510542659e+02
1.322746218557158215e+02
1.296127812124389607e+02
1.269109499472072855e+02
1.241715880524788389e+02
1.213968695043336510e+02
1.185891976246274169e+02
1.157506845798953350e+02
1.128836515520701198e+02
1.099901300673725046e+02
1.070723320728812951e+02
1.041321904532870661e+02
1.011717777430203711e+02
9.819290895645346495e+01
9.519747301458818356e+01
9.218709517226366756e+01
8.916317264950674826e+01
8.612565639434315301e+01
8.306814672459148596e+01
7.996010903512457446e+01
7.674216220765438834e+01
7.339206836306981074e+01
6.995272664650715910e+01
6.648519970986586713e+01
6.304815273853341040e+01
5.968819029124176012e+01
5.644115382602485909e+01
5.333046532989634159e+01
5.037122706620302637e+01
4.757009483653308024e+01
4.492934105921801091e+01
4.244639274132721596e+01
4.011717170975139624e+01
3.793496296993314587e+01
3.589322266545004680e+01
3.398387986691801643e+01
3.219997779992859677e+01
3.053347204384223446e+01
2.897810437879513046e+01
2.752655714488710004e+01
2.617421173826060610e+01
2.491500042436836182e+01
2.374786758643442042e+01
2.265744490724970106e+01
2.162326800375922176e+01
2.064084690650152609e+01
1.970716249135390541e+01
1.882032953541992626e+01
1.797767525038707603e+01
1.717732547440362723e+01
1.641691431688134983e+01
1.569465067616070186e+01
1.500842358156947398e+01
1.435656069734860729e+01
1.373717166957530722e+01
1.314870711442966922e+01
1.258944411915221551e+01
1.205788084996536647e+01
1.155225780349261910e+01
1.107073182661847355e+01
1.061084120047726032e+01
1.016971487676195984e+01
9.744215556102851394e+00
9.331841658976836484e+00
8.930848852885528544e+00
8.540300518011923359e+00
8.159630355783079381e+00
7.788625977711648218e+00
7.427210522724587705e+00
7.075559013562236821e+00
6.733973380003706488e+00
6.402980798086982617e+00
6.083193272041759414e+00
5.775345577811097364e+00
5.480137963901404063e+00
5.198247615230512153e+00
4.930192978598644693e+00
4.676358562072390868e+00
4.436905915258516409e+00
4.211827625486897375e+00
4.000903962086979071e+00
3.803777330139460400e+00
3.619935758173432383e+00
3.448789504990189325e+00
3.289662112971428964e+00
3.141856339246976493e+00
3.004642513861985886e+00
2.877309975048332635e+00
2.759150421925230745e+00
2.649496522007356081e+00
2.547701630069501899e+00
2.453168902627885561e+00
2.365329473925744441e+00
2.283665122395242442e+00
2.207686531727727886e+00
2.136951718025761782e+00
2.071045344391947207e+00
2.009594347898911337e+00
1.952248762456447073e+00
1.898695435096064976e+00
1.848640489930133191e+00
1.801821672576519928e+00
1.757992412822297235e+00
1.716933124979519221e+00
1.678436744668239999e+00
1.642319189650957689e+00
1.608406216844193271e+00
1.576543177043881139e+00
1.546583036502926722e+00
1.518395517776010450e+00
1.491856141306395100e+00
1.466854820352443189e+00
1.443285794067010519e+00
1.421055729682177748e+00
1.400074435494104819e+00
1.380262514012025044e+00
1.361542759188243412e+00
1.343847397773830332e+00
1.327110089304818663e+00
1.311272788179397963e+00
1.296278277147804747e+00
1.282076678936988401e+00
1.268618464382478717e+00
1.255860639393291844e+00
1.243760177608621342e+00
1.232279905905613759e+00
1.221382318791591315e+00
1.211035183390637426e+00
1.201205698914664000e+00
1.191865840051557823e+00
1.182986829994414180e+00
1.174544239351205333e+00
1.166512745520845273e+00
1.158871002623354629e+00
1.151596663637324491e+00
1.144671035389459801e+00
1.138074342928687033e+00
1.131790182297665925e+00
1.125801009212328507e+00
1.120092401151486783e+00
1.114648754615894521e+00
1.109457367003195305e+00
1.104504328603561625e+00
1.099778433764088126e+00
1.095267255391995764e+00
1.090960894045099439e+00
1.086848224102308302e+00
1.082920488635439105e+00
1.079167707606176307e+00
1.075582125670637934e+00
1.072154773801919925e+00
1.068878776544530895e+00
1.065746059366556642e+00
1.062750521309077101e+00
1.059884881162283410e+00
1.057143720939153653e+00
1.054520464662221713e+00
1.052010297624763169e+00
1.049607272184010620e+00
1.047307107352090538e+00
1.045104416528441549e+00
1.042995391581722275e+00
1.040975147929834810e+00
1.039040296928910090e+00
1.037186404131253292e+00
1.035410453484417070e+00
1.033708414973634193e+00
1.032077603849454572e+00
1.030514354197149540e+00
1.029016276152530107e+00
1.027580032241936836e+00
1.026203495310205938e+00
1.024883624745290378e+00
1.023618527626978469e+00
1.022405432194356090e+00
1.021242654527006799e+00
1.020127666834145463e+00
1.019058971799472690e+00
1.018034263471156109e+00
1.017052211235877968e+00
1.016110711270773237e+00
1.015208581959901935e+00
1.014343904035534871e+00
1.013515629109530858e+00
1.012722006783768336e+00
1.011962107838831226e+00
1.011234336733083605e+00
1.010537870870836574e+00
1.009871257038322589e+00
1.009233768061468917e+00
1.008624081846243303e+00
1.008041556631964264e+00
1.007484991413781339e+00
1.006953820900047702e+00
1.006446956197670550e+00
1.005963900490641771e+00
1.005503668964997654e+00
1.005065826139676988e+00
1.004649484097906109e+00
1.004254262320596114e+00
1.003879363375473011e+00
1.003524456026343881e+00
1.003188827611473766e+00
1.002872191128930224e+00
1.002573913611267020e+00
1.002293747817431857e+00
1.002031135982831112e+00
1.001785866681157433e+00
1.001557453397416531e+00
1.001345717057883000e+00
1.001150238939083836e+00
1.000970869300219945e+00
1.000807254202338070e+00
1.000659270612906049e+00
1.000526626764432825e+00
1.000409224030022193e+00
1.000306830487442733e+00
1.000219369765361632e+00
1.000146667440841020e+00
1.000088666804296089e+00
1.000045247236930113e+00
1.000016365583150435e+00
1.000001943631416701e+00
