3.000965695101621145e-01
3.000965695101621145e-01
3.000965695101621145e-01
3.000965695101621145e-01
3.000965695101621145e-01
3.000965695101621145e-01
3.000965695101621145e-01
3.000965695101621145e-01
3.000965695101621145e-01
3.000965695101621145e-01
3.000965695101621145e-01
3.000965695101621145e-01
3.000965695101621145e-01
3.000965695101620589e-01
3.000965695101620589e-01
3.000965695101620589e-01
3.000965695101620589e-01
3.000965695101620034e-01
3.000965695101619479e-01
3.000965695101618369e-01
3.000965695101615593e-01
3.000965695101610042e-01
3.000965695101598385e-01
3.000965695101572295e-01
3.000965695101511788e-01
3.000965695101366348e-01
3.000965695101001085e-01
3.000965695100046848e-01
3.000965695097444486e-01
3.000965695090032637e-01
3.000965695067934758e-01
3.000965694998889988e-01
3.000965694772305126e-01
3.000965693990061411e-01
3.000965691141998515e-01
3.000965680185278539e-01
3.000965635517638952e-01
3.000965442124147731e-01
3.000964549931128822e-01
3.000960153757084026e-01
3.000936936437054170e-01
3.000805258546501153e-01
3.000001643196089640e-01
2.994760335107601867e-01
2.959980206306861428e-01
2.780095147661237331e-01
2.351453161480356047e-01
1.865133651570802797e-01
1.447186948454600164e-01
1.114627876969614406e-01
8.607581424153099015e-02
6.728778145990374493e-02
5.373196985052550168e-02
4.415071586501925077e-02
3.750883544200800390e-02
3.299497723454367093e-02
3.000753987309354859e-02
2.810520694064799416e-02
2.697741116567363776e-02
2.640209780411172102e-02
2.622879959550607210e-02
2.635025512153564217e-02
2.669764524215181498e-02
2.722112784523318327e-02
2.789285661754546675e-02
2.869174620251734031e-02
2.961132202044033587e-02
3.064577100933016732e-02
3.180128027011644432e-02
3.308159082118798666e-02
3.450257860480503147e-02
3.607606637500493374e-02
3.782819388064725952e-02
3.978036400930996114e-02
4.197275178166727516e-02
4.444110001633552048e-02
4.724791143317420145e-02
5.045342978564677089e-02
5.415935680624534010e-02
5.847185831779190546e-02
6.356788414640013318e-02
6.964800683026507733e-02
7.704943000877696735e-02
8.619039169457128058e-02
9.779821283847471569e-02
1.128242881527258268e-01
1.273151328033714225e-01
1.289323874338593467e-01
1.291604777902982115e-01
1.294622874220934527e-01
1.297442921570121366e-01
1.301094593681245692e-01
1.305086280454203773e-01
1.310199309397001022e-01
1.316182993572991011e-01
1.323741645023226721e-01
1.332785930878029323e-01
1.344022682596454077e-01
1.357508225053936923e-01
1.374015160073452646e-01
1.393767238636778039e-01
1.417678118014515098e-01
1.446199930662525057e-01
1.480497426794719906e-01
1.521367046189895933e-01
1.570397760908975038e-01
1.628929477463388897e-01
1.699247666892912678e-01
1.783546112903478253e-01
1.885172618923267596e-01
2.007443149190467901e-01
2.154555389250483177e-01
2.328742551751774859e-01
2.526366757742127267e-01
2.724355421305320046e-01
2.877024542951038821e-01
2.957420212312318886e-01
2.987747146615266636e-01
2.997203292591815726e-01
2.999923140971048618e-01
3.000678500701445817e-01
3.000886205245661964e-01
3.000943306055174897e-01
3.000959221963668822e-01
3.000963747787612768e-01
3.000965078765985283e-01
3.000965485873185457e-01
3.000965617274399255e-01
3.000965662129297384e-01
3.000965678300495654e-01
3.000965683785252192e-01
3.000965683535781747e-01
3.000965673138847323e-01
3.000965597518329142e-01
3.000964455452501123e-01
3.000918188228045014e-01
2.996122240582193563e-01
2.576194231827944048e-01
1.446136161520832630e-01
7.673950414873434434e-02
4.128668475538239263e-02
2.340964180981892212e-02
1.446069552425088486e-02
9.898507894918542882e-03
7.499643151355840469e-03
6.180311477549850323e-03
5.415108559380541094e-03
4.938302245350096459e-03
4.616324090857529608e-03
4.378137640586348550e-03
4.188297339128316255e-03
4.027057860126405549e-03
3.885229789650143043e-03
3.756928983990459516e-03
3.639793420187260528e-03
3.531586217646286163e-03
3.431610568954499701e-03
3.338622975064328181e-03
3.252327683990805570e-03
3.171823673050100292e-03
3.096931036562122069e-03
3.026926084374374770e-03
2.961681036067068899e-03
2.900595061004549672e-03
2.843574744917871933e-03
2.790114339003115299e-03
2.740146589028982869e-03
2.693241881741125724e-03
2.649353533379020329e-03
2.608113737621691602e-03
2.569492058062821521e-03
2.533171317548360731e-03
2.499133895423921812e-03
2.467104409679395788e-03
2.437075319045244569e-03
2.408805992005433067e-03
2.382296781332564079e-03
2.357336143994981544e-03
2.333930578605126170e-03
2.311893046456110854e-03
2.291234790481039198e-03
2.271789539012492812e-03
2.253572152831212656e-03
2.236434060302606042e-03
2.220392832031311756e-03
2.205315063600594636e-03
2.191220301198305680e-03
2.177988203371223133e-03
2.165639696189007504e-03
2.154065742925516825e-03
2.143288164553440889e-03
2.133207751957186434e-03
2.123846824791357588e-03
2.115114754238043085e-03
2.107034033821470181e-03
2.099521556726597141e-03
2.092599723242883659e-03
2.086192046713025976e-03
2.080320613984780204e-03
2.074914787050314430e-03
2.069996157493212210e-03
2.065499273770593589e-03
2.061445082081630412e-03
2.057772747528156809e-03
2.054502447288864952e-03
2.051577471931124563e-03
2.049017128414568241e-03
2.046768409107340043e-03
2.044849668880739917e-03
2.043211236714820560e-03
2.041870450493346936e-03
2.040780661737600331e-03
2.039958141649919794e-03
2.039358995335950608e-03
2.038998391523784079e-03
2.038834960139648995e-03
2.038882744593119040e-03
2.039102706996569463e-03
2.039507754844989765e-03
2.040061022538457777e-03
2.040774282772992929e-03
2.041612712187777443e-03
2.042586961055612577e-03
2.043664145538216619e-03
2.044853816682260135e-03
2.046124952515814780e-03
2.047486038386526000e-03
2.048907859466029147e-03
2.050397878656674139e-03
2.051928654411201616e-03
2.053506679405163720e-03
2.055106270280521175e-03
2.056733009708887599e-03
2.058362974037650228e-03
2.060000902976996326e-03
2.061624648432520100e-03
2.063238179595989347e-03
2.064821151720885959e-03
2.066376839673723324e-03
2.067886739257667784e-03
2.069353509099673347e-03
2.070760529538088774e-03
2.072109920911665865e-03
2.073386996171297340e-03
2.074593413047822951e-03
2.075716466578338051e-03
2.076757423113836758e-03
2.077705608021880677e-03
2.078561960910161807e-03
2.079317882015318652e-03
2.079974040233977667e-03
2.080523949267241990e-03
2.080968052932273462e-03
2.081302009133174837e-03
2.081526070339951521e-03
2.081638060028573062e-03
