5.622542688501951602e+00
5.622395566780601150e+00
5.622101288679901110e+00
5.621659709053787424e+00
5.621070722892309135e+00
5.620334037672307659e+00
5.619449474893047025e+00
5.618416590132140342e+00
5.617235126061849826e+00
5.615904479424349560e+00
5.614424306368352546e+00
5.612793835258360176e+00
5.611012625422725719e+00
5.609079724429707703e+00
5.606994581560353907e+00
5.604756047929183360e+00
5.602363446174456918e+00
5.599815411586587466e+00
5.597111119624690545e+00
5.594248966060438200e+00
5.591227953954969188e+00
5.588046210758132126e+00
5.584702536272918572e+00
5.581194754711349404e+00
5.577521424874479550e+00
5.573680025418290995e+00
5.569668827897048757e+00
5.565484914028441921e+00
5.561126211253192508e+00
5.556589341749998745e+00
5.551871818551231463e+00
5.546969727664515126e+00
5.541880080237738149e+00
5.536598331742106360e+00
5.531120881700459790e+00
5.525442438035003789e+00
5.519558649654491944e+00
5.513463330690582254e+00
5.507151201446670363e+00
5.500614997896613012e+00
5.493848280873117496e+00
5.486842473562913547e+00
5.479589673508197478e+00
5.472079689584339768e+00
5.464302750381814455e+00
5.456246661411183752e+00
5.447899247596619254e+00
5.439245873321286950e+00
5.430271641900339397e+00
5.420960999213177978e+00
5.411307818674050196e+00
5.401359657626580102e+00
5.391393970454039675e+00
5.382059799564726355e+00
5.373903192585517630e+00
5.367009819546466609e+00
5.361268782751505313e+00
5.356497062380477736e+00
5.352516983906172143e+00
5.349150052344671558e+00
5.346252725814386153e+00
5.343693354517993654e+00
5.341377080298892466e+00
5.339215706327657074e+00
5.337151523633114181e+00
5.335123998166058534e+00
5.333097315753247081e+00
5.331023435034528468e+00
5.328875858713498559e+00
5.326605808909998352e+00
5.324185113360127453e+00
5.321548690146741478e+00
5.318652436204903466e+00
5.315384853973631252e+00
5.311657047937757170e+00
5.307226649806780827e+00
5.302229319169448729e+00
5.297076481979699381e+00
5.291810075220749532e+00
5.286438589319789827e+00
5.280936627103665515e+00
5.275305715155089281e+00
5.269521452613721735e+00
5.263578009907879718e+00
5.257448843324778132e+00
5.251120276410962795e+00
5.244560503672841101e+00
5.237746225651197740e+00
5.230637242807203435e+00
5.223199052150371280e+00
5.215383365264615101e+00
5.207152661054698761e+00
5.198474744336487596e+00
5.189361184317267117e+00
5.179870982834369642e+00
5.170118015811071110e+00
5.160221005327020549e+00
5.150288966900650856e+00
5.140406397046533904e+00
5.130655301243586486e+00
5.121111459592509796e+00
5.111858297571018284e+00
5.102974487285536931e+00
5.094540003700744890e+00
5.086621001411593568e+00
5.079274703132943714e+00
5.072536730598104171e+00
5.066428427990105732e+00
5.060948223085561359e+00
5.056081765591720512e+00
5.051796574358845326e+00
5.048053653002990693e+00
5.044803477048033891e+00
5.041997098988917791e+00
5.039581665021678702e+00
5.037509824406437353e+00
5.035734160132911086e+00
5.034214893612213970e+00
5.032913529817007792e+00
5.031799389355273711e+00
5.030842984346631575e+00
5.030021886923316643e+00
5.029314204434131241e+00
5.028704094372918654e+00
5.028175516025223502e+00
5.027717536174383106e+00
5.027318409529485166e+00
5.026970727019199892e+00
5.026665817736792441e+00
5.026398751283035260e+00
5.026163032891345139e+00
5.025955458015351596e+00
5.025771069015245729e+00
5.025607858309602882e+00
5.025461958259866080e+00
5.025332191060218889e+00
5.025215468233291460e+00
5.025111187876023955e+00
5.025016824613973476e+00
5.024932176815227969e+00
5.024855131446349432e+00
5.024785765215393774e+00
5.024722271540367657e+00
5.024664920374318555e+00
5.024612136593439971e+00
5.024564323640484886e+00
5.024520084231330230e+00
5.024479913061001390e+00
5.024442551951966429e+00
5.024408556800599612e+00
5.024376780250180197e+00
5.024347817884821765e+00
5.024320612278344811e+00
5.024295783214131284e+00
5.024272347589023191e+00
5.024250938181296533e+00
5.024230634412329088e+00
5.024212073919612997e+00
5.024194389623286128e+00
5.024178218098211524e+00
5.024162738775347137e+00
5.024148582853060319e+00
5.024134970797460298e+00
5.024122525291841335e+00
5.024110503494956248e+00
5.024099517300465223e+00
5.024088857074583636e+00
5.024079122285215249e+00
5.024069633675791735e+00
5.024060977126176830e+00
5.024052501431933493e+00
5.024044778075532847e+00
5.024037181972995647e+00
5.024030269663609438e+00
5.024023440561507847e+00
5.024017235914129742e+00
5.024011078256931384e+00
5.024005493344289697e+00
5.023999925652998577e+00
5.023994885353287643e+00
5.023989837842536055e+00
5.023985277697710750e+00
5.023980690346075306e+00
5.023976554822838558e+00
5.023972375801665891e+00
5.023968616871906434e+00
5.023964801259351631e+00
5.023961377235409920e+00
5.023957885958620473e+00
5.023954760532924446e+00
5.023951559493684549e+00
5.023948700943159373e+00
5.023945760291829821e+00
5.023943140815822161e+00
5.023940434345749217e+00
5.023938029512676096e+00
5.023935534152954574e+00
5.023933322435920168e+00
5.023931017824818213e+00
5.023928980210377482e+00
5.023926848335252160e+00
5.023924967992587476e+00
5.023922992884839012e+00
5.023921254885075349e+00
5.023919422360892284e+00
5.023917813438203872e+00
5.023916110877556740e+00
5.023914619225278599e+00
5.023913035383049674e+00
5.023911650479242930e+00
5.023910175323442751e+00
5.023908887781374233e+00
5.023907512354345961e+00
5.023906313794157974e+00
5.023905030093382962e+00
5.023903913031873003e+00
5.023902713907602902e+00
5.023901671663624668e+00
5.023900550731066339e+00
5.023899577344498546e+00
5.023898528908715022e+00
5.023897619071335363e+00
5.023896638063384934e+00
5.023895787060367546e+00
5.023894868983542317e+00
5.023894072644580433e+00
5.023893213529928126e+00
5.023892468189335325e+00
5.023891664559944736e+00
5.023890967025392840e+00
5.023890215869320386e+00
5.023889563399270841e+00
5.023888862151374646e+00
5.023888252441770952e+00
5.023887598975339763e+00
5.023887030156803490e+00
5.023886422786704387e+00
5.023885893434583139e+00
5.023885330935035753e+00
5.023884840096411786e+00
5.023884321738877112e+00
5.023883868983869405e+00
5.023883394604923502e+00
5.023882980115799590e+00
5.023882550233811806e+00
5.023882174958647084e+00
5.023881790978144579e+00
5.023881456907266951e+00
5.023881121501176494e+00
5.023880832212190839e+00
5.023880550128849265e+00
5.023880312045233332e+00
5.023880092198385050e+00
5.023879918369020814e+00
5.023879781299869229e+00
5.023879706675115742e+00
