6.201479181103385230e+01
6.185768177822727409e+01
6.154463145966605708e+01
6.107787866896589435e+01
6.046087792321515764e+01
5.969799856799606630e+01
5.879481925406878418e+01
5.775763519710267246e+01
5.659389294896254086e+01
5.531152178629253058e+01
5.391950058452520267e+01
5.242703320714128523e+01
5.084423680270732859e+01
4.918118492663362673e+01
4.744870431632876517e+01
4.565731216353335498e+01
4.381810644837235458e+01
4.194162521954106637e+01
4.003881395440395607e+01
3.811983490636178828e+01
3.619509377128419914e+01
3.427402621307071229e+01
3.236616541273843950e+01
3.047993093560461020e+01
2.862371855826343392e+01
2.680471389234733337e+01
2.502998624459752719e+01
2.330534608916520511e+01
2.163642560935913295e+01
2.002759544787709700e+01
1.848301597036597599e+01
1.700562494615287434e+01
1.559814540164382102e+01
1.426215219402027579e+01
1.299902450156245948e+01
1.180909581513066620e+01
1.069254154015310476e+01
9.648613869645744856e+00
8.676457536006211058e+00
7.774428425471898940e+00
6.940833102234378771e+00
6.173327916417925110e+00
5.469580419899658708e+00
4.826744110022023193e+00
4.242042171193074473e+00
3.712311856384008735e+00
3.234513046505136824e+00
2.805335550910615261e+00
2.421636727588428961e+00
2.080104618994491172e+00
1.777630296177199698e+00
1.511019673476442060e+00
1.277307324264747468e+00
1.073510001731337926e+00
8.968893876598712511e-01
7.447408518844524927e-01
6.146123037554138691e-01
5.041214166199388114e-01
4.111195398453625915e-01
3.334437321110902963e-01
2.685835002967949525e-01
2.137472208383749961e-01
1.680514748697790051e-01
1.316470043445577831e-01
1.039027483093675763e-01
8.355707319242189346e-02
6.911502953027597040e-02
5.918084366707861144e-02
5.258663566374646020e-02
4.842910717714586644e-02
4.604091880138272419e-02
4.494459308702818817e-02
4.481028901929761527e-02
4.541236222099125780e-02
4.660763830770067728e-02
4.830491915050737911e-02
5.046226985371782270e-02
5.306350728156136037e-02
5.612995602705220938e-02
5.969799458491994310e-02
6.384437950358698433e-02
6.866091521967175593e-02
7.429740584307036044e-02
8.093136943956269480e-02
8.884090142447710614e-02
9.837132551402487379e-02
1.100703773148915127e-01
1.246713694296817942e-01
1.433847635986142399e-01
1.679005842002536941e-01
1.898562600204652118e-01
1.935839352301982896e-01
1.955035303186260232e-01
1.970312748559070737e-01
1.978943944041950953e-01
1.981426458271895175e-01
1.975805400082332741e-01
1.962083234352047512e-01
1.938732527340046585e-01
1.905688258056930373e-01
1.861898697821127713e-01
1.807578746880030285e-01
1.742384189051481014e-01
1.667165895716307966e-01
1.582537138665086607e-01
1.490193318386771881e-01
1.391703216547507949e-01
1.289422685166226601e-01
1.185439283911966235e-01
1.082182685309570902e-01
9.815668581183241426e-02
8.854558382518909476e-02
7.950639260119146678e-02
7.113805437916058405e-02
6.348073738618406625e-02
5.655487638203347128e-02
5.033998534877034969e-02
4.480694936788161969e-02
3.990395345653677261e-02
3.558047863425382873e-02
3.177616854811447095e-02
2.843751167261834856e-02
2.550830405837653525e-02
2.294100301776288639e-02
2.068856753241379506e-02
1.871229775942369680e-02
1.697502581741421046e-02
1.544672220973591914e-02
1.409893517789423574e-02
1.290896959514262893e-02
1.185540016343257161e-02
1.092130743046073986e-02
1.009066880017305858e-02
9.350943513225009815e-03
8.690159973416797939e-03
8.099030734236744439e-03
7.568583919783106705e-03
7.091925716401143928e-03
6.662294836259913776e-03
6.274552597916186261e-03
5.923566825103702277e-03
5.605486586525891893e-03
5.316384086201638229e-03
5.053356240203326147e-03
4.813370246992349291e-03
4.594224054626163019e-03
4.393554253756300730e-03
4.209680308186221701e-03
4.040743114533095967e-03
3.885452601798837068e-03
3.742332551191405576e-03
3.610387206842002785e-03
3.488433379798831693e-03
3.375698672086012604e-03
3.271225978386868485e-03
3.174413560224736020e-03
3.084480160171323808e-03
3.000955301577122245e-03
2.923195600967879587e-03
2.850832190609080795e-03
2.783330642642198663e-03
2.720401228804244977e-03
2.661596291440495015e-03
2.606688101454824810e-03
2.555298626538657011e-03
2.507248975473354551e-03
2.462217396213593236e-03
2.420063664226786929e-03
2.380511846861666381e-03
2.343452476358843205e-03
2.308647182786353804e-03
2.276011066036503615e-03
2.245336758012512687e-03
2.216559054612312393e-03
2.189496341893969276e-03
2.164099254776696325e-03
2.140207709231532317e-03
2.117785108148073896e-03
2.096689475752995697e-03
2.076894524002068435e-03
2.058273596935775770e-03
2.040808736021436365e-03
2.024386319223095421e-03
2.008995115279984308e-03
1.994532651353402020e-03
1.980993119719595252e-03
1.968283634068127789e-03
1.956402743803657002e-03
1.945265846483454136e-03
1.934874971845214169e-03
1.925152709749290009e-03
1.916103845710803418e-03
1.907657242687255811e-03
1.899819840266192637e-03
1.892525996845730030e-03
1.885784304041597395e-03
1.879533954985936972e-03
1.873784772589599584e-03
1.868480221256072328e-03
1.863631001217996115e-03
1.859184366099914543e-03
1.855151594689302555e-03
1.851483316447018017e-03
1.848191135976298043e-03
1.845228703575459584e-03
1.842607735666042636e-03
1.840284598471042662e-03
1.838270939199397862e-03
1.836525578465945593e-03
1.835059941635873654e-03
1.833835080141476377e-03
1.832862069672574123e-03
1.832104002473675542e-03
1.831571498695826541e-03
1.831229531396024379e-03
1.831088179065249637e-03
1.831114162668124202e-03
1.831316950898025835e-03
1.831664904413273648e-03
1.832166830546856423e-03
1.832792644102886883e-03
1.833550454903631237e-03
1.834411667263269362e-03
1.835383671748610406e-03
1.836439316878600656e-03
1.837585265693987514e-03
1.838795783451423150e-03
1.840076809942770572e-03
1.841404016056372422e-03
1.842782634177885176e-03
1.844189744560637305e-03
1.845629898504886485e-03
1.847081602585166427e-03
1.848548762585380464e-03
1.850011339838005323e-03
1.851472638030484405e-03
1.852914111280578062e-03
1.854338510877952869e-03
1.855728829306522824e-03
1.857087319694796131e-03
1.858398563856452235e-03
1.859664373647717606e-03
1.860870974287947774e-03
1.862019793911621687e-03
1.863098756008313341e-03
1.864108961161569560e-03
1.865040084471049180e-03
1.865892951734271325e-03
1.866659039244552599e-03
1.867338945435505129e-03
1.867925991551398377e-03
1.868420588971791887e-03
1.868817939992530259e-03
1.869118300610850573e-03
1.869318781104309509e-03
1.869419503908307861e-03
