4.949571806016990205e-01
4.950576932770722194e-01
4.952586928343129524e-01
4.955602609779064527e-01
4.959623210173677577e-01
4.964650377489703281e-01
4.970682856796623250e-01
4.977723155140837408e-01
4.985769565295316008e-01
4.994825496709465740e-01
5.004888841651125020e-01
5.015963971787469333e-01
5.028048448613571253e-01
5.041147684214966063e-01
5.055258999564806732e-01
5.070388946287622822e-01
5.086534719021220674e-01
5.103704132278582550e-01
5.121894396929269622e-01
5.141114742215141531e-01
5.161362571916532360e-01
5.182648715789106575e-01
5.204970988678050414e-01
5.228342047544726201e-01
5.252760387391118835e-01
5.278240768880616551e-01
5.304782699396339840e-01
5.332403381008182786e-01
5.361103744627799816e-01
5.390903847326307119e-01
5.421806554187086347e-01
5.453835285779500275e-01
5.486995478506633273e-01
5.521314544619315701e-01
5.556801291263266940e-01
5.593487902792351196e-01
5.631387566641785636e-01
5.670538215040795693e-01
5.710958700120845055e-01
5.752693930720034210e-01
5.795770071639829712e-01
5.840240567747131406e-01
5.886141031374902965e-01
5.933535439452997107e-01
5.982471647869617160e-01
6.033026744160480126e-01
6.085264535863335045e-01
6.139278585334340121e-01
6.195153640847153032e-01
6.253004175810774612e-01
6.312942704236768066e-01
6.375110529186841513e-01
6.439657442552193523e-01
6.506759586317116817e-01
6.576617505558344234e-01
6.649453160605365287e-01
6.725535653293874816e-01
6.805139883294466507e-01
6.888543786228290555e-01
6.975461287516080411e-01
7.062001642501088972e-01
7.136956019896274483e-01
7.191813222179710419e-01
7.226920565699577192e-01
7.244861039922375623e-01
7.248989778019380159e-01
7.241981237232206770e-01
7.226301350529437117e-01
7.203529202470538850e-01
7.175034538579593280e-01
7.141488101292404744e-01
7.103532208069108789e-01
7.061288939365191197e-01
7.014990792887746407e-01
6.964445020205349834e-01
6.909650900183930133e-01
6.850212924135866688e-01
6.785975882080487187e-01
6.716378259530513262e-01
6.641132844276236291e-01
6.559503441226659515e-01
6.471059430322387840e-01
6.374848215980153388e-01
6.270259907032232904e-01
6.156053138917021439e-01
6.031384377449157119e-01
5.894625988717920873e-01
5.744647766649018106e-01
5.579407402896978674e-01
5.400855322365210043e-01
5.449307613222154068e-01
5.980854855298924910e-01
6.552235948182001390e-01
7.134173614248906503e-01
7.728003196663528751e-01
8.333197282090284430e-01
8.950540927140970826e-01
9.579589584757381981e-01
1.022067204878989832e+00
1.087318205543403860e+00
1.153700722628302477e+00
1.221123365766227931e+00
1.289525844580569736e+00
1.358774685667266224e+00
1.428755518340278918e+00
1.499287314047150765e+00
1.570203654712119645e+00
1.641282220871932651e+00
1.712319504478693633e+00
1.783072226922282288e+00
1.853326423664671152e+00
1.922846400860988902e+00
1.991436969748893837e+00
2.058895796162250935e+00
2.125067789418575881e+00
2.189798618232578598e+00
2.252981838279627169e+00
2.314513400951272448e+00
2.374333228248739491e+00
2.432381468019334747e+00
2.488636274906307566e+00
2.543072488392718267e+00
2.595696848842119930e+00
2.646509362738802107e+00
2.695536634427180278e+00
2.742795851489979064e+00
2.788326558077854678e+00
2.832157031121262492e+00
2.874334644949804840e+00
2.914894367239405870e+00
2.953887794636593789e+00
2.991353514214397435e+00
3.027344869235272906e+00
3.061901968357900294e+00
3.095078238316876451e+00
3.126913900829941806e+00
3.157461371009959716e+00
3.186760054334839776e+00
3.214860651077557030e+00
3.241801151631494626e+00
3.267630106983720584e+00
3.292383720889044518e+00
3.316108144601503938e+00
3.338837580065192601e+00
3.360615654265360241e+00
3.381474459865609905e+00
3.401455061115560063e+00
3.420587408092297554e+00
3.438910022453712578e+00
3.456450729290063695e+00
3.473245567367480025e+00
3.489320289033772671e+00
3.504708536090982651e+00
3.519434063565018533e+00
3.533528219051480956e+00
3.547012850693835873e+00
3.559917124795246135e+00
3.572261082230340001e+00
3.584071826314885634e+00
3.595367695231462157e+00
3.606173849592043013e+00
3.616507031384773363e+00
3.626390578337701065e+00
3.635839742466627555e+00
3.644876156233701092e+00
3.653513686052196174e+00
3.661772373312630169e+00
3.669664800225201251e+00
3.677209527039877912e+00
3.684417949416827209e+00
3.691307251578795690e+00
3.697887736024210170e+00
3.704175310903232710e+00
3.710179274351714795e+00
3.715914353062527375e+00
3.721388924841553258e+00
3.726616624139741596e+00
3.731604987632153314e+00
3.736366641372142361e+00
3.740908355285455844e+00
3.745241825595647445e+00
3.749373125119944028e+00
3.753313093685021862e+00
3.757067172020734258e+00
3.760645412029461898e+00
3.764052682906843916e+00
3.767298312339052657e+00
3.770386654244672009e+00
3.773326371245606659e+00
3.776121354128326058e+00
3.778779655260057435e+00
3.781304750517016533e+00
3.783704132692965239e+00
3.785980907242085802e+00
3.788142054147236149e+00
3.790190349381027612e+00
3.792132303162120355e+00
3.793970399553689088e+00
3.795710718534255790e+00
3.797355486632540078e+00
3.798910389771016582e+00
3.800377428283010506e+00
3.801761927050119283e+00
3.803065688664632127e+00
3.804293706972805555e+00
3.805447612536228874e+00
3.806532095309643982e+00
3.807548636920961016e+00
3.808501647852758243e+00
3.809392481404668018e+00
3.810225290409604337e+00
3.811001318066391530e+00
3.811724478903610880e+00
3.812395921976205582e+00
3.813019340489930187e+00
3.813595803145110263e+00
3.814128796551514711e+00
3.814619320776875266e+00
3.815070668414153765e+00
3.815483780653472490e+00
3.815861766609939920e+00
3.816205516486142812e+00
3.816517964527913254e+00
3.816799956081958989e+00
3.817054257317784138e+00
3.817281673212308934e+00
3.817484806957574417e+00
3.817664426122218568e+00
3.817822974455848506e+00
3.817961183686561899e+00
3.818081340232621468e+00
3.818184140297091300e+00
3.818271713804835876e+00
3.818344720649640589e+00
3.818405133988951317e+00
3.818453575686716839e+00
3.818491860918299619e+00
3.818520571033877431e+00
3.818541361251037269e+00
3.818554769339435939e+00
3.818562288007998795e+00
3.818564407981793973e+00
3.818562456523480364e+00
3.818556873638900839e+00
3.818548818007779566e+00
3.818538675215236378e+00
3.818527432204343430e+00
3.818515416587213274e+00
3.818503440571179297e+00
3.818491770555641374e+00
3.818481041323871228e+00
3.818471455281087668e+00
3.818463467544856549e+00
3.818457214326131055e+00
3.818452969392710283e+00
3.818450801239073211e+00
