-3.751087164300054955e+00
-3.751773385476136813e+00
-3.753146114453628446e+00
-3.755205778285310991e+00
-3.757953241916798248e+00
-3.761389369386662906e+00
-3.765515619310068729e+00
-3.770333312865107533e+00
-3.775844528394897814e+00
-3.782051075181537936e+00
-3.788955688801943111e+00
-3.796560709339769968e+00
-3.804869579644499122e+00
-3.813885226335057332e+00
-3.823611863592312865e+00
-3.834053075094265406e+00
-3.845213926400692817e+00
-3.857098745865436662e+00
-3.869713549021879917e+00
-3.883063516596147124e+00
-3.897155734533417348e+00
-3.911996367562558419e+00
-3.927593718556906310e+00
-3.943955096785910719e+00
-3.961090200091724967e+00
-3.979007678166885942e+00
-3.997718840416997654e+00
-4.017233916563290208e+00
-4.037566091850184335e+00
-4.058727470344566157e+00
-4.080733437021708099e+00
-4.103598333865490666e+00
-4.127340144836949776e+00
-4.151975902119636963e+00
-4.177526684254345923e+00
-4.204012780971209118e+00
-4.231458985571600273e+00
-4.259889563936988921e+00
-4.289333807388213238e+00
-4.319820878313581858e+00
-4.351385565525407451e+00
-4.384063121713878353e+00
-4.417895123363037690e+00
-4.452924484619819268e+00
-4.489201258189037702e+00
-4.526778126372572153e+00
-4.565715891748069133e+00
-4.606080009209837733e+00
-4.647945878669691666e+00
-4.691399730099433896e+00
-4.736558635688160379e+00
-4.783652706215135275e+00
-4.833336137236363683e+00
-4.886854176414283657e+00
-4.945008888241375189e+00
-5.007542328405673260e+00
-5.073781337297887717e+00
-5.142939170389863257e+00
-5.214291035553277887e+00
-5.287168619858127805e+00
-5.361030150928792537e+00
-5.435408678414183292e+00
-5.509954218500021206e+00
-5.584366122586766679e+00
-5.658433905843760492e+00
-5.731965348175198649e+00
-5.804837276816185110e+00
-5.876918910844712407e+00
-5.948137390703772454e+00
-6.018389553389408952e+00
-6.087627694485284735e+00
-6.155746352972136570e+00
-6.222700582615788178e+00
-6.288335436165946923e+00
-6.352573573499666892e+00
-6.415082414058919547e+00
-6.476323472242202506e+00
-6.537192276928026402e+00
-6.597773732150044701e+00
-6.658083977748489701e+00
-6.718074599841783900e+00
-6.777755677076127583e+00
-6.837089636103254264e+00
-6.896081675641219988e+00
-6.954701308722444963e+00
-7.012951035410589284e+00
-7.070805035952436590e+00
-7.128264293600215851e+00
-7.185307115310763493e+00
-7.241936606810504884e+00
-7.298143306012789822e+00
-7.353955653691322425e+00
-7.409427278102856285e+00
-7.464706825131260715e+00
-7.520029939227329763e+00
-7.575715622366194779e+00
-7.632054186753437719e+00
-7.689278052134525865e+00
-7.747536811183604044e+00
-7.806944815303749508e+00
-7.867573723740524549e+00
-7.929479067984236629e+00
-7.992673997588958912e+00
-8.057142084460311438e+00
-8.122809671954078325e+00
-8.189561425633229419e+00
-8.257222341898541984e+00
-8.325581793916164486e+00
-8.394385381212103425e+00
-8.463364513658493848e+00
-8.532232859689598214e+00
-8.600715611457831145e+00
-8.668544503777324550e+00
-8.735481890184125575e+00
-8.801311012862813143e+00
-8.865853680257989922e+00
-8.928956205472953656e+00
-8.990502390959344226e+00
-9.050397300823712854e+00
-9.108577846346896933e+00
-9.164996316239726326e+00
-9.219630136917720264e+00
-9.272466208954668332e+00
-9.323510575362874420e+00
-9.372773917944709154e+00
-9.420281339758242112e+00
-9.466059012855328803e+00
-9.510144045657119349e+00
-9.552572140545505519e+00
-9.593387447307620164e+00
-9.632631068471521729e+00
-9.670350801615910541e+00
-9.706590351459858823e+00
-9.741398887335854795e+00
-9.774820851096297503e+00
-9.806905280996661034e+00
-9.837696131412263512e+00
-9.867241334370426387e+00
-9.895583567954039594e+00
-9.922769040978684174e+00
-9.948838662191647586e+00
-9.973836543117446496e+00
-9.997801531000764186e+00
-1.002077543092786982e+01
-1.004279487314044772e+01
-1.006389925926734108e+01
-1.008412294011999855e+01
-1.010350289303845450e+01
-1.012207119025992696e+01
-1.013986241554680490e+01
-1.015690640617406793e+01
-1.017323541753215466e+01
-1.018887712402708523e+01
-1.020386154047752569e+01
-1.021821426897759366e+01
-1.023196318579052999e+01
-1.024513192263102823e+01
-1.025774632749700110e+01
-1.026982816998247827e+01
-1.028140138414700289e+01
-1.029248598843701146e+01
-1.030310411830963702e+01
-1.031327415216526511e+01
-1.032301654104359301e+01
-1.033234813268439822e+01
-1.034128780521456115e+01
-1.034985098208035481e+01
-1.035805507625391186e+01
-1.036591418933493713e+01
-1.037344437242948558e+01
-1.038065850321459216e+01
-1.038757136928337843e+01
-1.039419471741186030e+01
-1.040054216482463012e+01
-1.040662441530601257e+01
-1.041245400351957962e+01
-1.041804067297214864e+01
-1.042339595821808551e+01
-1.042852872001884812e+01
-1.043344956997870376e+01
-1.043816655854852193e+01
-1.044268944637251195e+01
-1.044702554106602932e+01
-1.045118381930205764e+01
-1.045517090855164533e+01
-1.045899506370327892e+01
-1.046266229019376404e+01
-1.046618017873228901e+01
-1.046955416647065995e+01
-1.047279123319606775e+01
-1.047589629739505490e+01
-1.047887577708326035e+01
-1.048173411780822839e+01
-1.048447722110077507e+01
-1.048710910163961252e+01
-1.048963518613551216e+01
-1.049205909704670248e+01
-1.049438582454412483e+01
-1.049661863432182862e+01
-1.049876211513739754e+01
-1.050081920840727534e+01
-1.050279413367112546e+01
-1.050468953779882852e+01
-1.050650930059008026e+01
-1.050825580154819860e+01
-1.050993260769656246e+01
-1.051154185599567015e+01
-1.051308682533471028e+01
-1.051456943278278722e+01
-1.051599269159718197e+01
-1.051735831960815837e+01
-1.051866908497435382e+01
-1.051992652510319814e+01
-1.052113318177863910e+01
-1.052229042911657864e+01
-1.052340059958959273e+01
-1.052446491960975017e+01
-1.052548552787892788e+01
-1.052646351727995011e+01
-1.052740084688962341e+01
-1.052829848894336706e+01
-1.052915823576056553e+01
-1.052998095062882378e+01
-1.053076827080710487e+01
-1.053152096125317705e+01
-1.053224051478956014e+01
-1.053292760767220315e+01
-1.053358359792650845e+01
-1.053420908182711457e+01
-1.053480529133655352e+01
-1.053537275063536427e+01
-1.053591257352368338e+01
-1.053642521920778030e+01
-1.053691169045535148e+01
-1.053737238790973407e+01
-1.053780820972173693e+01
-1.053821950372624094e+01
-1.053860706920799473e+01
-1.053897120633708262e+01
-1.053931262066234709e+01
-1.053963156926300471e+01
-1.053992866850153654e+01
-1.054020413640905218e+01
-1.054045850416947516e+01
-1.054069195431672412e+01
-1.054090493636550363e+01
-1.054109760046142341e+01
-1.054127031752367216e+01
-1.054142320806162658e+01
-1.054155656716712208e+01
-1.054167048832147380e+01
-1.054176519364376219e+01
-1.054184075282214827e+01
-1.054189731967015042e+01
-1.054193494793955388e+01
-1.054195373788970969e+01
