-6.173502400933714540e+01
-6.157760422841725756e+01
-6.126467785549101563e+01
-6.079784535331364737e+01
-6.018090368833402692e+01
-5.941797730044834935e+01
-5.851483709531708399e+01
-5.747761954030258380e+01
-5.631390660334835729e+01
-5.503150936827178441e+01
-5.363951165330394133e+01
-5.214702289317963846e+01
-5.056424611821962856e+01
-4.890117608604185051e+01
-4.716871236618618468e+01
-4.537730440947602517e+01
-4.353811354254924737e+01
-4.166161829752432055e+01
-3.975882030200070005e+01
-3.783982863989920276e+01
-3.591509951982712323e+01
-3.399402047461305187e+01
-3.208617067000017187e+01
-3.019992562982890760e+01
-2.834372340515754374e+01
-2.652470894598721785e+01
-2.474999074318578351e+01
-2.302534144452453191e+01
-2.135642980802331437e+01
-1.974759105852415431e+01
-1.820301990725269903e+01
-1.672562077395870617e+01
-1.531814910701091392e+01
-1.398214820705295658e+01
-1.271902799939785922e+01
-1.152909198610414165e+01
-1.041254484928945523e+01
-9.368610174736346607e+00
-8.396460670869732468e+00
-7.494424843368801881e+00
-6.660836073308597172e+00
-5.893324427517807607e+00
-5.189583233949572438e+00
-4.546740695691187106e+00
-3.962044831262261368e+00
-3.432308498220968396e+00
-2.954515551674100848e+00
-2.525332229933786365e+00
-2.141639072448097814e+00
-1.800101314662602148e+00
-1.497632469930920918e+00
-1.231016362409579568e+00
-9.973093093059821612e-01
-7.935066559299530642e-01
-6.168911573667241743e-01
-4.647374361105509610e-01
-3.346138190322902606e-01
-2.241178841364496188e-01
-1.311207418780479528e-01
-5.344000089804729070e-02
1.141579261100039711e-02
6.625715184956013082e-02
1.119488781898337060e-01
1.483587548434549541e-01
1.760992293592839597e-01
1.964509299327164282e-01
2.108894448331612159e-01
2.208306564922407900e-01
2.274217286445552322e-01
2.315877613807472424e-01
2.339734897208998188e-01
2.350804455992870357e-01
2.352134320938591983e-01
2.346250262925609620e-01
2.334302940650833103e-01
2.317510227322144289e-01
2.295971532121817149e-01
2.270201533902076463e-01
2.239617092529084252e-01
2.204268848155351290e-01
2.162953436776104132e-01
2.115250413979171129e-01
2.059135799029424008e-01
1.993448695052614794e-01
1.914752930881272741e-01
1.820380199466278270e-01
1.704003554439952606e-01
1.559321827806529059e-01
1.373137261702540579e-01
1.129271933088564217e-01
9.048526873706497220e-02
8.641514959879822988e-02
8.458580926552780599e-02
8.298434584065994546e-02
8.215562656399863495e-02
8.186329005558126704e-02
8.244338835957421008e-02
8.378407292529885253e-02
8.613076392258062208e-02
8.941138686522434598e-02
9.379958048591560682e-02
9.921355092079492399e-02
1.057417546474835601e-01
1.132501832328925429e-01
1.217221342734819134e-01
1.309467344238600672e-01
1.408052981458106090e-01
1.510261745114685472e-01
1.614343210239340132e-01
1.717544431993624499e-01
1.818257371729193050e-01
1.914321389584755506e-01
2.004806588647354282e-01
2.088445707990422007e-01
2.165106877290253196e-01
2.234320657303431878e-01
2.296552159382302671e-01
2.351835553233910803e-01
2.400943437192828434e-01
2.444128552153894962e-01
2.482246027923603604e-01
2.515580261671174767e-01
2.544944336308018751e-01
2.570562447072651246e-01
2.593157498632231439e-01
2.612862879805590843e-01
2.630305921051708240e-01
2.645529318277813902e-01
2.659077919523156197e-01
2.670915640165476557e-01
2.681523140918755654e-01
2.690799798428886724e-01
2.699179644879276530e-01
2.706510201256946413e-01
2.713193667123287578e-01
2.719035701319204024e-01
2.724418447207186400e-01
2.729113040244767752e-01
2.733490728745041620e-01
2.737293234918543039e-01
2.740888020329377839e-01
2.743990760375246141e-01
2.746970709180043269e-01
2.749519541038706882e-01
2.752012779806249365e-01
2.754119155668949270e-01
2.756224164445135738e-01
2.757973907436760963e-01
2.759767023148116949e-01
2.761226735447180336e-01
2.762767643509393412e-01
2.763989407079523453e-01
2.765325182251030522e-01
2.766350026986483801e-01
2.767518125353985448e-01
2.768378604284333355e-01
2.769409093740253791e-01
2.770131208211366602e-01
2.771048443132798078e-01
2.771653092086033832e-01
2.772476979933127805e-01
2.772981058565983092e-01
2.773728024941835013e-01
2.774145263326902033e-01
2.774828992744786671e-01
2.775170600248548780e-01
2.775802608934239135e-01
2.776077772573997682e-01
2.776667854625887166e-01
2.776884126768418004e-01
2.777440704177764341e-01
2.777604305770428050e-01
2.778134704956828904e-01
2.778250763776060062e-01
2.778761435568957161e-01
2.778834174058729123e-01
2.779330869854911845e-01
2.779363753505615930e-01
2.779851667232967616e-01
2.779847521762209839e-01
2.780331404980713739e-01
2.780292508567434595e-01
2.780776764326212680e-01
2.780704919636625694e-01
2.781193679427313992e-01
2.781090269024614203e-01
2.781587456217679000e-01
2.781453484071235160e-01
2.781962866513533195e-01
2.781798987649460320e-01
2.782324221582606616e-01
2.782130761393485363e-01
2.782675428482883073e-01
2.782452392802081120e-01
2.783020031817718953e-01
2.782767108532943623e-01
2.783361243075657687e-01
2.783077795783709951e-01
2.783701959391710057e-01
2.783387013360172912e-01
2.784044773354739100e-01
2.783696993837391775e-01
2.784391975370124617e-01
2.784009638100840012e-01
2.784745550052910024e-01
2.784326503494423677e-01
2.785107168157309188e-01
2.784648786779820862e-01
2.785478175636648124e-01
2.784977303104462232e-01
2.785859581556692777e-01
2.785312462167124359e-01
2.786252046755511858e-01
2.785654242725295049e-01
2.786655875346213396e-01
2.786002166480988085e-01
2.787071011402252330e-01
2.786355272165516039e-01
2.787497043469102098e-01
2.786712090264701347e-01
2.787933219943143359e-01
2.787070618195201521e-01
2.788378478940762295e-01
2.787428294746694957e-01
2.788831497174328877e-01
2.787781971015662608e-01
2.789290763839698539e-01
2.788127872550111297e-01
2.789754688063289523e-01
2.788461543310439827e-01
2.790221752980650005e-01
2.788777755158181049e-01
2.790690737723974246e-01
2.789070354429361021e-01
2.791161044063280583e-01
2.789331994736498066e-01
2.791633194547468166e-01
2.789553661366781512e-01
2.792109630647474638e-01
2.789723801690041638e-01
2.792596073175029336e-01
2.789826672708363708e-01
2.793104020085823147e-01
2.789839021575239442e-01
2.793655759848692188e-01
2.789722871091347978e-01
2.794295603965918917e-01
2.789407993311053269e-01
2.795118948996512809e-01
2.788741865854569846e-01
2.796364562302967594e-01
2.787305963034698020e-01
2.798823014515933183e-01
2.783349903344500831e-01
2.807512046477522172e-01
2.747143525081602866e-01
