4.802300257823095109e+00
4.800493832900839308e+00
4.796880265352434947e+00
4.791457908677890565e+00
4.784224595228064203e+00
4.775177002332010368e+00
4.764311468378750192e+00
4.751622934377587093e+00
4.737106170026952334e+00
4.720754287741026900e+00
4.702560380972601983e+00
4.682515606576440170e+00
4.660611238286740843e+00
4.636836312158505002e+00
4.611180098613002265e+00
4.583629304621801737e+00
4.554170968074292780e+00
4.522789209382499287e+00
4.489468552021985914e+00
4.454190215394556063e+00
4.416935865152413321e+00
4.377683438553479967e+00
4.336411327469320121e+00
4.293093727255160807e+00
4.247705253989484397e+00
4.200215808313333632e+00
4.150595626222141732e+00
4.098809650842868635e+00
4.044823012702583043e+00
3.988594905774066834e+00
3.930084488243094754e+00
3.869244265747331379e+00
3.806026396954353519e+00
3.740375599332005585e+00
3.672235835332860354e+00
3.601542779258029014e+00
3.528230850558799592e+00
3.452225324389682104e+00
3.373449672514469366e+00
3.291817485764177320e+00
3.207240092427968481e+00
3.119618632827609428e+00
3.028851983707331996e+00
2.934829683487814922e+00
2.837440391476035551e+00
2.736567139786719949e+00
2.632097171664455448e+00
2.523922842496046925e+00
2.411956114366270221e+00
2.296146254505347262e+00
2.176530176480865997e+00
2.053404119213083412e+00
1.927889522702536551e+00
1.802523023302834648e+00
1.680142771460120255e+00
1.562859502212671892e+00
1.452538618727069686e+00
1.351045301100206597e+00
1.260230735704058969e+00
1.181800091254824325e+00
1.117032325601695852e+00
1.066653286100093689e+00
1.030567052465990452e+00
1.008081279462778479e+00
9.978366812838246336e-01
9.983806579041403229e-01
1.008040789193695330e+00
1.025557439693800532e+00
1.049671544979375204e+00
1.079766361708703437e+00
1.115184631749317035e+00
1.156026470526754224e+00
1.202208246450480189e+00
1.254655494715843256e+00
1.313879202791525369e+00
1.378167199015360112e+00
1.389894999978130263e+00
1.382410970411358964e+00
1.374895289560245537e+00
1.367319952901885127e+00
1.359788295262893465e+00
1.352182687249960047e+00
1.344557791148056847e+00
1.336828761467349302e+00
1.329013649772044392e+00
1.321038782717597337e+00
1.312883902453441776e+00
1.304457980503725967e+00
1.295666124581355660e+00
1.286307295618288382e+00
1.276024109691519470e+00
1.264099849575608170e+00
1.249154940745149878e+00
1.228914839078112831e+00
1.200744173260088088e+00
1.163493844374866804e+00
1.118484072045724975e+00
1.068161144641887716e+00
1.014443470928224844e+00
9.584711182821540332e-01
9.008355894203851078e-01
8.419245179078891361e-01
7.820071458453093927e-01
7.213739609605908099e-01
6.602871258083816697e-01
5.990612787907022563e-01
5.379779643125318644e-01
4.773588444367277694e-01
4.174700375579642464e-01
3.586012121490682603e-01
3.009678646642086619e-01
2.448005774576177962e-01
1.902472414714163340e-01
1.374722056168643236e-01
8.655703216321598836e-02
3.760726177727999331e-02
-9.350473873473156422e-03
-5.425609271968412362e-02
-9.712401384848562413e-02
-1.379262520728584129e-01
-1.767059822705967509e-01
-2.134564035886801492e-01
-2.482399680916104745e-01
-2.810629805258008096e-01
-3.120003621468359634e-01
-3.410658396293955175e-01
-3.683420932967742534e-01
-3.938463779321532132e-01
-4.176659396366025900e-01
-4.398189305057712550e-01
-4.603950240458384302e-01
-4.794115067416582221e-01
-4.969590627620672496e-01
-5.130529402431412977e-01
-5.277839088061313522e-01
-5.411644062203848637e-01
-5.532846980196208797e-01
-5.641539124780243775e-01
-5.738614521686422609e-01
-5.824128234559227124e-01
-5.898963668316259401e-01
-5.963137826375657369e-01
-6.017522616786976641e-01
-6.062096024991534549e-01
-6.097718369870781530e-01
-6.124328267874890042e-01
-6.142774909910249104e-01
-6.152957605143790643e-01
-6.155715269334057771e-01
-6.150908240854324749e-01
-6.139366289747354433e-01
-6.120911295433355548e-01
-6.096365205754532557e-01
-6.065512055728756735e-01
-6.029167428981317967e-01
-5.987078179629112817e-01
-5.940055076319539218e-01
-5.887808464432304767e-01
-5.831145906857038153e-01
-5.769741890494708425e-01
-5.704402419236095367e-01
-5.634766726363548139e-01
-5.561640925269046853e-01
-5.484629536758364177e-01
-5.404540463248530546e-01
-5.320943975955882976e-01
-5.234651450103346981e-01
-5.145199280155029475e-01
-5.053403998536801778e-01
-4.958768395894830316e-01
-4.862115845755054511e-01
-4.762915699443410200e-01
-4.661999855941151294e-01
-4.558804275596449740e-01
-4.454171070379868702e-01
-4.347502734521905832e-01
-4.239653287948745297e-01
-4.129991552859155757e-01
-4.019385165174839125e-01
-3.907168930793359918e-01
-3.794225829693314012e-01
-3.679856160675324395e-01
-3.564960004088708057e-01
-3.448802505262225093e-01
-3.332302639023254631e-01
-3.214689585036607511e-01
-3.096903055438502417e-01
-2.978135274478945771e-01
-2.859348595598464882e-01
-2.739697106707451590e-01
-2.620167781840688215e-01
-2.499875184567312003e-01
-2.379832980134212184e-01
-2.259114593985973307e-01
-2.138762562747549556e-01
-2.017807312049646751e-01
-1.897322560335828190e-01
-1.776293597503251775e-01
-1.655827788167432701e-01
-1.534862844833973505e-01
-1.414542423560696538e-01
-1.293753874116708447e-01
-1.173680001117545224e-01
-1.053154616554310974e-01
-9.334027780561371390e-02
-8.132011389184937156e-02
-6.938204024197509867e-02
-5.739759272647869393e-02
-4.549877902845714944e-02
-3.355053190532353291e-02
-2.169020815494359516e-02
-9.775592993877323805e-03
2.050150634012335403e-03
1.393701376274564079e-02
2.573551768928136751e-02
3.760415989575204010e-02
4.938657524234084384e-02
6.125062149698214803e-02
7.303240551338623099e-02
8.491015168764859400e-02
9.671171507442820336e-02
1.086268836662400844e-01
1.204744417806191403e-01
1.324571797190032818e-01
1.443838825563935613e-01
1.564720931038424412e-01
1.685195437026018039e-01
1.807606884129999425e-01
1.929810133358052515e-01
2.054345891836601434e-01
2.178933108903297611e-01
2.306343196037209664e-01
2.434144220937186909e-01
2.565383355501653084e-01
2.697461550235629169e-01
2.833762035162706860e-01
2.971501993851858314e-01
3.114483903234611661e-01
3.259726305359458842e-01
3.411569976633851975e-01
3.566826944108436592e-01
3.730554418465266142e-01
3.899369366517806412e-01
4.079326903606723675e-01
4.266909398640803541e-01
4.469645339048827770e-01
4.684066301071691529e-01
4.920044287134225369e-01
5.174660969060097537e-01
5.461866393549201781e-01
5.780593574166537074e-01
6.152400523134561316e-01
6.580348300178424648e-01
7.094801046165915004e-01
7.673983006769727888e-01
8.183185301383342214e-01
