-5.026196364552362184e+00
-5.025510143376280325e+00
-5.024137414398788692e+00
-5.022077750567105703e+00
-5.019330286935618446e+00
-5.015894159465753788e+00
-5.011767909542347965e+00
-5.006950215987308717e+00
-5.001439000457518880e+00
-4.995232453670878314e+00
-4.988327840050473583e+00
-4.980722819512647170e+00
-4.972413949207917128e+00
-4.963398302517359362e+00
-4.953671665260103829e+00
-4.943230453758150844e+00
-4.932069602451724322e+00
-4.920184782986980032e+00
-4.907569979830536333e+00
-4.894220012256269570e+00
-4.880127794318998902e+00
-4.865287161289858275e+00
-4.849689810295510384e+00
-4.833328432066505975e+00
-4.816193328760691728e+00
-4.798275850685530308e+00
-4.779564688435419484e+00
-4.760049612289126486e+00
-4.739717437002232359e+00
-4.718556058507850537e+00
-4.696550091830708595e+00
-4.673685194986926028e+00
-4.649943384015466918e+00
-4.625307626732779731e+00
-4.599756844598070771e+00
-4.573270747881207576e+00
-4.545824543280816421e+00
-4.517393964915427773e+00
-4.487949721464203456e+00
-4.457462650538834836e+00
-4.425897963327009244e+00
-4.393220407138538341e+00
-4.359388405489379004e+00
-4.324359044232598315e+00
-4.288082270663378992e+00
-4.250505402479844541e+00
-4.211567637104347561e+00
-4.171203519642578961e+00
-4.129337650182725028e+00
-4.085883798752982798e+00
-4.040724893164256315e+00
-3.993630822637281419e+00
-3.943947391616052567e+00
-3.890429352438133481e+00
-3.832274640611041061e+00
-3.769741200446742990e+00
-3.703502191554528533e+00
-3.634344358462553437e+00
-3.562992493299138808e+00
-3.490114908994289333e+00
-3.416253377923623713e+00
-3.341874850438233402e+00
-3.267329310352395044e+00
-3.192917406265650015e+00
-3.118849623008656202e+00
-3.045318180677218045e+00
-2.972446252036231584e+00
-2.900364618007704731e+00
-2.829146138148644685e+00
-2.758893975463007742e+00
-2.689655834367131959e+00
-2.621537175880279680e+00
-2.554582946236628960e+00
-2.488948092686470215e+00
-2.424709955352750246e+00
-2.362201114793497148e+00
-2.300960056610214188e+00
-2.240091251924390736e+00
-2.179509796702371549e+00
-2.119199551103926993e+00
-2.059208929010632794e+00
-1.999527851776289333e+00
-1.940193892749162208e+00
-1.881201853211196928e+00
-1.822582220129971731e+00
-1.764332493441827632e+00
-1.706478492899979882e+00
-1.649019235252200621e+00
-1.591976413541653201e+00
-1.535346922041911810e+00
-1.479140222839626873e+00
-1.423327875161093825e+00
-1.367856250749560187e+00
-1.312576703721156424e+00
-1.257253589625086709e+00
-1.201567906486221915e+00
-1.145229342098978753e+00
-1.088005476717890607e+00
-1.029746717668812206e+00
-9.703387135486672976e-01
-9.097098051118918116e-01
-8.478044608681797323e-01
-7.846095312634574492e-01
-7.201414443921045905e-01
-6.544738568983384797e-01
-5.877221032191868311e-01
-5.200611869538747101e-01
-4.517017349362517642e-01
-3.828981476403134354e-01
-3.139190151939234008e-01
-2.450506691628182299e-01
-1.765679173945861602e-01
-1.087390250750912835e-01
-4.180163866829190306e-02
2.402748401039553339e-02
8.857015140557257526e-02
1.516726766205360177e-01
2.132188621069266432e-01
2.731137719712957712e-01
3.312943174944810720e-01
3.877127873873091879e-01
4.423466080653034593e-01
4.951826801022518598e-01
5.462270465104569483e-01
5.954903890922915721e-01
6.429978109058246405e-01
6.887754840029129966e-01
7.328605168047024332e-01
7.752886116930886029e-01
8.161039184552028036e-01
8.553475396191057012e-01
8.930672727634936248e-01
9.293068226074424620e-01
9.641153584834386558e-01
9.975373222438815857e-01
1.029621752144243896e+00
1.060412602559847484e+00
1.089957805518009470e+00
1.118300039101622456e+00
1.145485512126268146e+00
1.171555133339230448e+00
1.196553014265030024e+00
1.220518002148347714e+00
1.243491902075452460e+00
1.265511344288030582e+00
1.286615730414925274e+00
1.306839411267582296e+00
1.326219364186038474e+00
1.344787661407510715e+00
1.362578886694387759e+00
1.379622877321651675e+00
1.395951888679737074e+00
1.411593595174667870e+00
1.426578011625108555e+00
1.440930740125176746e+00
1.454679656938113297e+00
1.467848393778611094e+00
1.480462798644584188e+00
1.492544641130061134e+00
1.504117855294585526e+00
1.515202459584594985e+00
1.525820589457219878e+00
1.535990623312847747e+00
1.545733012191175648e+00
1.555064603831980863e+00
1.564004276362145118e+00
1.572567453227937229e+00
1.580771547401495836e+00
1.588630660482519774e+00
1.596160843577069333e+00
1.603374974362176131e+00
1.610287840430961959e+00
1.616911188559443158e+00
1.623258635972212982e+00
1.629340886453595871e+00
1.635170474667163143e+00
1.640757144119731725e+00
1.646112429365669261e+00
1.651245191166432091e+00
1.656166041126287736e+00
1.660883029696105018e+00
1.665405917520094370e+00
1.669742012213612181e+00
1.673900290449640504e+00
1.677887379699227965e+00
1.681711534850861778e+00
1.685378761341347786e+00
1.688896649879872758e+00
1.692270637618242812e+00
1.695507704343651501e+00
1.698612768542638429e+00
1.701592248230842985e+00
1.704450588955811696e+00
1.707193692248358152e+00
1.709825572787195380e+00
1.712351657283095241e+00
1.714775568194286448e+00
1.717102295691708358e+00
1.719335105469412817e+00
1.721478586284980183e+00
1.723535679554858868e+00
1.725510604818708993e+00
1.727406008946412053e+00
1.729225771737664452e+00
1.730972272695782799e+00
1.732649078844146651e+00
1.734258327143254119e+00
1.735803296482294256e+00
1.737285903930369857e+00
1.738709162744764392e+00
1.740074790755741896e+00
1.741385556121936462e+00
1.742642996250781229e+00
1.743849652926222626e+00
1.745006900264161942e+00
1.746117070737175148e+00
1.747181390757333919e+00
1.748201999026511633e+00
1.749179988427532972e+00
1.750117318037206715e+00
1.751014960090950145e+00
1.751874706908148394e+00
1.752697421776407971e+00
1.753484741954688619e+00
1.754237432400760133e+00
1.754956985937142777e+00
1.755644078819786902e+00
1.756300069074091752e+00
1.756925552974696991e+00
1.757521762484136385e+00
1.758089221782946909e+00
1.758629044671266461e+00
1.759141690355364274e+00
1.759628161602934115e+00
1.760088859057317601e+00
1.760524680869319347e+00
1.760935974873824250e+00
1.761323540355577144e+00
1.761687677484666370e+00
1.762029091809930392e+00
1.762348040410588457e+00
1.762645139649119619e+00
1.762920607556635710e+00
1.763174975317058024e+00
1.763408425464306539e+00
1.763621407513086492e+00
1.763814071609006717e+00
1.763986788671255024e+00
1.764139679209209444e+00
1.764273038314705389e+00
1.764386959469057103e+00
1.764481664791345716e+00
1.764557223969730693e+00
1.764613790817733285e+00
1.764651419087138073e+00
1.764670209037292548e+00
