1.750766898764762516e+02
1.749678588347672417e+02
1.747503090811947288e+02
1.744243094339705067e+02
1.739901954823163521e+02
1.734485021705284566e+02
1.727997841589784400e+02
1.720448371679104866e+02
1.711844279901003745e+02
1.702196051809511061e+02
1.691513380361839154e+02
1.679809175138550472e+02
1.667095031706980137e+02
1.653386155712081518e+02
1.638695897696714496e+02
1.623041609310177762e+02
1.606438224177217649e+02
1.588905069554035094e+02
1.570458466889778890e+02
1.551119530254857182e+02
1.530905750988617910e+02
1.509839824871141616e+02
1.487940172800266794e+02
1.465230853043440788e+02
1.441730952913337376e+02
1.417465662123300376e+02
1.392454446919375073e+02
1.366723388051604786e+02
1.340292015600125524e+02
1.313187054348574634e+02
1.285427749421299097e+02
1.257041219569826751e+02
1.228046031840885917e+02
1.198469451142839972e+02
1.168328910553510127e+02
1.137651585074257099e+02
1.106453222628444308e+02
1.074760703057246332e+02
1.042587382209093931e+02
1.009959705983519456e+02
9.768876307745698284e+01
9.433969831580219534e+01
9.094916164194178521e+01
8.751883579344244879e+01
8.404258037459736386e+01
8.048797642056830171e+01
7.676340018011296706e+01
7.282820083729421867e+01
6.875387109622788273e+01
6.463930204923104839e+01
6.057545876571592913e+01
5.663140732328393767e+01
5.285619438495614020e+01
4.927891189186652809e+01
4.591494273285000816e+01
4.276831028834183712e+01
3.983661850062063081e+01
3.711237563432377584e+01
3.458594976013505118e+01
3.224586133387376918e+01
3.008045935152533801e+01
2.807769654078872534e+01
2.622612923978407906e+01
2.451450464985732225e+01
2.293241748310602901e+01
2.146985841473487255e+01
2.011769192823552643e+01
1.886722104149666634e+01
1.771056736520999664e+01
1.664026653072756190e+01
1.564959294901860964e+01
1.473218442825662677e+01
1.388233657134372123e+01
1.309464914813559311e+01
1.236430725886178195e+01
1.168673958582111538e+01
1.105790065514194609e+01
1.047392921866193838e+01
9.931446671125133463e+00
9.427200819411465815e+00
8.958400459226270485e+00
8.522323844764772005e+00
8.116722560491831828e+00
7.739362183096644365e+00
7.388560733142578663e+00
7.062621108336063713e+00
6.760019300162106504e+00
6.475903675663581716e+00
6.206497046263302231e+00
5.951341635085880988e+00
5.709483478214280261e+00
5.480421227125732209e+00
5.263377750735648952e+00
5.057847766931274691e+00
4.863156234248667609e+00
4.678825285401845058e+00
4.504256536921448451e+00
4.339008553538525881e+00
4.182546866023808541e+00
4.034469154714748207e+00
3.894297161371358840e+00
3.761668352794394821e+00
3.636155771404124604e+00
3.517437007800690907e+00
3.405133609537705386e+00
3.298964263493709748e+00
3.198598356874801318e+00
3.103798137445392236e+00
3.014282726578003668e+00
2.929862611554358232e+00
2.850310838053524698e+00
2.775489954661939151e+00
2.705219691700389006e+00
2.639369555412453217e+00
2.577646605186126649e+00
2.519561401766977848e+00
2.464326076650519060e+00
2.411320566637013219e+00
2.360171298555676866e+00
2.310761040842907565e+00
2.262985639420898032e+00
2.216827010473003234e+00
2.172208789079606461e+00
2.129123526965823743e+00
2.087495499181013070e+00
2.047321256477565132e+00
2.008523078094952563e+00
1.971102076957786053e+00
1.934977345171150498e+00
1.900156078364305001e+00
1.866552473041809268e+00
1.834182160448917909e+00
1.802951678232506350e+00
1.772888685042282919e+00
1.743888217590819023e+00
1.715992033806348571e+00
1.689095253446019074e+00
1.662708129987386707e+00
1.634450490347136409e+00
1.604316841793313797e+00
1.574351486502090225e+00
1.545254454596432181e+00
1.517531632265896491e+00
1.491205444877551134e+00
1.466347677770972524e+00
1.442846249385997037e+00
1.420680220548770745e+00
1.399730377817054006e+00
1.379958406450984887e+00
1.361259125566545602e+00
1.343593651718561821e+00
1.326872012346378638e+00
1.311058702503216766e+00
1.296076835869887312e+00
1.281895016755004502e+00
1.268447169535188657e+00
1.255705870712553684e+00
1.243613963407259382e+00
1.232147631166198298e+00
1.221257131886938518e+00
1.210921848520595701e+00
1.201098257204038733e+00
1.191768547977978487e+00
1.182894452885241199e+00
1.174460610854110021e+00
1.166433227035063025e+00
1.158799070200843717e+00
1.151528175536352228e+00
1.144609161286729737e+00
1.138015359933360671e+00
1.131736994682813302e+00
1.125750250777893147e+00
1.120046744062995980e+00
1.114605139241445775e+00
1.109418260827158553e+00
1.104466937713383112e+00
1.099745043818054269e+00
1.095235304583821678e+00
1.090932505444940359e+00
1.086821040107381009e+00
1.082896486063534613e+00
1.079144709708766303e+00
1.075561976991694202e+00
1.072135458763696425e+00
1.068862019460442347e+00
1.065729989123144650e+00
1.062736752428191878e+00
1.059871672725695602e+00
1.057132586774941929e+00
1.054509781788930844e+00
1.052001487144524905e+00
1.049598818464162697e+00
1.047300345777941288e+00
1.045097929625039335e+00
1.042990435208245081e+00
1.040970394753631734e+00
1.039036928770821211e+00
1.037183176780614113e+00
1.035408479604756682e+00
1.033706527303197786e+00
1.032076850249013855e+00
1.030513638905837803e+00
1.029016586124036126e+00
1.027580338392107828e+00
1.026204727179667486e+00
1.024884815641713853e+00
1.023620552818921503e+00
1.022407383565029804e+00
1.021245355902461016e+00
1.020130265265893010e+00
1.019062242224904935e+00
1.018037405061579248e+00
1.017055952349001924e+00
1.016114300465334797e+00
1.015212703104698466e+00
1.014347852624263080e+00
1.013520046417990317e+00
1.012726233037196666e+00
1.011966743441336192e+00
1.011238764660816525e+00
1.010542652220942861e+00
1.009875815757576678e+00
1.009238627364055674e+00
1.008628705050599983e+00
1.008046430366813739e+00
1.007489616935439480e+00
1.006958649435706121e+00
1.006451525659547208e+00
1.005968627786566039e+00
1.005508127521884898e+00
1.005070399537631554e+00
1.004653780269598951e+00
1.004258632430456544e+00
1.003883448979072446e+00
1.003528576716147924e+00
1.003192657805966892e+00
1.002876019636211202e+00
1.002577447075812200e+00
1.002297245009033055e+00
1.002034335263237930e+00
1.001788997505244083e+00
1.001560285476339462e+00
1.001348451259639338e+00
1.001152676122866181e+00
1.000973182523591687e+00
1.000809275488379502e+00
1.000661146112509448e+00
1.000528220003157553e+00
1.000410655446432040e+00
1.000307996016397638e+00
1.000220366020867058e+00
1.000147424931889351e+00
1.000089262178536886e+00
1.000045651591747964e+00
1.000016647083181054e+00
1.000002135822481319e+00
