-2.458761607242732627e-01
-2.471669574654712098e-01
-2.497491449210509362e-01
-2.536230351559244922e-01
-2.587904185802843982e-01
-2.652519324321879202e-01
-2.730105892401710754e-01
-2.820673779830020766e-01
-2.924265768171679380e-01
-3.040895672072133071e-01
-3.170619553691398362e-01
-3.313455712928214947e-01
-3.469474322057255478e-01
-3.638698895239204645e-01
-3.821214771346483907e-01
-4.017051597317620182e-01
-4.226311190619678748e-01
-4.449030466103275350e-01
-4.685329324047922128e-01
-4.935253333621048011e-01
-5.198942421039506323e-01
-5.476452491391096133e-01
-5.767945837916166330e-01
-6.073490733881223846e-01
-6.393274653136061803e-01
-6.727380689918999179e-01
-7.076024878835368570e-01
-7.439308096394452452e-01
-7.817479003414198324e-01
-8.210659839068419341e-01
-8.619136791075294735e-01
-9.043057799316047696e-01
-9.482752503232922958e-01
-9.938399811334195366e-01
-1.041038000029244071e+00
-1.089890935555932305e+00
-1.140442752907163904e+00
-1.192719598038868956e+00
-1.246772437588706373e+00
-1.302632880661143577e+00
-1.360360188086749300e+00
-1.419992567983657583e+00
-1.481599132365141847e+00
-1.545226020565390268e+00
-1.610954028171563746e+00
-1.678838704089583356e+00
-1.748974566155195198e+00
-1.821427993198792450e+00
-1.896309174700302913e+00
-1.973696075265795491e+00
-2.053715511416526418e+00
-2.136455472116761900e+00
-2.222056826298328236e+00
-2.310609296502990073e+00
-2.402254712346217236e+00
-2.497057611871932092e+00
-2.595117166653612362e+00
-2.696390828445325294e+00
-2.800767832266536139e+00
-2.907583638895574030e+00
-3.014206614006905038e+00
-3.113999562648756214e+00
-3.200999389886479918e+00
-3.272701153344139247e+00
-3.327389485244740985e+00
-3.363628579541916519e+00
-3.380256909288233746e+00
-3.376964344734999734e+00
-3.354520502273579563e+00
-3.314887891489351368e+00
-3.260789193531472563e+00
-3.195275163132768270e+00
-3.121194076630124048e+00
-3.041001418583282323e+00
-2.956595090191607600e+00
-2.869422526570102328e+00
-2.780483043734884863e+00
-2.690499164438628465e+00
-2.599915416145074154e+00
-2.509045999939699456e+00
-2.418035508482872853e+00
-2.326981885342181311e+00
-2.235865965341392592e+00
-2.144664883044954173e+00
-2.053258301225858062e+00
-1.961546318997961613e+00
-1.869335639176871844e+00
-1.776476543971123867e+00
-1.682739277068752148e+00
-1.588317242823433340e+00
-1.517292815819892393e+00
-1.495230324521203080e+00
-1.477712098370754346e+00
-1.461784042755961632e+00
-1.447520642090397658e+00
-1.434822534926925020e+00
-1.423698523603191157e+00
-1.414043339123074006e+00
-1.405813623794621270e+00
-1.398883466062889047e+00
-1.393169652647612722e+00
-1.388526239794927175e+00
-1.384843068626338214e+00
-1.381964173740095170e+00
-1.379769930481056672e+00
-1.378110970621323039e+00
-1.376878223686361258e+00
-1.375946327695453553e+00
-1.375232986779998612e+00
-1.374647667348711133e+00
-1.374141359574740928e+00
-1.373658647745422012e+00
-1.373179890993701191e+00
-1.372676709184636801e+00
-1.372149115583892076e+00
-1.371585046979171718e+00
-1.370994385431863360e+00
-1.370372649885509775e+00
-1.369732831959851405e+00
-1.369072766737233771e+00
-1.368405049774758631e+00
-1.367727401150514499e+00
-1.367050721414362124e+00
-1.366371848848430659e+00
-1.365699820776344886e+00
-1.365030586938710266e+00
-1.364371592147563650e+00
-1.363718143615918033e+00
-1.363076459323156797e+00
-1.362441475475975938e+00
-1.361818508551666307e+00
-1.361202342588165637e+00
-1.360597642358329251e+00
-1.359999193011383500e+00
-1.359411186116942893e+00
-1.358828505725938385e+00
-1.358254992914618819e+00
-1.357685687766070570e+00
-1.357124163512905213e+00
-1.356565645863831993e+00
-1.356013495412278669e+00
-1.355463135430417188e+00
-1.354917750794736087e+00
-1.354372963498850391e+00
-1.353831807664091835e+00
-1.353290098948789266e+00
-1.352750737955447313e+00
-1.352209725669497820e+00
-1.351669841473374323e+00
-1.351127261896390985e+00
-1.350584654278230712e+00
-1.350038360580486652e+00
-1.349490943331816073e+00
-1.348938900143935138e+00
-1.348384694779488191e+00
-1.347824971416408335e+00
-1.347262100398910034e+00
-1.346692864275625512e+00
-1.346119544937902424e+00
-1.345539056079637419e+00
-1.344953595926526857e+00
-1.344360203079720817e+00
-1.343760996839606925e+00
-1.343153135444393964e+00
-1.342538664047413066e+00
-1.341914856181586568e+00
-1.341283687723315410e+00
-1.340642544035370198e+00
-1.339993336712482108e+00
-1.339333560304615478e+00
-1.338665067263972386e+00
-1.337985459449989367e+00
-1.337296535463440517e+00
-1.336596003302497282e+00
-1.335885613158840135e+00
-1.335163178647324589e+00
-1.334430407136022678e+00
-1.333685217924038824e+00
-1.332929281269361166e+00
-1.332160622752149859e+00
-1.331380881339918387e+00
-1.330588189957456979e+00
-1.329784162178552664e+00
-1.328967039737621203e+00
-1.328138416752512319e+00
-1.327296645564574273e+00
-1.326443306770964448e+00
-1.325576865376124402e+00
-1.324698894338024457e+00
-1.323807973560735762e+00
-1.322905674131735987e+00
-1.321990693187711008e+00
-1.321064605534680858e+00
-1.320126227881754044e+00
-1.319177144088218734e+00
-1.318216292686966051e+00
-1.317245271588894040e+00
-1.316263143212734743e+00
-1.315271524094086875e+00
-1.314269602304413809e+00
-1.313259017056876976e+00
-1.312239083437351628e+00
-1.311211466769339085e+00
-1.310175609996504065e+00
-1.309133207262035858e+00
-1.308083829577923574e+00
-1.307029201788076467e+00
-1.305969022436269666e+00
-1.304905048015660984e+00
-1.303837103206885395e+00
-1.302766976067434967e+00
-1.301694615055714266e+00
-1.300621838580662049e+00
-1.299548715458128445e+00
-1.298477092022907176e+00
-1.297407152881996151e+00
-1.296340768586538683e+00
-1.295278233753714536e+00
-1.294221438103869470e+00
-1.293170779220086830e+00
-1.292128159575080648e+00
-1.291094071385795239e+00
-1.290070422084220958e+00
-1.289057788904862001e+00
-1.288058075092729071e+00
-1.287071932034540511e+00
-1.286101248344648118e+00
-1.285146737517476989e+00
-1.284210261887088089e+00
-1.283292583938735909e+00
-1.282395526999322577e+00
-1.281519888500624482e+00
-1.280667439125001250e+00
-1.279838996462032474e+00
-1.279036264205426709e+00
-1.278260064788888206e+00
-1.277512020105347812e+00
-1.276792941846633722e+00
-1.276104355094067166e+00
-1.275447045220289288e+00
-1.274822425579775542e+00
-1.274231239959911832e+00
-1.273674775480455379e+00
-1.273153719704664733e+00
-1.272669219737478263e+00
-1.272221893226225697e+00
-1.271812734527485445e+00
-1.271442278941097737e+00
-1.271111356694951677e+00
-1.270820409865581535e+00
-1.270570094808240125e+00
-1.270360751322989534e+00
-1.270192854034094321e+00
-1.270066633462487049e+00
-1.269982376733912899e+00
-1.269940200317805523e+00
