nan
nan
nan
nan
nan
nan
nan
nan
nan
nan
nan
nan
nan
nan
nan
nan
nan
nan
nan
nan
nan
nan
nan
nan
nan
nan
nan
nan
nan
nan
nan
nan
nan
nan
nan
nan
nan
nan
nan
nan
nan
nan
nan
nan
nan
nan
nan
nan
nan
nan
nan
nan
nan
nan
nan
nan
nan
nan
nan
nan
nan
nan
nan
nan
nan
nan
nan
nan
nan
nan
nan
nan
nan
nan
nan
nan
4.341708889091446366e+00
5.280657912454818970e+00
5.492950407810713642e+00
5.560852822148321550e+00
5.569083180657383281e+00
5.546136362034942202e+00
5.504680806089051970e+00
5.451520078008793568e+00
5.390699587246310820e+00
5.324828918259047583e+00
5.255627265715328456e+00
5.184285260948657381e+00
5.111612749740674921e+00
5.038187522189620182e+00
4.964400992588873684e+00
4.890533821830207017e+00
4.816767310958693926e+00
4.743226524828496160e+00
4.669979130788245669e+00
4.597061431687251343e+00
4.524473038666381619e+00
4.452192545540589741e+00
4.380171456268417529e+00
4.308342655206910621e+00
4.236614596104135266e+00
4.164874329571874867e+00
4.092980677350625207e+00
4.020764578510304332e+00
3.948020752479150630e+00
3.874888086541293575e+00
3.817604643117572749e+00
3.922785379540171036e+00
4.362966837097657979e+00
4.837724541791501132e+00
4.890034529823082288e+00
4.904571956385070486e+00
4.916857270729415141e+00
4.927891325360320707e+00
4.937662368879668584e+00
4.946277535939525016e+00
4.953725161990081283e+00
4.960096049816576702e+00
4.965390218180765203e+00
4.969683511249582963e+00
4.972980197096770638e+00
4.975343382894916289e+00
4.976778215393422578e+00
4.977337506780366461e+00
4.977026144789867601e+00
4.975888935193359508e+00
4.973930388362153288e+00
4.971189247927699562e+00
4.967669899565725800e+00
4.963406564595680415e+00
4.958403820435040465e+00
4.952692523499070631e+00
4.946277699267129790e+00
4.939187674352895741e+00
4.931428084456614513e+00
4.923025308745312856e+00
4.913985666221975634e+00
4.904333982382495627e+00
4.894077262270653428e+00
4.883239036051650217e+00
4.871826947862555990e+00
4.859863396659949153e+00
4.847356587012136231e+00
4.834327887223631492e+00
4.820785965903287895e+00
4.806751219753182980e+00
4.792232677450495082e+00
4.777249797138930276e+00
4.761811862983677202e+00
4.745937412204690453e+00
4.729635883804297336e+00
4.712924903411494171e+00
4.695813970890074351e+00
4.678319805893225158e+00
4.660451883343848856e+00
4.642226021691974402e+00
4.623651593913966629e+00
4.604743522854720439e+00
4.585511011396526726e+00
4.565968094078176165e+00
4.546123744095337038e+00
4.525991117033012934e+00
4.505578904822928443e+00
4.484899395522233156e+00
4.463960955595864810e+00
4.442775018884689509e+00
4.421349588846811507e+00
4.399695260016997622e+00
4.377819641259160122e+00
4.355732503963051450e+00
4.333441036064590968e+00
4.310954202887401721e+00
4.288278749720341843e+00
4.265422853464644781e+00
4.242392799064171882e+00
4.219195992947637031e+00
4.195838245513768605e+00
4.172326210725949558e+00
4.148665213286504283e+00
4.124861172611964832e+00
4.100918919252672268e+00
4.076843655800684196e+00
4.052639712632967850e+00
4.028311593061287610e+00
4.003863123536774538e+00
3.979298125550132958e+00
3.954619920109448739e+00
3.929831664488312448e+00
3.904936175083478123e+00
3.879935963038776414e+00
3.854833343584042282e+00
3.829630200852381705e+00
3.804328355434943632e+00
3.778929085324854942e+00
3.753433726800271319e+00
3.727842975331428832e+00
3.702157698023377908e+00
3.676378035496490337e+00
3.650504407020167985e+00
3.624536431836498984e+00
3.598474110783607571e+00
3.572316583221774700e+00
3.546063471537859169e+00
3.519713487697972099e+00
3.493265929435581452e+00
3.466719148611294710e+00
3.440072190257806639e+00
3.413323133213421290e+00
3.386470865540214703e+00
3.359513306404829702e+00
3.332449313781155720e+00
3.305276795245307930e+00
3.277994746331337694e+00
3.250601256769764635e+00
3.223095680568220267e+00
3.195476543247834034e+00
3.167743847589324702e+00
3.139896886682243426e+00
3.111936692485743894e+00
3.083863758823255807e+00
3.055680643531691665e+00
3.027389604885810659e+00
2.998995372103631318e+00
2.970502697847525297e+00
2.941919316172668886e+00
2.913253412325859326e+00
2.884516791561477778e+00
2.855722264755049977e+00
2.826887055217360167e+00
2.798030093380618144e+00
2.769175690878468377e+00
2.740350727647467455e+00
2.711588621282826850e+00
2.682926372424712103e+00
2.654408850231089634e+00
2.626085632691685490e+00
2.598015613240708621e+00
2.570263526523401065e+00
2.542904854207128196e+00
2.516021859258055215e+00
2.489708731659906249e+00
2.464066863167889476e+00
2.439210135666805446e+00
2.415259059747668413e+00
2.392346097445874342e+00
2.370608181670915915e+00
2.350192041034087520e+00
2.331244544723965362e+00
2.313918260550716255e+00
2.298359039569564999e+00
2.284712638582317101e+00
2.273108824950170082e+00
2.263671128468010885e+00
2.256495739117143629e+00
2.251669861412638252e+00
2.250116834152540601e+00
