1.288636097161985627e-01
1.292353506537669283e-01
1.299788579704092284e-01
1.310942261314000934e-01
1.325815321815626280e-01
1.344409667058322766e-01
1.366726605241805337e-01
1.392769036752984912e-01
1.422538844108196809e-01
1.456039972883489964e-01
1.493274931886167667e-01
1.534248780631312370e-01
1.578964722410858557e-01
1.627429018612154832e-01
1.679645652503560793e-01
1.735622195875170248e-01
1.795363516142556293e-01
1.858878626410303547e-01
1.926173402813951829e-01
1.997258455274136812e-01
2.072140815738781061e-01
2.150832873739631501e-01
2.233342989228516984e-01
2.319685544721819537e-01
2.409870428591245339e-01
2.503914264269958556e-01
2.601828700966707930e-01
2.703632890335432859e-01
2.809340511403932705e-01
2.918973576549732662e-01
3.032548105681934780e-01
3.150089356668948626e-01
3.271616050129056985e-01
3.397157135046707799e-01
3.526734449465038779e-01
3.660381150459184330e-01
3.798122677010166703e-01
3.939996995477330066e-01
4.086033708229733774e-01
4.236276292191188952e-01
4.390759169454065969e-01
4.549532148558517175e-01
4.712635240045975893e-01
4.880125549474256808e-01
5.052049579993296291e-01
5.228472874845195850e-01
5.409449498259657485e-01
5.595054786285005299e-01
5.785351633447853859e-01
5.980426788298441876e-01
6.180353491914001296e-01
6.385231854318028644e-01
6.595147285685311056e-01
6.810215620163374561e-01
7.030536642300513339e-01
7.256244798082327474e-01
7.487456933804762516e-01
7.724329668956866346e-01
7.967000211248873587e-01
8.215651791193011588e-01
8.470446061730438903e-01
8.731598456072007242e-01
8.999300168723143312e-01
9.273805972212937343e-01
9.555343016588213612e-01
9.844214655623011456e-01
1.014069213654012147e+00
1.044513956456862180e+00
1.075788272033095350e+00
1.107936283278505574e+00
1.140997403909954633e+00
1.175025854683233062e+00
1.210070633521658223e+00
1.246204323048913931e+00
1.283519891651181855e+00
1.322289553216041913e+00
1.363456790718478917e+00
1.409053028766199978e+00
1.460458672539333591e+00
1.517371509289364040e+00
1.578861787737478650e+00
1.643871121196577745e+00
1.711440543365690514e+00
1.780719304655204560e+00
1.851025808050054788e+00
1.921801229760875085e+00
1.992626774633343256e+00
2.063168903347183836e+00
2.133188866465030920e+00
2.202495548304245876e+00
2.270958267864303881e+00
2.338468504915059754e+00
2.404956958670057876e+00
2.470361364200117205e+00
2.534646723968415838e+00
2.597776369124142892e+00
2.659734579686689138e+00
2.720498677324244330e+00
2.780063961480280454e+00
2.838414972427623972e+00
2.895553441641515402e+00
2.951466668690835515e+00
3.006160269011175945e+00
3.059620441242070221e+00
3.111855655008102239e+00
3.162845665095158409e+00
3.212604346277289746e+00
3.261110388076152056e+00
3.308646583832384636e+00
3.355594136226984769e+00
3.401985006237628895e+00
3.447775019524685902e+00
3.492909113096162699e+00
3.537347525389164637e+00
3.581044800724586086e+00
3.623968503487871917e+00
3.666083591566002386e+00
3.707365970687203305e+00
3.747790642232161407e+00
3.787341827356005552e+00
3.826003647927650686e+00
3.863767935832715938e+00
3.900626709380743407e+00
3.936578367701748959e+00
3.971621504099415834e+00
4.005759937632022982e+00
4.038997558282869882e+00
4.071342496167458691e+00
4.102802782853481212e+00
4.133389863054647506e+00
4.163114912600438977e+00
4.191991835862030946e+00
4.220034118674147905e+00
4.247257414262461062e+00
4.273676836309163285e+00
4.299309209056424663e+00
4.324170725594900233e+00
4.348278919302800638e+00
4.371650627525475841e+00
4.394303728566884004e+00
4.416255362565405740e+00
4.437523468985069997e+00
4.458125225566965888e+00
4.478078414463454671e+00
4.497400047278271806e+00
4.516107582872136206e+00
4.534217712151707325e+00
4.551747446644193396e+00
4.568713041194278013e+00
4.585130969324126227e+00
4.601016965604776132e+00
4.616386901360717943e+00
4.631255931393221559e+00
4.645639281600320913e+00
4.659551487093947841e+00
4.673007101676804886e+00
4.686020016328421356e+00
4.698604099131348022e+00
4.710772584692088927e+00
4.722538651982118196e+00
4.733914876577254738e+00
4.744913752930341566e+00
4.755547202410989271e+00
4.765827045722661026e+00
4.775764560645795243e+00
4.785370909626905700e+00
4.794656741904742780e+00
4.803632580712115185e+00
4.812308465123505741e+00
4.820694300805015153e+00
4.828799537483596360e+00
4.836633486743627586e+00
4.844205031499232206e+00
4.851522913956893390e+00
4.858595473886474281e+00
4.865430909539086635e+00
4.872037041870592944e+00
4.878421550915093441e+00
4.884591763425650157e+00
4.890554866950471258e+00
4.896317718626523430e+00
4.901887038982504663e+00
4.907269239858101706e+00
4.912470599761020296e+00
4.917497109092527907e+00
4.922354628711619995e+00
4.927048750830680390e+00
4.931584942284987783e+00
4.935968419624165548e+00
4.940204278447358988e+00
4.944297381359382015e+00
4.948252474608946017e+00
4.952074087705564231e+00
4.955766638488015907e+00
4.959334343311467386e+00
4.962781311574413046e+00
4.966111465486596543e+00
4.969328624993768706e+00
4.972436436227452461e+00
4.975438447686646448e+00
4.978338046551653129e+00
4.981138526909236752e+00
4.983843033185839211e+00
4.986454621137000665e+00
4.988976207720850375e+00
4.991410625512983756e+00
4.993760578400604722e+00
4.996028690029626240e+00
4.998217464753518691e+00
5.000329330669897487e+00
5.002366605306840519e+00
5.004331533760890238e+00
5.006226258647894944e+00
5.008052853812799299e+00
5.009813298112359981e+00
5.011509505128997510e+00
5.013143300389408807e+00
5.014716447479647954e+00
5.016230628337303266e+00
5.017687466132350060e+00
5.019088508301249085e+00
5.020435246528057505e+00
5.021729102216786700e+00
5.022971443879022502e+00
5.024163574766444817e+00
5.025306747944703112e+00
5.026402155831137364e+00
5.027450943209480272e+00
5.028454198438667255e+00
5.029412964638657613e+00
5.030328232354945861e+00
5.031200949122370147e+00
5.032032013386603886e+00
5.032822282630398547e+00
5.033572568368688493e+00
5.034283643000626363e+00
5.034956235710148498e+00
5.035591038188813151e+00
5.036188701290051029e+00
5.036749839753325908e+00
5.037275029479370225e+00
5.037764811376044705e+00
5.038219689143389246e+00
5.038640132354434975e+00
5.039026574660700142e+00
5.039379416213997764e+00
5.039699022222166036e+00
5.039985724808132339e+00
5.040239821860796887e+00
5.040461578415929011e+00
5.040651225760913512e+00
5.040808962411181149e+00
5.040934953443073852e+00
5.041029331131338331e+00
5.041092194500761181e+00
5.041123609681322115e+00
