-3.272244501578593034e+00
-3.272718082179976840e+00
-3.273665367653792124e+00
-3.275086296834734956e+00
-3.276981243560412871e+00
-3.279350087427109983e+00
-3.282193454925245835e+00
-3.285511170291626648e+00
-3.289304117860382792e+00
-3.293572072395630101e+00
-3.298316183449356842e+00
-3.303536184300884582e+00
-3.309233499400706435e+00
-3.315407830759621088e+00
-3.322060889873495793e+00
-3.329192360095166503e+00
-3.336804254781089885e+00
-3.344896253830664357e+00
-3.353470690180736735e+00
-3.362527258330801239e+00
-3.372068631727570764e+00
-3.382094540680492756e+00
-3.392608023652888161e+00
-3.403608871519379964e+00
-3.415100516319102830e+00
-3.427082838236773288e+00
-3.439559696047473469e+00
-3.452531092559559145e+00
-3.466001351680536136e+00
-3.479970637389721233e+00
-3.494443783135288584e+00
-3.509421158690754439e+00
-3.524908158387491053e+00
-3.540905409485465061e+00
-3.557418926691789718e+00
-3.574449654721128411e+00
-3.592004297751866915e+00
-3.610084187647776499e+00
-3.628696798587013550e+00
-3.647843930868508000e+00
-3.667533922669192759e+00
-3.687769137914638229e+00
-3.708558889014650806e+00
-3.729906215425522475e+00
-3.751821533382301954e+00
-3.774308690244422060e+00
-3.797379359442418334e+00
-3.821038353254770925e+00
-3.845298784827550609e+00
-3.870166619078513559e+00
-3.895656627325796428e+00
-3.921776152624432132e+00
-3.948541887880845813e+00
-3.975962827344759365e+00
-4.004057905047274879e+00
-4.032838099563656797e+00
-4.062324977231477341e+00
-4.092531910335772238e+00
-4.123483580764233380e+00
-4.155196262142576202e+00
-4.187698355100719638e+00
-4.221009669470599412e+00
-4.255163086392751204e+00
-4.290182753780922731e+00
-4.326107007704734109e+00
-4.362965356389065796e+00
-4.400802858123090466e+00
-4.439655694330965297e+00
-4.479577331046005639e+00
-4.520612315674717330e+00
-4.562824870283558987e+00
-4.606270188206071481e+00
-4.651027571412248207e+00
-4.697170363257026970e+00
-4.744829257774521025e+00
-4.794266235171665613e+00
-4.846342963673417437e+00
-4.902397099626441879e+00
-4.962907533010854522e+00
-5.027340891176860893e+00
-5.094880094436218698e+00
-5.164711882207948079e+00
-5.236090905617385438e+00
-5.308405271401671399e+00
-5.381136021681578008e+00
-5.453898010710497068e+00
-5.526368416050641663e+00
-5.598327966262075961e+00
-5.669584551139233319e+00
-5.740021710800840005e+00
-5.809525454582613158e+00
-5.878038592559364339e+00
-5.945491984604285740e+00
-6.011861680253906215e+00
-6.077104249029251726e+00
-6.141214270547842524e+00
-6.204163395382165547e+00
-6.265956506878335830e+00
-6.326574445383005951e+00
-6.386027650762803987e+00
-6.444302806664351735e+00
-6.501412876126015483e+00
-6.557348408577796661e+00
-6.612122411512625142e+00
-6.665728209625303435e+00
-6.718175727826086074e+00
-6.769461479189864406e+00
-6.819612863505144951e+00
-6.868865067303432603e+00
-6.917460550918103301e+00
-6.965346482518858906e+00
-7.012505554505090721e+00
-7.058878159281961828e+00
-7.104445080897087372e+00
-7.149160811956094541e+00
-7.193009834640378131e+00
-7.235958768337521718e+00
-7.277997557581894483e+00
-7.319103524466703092e+00
-7.359272413617418351e+00
-7.398490804679013877e+00
-7.436759864670357878e+00
-7.474073951322544040e+00
-7.510438934748644435e+00
-7.545855522004350391e+00
-7.580333447512423106e+00
-7.613878462519481971e+00
-7.646503335111025201e+00
-7.678217719983664757e+00
-7.709036661693253301e+00
-7.738972755042404117e+00
-7.768042663737198872e+00
-7.796261130094448433e+00
-7.823645885170021685e+00
-7.850213178369370937e+00
-7.875981357117204595e+00
-7.900967666121889721e+00
-7.925190709391351618e+00
-7.948668320781973939e+00
-7.971419079445679401e+00
-7.993461088919241675e+00
-8.014812686054654023e+00
-8.035491996186818753e+00
-8.055516947252595372e+00
-8.074905497154249545e+00
-8.093675038916515518e+00
-8.111843220345381411e+00
-8.129426807279944711e+00
-8.146443030361535165e+00
-8.162907964325032850e+00
-8.178838343008392187e+00
-8.194249508700774953e+00
-8.209157641346072509e+00
-8.223577325976394903e+00
-8.237524151038687847e+00
-8.251011931153971801e+00
-8.264055641910877270e+00
-8.276668323759214019e+00
-8.288864329715005752e+00
-8.300655931602875626e+00
-8.312056857149185518e+00
-8.323078624192312702e+00
-8.333734336796394970e+00
-8.344034780507168847e+00
-8.353992441692620119e+00
-8.363617398798590230e+00
-8.372921532033766212e+00
-8.381914238362421443e+00
-8.390606809095034535e+00
-8.399007985037558299e+00
-8.407128489619433154e+00
-8.414976433769387754e+00
-8.422561995035172444e+00
-8.429892682979245322e+00
-8.436978150622843842e+00
-8.443825336506030510e+00
-8.450443390228572937e+00
-8.456838709667973575e+00
-8.463019963073726615e+00
-8.468993036529949947e+00
-8.474766140210938659e+00
-8.480344675963381817e+00
-8.485736419030383004e+00
-8.490946314622274116e+00
-8.495981724450382799e+00
-8.500847165512832149e+00
-8.505549605375692934e+00
-8.510093161170997789e+00
-8.514484425056158656e+00
-8.518727140631733974e+00
-8.522827544334543148e+00
-8.526789029473293979e+00
-8.530617497457928522e+00
-8.534316012319122180e+00
-8.537890160504577608e+00
-8.541342697542546603e+00
-8.544678912456342701e+00
-8.547901274103780977e+00
-8.551014788681886358e+00
-8.554021660661380366e+00
-8.556926626418555060e+00
-8.559731646990929477e+00
-8.562441202087891057e+00
-8.565057027696896697e+00
-8.567583360699760675e+00
-8.570021728210228673e+00
-8.572376137866351442e+00
-8.574647923280638295e+00
-8.576840874871505704e+00
-8.578956148325222131e+00
-8.580997326955687399e+00
-8.582965404065570070e+00
-8.584863764819997911e+00
-8.586693254765359384e+00
-8.588457069521961529e+00
-8.590155920278810697e+00
-8.591792821223695142e+00
-8.593368362153595896e+00
-8.594885382421042053e+00
-8.596344364183988063e+00
-8.597747976187928742e+00
-8.599096607954503924e+00
-8.600392759726796399e+00
-8.601636743892875359e+00
-8.602830893400282619e+00
-8.603975458153694689e+00
-8.605072605417882770e+00
-8.606122535347120461e+00
-8.607127252253128802e+00
-8.608086916714276171e+00
-8.609003374302892198e+00
-8.609876752779475950e+00
-8.610708745387253060e+00
-8.611499448986043248e+00
-8.612250414197154313e+00
-8.612961703066082109e+00
-8.613634737031061306e+00
-8.614269534659300120e+00
-8.614867404116932192e+00
-8.615428310455705230e+00
-8.615953464301203013e+00
-8.616442769575913374e+00
-8.616897352480222594e+00
-8.617317052628353125e+00
-8.617702921532293558e+00
-8.618054735451055492e+00
-8.618373478874875815e+00
-8.618658868148411756e+00
-8.618911829922955903e+00
-8.619132023669504150e+00
-8.619320339529444652e+00
-8.619476357373388353e+00
-8.619601015454520621e+00
-8.619693419620764629e+00
-8.619754869743486481e+00
-8.619785131398852940e+00
