5.643862746499341831e+00
5.643761304812135116e+00
5.643558408263354309e+00
5.643254043546299670e+00
5.642848170908419725e+00
5.642340763350762067e+00
5.641731753850743658e+00
5.641021100940158739e+00
5.640208709161595557e+00
5.639294521397157034e+00
5.638278412098936876e+00
5.637160306897105677e+00
5.635940047980919410e+00
5.634617541679277863e+00
5.633192595195167129e+00
5.631665093026847480e+00
5.630034804072464816e+00
5.628301587948707940e+00
5.626465171280165656e+00
5.624525385178086978e+00
5.622481909306962677e+00
5.620334542012986212e+00
5.618082910513667372e+00
5.615726775418533379e+00
5.613265705110785042e+00
5.610699416687465302e+00
5.608027412288504543e+00
5.605249358807086857e+00
5.602364683562643499e+00
5.599372995503067330e+00
5.596273637204088658e+00
5.593066150714130380e+00
5.589749782380211585e+00
5.586323996987029972e+00
5.582787931342989118e+00
5.579140960954635631e+00
5.575382097634909329e+00
5.571510613654274913e+00
5.567525377830208733e+00
5.563425542935646284e+00
5.559209813759222740e+00
5.554877204567254978e+00
5.550426231442384228e+00
5.545855747836662353e+00
5.541164052040411292e+00
5.536349810397730664e+00
5.531411068943985043e+00
5.526346275772271888e+00
5.521153183591646751e+00
5.515829985160399573e+00
5.510374090596234176e+00
5.504783392908774609e+00
5.499054900106407295e+00
5.493186151925077532e+00
5.487173681787343327e+00
5.481014611219471533e+00
5.474704910023519666e+00
5.468241202178660387e+00
5.461618783416922085e+00
5.454833682517930882e+00
5.447880382621542061e+00
5.440754196191043057e+00
5.433448617885685117e+00
5.425958092472685124e+00
5.418274899633578556e+00
5.410392425815085282e+00
5.402301439334038058e+00
5.393994026640397621e+00
5.385459050134894454e+00
5.376686989390933036e+00
5.367664276268790502e+00
5.358379440167087004e+00
5.348816085662396524e+00
5.338962099782355253e+00
5.328808559066528616e+00
5.318404968184254678e+00
5.308037848085120025e+00
5.298412916132074102e+00
5.290105736109421031e+00
5.283176845058963345e+00
5.277478420900128420e+00
5.272802900474785837e+00
5.268953364094945080e+00
5.265746028841645554e+00
5.263032451616932228e+00
5.260687261744943832e+00
5.258617182710144000e+00
5.256745910602397487e+00
5.255019832158055237e+00
5.253394441642857515e+00
5.251840175889594953e+00
5.250330926505562879e+00
5.248850601792558912e+00
5.247383115616782057e+00
5.245919595892531540e+00
5.244449137000706251e+00
5.242966577654006421e+00
5.241463420097663750e+00
5.239936258049382900e+00
5.238377318620303313e+00
5.236783829399893619e+00
5.235147535031117627e+00
5.233465627686999078e+00
5.231728176194763158e+00
5.229932019886476269e+00
5.228063715273211010e+00
5.226120498431742867e+00
5.224087111697794938e+00
5.222051794861795493e+00
5.220146161474727542e+00
5.218390805147677725e+00
5.216780158610001550e+00
5.215303483101129345e+00
5.213953616950871783e+00
5.212720043762701927e+00
5.211595197134582413e+00
5.210569346050822226e+00
5.209635207905315646e+00
5.208784100594502142e+00
5.208009421941816264e+00
5.207303643306075536e+00
5.206661014851968972e+00
5.206075147808231662e+00
5.205541172112323700e+00
5.205053751225696246e+00
5.204608840012444837e+00
5.204202029742841518e+00
5.203830005949179771e+00
5.203489152586602273e+00
5.203176779055655565e+00
5.202889931931697021e+00
5.202626440372809746e+00
5.202383896643053340e+00
5.202160555765713568e+00
5.201954454962156582e+00
5.201764194286829124e+00
5.201588171536071670e+00
5.201425264240894464e+00
5.201274161391799211e+00
5.201133962637338293e+00
5.201003591817363159e+00
5.200882325922748350e+00
5.200769278247837413e+00
5.200663867221828163e+00
5.200565359195620907e+00
5.200473285403377055e+00
5.200387036140144303e+00
5.200306232682905261e+00
5.200230366002401183e+00
5.200159129351417775e+00
5.200092095767790745e+00
5.200029016144222638e+00
5.199969530680126795e+00
5.199913436526112598e+00
5.199860429075933155e+00
5.199810342689975329e+00
5.199762918320247174e+00
5.199718020331588697e+00
5.199675427449375498e+00
5.199635028293108974e+00
5.199596633049234917e+00
5.199560149992985103e+00
5.199525415633742043e+00
5.199492354214961587e+00
5.199460824369651846e+00
5.199430763345237239e+00
5.199402048452064662e+00
5.199374627552518113e+00
5.199348393794043233e+00
5.199323303723650369e+00
5.199299263975169616e+00
5.199276238216599566e+00
5.199254144614328332e+00
5.199232952687667719e+00
5.199212590504759035e+00
5.199193032402875225e+00
5.199174214985032627e+00
5.199156116563635521e+00
5.199138681126219019e+00
5.199121890271506174e+00
5.199105694399531075e+00
5.199090077831408863e+00
5.199074996555133943e+00
5.199060437151822534e+00
5.199046360495364283e+00
5.199032755047285903e+00
5.199019585967433521e+00
5.199006843285869373e+00
5.198994495933981774e+00
5.198982535254046411e+00
5.198970933506513958e+00
5.198959683135278453e+00
5.198948759348149373e+00
5.198938155517826232e+00
5.198927849469378693e+00
5.198917835362834694e+00
5.198908093354472015e+00
5.198898618276305506e+00
5.198889392367574303e+00
5.198880411038876659e+00
5.198871658396829076e+00
5.198863130355766415e+00
5.198854812702538908e+00
5.198846701796229652e+00
5.198838784941760771e+00
5.198831058897725121e+00
5.198823512347116704e+00
5.198816142414921515e+00
5.198808939042124599e+00
5.198801899697911288e+00
5.198795015479331205e+00
5.198788284187655151e+00
5.198781697990900952e+00
5.198775255019880248e+00
5.198768948444340232e+00
5.198762776731434165e+00
5.198756733998601831e+00
5.198750819065448781e+00
5.198745026957872994e+00
5.198739356873463890e+00
5.198733804721823226e+00
5.198728370113571806e+00
5.198723049831377452e+00
5.198717843943305716e+00
5.198712750107825187e+00
5.198707768903465087e+00
5.198702898879048462e+00
5.198698141183295540e+00
5.198693495278754462e+00
5.198688962947006331e+00
5.198684544591259282e+00
5.198680242685100872e+00
5.198676058594559279e+00
5.198671995530976808e+00
5.198668055828715495e+00
5.198664243455826117e+00
5.198660561688917880e+00
5.198657015229254164e+00
5.198653608222056910e+00
5.198650346020950330e+00
5.198647233505570675e+00
5.198644276534010622e+00
5.198641480520040048e+00
5.198638851610935419e+00
5.198636395493125839e+00
5.198634118330510923e+00
5.198632025773933130e+00
5.198630123691908800e+00
5.198628417364638210e+00
5.198626912035200220e+00
5.198625612273604979e+00
5.198624522372968570e+00
5.198623645874445032e+00
5.198622985830220422e+00
5.198622544485799857e+00
5.198622323428686798e+00
