3.739595175880610495e-02
3.739549208896203458e-02
3.739457263235542589e-02
3.739319292045262949e-02
3.739135260277676870e-02
3.738905074256271277e-02
3.738628675662356710e-02
3.738305924058725471e-02
3.737936738000989523e-02
3.737520930390396401e-02
3.737058396868419424e-02
3.736548903817363959e-02
3.735992324250717728e-02
3.735388378227007949e-02
3.734736916503569870e-02
3.734037613074745604e-02
3.733290296913167883e-02
3.732494596287765087e-02
3.731650318974724656e-02
3.730757047953515287e-02
3.729814570529817880e-02
3.728822424948378955e-02
3.727780378932854521e-02
3.726687926692742736e-02
3.725544817450029272e-02
3.724350502253657991e-02
3.723104713131174942e-02
3.721806859056898259e-02
3.720456656438828058e-02
3.719053473516199804e-02
3.717597012967841646e-02
3.716086603940847027e-02
3.714521937646965422e-02
3.712902306145625386e-02
3.711227391881002924e-02
3.709496452259237326e-02
3.707709164170806121e-02
3.705864753312995002e-02
3.703962894840921033e-02
3.702002786291584691e-02
3.699984105613417923e-02
3.697906026446580452e-02
3.695768234896022048e-02
3.693569885813642595e-02
3.691310679805180628e-02
3.688989759041978733e-02
3.686606846128717002e-02
3.684161077845184845e-02
3.681652207651617270e-02
3.679079375623000442e-02
3.676442376533334971e-02
3.673740364095115507e-02
3.670973186745771222e-02
3.668140024141769429e-02
3.665240792972174200e-02
3.662274713478981536e-02
3.659241787847331007e-02
3.656141294329607466e-02
3.652973341013338038e-02
3.649737284914521956e-02
3.646433364206772693e-02
3.643061039418643565e-02
3.639620707526273341e-02
3.636111962139058212e-02
3.632535393219014919e-02
3.628890762870144726e-02
3.625178894856934814e-02
3.621399762329968741e-02
3.617554471777414266e-02
3.613643258736686653e-02
3.609667571322900531e-02
3.605627969729956195e-02
3.601526315005549456e-02
3.597363568035313180e-02
3.593142089594276306e-02
3.588863334657384219e-02
3.584530267754015842e-02
3.580144938852062447e-02
3.575710926045291838e-02
3.571230147349215706e-02
3.566702050907510912e-02
3.562114657001189122e-02
3.557449286009729122e-02
3.552684503237919095e-02
3.547801832473239381e-02
3.542783240028262587e-02
3.537614195758986835e-02
3.532280196787741799e-02
3.526769699688050985e-02
3.521070386504496219e-02
3.515172333222094103e-02
3.509064168556780966e-02
3.502736558686985607e-02
3.496178238864615373e-02
3.489379809490234657e-02
3.482329582838887549e-02
3.475017682833488053e-02
3.467431651367219869e-02
3.459560859347082101e-02
3.451391822440758039e-02
3.442912946059145662e-02
3.434109500902535195e-02
3.424968737632898969e-02
3.415474468011348019e-02
3.405612597629340682e-02
3.395365249258321810e-02
3.384716775960280172e-02
3.373647349530816547e-02
3.362139533168975736e-02
3.350171239072526758e-02
3.337722960880979556e-02
3.324769980075179682e-02
3.311290383782417718e-02
3.297256371134470870e-02
3.282643207001027796e-02
3.267419458424749429e-02
3.251557032819862858e-02
3.235020219865946539e-02
3.217776799877269944e-02
3.199786198211511390e-02
3.181010616838157723e-02
3.161407280091430017e-02
3.140956553600578183e-02
3.119945941528068714e-02
3.099233972831126963e-02
3.079336926005078398e-02
3.060233808810221973e-02
3.041880335997437790e-02
3.024203081604368015e-02
3.007154660643627381e-02
2.990676089689713393e-02
2.974725768955245597e-02
2.959255091243380778e-02
2.944228241317941794e-02
2.929604531943401369e-02
2.915353265854939493e-02
2.901440022877926905e-02
2.887838472655070154e-02
2.874519244615597949e-02
2.861459682998833756e-02
2.848634531253275981e-02
2.836024209345747865e-02
2.823606839932090232e-02
2.811365414448885672e-02
2.799280850399196371e-02
2.787338291677147681e-02
2.775520982270157644e-02
2.763815872832905279e-02
2.752208156480175083e-02
2.740686306639771030e-02
2.729237160452152242e-02
2.717850481541619206e-02
2.706514503868424903e-02
2.695220091324000006e-02
2.683956674235854836e-02
2.672716062184615077e-02
2.661488719439801184e-02
2.650267276043022369e-02
2.639043098927092851e-02
2.627809537811056154e-02
2.616558756702305408e-02
2.605284744662614976e-02
2.593980378525955269e-02
2.582640223559676262e-02
2.571257803034042097e-02
2.559828209835038684e-02
2.548345562334060344e-02
2.536805444840173340e-02
2.525202532279478135e-02
2.513532874814119328e-02
2.501791676324854538e-02
2.489975436432564915e-02
2.478079869812165395e-02
2.466101917127878212e-02
2.454037793887331800e-02
2.441884880367330840e-02
2.429639890116024395e-02
2.417300647743767655e-02
2.404864368353741913e-02
2.392329331057253122e-02
2.379693261602365897e-02
2.366954908610409414e-02
2.354112522510773062e-02
2.341165340758132735e-02
2.328112156896209456e-02
2.314952720381347265e-02
2.301686390209579935e-02
2.288313454424327140e-02
2.274833863266254377e-02
2.261248472966685685e-02
2.247557853831790714e-02
2.233763462507469544e-02
2.219866520799081491e-02
2.205869120227929581e-02
2.191773167724098831e-02
2.177581425971310616e-02
2.163296522399976371e-02
2.148921928529219649e-02
2.134461028935924834e-02
2.119918042543740902e-02
2.105297148456375042e-02
2.090603351908036645e-02
2.075841664028927128e-02
2.061017914955331348e-02
2.046137984744891142e-02
2.031208565942961564e-02
2.016236442987471428e-02
2.001229206337293287e-02
1.986194577802779040e-02
1.971141078158722762e-02
1.956077395908914843e-02
1.941013010127614138e-02
1.925957600216585477e-02
1.910921625542862795e-02
1.895915773776848251e-02
1.880951498719557469e-02
1.866040504823241256e-02
1.851195244428760142e-02
1.836428436070244169e-02
1.821753522174558021e-02
1.807184218745084767e-02
1.792734934415072048e-02
1.778420349101015804e-02
1.764255795157896461e-02
1.750256862601437188e-02
1.736439742996436983e-02
1.722820858884803116e-02
1.709417170963090440e-02
1.696245829437991598e-02
1.683324445033642855e-02
1.670670760149717965e-02
1.658302884303551258e-02
1.646238983210345647e-02
1.634497479429855918e-02
1.623096757844706001e-02
1.612055332563048712e-02
1.601391567754380588e-02
1.591123812266632617e-02
1.581270135392789586e-02
1.571848431187312586e-02
1.562876169467106169e-02
1.554370472432297853e-02
1.546347882014891505e-02
1.538824412071884348e-02
1.531815334022180661e-02
1.525335208510524357e-02
1.519397692031887459e-02
1.514015552467737509e-02
1.509200499985880253e-02
1.504963191123060047e-02
1.501313087566372509e-02
1.498258453404700298e-02
1.495806245364583384e-02
1.493962107415868976e-02
1.492730295610402574e-02
1.492113673393076143e-02
