2.152247996164855522e+03
2.151159175840701664e+03
2.148982855374755673e+03
2.145722073954204461e+03
2.141380779070915651e+03
2.135965021104245807e+03
2.129481335880654115e+03
2.121938729378366588e+03
2.113346261432252504e+03
2.103715811213564393e+03
2.093058873822855276e+03
2.081390093565553798e+03
2.068723288931101251e+03
2.055075737158148513e+03
2.040463446719012836e+03
2.024906173275863011e+03
2.008421962244353836e+03
1.991032873012779646e+03
1.972758817416667853e+03
1.953623966054564107e+03
1.933649911536437912e+03
1.912862727910475314e+03
1.891285490323090926e+03
1.868945955998818818e+03
1.845868474438964085e+03
1.822082256101042276e+03
1.797612709435566558e+03
1.772490261424622759e+03
1.746741159577850567e+03
1.720396806849081713e+03
1.693484068142650131e+03
1.666035080878655208e+03
1.638077106548133543e+03
1.609642777402439151e+03
1.580759534070267364e+03
1.551460268590201167e+03
1.521772388963571075e+03
1.491728819156825693e+03
1.461356730559033167e+03
1.430688860845489216e+03
1.399751950397596602e+03
1.368578344348366272e+03
1.337194168713754607e+03
1.305631184045713326e+03
1.273914730653013521e+03
1.242075808948898384e+03
1.210138814532607967e+03
1.178133831128620159e+03
1.146084162279945986e+03
1.114018840768192376e+03
1.081959939967215860e+03
1.049935334997580640e+03
1.017965734489941724e+03
9.860777874255877578e+02
9.542906959447095687e+02
9.226298869451630935e+02
8.911129200867239888e+02
8.597643299335073834e+02
8.286006238559747317e+02
7.976498566620300608e+02
7.669444876702259535e+02
7.365972263053502047e+02
7.069807870740175986e+02
6.791953472849245372e+02
6.547244661977041460e+02
6.341930054314892686e+02
6.173269183132832723e+02
6.036058018857569323e+02
5.924807174123093318e+02
5.834601784373553528e+02
5.761104959588034262e+02
5.700759154518046898e+02
5.650600354644401477e+02
5.608321940344550285e+02
5.572048977524267457e+02
5.540378875670360230e+02
5.512170197668689298e+02
5.486601063308112316e+02
5.462983598043568918e+02
5.440846473661983964e+02
5.419769398289630544e+02
5.399485625801124797e+02
5.379728171793784668e+02
5.360347171984921033e+02
5.341161126552318592e+02
5.322085488015275132e+02
5.302984315751193662e+02
5.283808040836303235e+02
5.264442458290423019e+02
5.244854749804975427e+02
5.224937710988583603e+02
5.204663857054160871e+02
5.183923337810505245e+02
5.162686440236825547e+02
5.140833933660496768e+02
5.118328622582226899e+02
5.095036984296748983e+02
5.070910678315516407e+02
5.045798340393105264e+02
5.019638152523650092e+02
4.992258565727116206e+02
4.963583190707291237e+02
4.933419049745169787e+02
4.901675169328403854e+02
4.868136717348703542e+02
4.832698763421185504e+02
4.795124340435344834e+02
4.755294858518617502e+02
4.712949718964359249e+02
4.667954741354145654e+02
4.620020423295631531e+02
4.568989315047301716e+02
4.514529539376984530e+02
4.456441517036494133e+02
4.394325592858788809e+02
4.327914512820071877e+02
4.256748092268120445e+02
4.180630445044538988e+02
4.099633292478690123e+02
4.015064344352167609e+02
3.929255652163006971e+02
3.844470449554102061e+02
3.761733852452149449e+02
3.681450025586806305e+02
3.603527684733080036e+02
3.528031380519335016e+02
3.454765757763931902e+02
3.383840588806288565e+02
3.315029811018596320e+02
3.248674492289914042e+02
3.186458371553862889e+02
3.136287543445715755e+02
3.102226811060451723e+02
3.080027945097577344e+02
3.065853974433139228e+02
3.056459557681821479e+02
3.050096904133869202e+02
3.045440592154521369e+02
3.041933845743015468e+02
3.039060330992370496e+02
3.036684660807794103e+02
3.034575873222763107e+02
3.032730425238302132e+02
3.031020936842899118e+02
3.029482218125739905e+02
3.028028479532585493e+02
3.026703105232183475e+02
3.025439550852205457e+02
3.024280622499904894e+02
3.023170439737678521e+02
3.022148846149175370e+02
3.021167014162518285e+02
3.020261551896594483e+02
3.019388919360509931e+02
3.018582778309385617e+02
3.017803839931412426e+02
3.017083193410758781e+02
3.016385093158891095e+02
3.015738390118655730e+02
3.015110352017333071e+02
3.014527867573077060e+02
3.013960801957071567e+02
3.013434306601188268e+02
3.012920509421271049e+02
3.012443009198493087e+02
3.011975922959794048e+02
3.011541450275936427e+02
3.011115470941786043e+02
3.010718914451674664e+02
3.010329234300527901e+02
3.009966199835257612e+02
3.009608678947743101e+02
3.009275375361980309e+02
3.008946436089079839e+02
3.008639581221800086e+02
3.008336121191452435e+02
3.008052864123387735e+02
3.007772184264295561e+02
3.007510040826777526e+02
3.007249785604013255e+02
3.007006584700783378e+02
3.006764692320631411e+02
3.006538531104575895e+02
3.006313191888622782e+02
3.006102398216104916e+02
3.005892019695411364e+02
3.005695120583640119e+02
3.005498298142064186e+02
3.005313993196858178e+02
3.005129485314213298e+02
3.004956624288187186e+02
3.004783331611375274e+02
3.004620895408279466e+02
3.004457843020542214e+02
3.004304927585579321e+02
3.004151249958351286e+02
3.004007052595218852e+02
3.003861980799291587e+02
3.003725788535977586e+02
3.003588639363325115e+02
3.003459819054370428e+02
3.003329985761943703e+02
3.003207975668179301e+02
3.003084920104149091e+02
3.002969222734176924e+02
3.002852468646129864e+02
3.002742644678261286e+02
3.002631772034515052e+02
3.002527435165649763e+02
3.002422075345849635e+02
3.002322887935661697e+02
3.002222719666287958e+02
3.002128389061427924e+02
3.002033134986401137e+02
3.001943410421975500e+02
3.001852834208870036e+02
3.001767504192234810e+02
3.001681408081251448e+02
3.001600298168222594e+02
3.001518520874078604e+02
3.001441491748752242e+02
3.001363906626035032e+02
3.001290852394477042e+02
3.001217365774489849e+02
3.001148212379257529e+02
3.001078761983013692e+02
3.001013465641011067e+02
3.000948018967924895e+02
3.000886564529757834e+02
3.000825117118334902e+02
3.000767516244368949e+02
3.000710089699509808e+02
3.000656378748793145e+02
3.000603018434041473e+02
3.000553255968589497e+02
3.000504028271875541e+02
3.000458292093899786e+02
3.000413281195513946e+02
3.000371664860566057e+02
3.000330968963295959e+02
3.000293577749735050e+02
3.000257304774729619e+02
3.000224251139233616e+02
3.000192513945867745e+02
3.000163912554193075e+02
3.000136823805078734e+02
3.000112786291787756e+02
3.000090453148761185e+02
3.000071082822545918e+02
3.000053601717968945e+02
3.000038988480741295e+02
3.000026440250895803e+02
3.000016656029712294e+02
3.000009101714076678e+02
3.000004196706387347e+02
3.000001674301269645e+02
