-1.125617361052014154e+00
-1.125455459420388715e+00
-1.125468954195756766e+00
-1.124983333805176011e+00
-1.125010216016569808e+00
-1.124201129634750496e+00
-1.124241183218295248e+00
-1.123109049622213140e+00
-1.123161946982679682e+00
-1.121707347144221156e+00
-1.121772644863025858e+00
-1.119996316500462052e+00
-1.120073449472730909e+00
-1.117976279870860790e+00
-1.118064553759364532e+00
-1.115647570728678595e+00
-1.115746152578167782e+00
-1.113010513372600263e+00
-1.113118420177341417e+00
-1.110065398138162518e+00
-1.110181483099484723e+00
-1.106812451737607450e+00
-1.106935387904099732e+00
-1.103251802090352562e+00
-1.103380063010742207e+00
-1.099383436874844744e+00
-1.099515273823033379e+00
-1.095207154870472266e+00
-1.095340570078654485e+00
-1.090722508909604649e+00
-1.090855224124529732e+00
-1.085928738985737052e+00
-1.086058158507468896e+00
-1.080824693768439815e+00
-1.080947860968771712e+00
-1.075408738421210542e+00
-1.075522284529339512e+00
-1.069678646200144856e+00
-1.069778729868219980e+00
-1.063631470679065494e+00
-1.063713706463965902e+00
-1.057263394697651293e+00
-1.057322768121231160e+00
-1.050569551044127747e+00
-1.050600317370268266e+00
-1.043543808839970888e+00
-1.043539371873253740e+00
-1.036178517855659953e+00
-1.036131284315118695e+00
-1.028464201241475307e+00
-1.028365404793446958e+00
-1.020389184269337557e+00
-1.020228671877417392e+00
-1.011939143227547744e+00
-1.011705114111890458e+00
-1.003096553858723539e+00
-1.002775238470035690e+00
-9.938400122874676557e-01
-9.934152747710701670e-01
-9.841433929461163022e-01
-9.835962349450503295e-01
-9.739747958662337002e-01
-9.732827319900543284e-01
-9.632952188896437562e-01
-9.624314831832881945e-01
-9.520568662106538849e-01
-9.509893935235146367e-01
-9.402009695593440686e-01
-9.388910743638654299e-01
-9.276549508737103045e-01
-9.260556168936929788e-01
-9.143288062061991628e-01
-9.123830959216798764e-01
-9.001146440007357086e-01
-8.977757415236904404e-01
-8.850331431487605816e-01
-8.828474744510532712e-01
-8.712628917671010331e-01
-8.715769897463668814e-01
-8.627868634866007191e-01
-8.658625275107254549e-01
-8.593528024839904855e-01
-8.644643410881909240e-01
-8.595247998448231064e-01
-8.660349205435703412e-01
-8.621451627958813813e-01
-8.696344258740893451e-01
-8.664845747927707453e-01
-8.747180998635637472e-01
-8.721520148575878650e-01
-8.810182666619605918e-01
-8.789773993527874030e-01
-8.884412562217371967e-01
-8.869274720744140250e-01
-8.970020792903405926e-01
-8.960570406272082566e-01
-9.067893888134616054e-01
-9.064849931213757595e-01
-9.179502696315933186e-01
-9.183834702602727829e-01
-9.304397802074187984e-01
-9.220209621313655290e-01
-8.817728439748285796e-01
-8.274559393794376216e-01
-7.801408779384747527e-01
-7.285288335480694100e-01
-6.841449899578952998e-01
-6.354834791691931217e-01
-5.935457283798262207e-01
-5.463762877216794545e-01
-5.054537901581697135e-01
-4.593883341254333397e-01
-4.196481838179038082e-01
-3.748888055363959748e-01
-3.365132931228844715e-01
-2.932265323248652855e-01
-2.563577230901813997e-01
-2.146715975459768111e-01
-1.794127558047796944e-01
-1.394184819284999821e-01
-1.058373738552777638e-01
-6.759311587495306362e-02
-3.572648063100768850e-02
7.379795009567727444e-04
3.087952578794584541e-02
6.555792874434626660e-02
9.398508585532516779e-02
1.268900899393450299e-01
1.536304746550543610e-01
1.847895367276896628e-01
2.098838365297421293e-01
2.393356668341513893e-01
2.628343805128830479e-01
2.906259721999006618e-01
3.125867091604136450e-01
3.387708967446725339e-01
3.592561759123190646e-01
3.838896568766088646e-01
4.029651357299720016e-01
4.261068849031690586e-01
4.438399494697282677e-01
4.655499601729028436e-01
4.820086128205043341e-01
5.023469063152056213e-01
5.175988967111220251e-01
5.366247500434588869e-01
5.507369033513587198e-01
5.685082538714885114e-01
5.815459585799465092e-01
5.981189504621471364e-01
6.101457750939588420e-01
6.255744197546083685e-01
6.366518332509019107e-01
6.509877611585543900e-01
6.611749364492457426e-01
6.744672220868204171e-01
6.838209062141639150e-01
6.961159515563702938e-01
7.046903892271139114e-01
7.160318534568738125e-01
7.238787536339514883e-01
7.343075188847233425e-01
7.414760558856764439e-01
7.510302208132073609e-01
7.575670627936083035e-01
7.662819574012007529e-01
7.722313161632984313e-01
7.801395326152351650e-01
7.855432298130859969e-01
7.926746648046791854e-01
7.975722108445033598e-01
8.039541153908726923e-01
8.083827981795534967e-01
8.140398312467280739e-01
8.180348125024458072e-01
8.229890953265347475e-01
8.265835122735343266e-01
8.308546808538858075e-01
8.340797514215464448e-01
8.376850050484432320e-01
8.405701350841380259e-01
8.435242786922351188e-01
8.460971702390317484e-01
8.484126482712789352e-01
8.506994084609549311e-01
8.523863278414373079e-01
8.544115779585423898e-01
8.554777177135938215e-01
8.572647019608302665e-01
8.577155071929049024e-01
8.592862007814231484e-01
8.591247584280289340e-01
8.604999748527102366e-01
8.597269680135561920e-01
8.609264659495772243e-01
8.595401029714404562e-01
8.605826935271778666e-01
8.585786070594516595e-01
8.594822622157538561e-01
8.568533727248739407e-01
8.576353358237192026e-01
8.543716730015192828e-01
8.550485723296933349e-01
8.511370461264072818e-01
8.517250131676118441e-01
8.471491239018070774e-01
8.476639186442507246e-01
8.424033924698397513e-01
8.428605388793555253e-01
8.368908708999561741e-01
8.373058065141112394e-01
8.305976886574565343e-01
8.309859331610642830e-01
8.235045366745012974e-01
8.238818858475700502e-01
8.155859583070002028e-01
8.159687121012459965e-01
8.068094344999880985e-01
8.072146711548204845e-01
7.971342004311604557e-01
7.975801130250800286e-01
7.865097066575262863e-01
7.870160246091937317e-01
7.748736015887671691e-01
7.754621285484697424e-01
7.621490582378916967e-01
7.628443715519690471e-01
7.482411864001569102e-01
7.490715641713874273e-01
7.330321437914011362e-01
7.340308179390742094e-01
7.163743575005915298e-01
7.175812425344173517e-01
6.980809382625736692e-01
6.995450683188770835e-01
6.779118223167963642e-01
6.796948657872137201e-01
6.555532428065991013e-01
6.577346896024792722e-01
6.305865130061111268e-01
6.332714904535341471e-01
6.024392859850365989e-01
6.057704616322365787e-01
5.703077793357105296e-01
5.744830524462206656e-01
5.330323301265439406e-01
5.383268511316363636e-01
4.889101097705154664e-01
4.956718389775264244e-01
4.354652389387899669e-01
4.437942881984206500e-01
3.676409740311015750e-01
3.731974054044687183e-01
1.862438784450634321e-01
3.134758550610921013e-01
-1.098965140750205599e-01
