8.417718045388465242e+00
8.418075607060194088e+00
8.418650436126828396e+00
8.419722854902088827e+00
8.420872126316744755e+00
8.422658603547299450e+00
8.424381543954904572e+00
8.426880748799280951e+00
8.429176198373619755e+00
8.432386268157525677e+00
8.435252680851675677e+00
8.439171221576412307e+00
8.442606665461894977e+00
8.447230752464816916e+00
8.451232910164044654e+00
8.456559088937190438e+00
8.461125258155533402e+00
8.467149545329828442e+00
8.472276639496490347e+00
8.478994524001810973e+00
8.484679073030148899e+00
8.492085517444969867e+00
8.498323668627337568e+00
8.506413110734481364e+00
8.513200629790272700e+00
8.521966984361252884e+00
8.529299256662167039e+00
8.538735917497195516e+00
8.546607949500772961e+00
8.556707791760445048e+00
8.565114212689749706e+00
8.575869595563348824e+00
8.584804659382957226e+00
8.596207429148703838e+00
8.605665016899044062e+00
8.617706510449275825e+00
8.627680133016408348e+00
8.640351181936287261e+00
8.650833983357955503e+00
8.664124918669031672e+00
8.675109680099904352e+00
8.689010337812778317e+00
8.700489482304380573e+00
8.714989209956451433e+00
8.726954808250379614e+00
8.742042472652135743e+00
8.754486250232933031e+00
8.770150246707606456e+00
8.783063592425964572e+00
8.799291855893093484e+00
8.812665832555914847e+00
8.829445850908349769e+00
8.843271208328671307e+00
8.860590038668785695e+00
8.874857229803900793e+00
8.892701518253183224e+00
8.907400719226563623e+00
8.925756725221692278e+00
8.940877860233200636e+00
8.959731486467230610e+00
8.975264258872417855e+00
8.994601088371158681e+00
9.010535019548900237e+00
9.030340361807603244e+00
9.046664839865112384e+00
9.066923788569253517e+00
9.083628129439455634e+00
9.104325635180023468e+00
9.121399159150689329e+00
9.142520122014969886e+00
9.159952248616656689e+00
9.181481638478310003e+00
9.199261995818959647e+00
9.221185004996392820e+00
9.239303407605945040e+00
9.261605116522353853e+00
9.280048205339532785e+00
9.302704125650215872e+00
9.321441194995827573e+00
9.344409228681675117e+00
9.363403024408746944e+00
9.386641578832307431e+00
9.405855792895609468e+00
9.429325296935544998e+00
9.448723797893128662e+00
9.472385195893306076e+00
9.491930919311693415e+00
9.515744102280899952e+00
9.535397593352216816e+00
9.559319957187277339e+00
9.579037822737076269e+00
9.603022957130150417e+00
9.622756172937148023e+00
9.646752540594818015e+00
9.666444413272923697e+00
9.690393866877855089e+00
9.709977336738932152e+00
9.733813350371669060e+00
9.753207081172060811e+00
9.776849962710599584e+00
9.795708587577818705e+00
9.809424917366596830e+00
9.775022368152937347e+00
9.741814201332452683e+00
9.698721065256735940e+00
9.666525590929609280e+00
9.624321610296636464e+00
9.602457250921549559e+00
9.607943921737946980e+00
9.633681903265777891e+00
9.649021409168403451e+00
9.675447345346471550e+00
9.691780021870002315e+00
9.718678092802861102e+00
9.735830396769195261e+00
9.763159804486607030e+00
9.781011496031375430e+00
9.808714743635357891e+00
9.827167518578816541e+00
9.855184177814843238e+00
9.874154159876848524e+00
9.902425472664884154e+00
9.921839812598097552e+00
9.950310365510997457e+00
9.970105165808934800e+00
9.998723368480977314e+00
1.001884216484149270e+01
1.004756018835169940e+01
1.006795273426902426e+01
1.009672620747205762e+01
1.011734746536721730e+01
1.014613507721949581e+01
1.016694437144166052e+01
1.019570745485160934e+01
1.021666775967889329e+01
1.024536989434557910e+01
1.026644723676825066e+01
1.029505388784460251e+01
1.031621684799464234e+01
1.034469504613163693e+01
1.036591434025775094e+01
1.039423240264995307e+01
1.041548053545362684e+01
1.044360782456172032e+01
1.046485879940114394e+01
1.049276551472279806e+01
1.051399459187782881e+01
1.054165158986179307e+01
1.056283508465076970e+01
1.059021372194134081e+01
1.061132883574034125e+01
1.063840083129888114e+01
1.065942550979288228e+01
1.068616282193591971e+01
1.070707563595452427e+01
1.073345035069488951e+01
1.075423039576869222e+01
1.078021462329195579e+01
1.080084143490657489e+01
1.082640721134736417e+01
1.084686069342477310e+01
1.087197988530387605e+01
1.089224024994729945e+01
1.091688445889781001e+01
1.093693217594795009e+01
1.096107264143129356e+01
1.098088839668404759e+01
1.100449589445415377e+01
1.102406055577320920e+01
1.104710528987991935e+01
1.106639988071998459e+01
1.108885136671968219e+01
1.110785704682636954e+01
1.112968398380140478e+01
1.114838203716214693e+01
1.116955216591252942e+01
1.118792399620403977e+01
1.120840394070571477e+01
1.122643107478839042e+01
1.124618616372466207e+01
1.126385026397138134e+01
1.128284432858498576e+01
1.130012721501646134e+01
1.131832235906060546e+01
1.133520604264136367e+01
1.135256237950270020e+01
1.136902910815048351e+01
1.138550445922889764e+01
1.140153677839719570e+01
1.141708632588055927e+01
1.143266715601179584e+01
1.144724304170011031e+01
1.146235577510175929e+01
1.147590663515229892e+01
1.149053525535519782e+01
1.150300567874395163e+01
1.151713490592519307e+01
1.152846480143600516e+01
1.154208026799713593e+01
1.155220412097770577e+01
1.156529258218684753e+01
1.157413857762697340e+01
1.158668816308399840e+01
1.159417714530612820e+01
1.160617765813322322e+01
1.161222188938877942e+01
1.162366516160294161e+01
1.162816683104692927e+01
1.163904714550806929e+01
1.164189656565483233e+01
1.165221115779147176e+01
1.165328456615068120e+01
1.166303422238368448e+01
1.166219107926403176e+01
1.167138085431554195e+01
1.166846049118778517e+01
1.167710057400882206e+01
1.167191799527891050e+01
1.168002476387586519e+01
1.167236533185064040e+01
1.167996265283782442e+01
1.166957528071394101e+01
1.167669613205185719e+01
1.166328445550612614e+01
1.166997298433112462e+01
1.165318375280704188e+01
1.165949793101583865e+01
1.163890551103585125e+01
1.164492062871819833e+01
1.162000596970660027e+01
1.162581932754904557e+01
1.159594088113273891e+01
1.160167823600582437e+01
1.156603092151953582e+01
1.157185555315137826e+01
1.152941153061592949e+01
1.153553731757233436e+01
1.148495834721188302e+01
1.149166911252055101e+01
1.143117333895099641e+01
1.143885217141808042e+01
1.136600599823015223e+01
1.137518045858364957e+01
1.128656558708313007e+01
1.129797677914048037e+01
1.118865388173786535e+01
1.120335023886264914e+01
1.106604002431354061e+01
1.108541019872873790e+01
1.090951220673145805e+01
1.093436118115049638e+01
1.070093954110877910e+01
1.071820738855122990e+01
1.010812522065696584e+01
1.052807367033034502e+01
9.091574171085561318e+00
