-5.656913488700665127e+00
-5.657877621165471105e+00
-5.659806071978329634e+00
-5.662699290318165879e+00
-5.666557837212716109e+00
-5.671382617948024674e+00
-5.677174578895121115e+00
-5.683935095435298734e+00
-5.691665516500047595e+00
-5.700367708881784345e+00
-5.710043448643463471e+00
-5.720695123044738040e+00
-5.732324967690171746e+00
-5.744935927673471276e+00
-5.758530739039850133e+00
-5.773112951141904148e+00
-5.788685850689546442e+00
-5.805253647725518995e+00
-5.822820240222657873e+00
-5.841390566532335349e+00
-5.860969208159144017e+00
-5.881561912020936589e+00
-5.903174028678489726e+00
-5.925812208283197435e+00
-5.949482671155061908e+00
-5.974193081898061308e+00
-5.999950648789759811e+00
-6.026764181234918638e+00
-6.054642013932959976e+00
-6.083594253642234051e+00
-6.113630523494333779e+00
-6.144762405988155152e+00
-6.177001002068594815e+00
-6.210359578403235936e+00
-6.244850934850624036e+00
-6.280490265446094789e+00
-6.317292326504632349e+00
-6.355274522421000327e+00
-6.394453864632518858e+00
-6.434850295392828379e+00
-6.476483424719255311e+00
-6.519376107790051833e+00
-6.563550942021967316e+00
-6.609034116672454218e+00
-6.655851643861567801e+00
-6.704033502168753600e+00
-6.753609560920219579e+00
-6.804614042456222478e+00
-6.857081072837129199e+00
-6.911049488383747885e+00
-6.966557896930573257e+00
-7.023649849215538588e+00
-7.082368199448619173e+00
-7.142760642237409030e+00
-7.204872968755283935e+00
-7.268754919436892337e+00
-7.334451537144113686e+00
-7.402009232384366477e+00
-7.471463809490169083e+00
-7.542847809017708016e+00
-7.616177988508677110e+00
-7.691495233521985497e+00
-7.768968581676003460e+00
-7.849203735669899373e+00
-7.932944869476997951e+00
-8.020097452273166283e+00
-8.109661125656646874e+00
-8.200276768596616250e+00
-8.290417187281390099e+00
-8.378528623924657026e+00
-8.463044853957708114e+00
-8.542518292321522821e+00
-8.615619962261314768e+00
-8.681315551523177021e+00
-8.738826479635006805e+00
-8.787818902143445854e+00
-8.828247664110703496e+00
-8.860512956402567752e+00
-8.885158786918584184e+00
-8.903032377603093295e+00
-8.914901107870374375e+00
-8.921690493093398899e+00
-8.924082237894078062e+00
-8.922856769673201072e+00
-8.918480265889209946e+00
-8.911531340554276426e+00
-8.902260050963365146e+00
-8.891073735804290834e+00
-8.878054743553073891e+00
-8.863492479408060731e+00
-8.847354296595842271e+00
-8.829860789505273644e+00
-8.810907512478165060e+00
-8.790685696428450768e+00
-8.769052122799347870e+00
-8.746199780028685922e+00
-8.721971275214773556e+00
-8.696585325039928094e+00
-8.669886648585583444e+00
-8.642135739031250097e+00
-8.613185745191978882e+00
-8.583345400499602817e+00
-8.552471004395901133e+00
-8.520916029940915237e+00
-8.488523445600890227e+00
-8.455680405107711906e+00
-8.422191754988725521e+00
-8.388464418051622573e+00
-8.354235613747849953e+00
-8.319919867832798133e+00
-8.285153393777966002e+00
-8.250349184572669969e+00
-8.214998819004382113e+00
-8.179501975902091715e+00
-8.143130944046275133e+00
-8.106239285079634982e+00
-8.067725482271534077e+00
-8.027813389881981010e+00
-7.984718761412922916e+00
-7.938379474513669543e+00
-7.885180049154696391e+00
-7.822545941920449053e+00
-7.748520424803998274e+00
-7.721148134868579760e+00
-7.710728678973432615e+00
-7.710561771226271510e+00
-7.726198987809595131e+00
-7.762665202730674174e+00
-7.826155536919738864e+00
-7.919844677458971915e+00
-8.044079388864883384e+00
-8.196090286403537206e+00
-8.368616767845514559e+00
-8.548678897970988899e+00
-8.724294960745613281e+00
-8.884960011902625965e+00
-9.024135416992651315e+00
-9.138507769781389456e+00
-9.228864708246971915e+00
-9.298030829042518874e+00
-9.350469953597716710e+00
-9.390247798228836373e+00
-9.421204298988019588e+00
-9.445947891897573001e+00
-9.466644877645792988e+00
-9.484477103870085912e+00
-9.500481677762676824e+00
-9.515064782930855003e+00
-9.528716634198357127e+00
-9.541511011922825247e+00
-9.553709509582173354e+00
-9.565264017865848345e+00
-9.576346459141904077e+00
-9.586871367396851085e+00
-9.596974847625340033e+00
-9.606564232401030523e+00
-9.615759187708658118e+00
-9.624469360359199754e+00
-9.632804733165539091e+00
-9.640679707945306376e+00
-9.648197053311301730e+00
-9.655276183190665051e+00
-9.662013733850320918e+00
-9.668333810304559961e+00
-9.674327547417599149e+00
-9.679923320855818858e+00
-9.685207230525469058e+00
-9.690111528348289482e+00
-9.694717667872954081e+00
-9.698961433303852075e+00
-9.702919971140557820e+00
-9.706532303015755758e+00
-9.709871570337048396e+00
-9.712879780056946188e+00
-9.715626339940161671e+00
-9.718056026501058042e+00
-9.720234759693351378e+00
-9.722109900744273503e+00
-9.723744105875095300e+00
-9.725087162622548576e+00
-9.726198668979550988e+00
-9.727030703199270434e+00
-9.727639994645297605e+00
-9.727980796544111186e+00
-9.728107145598144712e+00
-9.727975371700951612e+00
-9.727636983194239306e+00
-9.727050303802766251e+00
-9.726264467853747320e+00
-9.725239723936374148e+00
-9.724022978267242934e+00
-9.722576347900732330e+00
-9.720944649748592070e+00
-9.719091824441340677e+00
-9.717060732495918174e+00
-9.714817103879340721e+00
-9.712401970803123064e+00
-9.709782828273228361e+00
-9.706999004420243438e+00
-9.704019744338213016e+00
-9.700882793270670490e+00
-9.697559140269810030e+00
-9.694085066558775665e+00
-9.690433307338476965e+00
-9.686638796902624193e+00
-9.682676026586769069e+00
-9.678578699440224753e+00
-9.674323080108033324e+00
-9.669941754819268098e+00
-9.665412785138832064e+00
-9.660767753505124844e+00
-9.655986547473021986e+00
-9.651099856843849523e+00
-9.646089428408382460e+00
-9.640985167700550917e+00
-9.635770716481111720e+00
-9.630475300177330666e+00
-9.625084491549674937e+00
-9.619626933834643623e+00
-9.614090164319426535e+00
-9.608502332982890692e+00
-9.602852969169239472e+00
-9.597169806037257445e+00
-9.591444382269360247e+00
-9.585704073821492699e+00
-9.579942430721969160e+00
-9.574186509409521761e+00
-9.568431852259900339e+00
-9.562705206167846583e+00
-9.557004059584892630e+00
-9.551354825916803293e+00
-9.545756859662150262e+00
-9.540236176645917610e+00
-9.534793877415998153e+00
-9.529455470309617482e+00
-9.524223636690924977e+00
-9.519123217341780574e+00
-9.514158260494774311e+00
-9.509352727034750430e+00
-9.504711768660397908e+00
-9.500258202834192645e+00
-9.495997974819516685e+00
-9.491952449142852188e+00
-9.488128015679372140e+00
-9.484544240463591791e+00
-9.481207582356912411e+00
-9.478135442185333659e+00
-9.475333962686432798e+00
-9.472818010952041234e+00
-9.470593040157121223e+00
-9.468671035921218504e+00
-9.467056423601466264e+00
-9.465758004270272252e+00
-9.464778895988443352e+00
-9.464124479515184873e+00
-9.463796365926267384e+00
