2.331321488420573132e+03
2.330232651403170621e+03
2.328056361501825450e+03
2.324795524040612690e+03
2.320454277903723778e+03
2.315038406762259910e+03
2.308554763896004260e+03
2.301011957758656536e+03
2.292419489408214304e+03
2.282788712700889846e+03
2.272131684541606774e+03
2.260462400132100356e+03
2.247795356280219494e+03
2.234147062283078867e+03
2.219534316523290272e+03
2.203975993750254929e+03
2.187491035132836259e+03
2.170100512919162611e+03
2.151825333997509915e+03
2.132688583176313841e+03
2.112712940116278332e+03
2.091923302788602086e+03
2.070343917368375060e+03
2.048001283813034661e+03
2.024920997935014839e+03
2.001130941509421746e+03
1.976657835255739656e+03
1.951530716451981561e+03
1.925777200930916933e+03
1.899427251869795555e+03
1.872509148122211627e+03
1.845053548695142808e+03
1.817089163764320119e+03
1.788647120377243709e+03
1.759756331301860428e+03
1.730448168747475620e+03
1.700751524728877030e+03
1.670697801129211030e+03
1.640315653467241646e+03
1.609636307504784099e+03
1.578687976109722513e+03
1.547501514922469369e+03
1.516104499315013754e+03
1.484527234490214596e+03
1.452796476218989028e+03
1.420941814304854233e+03
1.388989016664236487e+03
1.356966809551700408e+03
1.324899819394907581e+03
1.292815778825706047e+03
1.260738034160967800e+03
1.228693213516557080e+03
1.196703259469203203e+03
1.164793604909312307e+03
1.132984679548574604e+03
1.101300651519014991e+03
1.069760342002067773e+03
1.038386607139178068e+03
1.007196575629145855e+03
9.762117681723995020e+02
9.454475460493758874e+02
9.149240970557005994e+02
8.846549450612747023e+02
8.546589770192313154e+02
8.249478081530671716e+02
7.955390920612956052e+02
7.664424533697289235e+02
7.376744252699492108e+02
7.092425359352306486e+02
6.811623772412086737e+02
6.534392630107253126e+02
6.260882510471714113e+02
5.991131402910788211e+02
5.725334606362370096e+02
5.463787394450530428e+02
5.208187490371093418e+02
4.965378619623429017e+02
4.750097302844557703e+02
4.571809712490136803e+02
4.428231978113386162e+02
4.313536879766364791e+02
4.221652428245797637e+02
4.147471418969684578e+02
4.086662111618432505e+02
4.035910966027846598e+02
3.992557662930433366e+02
3.954677191608387261e+02
3.920744075786732878e+02
3.889702070165496366e+02
3.860695567626012235e+02
3.833160688106845555e+02
3.806611249522954949e+02
3.780749272782264825e+02
3.755285020949417003e+02
3.730060410299978457e+02
3.704886840354203628e+02
3.679678108227532789e+02
3.654294244516825643e+02
3.628684334410419297e+02
3.602726640387305110e+02
3.576385558377115785e+02
3.549537295848484746e+02
3.522150660872204071e+02
3.494081462562389788e+02
3.465299001874340661e+02
3.435611946745555656e+02
3.405004346070138013e+02
3.373268393326694081e+02
3.341798528357516034e+02
3.312599993401784104e+02
3.285929822652475991e+02
3.261647257607914412e+02
3.239542186889448203e+02
3.219466479163223198e+02
3.201229137929588546e+02
3.184689294452501258e+02
3.169679607770069083e+02
3.156073360672225476e+02
3.143727360872521217e+02
3.132532010253555086e+02
3.122367086569487924e+02
3.113140371148191434e+02
3.104752384680160162e+02
3.097127025981253041e+02
3.090182837374584892e+02
3.083857868730646601e+02
3.078085883659514366e+02
3.072816920476048494e+02
3.067997341026052140e+02
3.063587097675225550e+02
3.059542832716917360e+02
3.055832563151745376e+02
3.052421240725143434e+02
3.049283369999913020e+02
3.046390578916608547e+02
3.043722552930918255e+02
3.041256266353370847e+02
3.038975523424918492e+02
3.036861574716440373e+02
3.034901490890637774e+02
3.033079944164896915e+02
3.031386593289962548e+02
3.029808852688991010e+02
3.028338432190726621e+02
3.026964949453003442e+02
3.025681741517328760e+02
3.024480201951550953e+02
3.023354960888877940e+02
3.022298848733520344e+02
3.021307525352649463e+02
3.020374988459602719e+02
3.019497719900961670e+02
3.018670669911438722e+02
3.017890978179144668e+02
3.017154375763802818e+02
3.016458530258071278e+02
3.015799815812272868e+02
3.015176324820142781e+02
3.014584963607401278e+02
3.014024167346337890e+02
3.013491284855814456e+02
3.012985028656445365e+02
3.012503117238846357e+02
3.012044488130582636e+02
3.011607170106598232e+02
3.011190283711411553e+02
3.010792119359005028e+02
3.010411946829748899e+02
3.010048278153680030e+02
3.009700505094509140e+02
3.009367328223328286e+02
3.009048239242278555e+02
3.008742099809875867e+02
3.008448483688190436e+02
3.008166390736099061e+02
3.007895462240609845e+02
3.007634817099000770e+02
3.007384152279403793e+02
3.007142689606827730e+02
3.006910172059418755e+02
3.006685910789062177e+02
3.006469686872126204e+02
3.006260889259611986e+02
3.006059330643197427e+02
3.005864467964851769e+02
3.005676140212603400e+02
3.005493863943708561e+02
3.005317500074662576e+02
3.005146617600814807e+02
3.004981095778806548e+02
3.004820549872042079e+02
3.004664874530168390e+02
3.004513725964917512e+02
3.004367011801095941e+02
3.004224424600448060e+02
3.004085882983949318e+02
3.003951111880290341e+02
3.003820039293315176e+02
3.003692419063388570e+02
3.003568187270635690e+02
3.003447123667546634e+02
3.003329171363222940e+02
3.003214133419202767e+02
3.003101959147793423e+02
3.002992472664503225e+02
3.002885628850881972e+02
3.002781270929971811e+02
3.002679358887606895e+02
3.002579753385064691e+02
3.002482419199583887e+02
3.002387233013835157e+02
3.002294164223903294e+02
3.002203104350780904e+02
3.002114027369875657e+02
3.002026838677641649e+02
3.001941516918940920e+02
3.001857980613851282e+02
3.001776213296035394e+02
3.001696146062441244e+02
3.001617767685461331e+02
3.001541021492931804e+02
3.001465901977680346e+02
3.001392364547937746e+02
3.001320410028301353e+02
3.001250005942061421e+02
3.001181160176017784e+02
3.001113852566815581e+02
3.001048098886728894e+02
3.000983891606096563e+02
3.000921255246720420e+02
3.000860195282408540e+02
3.000800745799994615e+02
3.000742925580875067e+02
3.000686778907376038e+02
3.000632337942830077e+02
3.000579657425652726e+02
3.000528782539169583e+02
3.000479778152312633e+02
3.000432701450075115e+02
3.000387626314356453e+02
3.000344620077381705e+02
3.000303763590941344e+02
3.000265131567829258e+02
3.000228808856372780e+02
3.000194873938741011e+02
3.000163411895971421e+02
3.000134500723046358e+02
3.000108221425708166e+02
3.000084646885509301e+02
3.000063849476059090e+02
3.000045892277574922e+02
3.000030834551274666e+02
3.000018725176652197e+02
3.000009606285640302e+02
3.000003508873810460e+02
3.000000454854903751e+02
