1.346887480271521120e+01
1.346806247513138288e+01
1.346643804233926112e+01
1.346400073813683207e+01
1.346075122812383817e+01
1.345668797617535795e+01
1.345181208649943372e+01
1.344612124553553123e+01
1.343961698829849993e+01
1.343229621236563887e+01
1.342416087244010647e+01
1.341520706173110788e+01
1.340543714002827791e+01
1.339484637636905262e+01
1.338343751733173548e+01
1.337120498337215402e+01
1.335815188554999544e+01
1.334427176632886614e+01
1.332956807452286974e+01
1.331403343969505393e+01
1.329767161675203724e+01
1.328047428136938457e+01
1.326244545740471992e+01
1.324357581885334767e+01
1.322386961524637172e+01
1.320331646346103582e+01
1.318192078847866000e+01
1.315967108590830925e+01
1.313657189792842317e+01
1.311261052482732303e+01
1.308779155828763940e+01
1.306210101782232691e+01
1.303554346592549429e+01
1.300810354262930879e+01
1.297978568974547642e+01
1.295057305352189481e+01
1.292046984877543814e+01
1.288945759525416079e+01
1.285754015689442298e+01
1.282469727239027790e+01
1.279093230992431884e+01
1.275622304668509344e+01
1.272057218440796866e+01
1.268395532747926069e+01
1.264637430946787511e+01
1.260780231294908660e+01
1.256824006368122149e+01
1.252765802777421200e+01
1.248605553744259211e+01
1.244339999074005831e+01
1.239968898383891727e+01
1.235488642527230319e+01
1.230898776114507065e+01
1.226195290145204986e+01
1.221377463853019130e+01
1.216440826413407628e+01
1.211384329908062618e+01
1.206202965554044226e+01
1.200895282030330158e+01
1.195455637991145714e+01
1.189882083896218568e+01
1.184168226944216329e+01
1.178311500484098850e+01
1.172304608755067967e+01
1.166144217885221046e+01
1.159821932717763815e+01
1.153333461960410311e+01
1.146669050043072247e+01
1.139823209734639065e+01
1.132784466141998259e+01
1.125545862284750953e+01
1.118093733998704842e+01
1.110419774948595517e+01
1.102509441116844435e+01
1.094366541713647045e+01
1.086048425897122804e+01
1.077876490561876111e+01
1.070446580868670772e+01
1.064107272163490592e+01
1.058840846695778026e+01
1.054508049803990311e+01
1.050949880812363091e+01
1.048006549705910118e+01
1.045545787977646235e+01
1.043447785130731731e+01
1.041626734438614577e+01
1.040004889284529987e+01
1.038533602666733202e+01
1.037164778355343486e+01
1.035873350795640668e+01
1.034629164550387870e+01
1.033420587785595224e+01
1.032227601831428210e+01
1.031045736595811491e+01
1.029860508000270514e+01
1.028670988882569226e+01
1.027465625756845036e+01
1.026244956808500675e+01
1.024998871719195570e+01
1.023728104834691344e+01
1.022423083903389873e+01
1.021083817928721160e+01
1.019700653366078491e+01
1.018271950641119261e+01
1.016787523347179345e+01
1.015242704892224701e+01
1.013626757207209650e+01
1.011940188419880826e+01
1.010271592524809847e+01
1.008726282895655935e+01
1.007295930620399815e+01
1.005984287129863830e+01
1.004776963697443826e+01
1.003673436126988072e+01
1.002661418388133363e+01
1.001738548708701160e+01
1.000894190010541429e+01
1.000125229350655687e+01
9.994225502198991862e+00
9.987828825151288115e+00
9.981985299370879972e+00
9.976663836663149709e+00
9.971800389977916623e+00
9.967366992664699055e+00
9.963310987000458141e+00
9.959608037356632693e+00
9.956215267635750266e+00
9.953111923208034284e+00
9.950263361940745455e+00
9.947652075085866130e+00
9.945250258455438086e+00
9.943043192380777384e+00
9.941008707775738529e+00
9.939134391668613233e+00
9.937402702148581568e+00
9.935803081689332572e+00
9.934321781040617694e+00
9.932949707617586554e+00
9.931676216667289836e+00
9.930493358182832964e+00
9.929393028566682489e+00
9.928368157942575323e+00
9.927412729816989412e+00
9.926520338868165538e+00
9.925686695289890338e+00
9.924905881212801262e+00
9.924175047001474681e+00
9.923488621606843196e+00
9.922844962371936361e+00
9.922238739540079067e+00
9.921669323245613015e+00
9.921131547799566519e+00
9.920625635978403523e+00
9.920146525748636535e+00
9.919695166026039956e+00
9.919266545783395728e+00
9.918862243253187216e+00
9.918477252960908430e+00
9.918113704544101239e+00
9.917766566016615215e+00
9.917438447005222812e+00
9.917124274938421635e+00
9.916827068876170159e+00
9.916541715744674690e+00
9.916271578495456041e+00
9.916011507067143071e+00
9.915765155972854572e+00
9.915527335967370348e+00
9.915301957163524804e+00
9.915083782754241071e+00
9.914876953281229532e+00
9.914676176874499092e+00
9.914485800765575618e+00
9.914300478069774769e+00
9.914124735512922726e+00
9.913953178479330219e+00
9.913790485340367553e+00
9.913631222032361023e+00
9.913480195920117310e+00
9.913331937680165851e+00
9.913191367876825311e+00
9.913052983422661057e+00
9.912921804473956655e+00
9.912792298946465408e+00
9.912669569170125428e+00
9.912548065646987538e+00
9.912432950984660707e+00
9.912318673282110026e+00
9.912210434834461736e+00
9.912102692306833163e+00
9.912000674875727668e+00
9.911898850543124695e+00
9.911802470740006754e+00
9.911706012897235851e+00
9.911614747697468530e+00
9.911523163474262432e+00
9.911436541246985144e+00
9.911349390168608053e+00
9.911266985117158868e+00
9.911183871976597004e+00
9.911105300768685566e+00
9.911025868794475002e+00
9.910950787127704942e+00
9.910874712895592964e+00
9.910802810799419049e+00
9.910729801267123662e+00
9.910660797941464040e+00
9.910590588591810857e+00
9.910524228530803725e+00
9.910456581318957348e+00
9.910392632551024761e+00
9.910327333367535019e+00
9.910265586980077757e+00
9.910202443541059836e+00
9.910142713030698047e+00
9.910081554284575489e+00
9.910023674294617280e+00
9.909964351539374050e+00
9.909908177114125749e+00
9.909850566108367786e+00
9.909795974119813167e+00
9.909739977531982547e+00
9.909686870991393448e+00
9.909632421434931615e+00
9.909580736031349701e+00
9.909527800569351896e+00
9.909477512226102291e+00
9.909426098596371801e+00
9.909377231086585525e+00
9.909327394045426729e+00
9.909280025413210069e+00
9.909231869680009908e+00
9.909186134468322749e+00
9.909139810450884767e+00
9.909095893206334438e+00
9.909051584242119404e+00
9.909009702165160860e+00
9.908967606823837926e+00
9.908927986605903016e+00
9.908888303528131658e+00
9.908851163546444241e+00
9.908814086116027653e+00
9.908779633803156628e+00
9.908745358219112731e+00
9.908713805755134274e+00
9.908682553080989663e+00
9.908654150993159604e+00
9.908626205688202404e+00
9.908601300622908781e+00
9.908577075955733449e+00
9.908556226209398687e+00
9.908536328388885650e+00
9.908520521167869077e+00
9.908504735894224424e+00
9.908493805233815621e+00
9.908486547080592288e+00
