5.727118389766399531e+00
5.725887143751350550e+00
5.723424587282334386e+00
5.719730195181960575e+00
5.714803771336393723e+00
5.708644259344858973e+00
5.701251322982011871e+00
5.692623362432119194e+00
5.682759887146188404e+00
5.671658735362451687e+00
5.659319242004746897e+00
5.645738658200137650e+00
5.630916117841277213e+00
5.614848252746921453e+00
5.597533962578686406e+00
5.578969220079015301e+00
5.559152650253156303e+00
5.538079518756837238e+00
5.515748127645908383e+00
5.492152978379650996e+00
5.467291993090785951e+00
5.441158841804252688e+00
5.413751000167850158e+00
5.385061228100668451e+00
5.355086477490401897e+00
5.323818506520646920e+00
5.291253654032644249e+00
5.257382569905933778e+00
5.222200877082768145e+00
5.185697993327429423e+00
5.147868707368182584e+00
5.108701060843964470e+00
5.068188872438875947e+00
5.026318639804969735e+00
4.983083055815026974e+00
4.938466877769749352e+00
4.892461494500255803e+00
4.845049692283231124e+00
4.796221352199024679e+00
4.745957016966170450e+00
4.694244827938945264e+00
4.641062760205190152e+00
4.586396951762395702e+00
4.530222421912485586e+00
4.472523008398908928e+00
4.413270304808259326e+00
4.352445517699739419e+00
4.290016240732775543e+00
4.225960688007851296e+00
4.160241741363999601e+00
4.092834241889526048e+00
4.023695465376088798e+00
3.952796503991895971e+00
3.880087884785702990e+00
3.805536631428404259e+00
3.729085034478744287e+00
3.650695885141308494e+00
3.570301260344164618e+00
3.487859903807022377e+00
3.403290990038095654e+00
3.316550119116756346e+00
3.227539819182354996e+00
3.136214881476254046e+00
3.042455845136728065e+00
2.946221849998309494e+00
2.847363639608288199e+00
2.745855445688270002e+00
2.641506562879385900e+00
2.534328260074602657e+00
2.424070697202462377e+00
2.310827048017194407e+00
2.194261445121036047e+00
2.074642966701072400e+00
1.951516060339067771e+00
1.825568150002620404e+00
1.696428902849618225e+00
1.566719713729505026e+00
1.437905062014742663e+00
1.314679869329457462e+00
1.196093893626451354e+00
1.087400761987032283e+00
9.851119287609240160e-01
8.970293963708574347e-01
8.159353915005123081e-01
7.529072903333244859e-01
6.954064686774446002e-01
6.581343135178687742e-01
6.226917429479404964e-01
6.076152335328638410e-01
5.896272253200798286e-01
5.909980261027165671e-01
5.851790162750332147e-01
5.975702614102897936e-01
5.996634190188174784e-01
6.191329888861640818e-01
6.263214159302271655e-01
6.504093825903065618e-01
6.610440965644035494e-01
6.883666557614419590e-01
7.015774382925102914e-01
7.314418084555573962e-01
7.468408655690392806e-01
7.789897920972980172e-01
7.964869526559608115e-01
8.309671060191098357e-01
8.506479447413868300e-01
8.876277611443317284e-01
9.003151097491568500e-01
8.924686319720916972e-01
8.593959146731782184e-01
8.429822707658333192e-01
8.105548329103956506e-01
7.945528004928562593e-01
7.631582841029600495e-01
7.478929237402677233e-01
7.177106173004316192e-01
7.034155463561322374e-01
6.746042174757702625e-01
6.614536552615872811e-01
6.341390521277330272e-01
6.222581547420276138e-01
5.965318350986177354e-01
5.860042520371774311e-01
5.619263620292171968e-01
5.528010062752363174e-01
5.304045183850805145e-01
5.227017546068124521e-01
5.019970420818542500e-01
4.957142119945094905e-01
4.766934143101735910e-01
4.718096355381169449e-01
4.544505673079587416e-01
4.509308052606717521e-01
4.352003241528509259e-01
4.329987845892422915e-01
4.188556209417665932e-01
4.179185375073755648e-01
4.053156307308813378e-01
4.055835306738197477e-01
3.944699346119520111e-01
3.958794646485797597e-01
3.862018864546180041e-01
3.886872735935228418e-01
3.803913066310791735e-01
3.838855190436223919e-01
3.769166234173600416e-01
3.813522864029924575e-01
3.756565630389928634e-01
3.809666754502785135e-01
3.764914726378683629e-01
3.826099611780282017e-01
3.793043456230220656e-01
3.861664877230926995e-01
3.839816060994109548e-01
3.915243464300152687e-01
3.904136987945926451e-01
3.985758798967489192e-01
3.984955222546529008e-01
4.072180454875745093e-01
4.081267360475339112e-01
4.173526658191845096e-01
4.192119671474666687e-01
4.288865890872207709e-01
4.316609359964018733e-01
4.417317778669206385e-01
4.453885190712971731e-01
4.558053419159335817e-01
4.603147619847945404e-01
4.710295275643824331e-01
4.763648546776888537e-01
4.873316738225561551e-01
4.934690784634284677e-01
5.046441439512850957e-01
5.115627329380519894e-01
5.229042397429092270e-01
5.305860495209379080e-01
5.420541051071589012e-01
5.504840974831675116e-01
5.620406243429154625e-01
5.712066872982978216e-01
5.828153194401721748e-01
5.927082756928321317e-01
6.043342502114019688e-01
6.149478760144480027e-01
6.265579201607136550e-01
6.378889766270992023e-01
6.494511907698582442e-01
6.614994697402196699e-01
6.729832065205478830e-01
6.857515920348200567e-01
6.971273317050536988e-01
7.106218775183094083e-01
7.218610991944870436e-01
7.360911219510829495e-01
7.471661697123158641e-01
7.621443555671306713e-01
7.730282978535288896e-01
7.887708179341458292e-01
7.994372985193891612e-01
8.159639239299976143e-01
8.263870024969057759e-01
8.437212023939784089e-01
8.538751825713390975e-01
8.720441780779604191e-01
8.819034204675375577e-01
9.009381501500692835e-01
9.104768676763600466e-01
9.304117941791504309e-01
9.396038279870884136e-01
9.604764749218196451e-01
9.692950513827089942e-01
9.911450983952739824e-01
9.995625732222752635e-01
1.022430248455072910e+00
1.030417854143861112e+00
1.054341241490920789e+00
1.061868872856918777e+00
1.086879604530933463e+00
1.093915709727769858e+00
1.120032387332314805e+00
1.126544083472982072e+00
1.153762802083263317e+00
1.159716406059545735e+00
1.187998281662171030e+00
1.193360515425144985e+00
1.222617780291405554e+00
1.227357893626329188e+00
1.257443793026217449e+00
1.261536558579839706e+00
1.292250132361625781e+00
1.295678841656531022e+00
1.326800734877098931e+00
1.329557945064553603e+00
1.360929177690717751e+00
1.363011965466106368e+00
1.394645514150360421e+00
1.396043323391306323e+00
1.428228188321917003e+00
1.428905488391573275e+00
1.462259400090710759e+00
1.462138498791939023e+00
1.497607787584941619e+00
1.496554836842899361e+00
1.535412826635576211e+00
1.533224515010374933e+00
1.577135536195403809e+00
1.573523977012365682e+00
1.624710087752618604e+00
1.619313614431894255e+00
1.680768941540563777e+00
1.673478944891396702e+00
1.750461465452650245e+00
1.745633986540086502e+00
1.933033930634453723e+00
1.806144614194920672e+00
2.229688279569278730e+00
