1.872529452736616251e-01
1.872459476910042775e-01
1.872318362585023155e-01
1.872108302962265658e-01
1.871825808984421691e-01
1.871475269122834795e-01
1.871050864807737302e-01
1.870559183934538683e-01
1.869992073202724481e-01
1.869358326196321196e-01
1.868647447564681097e-01
1.867870444997994095e-01
1.867014471661568309e-01
1.866092759979761928e-01
1.865090100068635959e-01
1.864021961999179910e-01
1.862870759121870168e-01
1.861654214443559108e-01
1.860352348659673194e-01
1.858985155491693908e-01
1.857530244893471905e-01
1.856009901705205078e-01
1.854399304831273743e-01
1.852723053422249688e-01
1.850953872779771969e-01
1.849118702536772796e-01
1.847187789572053984e-01
1.845190443381565792e-01
1.843094405317252382e-01
1.840931387597612157e-01
1.838666596650146978e-01
1.836334184074343290e-01
1.833896789683298056e-01
1.831391045294074593e-01
1.828776990140575098e-01
1.826093781722953335e-01
1.823298822495665605e-01
1.820433846273565859e-01
1.817453580366438781e-01
1.814402391344119292e-01
1.811232290953159185e-01
1.807990341539316426e-01
1.804625796981804975e-01
1.801188485935482919e-01
1.797624860465326380e-01
1.793987594710809708e-01
1.790220293675978958e-01
1.786378566181536232e-01
1.782403124100780389e-01
1.778352611845636089e-01
1.774164801921878920e-01
1.769901489046622201e-01
1.765497460850495859e-01
1.761017793473465265e-01
1.756394246107884360e-01
1.751695327073741482e-01
1.746849727069687552e-01
1.741929560682009548e-01
1.736860413998751462e-01
1.731718202154306774e-01
1.726425338806205634e-01
1.721061575976230995e-01
1.715545208588066250e-01
1.709956512437891818e-01
1.704200916954122236e-01
1.698349507846146633e-01
1.692293732951738738e-01
1.686104639930778859e-01
1.679668649469036601e-01
1.673061306655486968e-01
1.666165216346989775e-01
1.659060886527644607e-01
1.651626626718276647e-01
1.643947527302354605e-01
1.635896606910960949e-01
1.627562901490015868e-01
1.618813006676882715e-01
1.609739258520974381e-01
1.600200700252089880e-01
1.590292387781460925e-01
1.579864716507568267e-01
1.569014971276679327e-01
1.557583867769196107e-01
1.545670578407556672e-01
1.533105267351161649e-01
1.519988954629547251e-01
1.506140748036635113e-01
1.491664048878686977e-01
1.476367095329807755e-01
1.460357146302241615e-01
1.443432822968462870e-01
1.425708004004662688e-01
1.406974249545313582e-01
1.387356179882561213e-01
1.366641968262959639e-01
1.344971980478530393e-01
1.322134961699442390e-01
1.298291795622595057e-01
1.273234682447473010e-01
1.247148208636191385e-01
1.219828604808799177e-01
1.191485026796303415e-01
1.161915819939751404e-01
1.131353946525717469e-01
1.099596747836187050e-01
1.066900622975149454e-01
1.033059627365447986e-01
9.983557614745246223e-02
9.625795135743982212e-02
9.260438375149673829e-02
8.885361282471376798e-02
8.504070809900088346e-02
8.114378216628549689e-02
7.720208773637751709e-02
7.319159810138683997e-02
6.915520145808704000e-02
6.506238379323144028e-02
6.095665444875306843e-02
5.678916990350675598e-02
5.259277918605440028e-02
4.826250064942266826e-02
4.377684469995297978e-02
3.888541630765753043e-02
3.403771198536595377e-02
2.984523898622660695e-02
2.630923826124123219e-02
2.347690235724180646e-02
2.133994679916785889e-02
1.991852713392976149e-02
1.918097676675451640e-02
1.908108990094696186e-02
1.951845353338185068e-02
2.038002496840997380e-02
2.152106689934199166e-02
2.280315876497807787e-02
2.408001441788904656e-02
2.523891554520069080e-02
2.619324096369938723e-02
2.691603713168513531e-02
2.741096467306205001e-02
2.771948685499212028e-02
2.788121387847629362e-02
2.794339046682687080e-02
2.793489727658794719e-02
2.788502793872764743e-02
2.780610254371802814e-02
2.771328408188131545e-02
2.760933106252673463e-02
2.750226102593087210e-02
2.739078373462967841e-02
2.727983560017938069e-02
2.716675073695257528e-02
2.705518480465858924e-02
2.694215898909588583e-02
2.683075267302442377e-02
2.671804078262440471e-02
2.660678652741753358e-02
2.649422418520974709e-02
2.638289811756482778e-02
2.627022013533399092e-02
2.615855713350073372e-02
2.604549101258665442e-02
2.593323366731715290e-02
2.581952391924239795e-02
2.570643423326441149e-02
2.559184717343966284e-02
2.547770823949324984e-02
2.536203189487996196e-02
2.524664728872902386e-02
2.512969040931452638e-02
2.501288332137229994e-02
2.489447448125053225e-02
2.477608705614409157e-02
2.465607404401620045e-02
2.453596700575093673e-02
2.441421651647301266e-02
2.429226906783116258e-02
2.416866666828535251e-02
2.404477663727118408e-02
2.391922697597443498e-02
2.379331118232468067e-02
2.366573841508785511e-02
2.353773323281448115e-02
2.340808164028333402e-02
2.327794373507983267e-02
2.314617851092515277e-02
2.301388573352374997e-02
2.287999392426566525e-02
2.274554634247409265e-02
2.260953792146959754e-02
2.247295897465124287e-02
2.233486803369150175e-02
2.219620579393908125e-02
2.205609183622899566e-02
2.191542036040056846e-02
2.177336967843363641e-02
2.163079043456405878e-02
2.148691755551368140e-02
2.134256090583302665e-02
2.119701008552736521e-02
2.105103680633392538e-02
2.090398355055906807e-02
2.075658636641884019e-02
2.060823895512161816e-02
2.045964406117473447e-02
2.031024504696797572e-02
2.016071358838419578e-02
2.001054123546910923e-02
1.986037070716442643e-02
1.970974033022628719e-02
1.955926585269654461e-02
1.940853100738975170e-02
1.925812642582530945e-02
1.910767989303820136e-02
1.895775863670663003e-02
1.880803313190626894e-02
1.865904875918077827e-02
1.851051728588460829e-02
1.836296362746791047e-02
1.821613938061397361e-02
1.807055017990718063e-02
1.792598589117591276e-02
1.778293382713696733e-02
1.764122043108784163e-02
1.750131539648922679e-02
1.736307988512281186e-02
1.722696638353409318e-02
1.709286870953702353e-02
1.696122222985016470e-02
1.683195111781826334e-02
1.670547334849027329e-02
1.658174088190827664e-02
1.646115364153772839e-02
1.634368851454746918e-02
1.622972630432964816e-02
1.611926566470438249e-02
1.601266679484461553e-02
1.590994666081125414e-02
1.581144296926591253e-02
1.571718727925307951e-02
1.562749254753606487e-02
1.554240099761261193e-02
1.546219827240395174e-02
1.538693320696371027e-02
1.531686135184968239e-02
1.525203409096761650e-02
1.519267400982096151e-02
1.513883110975398211e-02
1.509069218840542598e-02
1.504830222492950335e-02
1.501180961500325935e-02
1.498125113651015139e-02
1.495673453884726646e-02
1.493828584282916663e-02
1.492597042532748872e-02
1.491980175846961167e-02
